0.031883771683363135 0.03842274948935832 0.04760731695937936 0.030219412166058036 0.0523857451774055 0.03927533352333488 0.035110531605754176 0.035927429331321675 0.03852118585912555 0.028350214884026538 0.019841805448389444 0.023965796506892914 0.019307511311256676 0.02730308275617585 0.03485040535515395 0.03709116098766282 0.027269312128739082 0.025417447511628874 0.027221258287222206 0.030548559217850154 0.04291156996201979 81.52 1e-05 0.1 512 resnet18
0.031883771683363135 0.04133594922908677 0.013243051857695831 0.03610014309810047 0.04061411877394249 0.03893118990595023 0.026779323105143204 0.03043449125620698 0.032587277697326014 0.03185756701302121 0.035923672947392425 0.030700427138304703 0.034047764414963794 0.029292217139598366 0.02919599045432134 0.034268764642304925 0.02249271527410815 0.025812956003453454 0.034908334677080786 0.03458502037167792 0.030047091382859468 85.28 1e-05 0.1 256 resnet18
0.031883771683363135 0.013990993712754429 0.03564790366622344 0.01768060388487685 0.030551452924710825 0.03429203339134908 0.023747277764795488 0.023327505422642503 0.01096973832772171 0.018706776947475502 0.01871151227063229 0.013267268100837006 0.020264360394861063 0.02296562844421817 0.025812538329455927 0.023388625939865283 0.014970295986582734 0.022703274400846792 0.018804568028001137 0.026379471654864883 0.01930761950452586 79.89 1e-06 0.1 512 resnet18
0.031883771683363135 0.030291875895277445 0.013951413742148207 0.021378946047334476 0.03350289257350742 0.02587122271995054 0.034972835893919446 0.03242267923129885 0.033038483888852915 0.033383715831950274 0.033768933013572006 0.034139342117682936 0.03467814033100744 0.031211443929080183 0.03236077704441181 0.03366410566148975 0.03331230130428681 0.0336614725726049 0.033679882690373114 0.03417954152646387 0.032285703497666 81.29 1e-05 0.1 1024 resnet18
0.031883771683363135 0.006469535249520979 0.011281607857302305 0.022257598217461257 0.03739847763766782 0.019471265700911813 0.023249771258118473 0.022438789696629272 0.02272939431924101 0.019434809349863733 0.022029747064126172 0.02277199041118191 0.021097892133469198 0.018371299315197064 0.019283827031094505 0.024811226000987223 0.021401931013425166 0.02901676967613403 0.017018824563625388 0.020339139781857033 0.023587099263364265 83.28 1e-07 0.1 512 resnet18
0.031883771683363135 0.026096164248599965 0.03147226496223912 0.044826269994158015 0.03188845554144033 0.032590688664177234 0.03195365167554172 0.03349598817701116 0.03605029890862749 0.042848251678669715 0.0406499530816531 0.03742143839412396 0.03226995444505403 0.0287349286694214 0.03659683409932371 0.03434402834399051 0.0362540289195923 0.02410630736680638 0.027355393384387406 0.03160942601178647 0.03381603860934919 83.72 1e-06 0.1 1024 resnet18
0.031883771683363135 0.056431969772145416 0.05818820901003459 0.04999575376882575 0.03767769670563391 0.027833013628634176 0.047515831522556215 0.030892548293510826 0.033157518978430785 0.036917135276139025 0.03105178115729902 0.030953815665543335 0.0218536506437108 0.019024436008396817 0.03022600330931099 0.030241241972974123 0.02797414317936136 0.030457963459723052 0.017786610145072868 0.032788486767830013 0.027216277052879115 84.66 1e-06 0.1 256 resnet18
0.031883771683363135 0.06589890551344851 0.04174309944885863 0.040215392886964206 0.03138954206764657 0.024601169722230653 0.030045487651136522 0.03034393501955782 0.0304266597004899 0.026091847683230297 0.030937716184852776 0.018757449267041718 0.028875157140451288 0.02487601450999967 0.028062248266173852 0.03215128222491328 0.028006539272466692 0.030717149133845534 0.03147640807574887 0.03117587577251338 0.02711462607614993 84.66 1e-07 0.1 256 resnet18
0.031883771683363135 0.029088645851516538 0.04560794626066441 0.04297941861649488 0.03742207810326919 0.036544074112896445 0.05685525656968138 0.03825397947251201 0.050936262318952374 0.041989125960027476 0.04313097982174335 0.03974663428751672 0.03708504671962499 0.043877387638993674 0.041962840954909354 0.04410065824438865 0.04336766957795717 0.0415205761346608 0.04186002502427313 0.042799867527605 0.044517957884338266 83.17 1e-07 0.1 1024 resnet18
0.031883771683363135 0.009793400237360783 0.017816278504539058 0.027250673814481718 0.024375313173243273 0.019175509898893814 0.021895049504588603 0.02067519337687372 0.021661863902102924 0.01166698061468114 0.022266034796744015 0.016088203897913402 0.01827816433887577 0.02144603149489495 0.02582232179129357 0.026298357386872556 0.01213455840929452 0.015094492152114905 0.021152353388509463 0.012087625701621639 0.022377285368481464 76.63 1e-05 0.01 1024 resnet18
0.031883771683363135 0.02414288934497695 0.03236823598371507 0.04267620702225715 0.03840750306297492 0.041482188537732355 0.04699111600786319 0.034241603831729736 0.03999177684974969 0.042203316266502755 0.04656528845373236 0.04344936954403364 0.0382708092704028 0.04147053961325604 0.044237665890964895 0.04435750700773963 0.04910674139845641 0.03991734004888359 0.042124379402951995 0.040251575162545745 0.041071478008499744 80.57 1e-06 0.01 512 resnet18
0.031883771683363135 0.019085974699788396 0.03521123785366073 0.029936109825385825 0.036544419350011015 0.030922966094237017 0.019462873098352214 0.028144899288150897 0.027615014442172636 0.021748493761907368 0.01964848983810022 0.019532036955091665 0.01989663998385017 0.019125187462867642 0.019094623417631497 0.022211975063046275 0.017078942071894553 0.03617553379339607 0.016942637105428083 0.01493184476564708 0.016981844837498247 80.72 1e-07 0.01 512 resnet18
0.031883771683363135 0.035182681506852685 0.049008374259979434 0.0413962135683515 0.04542267056646074 0.047648273495998934 0.0353273780987202 0.03940980980160798 0.03865672253420235 0.03239525933604018 0.03300398007375639 0.03247657441446245 0.031909386640820256 0.03278127034837356 0.03276511139324139 0.03402485753443402 0.03316625645614425 0.031950036435924464 0.033155489453057616 0.03335829341033507 0.0318570565181913 76.9 1e-06 0.01 1024 resnet18
0.031883771683363135 0.024670455412448177 0.02418743247128121 0.024682859982592696 0.02394758697128771 0.023198035525047685 0.030202284726166758 0.029260391435334532 0.028638763581236838 0.03081542039046325 0.0314007281535327 0.03136385105170374 0.028754435252266272 0.031524987395164024 0.031134588874558042 0.03043036659625316 0.02930084067275229 0.03027620765470737 0.030737537622788365 0.029849537803812987 0.03067514791314274 77.03 1e-07 0.01 1024 resnet18
0.031883771683363135 0.01242199151863184 0.022504795189620765 0.02198437204943785 0.025097960856465075 0.024006072769581728 0.024895270827356198 0.021354704108287752 0.024621311636617734 0.02330196190686695 0.02570380254338968 0.024476691351390367 0.021588467810358707 0.02203682453715661 0.023815324688489205 0.026496099839459997 0.027761616082863316 0.025738930357403805 0.026793103552758425 0.024363716084390617 0.023486670516673545 81.03 1e-05 0.01 512 resnet18
0.031883771683363135 0.03854813270167606 0.022958146476182818 0.01761630990179125 0.011602891247303055 0.016003671083735543 0.00906909167679127 0.008957156093524139 0.010157986990714084 0.006956529578590882 0.011363179226552065 0.014920837773663908 0.01150889432923279 0.015421139883119508 0.010315000319815283 0.010127267965327633 0.01338549200190135 0.01596636192394568 0.019998562779348385 0.011648497271175536 0.011386489920768668 83.6 1e-06 0.01 256 resnet18
0.031883771683363135 0.0851217676665577 0.09542735424043838 0.0650634060629255 0.05525983488160036 0.07582510122408027 0.08359418035731286 0.09876169127929779 0.08574161329881226 0.08664325659496308 0.09338692104902764 0.09872936936356969 0.09065600904303876 0.11800001138109804 0.09964351247410326 0.0929156526568154 0.08609164269376145 0.0885122996247015 0.10250552870910921 0.06321696112066637 0.07743235671973539 71.82 1e-05 0.001 256 resnet18
0.031883771683363135 0.05651935099568331 0.10519461713097641 0.09395540965558474 0.10495553912149153 0.09800501999175358 0.0869171149387606 0.10559808191033565 0.11138724757418948 0.10984820096329245 0.12111051530057669 0.1028839451593279 0.11717505984133837 0.10958916786802962 0.08734441864440762 0.11265276047597414 0.11246664009284842 0.08581949644801551 0.12380142209557617 0.11370585977013374 0.09313493307442759 66.71 1e-07 0.001 512 resnet18
0.031883771683363135 0.022687319259932833 0.023316477495987035 0.029903044936187166 0.03472494762605586 0.01876014371508668 0.025164584992211646 0.03425502697243355 0.01676302326524408 0.01970020777818163 0.016490296148888254 0.020637783386775375 0.017385496305303904 0.022310883246514663 0.025733040934779225 0.027856836545363656 0.02213031021732047 0.02472419756250623 0.03579556482596634 0.01652522440471403 0.015022997075720676 83.78 1e-05 0.01 256 resnet18
0.031883771683363135 0.08086011542384326 0.09065195250476005 0.12183162839400728 0.11978411185041571 0.13136453245933777 0.14899544743420515 0.14159812848705472 0.13204845202004276 0.14688797871493564 0.12893339480676808 0.13007941169379333 0.125641346288579 0.1338240247887661 0.1409178804567473 0.12455687704823765 0.1351289556886152 0.12273031010145463 0.12584339360435767 0.1275655624314333 0.13385697843765482 64.41 1e-05 0.001 1024 resnet18
0.031883771683363135 0.07942145847831988 0.0720282189744678 0.07245692211949237 0.06868629656722355 0.04219767650949235 0.04803794217076915 0.0459860385457018 0.03916790387361686 0.040525876439909375 0.04943555453881626 0.04535909791519251 0.05071275041721725 0.05932840540533693 0.06645224576102332 0.06255373042434025 0.05530855059374261 0.04138680104925449 0.08263366246596547 0.041759207843572795 0.0320223439672789 72.35 1e-06 0.001 256 resnet18
0.031883771683363135 0.020668984484958085 0.03090481074396445 0.022090190924859487 0.02457162979060125 0.027434292497975975 0.024802213922985903 0.025597778929881496 0.025519814325758467 0.024303775687782938 0.032133062749506246 0.0315065069634839 0.026060676896372908 0.028328436801625393 0.02453904161632619 0.026554921208286685 0.030293423615350222 0.023497659568244105 0.01787369598764641 0.02411795857262451 0.023264202509439776 83.73 1e-07 0.01 256 resnet18
0.031883771683363135 0.0853378362706587 0.07058771250789535 0.10280752772603932 0.06878438119403352 0.07913859749337471 0.07193214708631017 0.08173072135228936 0.10725808155770579 0.08166628321185593 0.08315479142189013 0.09797745058338116 0.09183422719657136 0.10709014268207687 0.1079970504800454 0.1262306488661001 0.10004751302013887 0.09869167988395927 0.1106188655937548 0.09708711355057076 0.09109030022099493 71.53 1e-07 0.001 256 resnet18
0.031883771683363135 0.09054085948413987 0.07609217541448295 0.11086900431878853 0.07924560425317209 0.08655788083648558 0.10120285620211673 0.1155942391247124 0.1111736900150588 0.0986601044175628 0.09011815260154958 0.10284642257843707 0.101401703689683 0.10540406074028122 0.10744416792705172 0.09316574154593273 0.11450907984072618 0.10214429366038917 0.10704775805490906 0.11108247320785822 0.10581261929822101 64.07 1e-06 0.001 1024 resnet18
0.031883771683363135 0.06329769708321029 0.0799188647923315 0.10097777685857234 0.07983915932124734 0.09195318293164015 0.07085605021275257 0.09100083004729141 0.07293219104030838 0.08913472756445195 0.09521590165682885 0.07477242400564615 0.0894386814123233 0.09031181384178984 0.07587660054798215 0.0872852248591561 0.08786084630890618 0.0927804715822686 0.08832852987154645 0.09139587990365854 0.0893060589455534 66.76 1e-05 0.001 512 resnet18
0.031883771683363135 0.06289626515316236 0.11320341421989781 0.08677789108576865 0.09774971677622242 0.1032045479517939 0.10017448302451476 0.08961127280670286 0.0854076639542214 0.09678539741136621 0.10392232138687739 0.08637448233809632 0.08168773774727481 0.07903202921283312 0.09054160502752183 0.07103811161534355 0.07909704067459368 0.08945920341792529 0.08325457187517021 0.07584066733587048 0.07957035111286496 63.71 1e-07 0.001 1024 resnet18
0.031883771683363135 0.05763941184760025 0.08674765886481221 0.08692678724606402 0.09445168673296736 0.09863061506589865 0.11157480162622234 0.09663359711722375 0.09697759144428343 0.10506842831080904 0.09685269103080127 0.09373666588058899 0.09921208783658049 0.10019355973125661 0.10663271004277439 0.09283966458839517 0.0992731013606348 0.09457298266759284 0.10356771103725164 0.09811774503120228 0.10538222060652021 67.44 1e-06 0.001 512 resnet18
0.028431796681943063 0.02628312572864103 0.029713187272775686 0.01968642405124152 0.025626390833086012 0.03631345147620494 0.024954400560417846 0.01728488266339423 0.021052557309675066 0.024569332707385604 0.022721122444005905 0.01896280935033277 0.0247109773660829 0.018670979620451236 0.021801342955763126 0.019262127389635147 0.02370748317467407 0.025734131256334846 0.019600283778589363 0.027259003998710868 0.01959980618210391 82.2 1e-06 0.1 1024 resnet18
0.028431796681943063 0.00447868785538077 0.01460075131649563 0.019877423346767013 0.025542136780918483 0.015678012545928977 0.010887293276213517 0.013795344115074572 0.013586918453102089 0.017951765220770858 0.024131717007187903 0.014282799913278198 0.009335460589389577 0.0028296905685545183 0.023596855865287047 0.01832881529307522 0.02340485812614195 0.010266395611420289 0.009745975635563866 0.006969640438690619 0.007595460813278344 81.5 1e-05 0.1 256 resnet18
0.028431796681943063 0.01517576058024115 0.021258061796155348 0.007579423270186866 0.022677252521131713 0.023931952887953543 0.029674143565031876 0.025543742256249512 0.025801839233574726 0.028194989687701587 0.023648848346000662 0.02226641273084597 0.022434586677099702 0.025390846741475806 0.021896114589157793 0.016540597844140664 0.01642029383955527 0.018623004817326875 0.014357364302423918 0.018987710344245696 0.01586845978656687 81.88 1e-05 0.1 1024 resnet18
0.028431796681943063 0.025340960591397406 0.037768051079410024 0.021871374151621648 0.0059761384457935616 0.025549885694609184 0.014859723668923937 0.020540139604832905 0.013993609437876016 0.020790696610848754 0.007722151927815641 0.009120122118590271 0.01316158159040203 0.010649089749700252 0.006065680978792409 0.01275888713929026 0.0069269711303563365 0.012470083619796285 0.0025363894692169136 0.013493380503542471 0.0016794414773417298 81.65 1e-06 0.1 256 resnet18
0.028431796681943063 0.047282619192645356 0.03528713695215902 0.0426766734626295 0.04296640926798528 0.042034688263152056 0.04481158395144345 0.0475548200855699 0.036239292500075154 0.0430055918932665 0.037449476373894876 0.031661121917869746 0.03912089566700963 0.031184631526793325 0.029625691933417395 0.03759999124921475 0.03998922008010083 0.038655910784407055 0.04250802415338737 0.04189243711589976 0.038772404195005876 83.24 1e-06 0.1 512 resnet18
0.028431796681943063 0.020978678533241254 0.01682114241168378 0.05598016786211942 0.028318455757643995 0.024732814023052968 0.02096692118436497 0.018959753588739362 0.016961702710215687 0.018549740037441344 0.02074058789059606 0.018286618211380418 0.023245105331862484 0.021691266551257096 0.017816025771861397 0.014786189835280263 0.01914756126259512 0.018158810341043784 0.020164971582928383 0.02563573020034753 0.01803340636406293 83.44 1e-05 0.1 512 resnet18
0.028431796681943063 0.01157403940641199 0.02326916050899917 0.02698904900500545 0.020215995047268866 0.006589556806830627 0.006504870093850912 0.011547654114552412 0.0 0.006833149135741659 0.006749869805043389 0.0 0.0 0.004263965485774261 0.0 0.00431284935742842 0.0 0.0034843664413311496 0.0 0.006615632381579821 0.005454299669542162 79.59 1e-07 0.1 1024 resnet18
0.028431796681943063 0.03751301619523292 0.02103343085629383 0.020333788608938384 0.02148060682466424 0.01279612388906703 0.010905150922371664 0.019362070040945156 0.015953753772940383 0.013192350962369006 0.013748533874278733 0.014501313235780197 0.01382786065815526 0.024143110818761318 0.012739908736209303 0.01268546029316891 0.012915571647644874 0.014337249416668323 0.013845050174313834 0.013097946267456018 0.01639766431452836 83.8 1e-07 0.1 512 resnet18
0.028431796681943063 0.0069269711303563365 0.017171228928611584 0.01833065381014688 0.012124176406468578 0.0 0.013292064928285153 0.027616075282716066 0.021686188154380857 0.005734828594192707 0.013108632558494678 0.022486055072816 0.020674588745512753 0.009694411649091194 0.015794498737364226 0.0207254135888779 0.013985465411261418 0.016618182693419744 0.020865659407933067 0.017603172952130337 0.01697661316908984 81.22 1e-07 0.1 256 resnet18
0.028431796681943063 0.0019478935854862745 0.010555372641618868 0.005004024235381879 0.0067093218473753494 0.01101941920385563 0.007780474505875773 0.004139371303902237 0.00786025623877157 0.003977499972592385 0.006047702526850107 0.010508485515942727 0.005269079614313803 0.0013474216817976675 0.004419898225289793 0.005929533174474744 0.003568430183883457 0.0 0.0013474216817976675 0.010597401234211361 0.005091674451539383 80.49 1e-05 0.01 512 resnet18
0.028431796681943063 0.0434483749589438 0.03159978082210839 0.018455795814081043 0.016283283189618837 0.012949935863203423 0.017650861772432205 0.015978743774883192 0.009475174586203968 0.019992115978883663 0.02214360934612698 0.014172163468684268 0.01164466550102296 0.01679338768208962 0.02378501306023608 0.02071951869735267 0.020637290064400834 0.015394492637559416 0.0199011002787823 0.025475392030655804 0.014855895682273065 83.54 1e-07 0.01 256 resnet18
0.028431796681943063 0.05111465949317047 0.02884321486528051 0.03605026439323007 0.02218951157794881 0.023370151826639828 0.02683651517781025 0.025429087831362183 0.01664610783657621 0.02631986762068303 0.022707663591769598 0.020843480680747054 0.02444864702597413 0.020821932448826512 0.02390946746058439 0.01444988406669438 0.015553940089896528 0.02305386258432177 0.022714604894401916 0.025146012070684298 0.024371639574015294 78.22 1e-06 0.01 1024 resnet18
0.028431796681943063 0.033957214414843506 0.03929544587175516 0.041711552951319605 0.041501218106121555 0.036538223222816156 0.03237578285523159 0.03713828414502632 0.0384612405060393 0.043743736425833554 0.041268052551877314 0.04535126969457568 0.03848832815448013 0.04219987765537998 0.0448861570891194 0.04722654022974185 0.03653432106733282 0.041666071740882646 0.03424696541692509 0.026655511296252987 0.047283178768491876 80.97 1e-07 0.01 512 resnet18
0.028431796681943063 0.009196126528467687 0.013832427582068192 0.013204309919565959 0.0013474216817976675 0.004872864700976893 0.0024050910155399823 0.01076074160589027 0.009574977584271853 0.021229553921380442 0.015635907788041782 0.0016794414773417298 0.011887141096914975 0.0007788250941109637 0.0038203638012924788 0.016630405230663312 0.013608840495865297 0.004049634850639385 0.010835882543850284 0.011086388880583638 0.0035146528451754835 84.08 1e-05 0.01 256 resnet18
0.028431796681943063 0.01587971073176145 0.006534181947937018 0.0071554567819569325 0.00611252653357951 0.00431284935742842 0.005139566706172256 0.028224788282387735 0.004231220866711802 0.020777018129388973 0.0093915317345872 0.0 0.005038703198929243 0.01374591217684021 0.013904283461501183 0.010158283830290566 0.007612032249027588 0.01846414348808375 0.011137681092707052 0.009937262268994954 0.011506498090096524 83.85 1e-06 0.01 256 resnet18
0.028431796681943063 0.03939848434411645 0.08644401844213964 0.09358193880772399 0.09901725494354828 0.08841480809622033 0.12762058812596963 0.0999377181988896 0.090904526524309 0.11501952088351113 0.09726525939275987 0.10940935474280389 0.11932895888268343 0.10705786032433355 0.09939646618306709 0.07855433382694094 0.10214271402330354 0.08712999673612803 0.09031428765726161 0.10503059926270701 0.09062950444281473 64.66 1e-07 0.001 1024 resnet18
0.028431796681943063 0.027770539606882933 0.024959999005505412 0.030354862637320165 0.02488604238701975 0.030675544279834998 0.020682948346630488 0.05318165638830589 0.036560104249285595 0.03373911856888481 0.05682046415986575 0.034963936049682544 0.0372874761107208 0.048216051161061396 0.03450531114920655 0.03451382681509422 0.034233152925744276 0.03598368726178518 0.050387067416518744 0.03908124276008142 0.034616256663231024 80.71 1e-06 0.01 512 resnet18
0.028431796681943063 0.03392805558781356 0.02350068296919913 0.02951567705961635 0.02657947549893259 0.017144918049521955 0.024100352722809023 0.028367766933652724 0.0191870034136565 0.019490306311906475 0.022408489665839814 0.016598646863994565 0.01593092264359811 0.01711585647582321 0.01475179170507645 0.018954271482334754 0.017392746549004558 0.01840403318876474 0.020889318395012086 0.018695670777653273 0.021309704231213637 77.2 1e-05 0.01 1024 resnet18
0.028431796681943063 0.02137467205452233 0.03920434312206137 0.02343903954354035 0.033573696657100874 0.032786875338107924 0.03627455361490366 0.0369222581093389 0.036628780126015156 0.03370731117513676 0.0328089657563065 0.03228050651711132 0.03505042842416217 0.03409731897284611 0.03134348057682938 0.03619955729621146 0.03474191450094898 0.0297833767102382 0.03416111968122014 0.03359912926144661 0.0367663456529666 76.56 1e-07 0.01 1024 resnet18
0.028431796681943063 0.07916967847856335 0.13555907101221062 0.11996817551196715 0.09714358342516036 0.112346766508658 0.10108897196757743 0.11377437830356359 0.09979455681379744 0.09489421902498128 0.0957232026387527 0.09865059189376466 0.09063509516620176 0.10859406282814518 0.11095939312803221 0.10162282912226131 0.10400438419480551 0.09089143481972968 0.09875400984570208 0.09673772879335894 0.10015004893733515 64.31 1e-06 0.001 1024 resnet18
0.028431796681943063 0.05300530469318145 0.0953113478737863 0.10813201675320361 0.12500676615868178 0.12048202854311374 0.13354688878800813 0.12206245815519504 0.11778328623063355 0.14625921458669627 0.11370199853850091 0.13947928961033845 0.12934313836615716 0.0978411445533888 0.11005504641139982 0.1064240759771477 0.12263268954120439 0.12479255812782807 0.12265851180831938 0.13476409352520416 0.13027168607240378 64.16 1e-05 0.001 1024 resnet18
0.005205063844754989 0.02199316103302421 0.023850670565288543 0.036123425798241016 0.02610995733109897 0.03772234299269428 0.022213724673263612 0.01911190374302463 0.026249150813761845 0.014819770567397885 0.030032529199162418 0.025781677244622346 0.024233895831685875 0.026620776149350718 0.023742766179873937 0.029319385427928467 0.02624596844115856 0.027218955144730196 0.027004368655597216 0.027824502450229164 0.02791051298525498 81.74 1e-07 0.1 1024 resnet18
0.028431796681943063 0.06970942151736183 0.10471040003620798 0.13700035838505986 0.11338555373736055 0.13707588801127035 0.13464732771363028 0.1407858233375065 0.12800444937342767 0.12027858013073964 0.137042899575872 0.11804127986684394 0.13910536563289963 0.13128583690996115 0.11821333714874736 0.12879973841475387 0.1239815757136117 0.1308495077181393 0.12129207980377757 0.12300040582893809 0.12925406967457348 68.27 1e-05 0.001 512 resnet18
0.028431796681943063 0.0626316399682246 0.08149774604482123 0.07179558035176882 0.07916071342082748 0.08146980989589815 0.0893863002150278 0.07751129231599313 0.07575423696762451 0.0874769808066593 0.08661747477688438 0.08765148348059065 0.0955052408994201 0.07362356416114713 0.07988821503804795 0.07760306666008353 0.09449302429324505 0.08412875924618629 0.0830030346081122 0.08716369702982128 0.0901687680399732 67.87 1e-07 0.001 512 resnet18
0.0 0.02012019690743963 0.023311049944261787 0.0225679632287566 0.047508299759153154 0.03722888245199939 0.05518310802309508 0.04340031997951851 0.02926938620973017 0.015546661581603036 0.025604474833117043 0.029310721653503676 0.033401566020025523 0.02841419117646306 0.026063861971579637 0.020247318606155345 0.02464213938519074 0.022821869083370815 0.0216505343776151 0.012883810721314407 0.019623756135330926 72.33 1e-07 0.1 512 MobileNet
0.005205063844754989 0.033514191869695044 0.02604147913482545 0.027341203435971496 0.026638611527312502 0.020940154602862096 0.03412937822107648 0.030152671914805085 0.03846792469897787 0.03205923059406365 0.0286089915813674 0.03274571388623281 0.029642291460737203 0.02195804993417128 0.026396047184391643 0.025043156090297645 0.02480763611593727 0.03352449558617335 0.021166429418395374 0.02438307864617607 0.029471554522929762 82.05 1e-06 0.1 1024 resnet18
0.0 0.0534666620507144 0.05124374868424412 0.0420811033048828 0.061147044422208266 0.023201516577206826 0.03100938355546222 0.04721223375232819 0.04765774065626137 0.06425793264437621 0.04478810936993019 0.030569911244575757 0.03140252276406521 0.02637660085844871 0.03228377163658154 0.053064064577954755 0.027053959106849303 0.024776321225503228 0.02836593232091412 0.04330014915100081 0.04758709902645156 68.51 1e-06 0.1 1024 MobileNet
0.0 0.03397487174804677 0.025656914256258174 0.05327516877862345 0.03986515911532082 0.018180769878261237 0.04009259004491282 0.033916063143741605 0.03715429033088337 0.04530816689015062 0.029470158634942824 0.02716835541492146 0.03812855451102981 0.03565488494814456 0.053390907252613556 0.032501396137474936 0.022652293218512226 0.036167404972501024 0.046804678864047065 0.03956774830270532 0.03685664816996685 68.76 1e-07 0.1 1024 MobileNet
0.0 0.030649087088478508 0.05314950201603105 0.011629316017939668 0.045896219222520074 0.07001273084701648 0.05259910596439676 0.058707881411621615 0.06926209265873562 0.04144674975474987 0.040887757950857063 0.057286757066710124 0.057247145075087 0.05462549995396335 0.03624095352619536 0.07582341145290049 0.04464215504787403 0.03842347882746156 0.04023342083546865 0.05106078311339632 0.04800661894416493 64.13 1e-05 0.01 512 MobileNet
0.005205063844754989 0.029924236215613 0.015190186718716686 0.013684060741933464 0.023258441174634922 0.03178488929729786 0.01916553295392081 0.014127482894627926 0.023897871138260172 0.028655521470958085 0.008363346378977893 0.003568430183883457 0.018727372872294267 0.017452378882916966 0.014260467134516683 0.012249105762289682 0.001985152433458726 0.00444807500683806 0.012587277122716647 0.010822577888649878 0.013756681723276574 80.84 1e-06 0.1 512 resnet18
0.0 0.05610250072491178 0.05107862418213726 0.05073890607311979 0.0404031930768657 0.03814242556704675 0.09010277832766922 0.04878915486492085 0.0847090611583608 0.08961415672486034 0.04786932380302984 0.051041250885827866 0.04890953727108936 0.08638413733016621 0.05707249492817503 0.05245127631835063 0.05893582939411932 0.07120164391250265 0.06701613275318637 0.07029603150727132 0.05186907766701596 76.84 1e-05 0.1 256 MobileNet
0.005205063844754989 0.04240920815187851 0.03404871156168442 0.011165284261362938 0.019824892421987886 0.021605741902786815 0.023610167941739917 0.018116905789123627 0.010337015651232963 0.02024295724221633 0.012757103326110044 0.016862599281267415 0.006076006920652446 0.010408221029855516 0.02009087340493495 0.010544368834173179 0.020913850632464075 0.011566736070438885 0.00867263330197682 0.016993065681556042 0.020341067209510275 84.03 1e-06 0.1 256 resnet18
0.0 0.04548442801682867 0.05085909324722288 0.05383423335985227 0.029880339876154394 0.04573550806153598 0.07249703570393487 0.04627736455278084 0.05328687884692116 0.055389858236238966 0.07600947953639313 0.0755198766140484 0.05971554632680695 0.0645993950974937 0.07254219840323402 0.06034857842873042 0.08793645540771676 0.0767875855138901 0.08024890061380613 0.06730413671532044 0.0825038243491185 77.2 1e-06 0.1 256 MobileNet
0.0 0.09356874326893751 0.11602926603972386 0.07670806320194629 0.11189237549896915 0.07856993959804494 0.07165934695534007 0.0715407737504044 0.06414277505454563 0.06740598332748675 0.06743439427149509 0.06630903345866952 0.0649175775333641 0.07090616995581583 0.09144426238736347 0.0743476955906221 0.08918992584682811 0.06806310096712243 0.07774167128969971 0.08306686486683472 0.0634368264845158 60.42 1e-05 0.01 1024 MobileNet
0.0 0.09180538634534872 0.0332918347933519 0.039194630625443254 0.06225712261040583 0.08444018880113209 0.07570963641031446 0.07761552273767511 0.058318639521077936 0.06398011308539438 0.08882996430760207 0.06336158597607036 0.0465526212892643 0.08193835557537081 0.05959144333540132 0.06426090235396735 0.06755149633678664 0.09605989001092916 0.07562004705449853 0.05821895730717586 0.0884146418454693 62.95 1e-07 0.01 512 MobileNet
0.0 0.1101321686064045 0.1115702094436693 0.12136335525596383 0.13688540913060743 0.1017465538973933 0.12472354180046122 0.09556775025707706 0.1074564159247946 0.08897934214768602 0.0890967795477679 0.10021956766362923 0.09920958107536133 0.0936109898714875 0.11756864694925945 0.10488610266619772 0.12009205903177951 0.09970379275385667 0.10638427063959507 0.1023477616204384 0.09824382009481641 60.11 1e-06 0.01 1024 MobileNet
0.005205063844754989 0.05162749337498274 0.029266724404989185 0.016830267087562526 0.01785344270728171 0.02156052933848761 0.017866830315073703 0.027233915307210258 0.02619573377532661 0.030169808191148104 0.02412110734682871 0.01716079181511811 0.03032184079920847 0.027295608667106626 0.020287620280214087 0.019987300349662424 0.025155488162141734 0.01889882366810565 0.019534329305262766 0.018845868846933875 0.023032822799611052 82.98 1e-05 0.1 512 resnet18
0.005205063844754989 0.02371266284384932 0.03299422909349657 0.04821324852932763 0.03753959844054093 0.01373389179918732 0.015069642447339583 0.0122713195315968 0.013358662680583095 0.016461425823577153 0.02379258490250775 0.0016794414773417298 0.004806064694222958 0.02331938851145173 0.03114353346375335 0.018796980492703577 0.01895914187130012 0.024846592248554 0.01832303478594261 0.0077216170350885025 0.019137479650919144 84.99 1e-05 0.1 256 resnet18
0.005205063844754989 0.017124967236256502 0.042405890770295954 0.03698582996715217 0.03649979808498138 0.03805080019526333 0.036977337455419715 0.03999431821276982 0.03676862293650626 0.02744154650049513 0.029201944076999952 0.029324222270032462 0.029510084374322912 0.032633244267661225 0.02939923025817724 0.028271180568470423 0.02799170129696348 0.02780915106785753 0.02649295043184849 0.02984938700251224 0.03092160848864717 81.78 1e-05 0.1 1024 resnet18
0.005205063844754989 0.034831783310859316 0.04015584393968023 0.029664518604148683 0.02725176972920313 0.06284185518786631 0.037965399347511995 0.03320514159145426 0.042414386311631046 0.056438982661565745 0.051195686901181536 0.04339445065995143 0.041188436082462504 0.03420596049414419 0.03985763887094079 0.05380630688691216 0.031541982983973066 0.03931720777582035 0.04224698901957842 0.041865829387374494 0.041742529985952646 85.34 1e-07 0.1 256 resnet18
0.005205063844754989 0.04508970168691903 0.03648754338813021 0.015057188076254634 0.0162581694937256 0.019707951018668034 0.026975184677167266 0.027885254019002024 0.026866434274643733 0.02627473799182794 0.027464199249700075 0.023558316708485474 0.022752587386641238 0.02917441100163591 0.019734654185003846 0.024583804549304165 0.024144844530523284 0.023368815053564033 0.0221940871449629 0.022539456337044895 0.0191556279098415 80.22 1e-07 0.1 512 resnet18
0.005205063844754989 0.024427961411348172 0.044522247891647215 0.04374143218048412 0.03709216378476309 0.03807729948076244 0.03167582917646125 0.032828012995785034 0.03127671452365173 0.03760404586179329 0.030692268214371373 0.030770001968856805 0.03204742083559509 0.03807680724086879 0.03280568202034269 0.03602297284454872 0.02951609170691322 0.036292069778588655 0.03824492618051697 0.03086213921505225 0.03533605024874282 76.62 1e-05 0.01 1024 resnet18
0.005205063844754989 0.10543620021776011 0.08540374273928675 0.10021578478982493 0.09365210098469667 0.08596930481928063 0.09032229597651907 0.09741853688934085 0.09118550505358554 0.09608762029317333 0.07453938849476653 0.09016864117701376 0.10106751985120851 0.08740709354047983 0.08249516102589015 0.08200489287760067 0.07747862382014084 0.0819898963932594 0.07427467202332273 0.07415122559737646 0.081123763291306 67.35 1e-05 0.001 512 resnet18
0.0 0.08059130859463068 0.1036803349887671 0.06603889331454665 0.0885261759169548 0.1149087656524939 0.07052365719126148 0.08886671703580232 0.08263761299349108 0.10515435802153439 0.08108925800371772 0.09408359278100883 0.09961223205064318 0.09725442653469056 0.08535021021447226 0.10268624651897403 0.08516000537232005 0.12331152069812319 0.10191090915846363 0.08459275468337771 0.07815756877427772 58.82 1e-07 0.01 1024 MobileNet
0.005205063844754989 0.08935451390504143 0.10500463230736318 0.12220436078164845 0.1509652926421777 0.1271735875589444 0.13084154576563586 0.157901899979107 0.13338675047999934 0.15226897564687245 0.1465807559589887 0.14034588411400978 0.14514167497597882 0.16012253805889703 0.1551932311237252 0.14225634399275106 0.12855638714182152 0.14086127757035893 0.13530929326455912 0.13978172087789228 0.15382685839332086 63.72 1e-05 0.001 1024 resnet18
0.0 0.04280680995767188 0.024454964339399362 0.045105723442685014 0.05388126396318567 0.043674866236717354 0.03533645936453264 0.06373927664427058 0.046275429636090985 0.041708983079036865 0.03456050279450799 0.020404387655637 0.04987572822659759 0.03327480369155487 0.06592351410807777 0.05112430042279806 0.04281965349356708 0.04383315247273915 0.05314188197675542 0.04056025718017933 0.042390437827088345 68.06 1e-05 0.01 256 MobileNet
0.0 0.23369373874601912 0.18959586912563572 0.17331243845580332 0.1451871137883794 0.1723913502389442 0.15527539921554295 0.18939894031581686 0.15105710906787967 0.11673515286062158 0.09491461271596467 0.11533263989974603 0.12183978682711122 0.14585717757793928 0.12888998220697528 0.11877718634075254 0.11515194915070534 0.11172183714541457 0.11885147165417703 0.10671924072486645 0.13080807968551633 57.39 1e-05 0.001 256 MobileNet
0.0 0.0770032678131628 0.07091097507257693 0.047222903368769095 0.06717320953405345 0.0821562830039944 0.09656142653259434 0.08334856499982983 0.08013250311158955 0.08137794771697529 0.09890676213314059 0.05732197026970098 0.08888330904404144 0.06526491867115915 0.06212321130973753 0.07291657514790524 0.06421482360950753 0.06399398664399167 0.06746526733277593 0.06521803911814132 0.08275763827788662 63.44 1e-06 0.01 512 MobileNet
0.0 0.46680698923837227 0.2856508530309673 0.25200314252444456 0.30564619190700737 0.3416433475540731 0.3562918607046335 0.3101512211214505 0.3046151847806104 0.2970535868177493 0.31693643234546687 0.2926203334093502 0.31598727193566517 0.2831626621893093 0.290944977327917 0.3212416780321854 0.2974507758207076 0.29146839664055124 0.30358914319242275 0.2813208937633038 0.2994147631047236 49.95 1e-07 0.001 512 MobileNet
0.0 0.851463474108205 0.6554267554720127 0.3430551653027335 0.39188545848685663 0.44115868530906366 0.5426529340519488 0.588032489533485 0.5163622908311717 0.48128589948879225 0.5148235829792551 0.4974238004200945 0.48262079516802947 0.47024485488042017 0.497832673931972 0.5021806031990576 0.5079399053989095 0.5407039617373601 0.48407402129103305 0.48587042177506795 0.48625344957679345 44.6 1e-05 0.001 1024 MobileNet
0.0 0.03799900662214651 0.044154631655226456 0.03156799996105843 0.047375974950088766 0.08420488953943575 0.026608540022362223 0.04321325923443352 0.047095718404998245 0.05518139076925706 0.045927456854627825 0.08250834066802316 0.06619407060920515 0.07632040083945818 0.07002125143578312 0.05147004330775575 0.046002001799854426 0.06992755113719225 0.06637459683552512 0.03936922553760784 0.0456799003214229 68.64 1e-06 0.01 256 MobileNet
0.0 0.05681226661078592 0.04402614932088496 0.04592553190071436 0.018828307377768923 0.05780085688536563 0.051340532018595904 0.05418009495872335 0.07958827979805823 0.051890636058086255 0.027583338165240664 0.0749368791807838 0.038988407800296505 0.06737963415606263 0.04826909044601869 0.06545672725739732 0.041207161517989886 0.05302861751351192 0.02743843329566207 0.03129042406176597 0.03564698728978995 67.62 1e-07 0.01 256 MobileNet
0.005205063844754989 0.03733678952387601 0.022179975809970047 0.022397297185331407 0.019099690009742702 0.033365983172134454 0.014460829714596078 0.02839628321492083 0.02343037498900361 0.030907716657646404 0.0187484812839666 0.01885663141691184 0.029707030956757217 0.013424440796623442 0.018317853555976347 0.028368708999388065 0.02480773277369832 0.012057861892609831 0.03423762094355329 0.02279423415650314 0.010770500687109118 81.78 1e-06 0.01 512 resnet18
0.005205063844754989 0.05160343284903231 0.06438884189785363 0.051673865926261116 0.06265916251803508 0.06729012929992903 0.05358371814305254 0.0735466824300389 0.0647461796025026 0.05659252530250551 0.06477102614625617 0.05983624470405152 0.0623063098355424 0.07025014631123583 0.049965753612727724 0.052465044814089874 0.05931397939969408 0.06402502321488156 0.050294460695114084 0.05837113332181322 0.05861358375342029 77.17 1e-06 0.01 1024 resnet18
0.0 0.042190612985309225 0.04370567400838463 0.06258409078310846 0.028428239453561863 0.06232985806665274 0.02735302899232532 0.033349929324924914 0.03474993372624507 0.02797455491978378 0.018135809162589483 0.055097912515249085 0.019424787354760255 0.06220765584522749 0.01757175123463367 0.029568989462133308 0.0234176545989459 0.05822685162325175 0.03703411011616016 0.04645804587796525 0.024254154761909463 69.0 1e-06 0.1 1024 MobileNet
0.005205063844754989 0.11634801082895453 0.12284345318831187 0.12618510053466758 0.12365499888083116 0.11316855641189011 0.12729786499159293 0.14138317520047708 0.1383941618743508 0.12998648507553204 0.12113201577081352 0.1358603018112035 0.1379458801643397 0.1306805043715978 0.1307780488647424 0.1291543396304004 0.1191180711393861 0.13099803876255872 0.12639548131691677 0.12879992064024498 0.13554730079110405 67.27 1e-06 0.001 512 resnet18
0.0 0.4830857077201889 0.2652427560766267 0.29116975761525227 0.27892583237385304 0.2223712946437643 0.2671420859309482 0.23219856297409522 0.2045174950924828 0.24443249972969167 0.2564742727927791 0.22069213509169106 0.25212409442663336 0.22323844670542095 0.23097549387625246 0.22940950059239187 0.2503007328739351 0.24316578214661846 0.20879698075328146 0.2316985587717014 0.25436304100593315 50.43 1e-05 0.001 512 MobileNet
0.0 0.4559239488327421 0.22570157389419826 0.36447974916688347 0.31248119107807304 0.2685404027766518 0.2830630583494595 0.2959900417685234 0.28479446924625845 0.23701697789960327 0.249129227524956 0.24935927527597723 0.20975237551786344 0.24016103333950045 0.21948358633662785 0.20795553490193971 0.20524210772897167 0.2547384735635781 0.20877349057978112 0.2192140587162127 0.23259488096679348 51.23 1e-06 0.001 512 MobileNet
0.0 0.061237103233116645 0.03377944484624418 0.013178824280973571 0.007187190915819561 0.019797643480782258 0.018031548324024076 0.024057972267974875 0.02409378377659662 0.024038530613977125 0.017366412727075 0.0266514592209305 0.030485870848372055 0.02357622227879186 0.018901363230287377 0.008278175125486032 0.020685315264178245 0.030208174189391993 0.036538814891602926 0.022688544482244496 0.017499750575878655 73.01 1e-05 0.1 512 MobileNet
0.0 0.15451816895207118 0.19050299975325888 0.2268827069513996 0.17883437365947177 0.14875701434182806 0.13762705027834074 0.19838793749240158 0.17531946192664943 0.16641522853705445 0.12238735109030413 0.15907499124665614 0.13279684091894237 0.1438466528429776 0.12596212331799841 0.15897472895398487 0.15012599258397635 0.16419841481990322 0.13606287255149357 0.14243515431311063 0.15123576965278135 55.82 1e-06 0.001 256 MobileNet
0.0 0.1625294607798677 0.15763044471750143 0.17788957469335892 0.14912605179735802 0.13104458994758317 0.11418320711995966 0.1132406920495877 0.14635948954260716 0.1135654785929575 0.17580544674335463 0.18643619100415434 0.1936702500328577 0.19389193269067068 0.16972609541489253 0.1759502096716431 0.18313665410448401 0.20505061571990943 0.19186160577015063 0.18869354739437194 0.20034548002408564 56.79 1e-07 0.001 256 MobileNet
0.0 0.0373069030511721 0.0503469393623374 0.026890040024335243 0.058383138125470045 0.036060338317345966 0.03353576086886413 0.02791378398415747 0.03205553949440535 0.03465299418146964 0.046451652674003474 0.04751824719527743 0.05337928434787144 0.03443106326771319 0.041521398462752705 0.046825227346509506 0.05008071549621428 0.02278358347776342 0.04708440322791362 0.028824436979224707 0.05183551032994989 69.2 1e-05 0.1 1024 MobileNet
0.028431796681943063 0.07917136548329326 0.043309368039026096 0.05613438740538919 0.053098133616152475 0.05385280028844401 0.03972712055913486 0.05780553756538675 0.044748964595075595 0.049221028112952175 0.06189238962780001 0.04356948199790168 0.04973983114727118 0.062322813733578446 0.04408954565599713 0.055622108176120316 0.0331887674669591 0.03909605109892701 0.0577365403876041 0.04854291292999607 0.04196626665682657 72.33 1e-05 0.001 256 resnet18
0.005205063844754989 0.030960524900417265 0.05549426785826259 0.055795443369373345 0.048575927797012815 0.03368793617004018 0.037032221253423064 0.037411175819391594 0.05327580513056944 0.03988548369802386 0.047979485438963125 0.05622214288557178 0.04227099981275604 0.04111078928329236 0.03770706813074989 0.04611439764320048 0.03793660336258844 0.04189149526473783 0.043546264752379 0.04383161710725845 0.04652771631209026 80.63 1e-07 0.01 512 resnet18
0.0 0.03157938717789602 0.02376302219103445 0.0170898472626746 0.0277123755933362 0.030609860971856317 0.032910513148906986 0.017045980031416143 0.019112887074704207 0.025104489993945087 0.021498887660280862 0.019025674141366498 0.030487012980056606 0.019430502763333704 0.03606489284373538 0.05508435990137589 0.06435124644336564 0.027423923535142815 0.037886491120949266 0.046538355175443344 0.03440386847596405 76.29 1e-06 0.1 256 MobileNet
0.005205063844754989 0.057878696336779216 0.04250029313516926 0.03876527477688577 0.04421118814763151 0.04200385690262769 0.06913781039746258 0.043705606063348015 0.046587260035432544 0.052107117387921634 0.0510162764407043 0.04403590946547217 0.05554403055918956 0.034980492814579905 0.05039305825525868 0.045820230509228524 0.06394245004182866 0.049036489829472216 0.06287505292916955 0.045962553534950885 0.040066054071164245 72.6 1e-06 0.001 256 resnet18
0.0 0.03939647653559696 0.06967804369383458 0.02586001712745217 0.043538249001574776 0.06576120301895605 0.05467724040940813 0.05868481588040555 0.04991994870030045 0.06269631829198054 0.053034244493835925 0.05929516929417611 0.056607991190337915 0.05200842123912702 0.05198487881440941 0.06731583241530813 0.057063642584738596 0.052737253427172046 0.05321713145571602 0.058969710786657636 0.054727868011722344 69.06 1e-07 0.1 1024 MobileNet
0.0 0.08590173892001446 0.08773262545505899 0.06122412270238454 0.08608780112238763 0.08329530887316179 0.12532821537382083 0.10165303968390797 0.12431788557530161 0.135666550579205 0.12506840245452241 0.1089715377878547 0.12648128548580556 0.126733758012219 0.12157372546996971 0.11098706858846881 0.11419443369031498 0.12061710762082602 0.11739350753738426 0.11559320581852128 0.1171745608818317 60.57 1e-07 0.01 1024 MobileNet
0.0 0.023390811206040175 0.038710143453602866 0.038055002595129485 0.02668577946770979 0.03434784433414772 0.013709463039987699 0.05715460127259325 0.025195008737410155 0.03018504051321396 0.017904402532935754 0.016213053639643482 0.012766861742800005 0.008686804013710372 0.01024801432445117 0.02747299742309214 0.005881687773541907 0.00874073242581955 0.03353046973112308 0.016988325390721308 0.014339066152227173 72.7 1e-07 0.1 512 MobileNet
0.0 0.020286758441022172 0.014963203946081744 0.03456734201351758 0.038506898783853626 0.040331728925625775 0.015109784259013548 0.027735420854203774 0.00923700107988375 0.012290211401651064 0.01158857834676062 0.021927473984596286 0.02149598591474412 0.020849636425515766 0.01671455919480498 0.0278866588109832 0.03668002568792914 0.011272584425429477 0.019969300067279434 0.005929533174474744 0.02253624708427147 67.47 1e-05 0.01 256 MobileNet
0.0 0.013714823188201023 0.02644573501519919 0.04500154663572541 0.027420203368759843 0.03607825282444116 0.02272857548578619 0.031165324070890062 0.005004024235381879 0.022559285154389673 0.03842423562861494 0.02075321960032431 0.03335928347555048 0.04811104262631053 0.01462797740194468 0.03066025650384444 0.023058808660808026 0.032448321532601236 0.04835575043908393 0.029051707876844385 0.02489179436975483 78.15 1e-05 0.1 256 MobileNet
0.0 0.02572538948693543 0.025727569955440285 0.008276725728699294 0.049521354983660774 0.022876236940080594 0.030960892605226165 0.04525669837522205 0.04578938990311396 0.0592082092328502 0.04863235611106937 0.05986374425447618 0.04975501204743778 0.059974939727456184 0.03134904792485922 0.062297942607383174 0.05371052186190669 0.04087220954076688 0.061602919196947166 0.05701131793161492 0.05899446592629915 72.98 1e-06 0.1 512 MobileNet
0.0 0.10826956708553462 0.05130208112775756 0.02756083091872424 0.08133543105839486 0.05284898107753843 0.047292368503839693 0.05850381872624373 0.059922655648623105 0.06578346203277792 0.04963743826219911 0.0709013499108076 0.07063499726194394 0.07213768723595164 0.040784292415977946 0.05247580905839182 0.036170495427939625 0.05964779034497832 0.0813605420793969 0.062085075160716346 0.07855432231862564 64.91 1e-07 0.01 512 MobileNet
0.005205063844754989 0.04505628605035137 0.08050207584801694 0.053709926778305786 0.07154688199831724 0.07232487016357514 0.07315051190914691 0.05585056271033898 0.05196861363848459 0.06922898392427365 0.060056790724898904 0.062162333510586185 0.05320359773619694 0.05889888707199782 0.05581938201601878 0.048085207687209974 0.06218495719374393 0.04569376386568549 0.05500022682999429 0.043557640539657855 0.06622178843107275 72.3 1e-07 0.001 256 resnet18
0.0 0.05935570822565368 0.15014277364898476 0.11975559745979542 0.05418641583603705 0.05560796540792458 0.07603782777714066 0.09602596291678157 0.06822149804062856 0.09228417932851701 0.06676106334978935 0.08124566548322118 0.08717820687300434 0.07782554742717117 0.08419045692062507 0.07016504961710693 0.07752505901859796 0.08098994148856331 0.08364865595268439 0.0721589409137859 0.1042067364026009 60.75 1e-05 0.01 1024 MobileNet
0.0 0.11625974650433196 0.08485208535284247 0.09568958925546232 0.05370097696517888 0.07025183132412903 0.06979754945652901 0.1043633947821171 0.08303808506834325 0.07483886731544359 0.08212159510677834 0.0926624855502442 0.06678483909199824 0.07564625455850671 0.08327094249975558 0.08021663140920988 0.09797757318317296 0.08284149802243881 0.07611736641213677 0.08647422496681903 0.08235818058654278 60.61 1e-06 0.01 1024 MobileNet
0.028431796681943063 0.10265355024438806 0.06029594091630578 0.08557285443864399 0.0869587176757162 0.09217481884680673 0.08733104139295403 0.09303297380570781 0.08923891645914007 0.08760225154089926 0.08862204451401891 0.0899740683545135 0.07933552286688124 0.08129101001511102 0.09317217557290519 0.08768719542451646 0.08201861999521658 0.09853591217001725 0.09109302277726465 0.10090935011932657 0.08663926804107856 68.17 1e-06 0.001 512 resnet18
0.0 0.026380769281556346 0.04958792242168261 0.015948026162115766 0.028352129222051506 0.02706610749545525 0.03194596909231082 0.02540787035862947 0.02349815722634103 0.02665984083315246 0.04006043860822647 0.03487968478320284 0.023489118092772113 0.019822518097849594 0.026541981343587217 0.037862323981814494 0.026631369541961256 0.027188989050630975 0.017434830435332657 0.017999037970481458 0.018497383089658502 75.75 1e-07 0.1 256 MobileNet
0.0 0.33242500099044525 0.16117793172690725 0.2928013620620327 0.26431835718621116 0.24110765918526028 0.2640861445359694 0.2676592915965516 0.24134164016533588 0.2725778321614913 0.29304647227792996 0.32157732691338853 0.31028809444740935 0.3059140840586167 0.2881290789844353 0.2804762444502223 0.2982523757223737 0.25699371995506065 0.2905941635071283 0.3055001181730626 0.2993322516544903 52.19 1e-05 0.001 512 MobileNet
0.0 0.4478280314943705 0.2390258233606769 0.23654873335924734 0.313425317620305 0.267157429214082 0.27682895708323685 0.2912303916898382 0.28969509242059815 0.22334934696828795 0.25416861492084025 0.25181157118721464 0.28061721840714077 0.23774416174224833 0.2854000468682126 0.29401489793562297 0.24157149088541757 0.28324245529813474 0.25432450834262577 0.24921231098692873 0.26601898848215016 51.64 1e-06 0.001 512 MobileNet
0.0 0.8661436918597157 0.4295465742715742 0.3202721871424478 0.3386961234038096 0.43091542749969863 0.44474637550419904 0.41927600728228825 0.44253025499402304 0.46523203946757197 0.4150558464586755 0.4056471517376446 0.4253577354381624 0.39966576135361287 0.3553740962139048 0.40085062320155 0.39730424582065926 0.39538772637714126 0.37677517465753707 0.3756812502430287 0.38970660316396133 44.24 1e-06 0.001 1024 MobileNet
0.0 0.8559307409283374 0.4604571105267033 0.3485708087677979 0.3758114490363528 0.5573465128928015 0.5041969228965479 0.49506906281343 0.5345867654727456 0.5393477335353447 0.4622783407685492 0.4686608310957542 0.51475893288745 0.5005005302280111 0.5263046619645224 0.4872279063340862 0.4900787154421713 0.48747942550107437 0.4846565488903655 0.5017931978317989 0.5034012500223345 44.63 1e-05 0.001 1024 MobileNet
0.0 0.06411317695316436 0.07173846696866923 0.07159603930616595 0.041819614597312545 0.031843015005667136 0.05462279460983686 0.014855745138343956 0.03378807557421906 0.026060598636124612 0.028174754186448946 0.03453173642492263 0.02865267128495029 0.016441889359307623 0.010459515987342644 0.02096134148846908 0.017115064824886388 0.015709032324703675 0.01999024828380462 0.02423057513436482 0.013572113071240533 65.37 1e-05 0.01 512 MobileNet
0.028431796681943063 0.06069733836441531 0.06778361076618149 0.08653301200398429 0.08143288105590976 0.08281666491670492 0.08266112469396752 0.06994015949604844 0.07090306795404495 0.09142975837199854 0.07256683308012063 0.07254768272633626 0.09065696717055576 0.06996934603707151 0.08595848522426804 0.08217329669777321 0.07694385636845856 0.0712422856074661 0.08974416246550256 0.09634282781543488 0.07969136177129482 72.92 1e-06 0.001 256 resnet18
0.0 0.4679125679033656 0.21652070686011737 0.24334563955333505 0.21975161043738098 0.26977009572922606 0.183017658176059 0.1917453244365393 0.21191974067163966 0.19948986426675305 0.19036747641323726 0.20631574844339753 0.2161870474448295 0.19941849843432088 0.1874567465377861 0.21167024272488075 0.20235046481894944 0.21021218481859807 0.1849440314531428 0.23007822536455755 0.16621142373163866 51.03 1e-07 0.001 512 MobileNet
0.0 0.8114753106400561 0.46834432345672783 0.3374299896695351 0.4334651345194076 0.4685385201678838 0.4688944270503429 0.4523953769017657 0.4709752448948919 0.4673335893229728 0.4593614230767894 0.4599509894280949 0.44591153538339334 0.4610691533578087 0.4778586127729491 0.43679178459811696 0.473243410519109 0.4365864374046917 0.46686025738961134 0.4706471801982994 0.43656667223009726 44.76 1e-07 0.001 1024 MobileNet
0.0 0.04595475592919083 0.03717587199043763 0.03228176008257246 0.046175191064591094 0.05521928841907098 0.03409119804535355 0.04273714695096104 0.04847844820617615 0.03532099478428546 0.037157762228545124 0.022359304245878474 0.049640531444884985 0.02496673499866486 0.022159780213543874 0.0244769660695854 0.027180954509053744 0.03319134569244568 0.04278998073045931 0.03770360318884374 0.023607985761023347 68.9 1e-06 0.01 256 MobileNet
0.0 0.05128224538117545 0.06044624978569172 0.019713620892060357 0.034613476568454433 0.04944728336092189 0.03757015195167277 0.03702104355120485 0.03155973298787609 0.03328260525701434 0.02560913665784791 0.04765731344660449 0.05156174277316898 0.04186041677066296 0.03993496610050257 0.03767420638110873 0.06003331062854507 0.04976480231810255 0.03603801047166147 0.02606515573351794 0.04677482006726523 64.48 1e-06 0.01 512 MobileNet
0.028431796681943063 0.06584440642155842 0.06752322176501982 0.07973946153745254 0.07407975189703264 0.08697685978823287 0.07532049817830241 0.08307367081051127 0.08209884315311972 0.07517836178840401 0.0750197764002243 0.05404448700575443 0.07408281150755988 0.06872005823135204 0.07634417464156087 0.09372904410469474 0.07768786856033576 0.09792102243672522 0.07681252517467829 0.06876121665768226 0.06088241060114333 72.22 1e-07 0.001 256 resnet18
0.0 0.056284547455038234 0.03868421986967517 0.030216523977121303 0.017515660970802184 0.03966795816853753 0.05042525133559776 0.051803887475439264 0.03554519509188125 0.022461548598554218 0.07172401216774245 0.052423651034783275 0.04243132653244474 0.030799888883576675 0.01086773214370099 0.004371600837050666 0.025451453811533978 0.035105816640822504 0.03331724979237154 0.028573832898385988 0.03230830914059137 74.87 1e-06 0.1 256 MobileNet
0.0 0.047092030504186325 0.04258972443145818 0.030358019340727384 0.04020968582029058 0.06726750432372258 0.01867235880371674 0.013365046350914803 0.038442209155938566 0.02435311997715152 0.026825337736529828 0.030984599115124824 0.03850416237491392 0.03301382870200222 0.01772176758726681 0.019379493939333574 0.032967185468150785 0.022049609934899798 0.04663827043419925 0.0332785323870565 0.030574850924100633 67.24 1e-07 0.01 256 MobileNet
0.0 0.03395804132571114 0.016157729757447174 0.013319913026564935 0.017064752525977157 0.0003147906594716675 0.012272957905459559 0.04688891085903812 0.031450594423179594 0.020523585911476058 0.029734878564803814 0.02131228404898357 0.010686668204615167 0.040386934498098735 0.02971152279077522 0.03260280534223041 0.017548068991925028 0.036526788410235024 0.021344082604324185 0.02796502783677747 0.020498772534287286 75.1 1e-05 0.1 256 MobileNet
0.0 0.02315307694664554 0.030296074888341053 0.032772925014090716 0.04512057419163733 0.005945031304506619 0.014357910380020975 0.0199359144662195 0.005660271039226088 0.00788534036904371 0.00965178837607035 0.005392763414970504 0.015252974540097806 0.009187795338775104 0.016019889223305484 0.01264925644466206 0.02945630871277814 0.03324948846267419 0.03565664256176146 0.013518041299534189 0.018953688954472275 67.03 1e-05 0.1 1024 MobileNet
0.0 0.05424154721275716 0.022331352240931187 0.045172881869227466 0.014249146985327296 0.03679732996902784 0.011020407978625135 0.03941230828174836 0.016966597123105817 0.021194185238603277 0.033479146758721205 0.020421110711359724 0.02765158781695703 0.03347378809426715 0.042873095056363525 0.03258527365523192 0.026578810879869796 0.034705780307504305 0.038978279738216666 0.028788398883305408 0.050089173423289585 72.01 1e-06 0.1 512 MobileNet
0.0 0.026578727159590736 0.025455759809910595 0.02810066473358083 0.029967273603921214 0.022285332120385346 0.035418771883516297 0.03985568402440565 0.03480912978372465 0.031106973184219223 0.02683362032041892 0.02543564491277189 0.029771308971328327 0.03380285808609324 0.02131232589001242 0.019573809458516243 0.013574916022371781 0.023841167179174352 0.027832882996264286 0.023077292329254706 0.013272823159240972 72.23 1e-07 0.1 512 MobileNet
0.0 0.02106281905045328 0.03651530123720192 0.03629782609017084 0.026708340400979712 0.03253569393951509 0.0380855418304739 0.029030276345051377 0.03644858992450404 0.04125749298831107 0.020139136799695433 0.02976924155069315 0.02805093402723321 0.03252923115423964 0.032348384377456914 0.022655594445126388 0.029237240935729155 0.03588759747065859 0.03499288771570312 0.03157379329779031 0.028260908218646533 71.1 1e-05 0.1 512 MobileNet
0.0 0.031862463570729915 0.035697170582726354 0.04026799158301825 0.018134991753329114 0.01572305961513443 0.04884443828729588 0.020317505910896313 0.05237719334775469 0.07140500074349464 0.04465325112834666 0.039080400382350305 0.02227223476110434 0.04060585613450636 0.026285685584411564 0.0401436294673776 0.03970904228741345 0.03578581899683556 0.03383585400212883 0.03893621378683052 0.039937772824213534 76.6 1e-07 0.1 256 MobileNet
0.0 0.04398042617666875 0.006410860379312282 0.055042427562608465 0.04408475842450147 0.0563358988738109 0.06750299554561943 0.05746712241102087 0.06059994946151444 0.0650466880667979 0.06302564281437174 0.0588521177983722 0.06150057105460305 0.06286632620382583 0.04510845812802726 0.039241031176862715 0.04643606773740497 0.046626853858661825 0.0449408981459635 0.05825022491525558 0.0614864088611293 66.46 1e-06 0.1 1024 MobileNet
0.0 0.0475652032281654 0.046876657290697905 0.05350430290142552 0.05596848558061425 0.03880766918740524 0.059924746610212055 0.051509772441857546 0.07897085223407403 0.0594146585336523 0.05236835208016363 0.06709684319008316 0.07303036311809236 0.06590157079338299 0.06309659218457087 0.09336354873675662 0.0706734869223786 0.06567700749503298 0.06546688906567648 0.06147558642845871 0.06728407442036807 66.45 1e-07 0.1 1024 MobileNet
0.0 0.21149064633919268 0.14280905411049868 0.15579399982786224 0.12262876089029476 0.15214601967474858 0.09549175617127602 0.10025335818278115 0.15830574763333632 0.14488099255576928 0.09784372720548609 0.11001100416315039 0.09744947830026501 0.133294188110605 0.11084704037045796 0.06994363687957175 0.0956557345363338 0.12414732509312643 0.12624043936859555 0.10890155986157012 0.11690949146357026 58.52 1e-05 0.001 256 MobileNet
0.0 0.20755196096338482 0.17301008531867043 0.14292409556058272 0.1608513900810321 0.1999949997453655 0.1886431704297875 0.1336043058772456 0.12681100270337736 0.11040578842663606 0.11841758436553576 0.09910458182724315 0.15422471271476856 0.09617684216884427 0.13648201247768527 0.12408230932767761 0.13765686254520088 0.1293238198749452 0.11719661684414781 0.15470639642312917 0.1275348537829991 58.0 1e-06 0.001 256 MobileNet
0.0 0.04287101860841413 0.05638810667980154 0.03759930117938587 0.048292373990866604 0.04650794159269713 0.03635039551294268 0.04865064235263589 0.05211671747365072 0.056871420778731224 0.0667456298904659 0.0779944284015134 0.06733958185955072 0.0633027646525244 0.06732811905634974 0.0641293454564682 0.04105882228924617 0.04805051032912 0.05192519254173445 0.05643168316625387 0.05123508202875995 67.38 1e-07 0.01 256 MobileNet
0.0 0.22765579248930148 0.19844518145816273 0.19374017034129065 0.19646632882016946 0.17765933205167717 0.16503293279796527 0.1599008474788663 0.1328363588256681 0.17018696737551406 0.16742508484964091 0.1779284268173145 0.10928705403311995 0.13799055182643916 0.09820272289686394 0.13576356795453495 0.1505817746577226 0.14224041759867098 0.12586508437352936 0.1636122147998509 0.11667891064634041 59.15 1e-07 0.001 256 MobileNet
0.0 0.0646113600074189 0.13354259884692682 0.028665275215223364 0.030581542111193266 0.043826289042187695 0.041874269337629014 0.05388404810360536 0.05605965019519599 0.041310711242610945 0.04627077588043949 0.04657396459697725 0.056796264907237194 0.054304933228558554 0.0507034299075352 0.05405977911437233 0.03829556293004237 0.06335257268571227 0.04579675066256035 0.03469156258794888 0.05630243650545442 61.83 1e-05 0.01 512 MobileNet
0.0 0.1649209472314419 0.11526566780295308 0.12677084763681948 0.11595446996987921 0.08902818497825721 0.08449972988880436 0.08692504051780736 0.09153753084923302 0.11660046399736178 0.10274558762286456 0.09484319192564365 0.08557864760366712 0.08604992004459135 0.0713039716154271 0.10512566366145162 0.10248487061984526 0.07327144757405801 0.08028528146099127 0.10019738495845687 0.08679050830568859 60.06 1e-06 0.01 1024 MobileNet
0.0 0.062405613280256685 0.07706576693064443 0.06621281094143504 0.08383791356808824 0.03915822194892205 0.06023334612179821 0.06404446467893565 0.04755012542592391 0.06410352446579076 0.05689281846782354 0.061195471406476035 0.06489772109637928 0.07490116353446748 0.04575508575050909 0.03760715865742977 0.041318809202680065 0.058902593669136596 0.06797506739366027 0.051587345378671066 0.03745783726355573 63.3 1e-06 0.01 512 MobileNet
0.0 0.0388429199647152 0.06265196712017 0.0 0.04500455949020465 0.018765104995689678 0.022229965025024903 0.03801381174869739 0.03762825543498982 0.058420957750303044 0.04238686613679866 0.03610678080199803 0.05966346159268625 0.03203627712161988 0.06506524193849222 0.05573708468000502 0.055287605895023385 0.05340619438993072 0.051923053440747186 0.028071147968921545 0.05564433926931752 68.49 1e-05 0.01 256 MobileNet
0.0 0.05890827831613318 0.05903764185209241 0.06886429200597866 0.05785971854692169 0.06406345137286219 0.0529427809691999 0.056739644486934394 0.058737259911168245 0.03902274120723526 0.028294801407224214 0.026270622318800733 0.04273625838162623 0.04069436481460671 0.04884141042205483 0.04344001218483272 0.03244702056621517 0.04883528868817828 0.046385873335266975 0.0414826770229987 0.04030933174816523 63.44 1e-07 0.01 512 MobileNet
0.0 0.04867172873416637 0.07915994342785314 0.06078638868423245 0.06513565835058573 0.07099952342416913 0.057385058403761444 0.07035175642703226 0.06001800069142939 0.05787132384773479 0.008014872866692118 0.0417291686717495 0.034708206802887206 0.04735527554506226 0.04464855228607279 0.04455993556341482 0.06631492086573701 0.048971492412164024 0.06649697200790297 0.03603499257610584 0.045167367081240056 68.32 1e-06 0.01 256 MobileNet
0.0 0.12181402795234343 0.10723899463498254 0.10757755300102943 0.08466484849744801 0.058350367961859585 0.056809190946502636 0.04598841424383759 0.06969706345304992 0.05818305797280057 0.05771007080156994 0.05216470761744583 0.07507036753396719 0.045777538843477024 0.07932656720683182 0.06098213308251585 0.057087655698547 0.06371157059438844 0.07262644649908881 0.05629975179657767 0.06418381952010628 59.83 1e-05 0.01 1024 MobileNet
0.0 0.12339091757094281 0.05958543364064614 0.13090090793043604 0.11245152933982748 0.08276616177723632 0.08581016730260548 0.0961604813186897 0.12494203886275308 0.12453700471778077 0.1434517767926004 0.12058663629226263 0.10813383934401491 0.11653630036531 0.11200638054146399 0.12486146383563877 0.1026639219239335 0.10245707754300319 0.11855807452992664 0.0934690567514524 0.09747600252227367 59.58 1e-07 0.01 1024 MobileNet
0.0 0.48576317238536904 0.2617412753812378 0.3477784389646035 0.3297938896146087 0.3326583032219082 0.2784803495966243 0.272792505758238 0.3079623355359684 0.2691182426573782 0.2851125612732984 0.3183973446814241 0.26376134862163997 0.30852294097278615 0.28989332339772605 0.27779590193099857 0.2970921405877167 0.30693848365395016 0.31998849290035225 0.2819629457173545 0.2880914912366939 52.21 1e-07 0.001 512 MobileNet
0.0 0.21492923397083644 0.19385319417064925 0.22286658623563557 0.15812066964649799 0.16455477627281823 0.1889087535104742 0.14961548696210245 0.1520691148516188 0.16240864766222585 0.17223427612372716 0.13469002108317557 0.16701424331655876 0.1693428075885128 0.13449383380531635 0.16386363638849855 0.16030068519494303 0.1767949404604144 0.18980335493436204 0.17474447721131894 0.14157190168884207 57.67 1e-06 0.001 256 MobileNet
0.005205063844754989 0.014598718440465562 0.01512422791877762 0.015807777861087828 0.01087890799406954 0.010872761353488107 0.018364947717850123 0.01929336623963675 0.011106715945506978 0.010261537184873612 0.012019404679861723 0.018928363173359587 0.014218460949943739 0.014772834630920977 0.016114518683687434 0.024192991094944345 0.016998757125184834 0.029805389200601443 0.023226488270719537 0.016901580514187112 0.014163187937212536 80.93 1e-05 0.01 512 resnet18
0.0 0.9670253552586159 0.4565924524806108 0.40926850522815683 0.4003383985024931 0.5073586986126243 0.5605194826904825 0.5568977855953954 0.5746927063135019 0.5209393702491839 0.5197103776761587 0.5469377940492837 0.5143500898845348 0.4994896388289733 0.5788361845716453 0.5301039611452731 0.5353426491713277 0.5317976909384742 0.5604149809519954 0.5429237082313949 0.5395898481151132 44.23 1e-05 0.001 1024 MobileNet
0.0 0.24409633483592358 0.20390319335278265 0.19805910548333489 0.1425425750223007 0.19180275979906647 0.1677764018935867 0.1465912707387989 0.16243066284096186 0.127537057434839 0.15326955048046031 0.14964092483146574 0.14965890449629465 0.16648973583851231 0.12681856670317246 0.1558138001021597 0.17030075353514668 0.15168534437067013 0.17593817313049917 0.1671333599895155 0.17233883785601997 57.87 1e-05 0.001 256 MobileNet
0.0 1.013618769029692 0.6587004283558302 0.4636276416870245 0.47585832608435724 0.5067908279163464 0.5300658069121916 0.6094690167735712 0.5408738463942379 0.6308504725157233 0.555183504779609 0.531714556765092 0.5420037237772346 0.5721320595463473 0.5226288612317603 0.5691394333074511 0.5560857573325809 0.49295498852564307 0.5279632608086804 0.514589583850415 0.5151026826437008 44.14 1e-06 0.001 1024 MobileNet
0.0 0.448190628210647 0.29353877254880745 0.3133187108636405 0.25203817657423744 0.24600053525243193 0.33897729554140554 0.30318152246716995 0.29713799985626055 0.25633464920406834 0.26381963693036176 0.24952233239040048 0.20605902150704247 0.2214219814651988 0.2847938926934579 0.26597082432929736 0.2651095395111263 0.25986019033589935 0.2550151942543489 0.29241450834463345 0.27354644566605135 51.24 1e-05 0.001 512 MobileNet
0.0 0.2488452914849445 0.19453849564272288 0.20593332203180623 0.24423772818343065 0.1652946091357707 0.17104832458959343 0.19772076157332094 0.20369331777518912 0.18923984311903794 0.2299245265033095 0.2001125093610016 0.16885581131616206 0.2115681120821662 0.20632464559877683 0.17369567433978894 0.19219332530512698 0.16754049313438535 0.18860700944072875 0.17199638950940777 0.19274016276522907 57.25 1e-07 0.001 256 MobileNet
0.0 0.5076873128894512 0.25990464894563275 0.26499481273690373 0.29769485608299595 0.3224929362499467 0.25346040338257675 0.30381650245159236 0.2641803455325339 0.2636058237123229 0.25850502686571675 0.2544017775676131 0.24568683867247437 0.26375753827058607 0.2494500600589224 0.25475206391818955 0.2402410029585284 0.19844890960248285 0.23248271442636986 0.2424214317736142 0.23810102897070465 51.47 1e-06 0.001 512 MobileNet
0.005205063844754989 0.019631267361117186 0.03847760117114766 0.04234699331807471 0.02805992004849941 0.035990273225099526 0.03148178239411545 0.03315932410236576 0.026528178823335358 0.03244818146814695 0.033043471808084986 0.03334081615754181 0.02759775830923544 0.02999092814210436 0.028303659153777784 0.031123622292826232 0.03121230724553146 0.03189496432094846 0.028895262802661824 0.03054247440551785 0.025104539325914377 83.77 1e-05 0.01 256 resnet18
0.0 0.9256293701676204 0.6584565070582733 0.5056819433354903 0.4324322609725293 0.5553619553264093 0.5806498930236338 0.5975518393989795 0.6312371168292662 0.665258300773318 0.5661764548606969 0.6333789297239202 0.5535546159377307 0.6191978017969338 0.6532768662782881 0.6341972897599069 0.6465770964585886 0.6758389296875503 0.6671956691975913 0.651727294053203 0.645264735720984 44.06 1e-07 0.001 1024 MobileNet
0.005205063844754989 0.009355101976700636 0.012442740278796468 0.012449324806798475 0.026311453884232852 0.022587443030472717 0.028655083554253266 0.03766927305968556 0.018060142264826908 0.0350519500165176 0.03794867387399079 0.028937902916270346 0.03238635416045351 0.030625359076877336 0.048339502632114575 0.03831334342152271 0.03557544149923229 0.03680501459886612 0.026148399245955307 0.02856905295039996 0.036772942610556504 83.61 1e-07 0.01 256 resnet18
0.005205063844754989 0.027018338912065013 0.012840062913234633 0.013740686139659612 0.006899437584583995 0.009115952253574873 0.004637264398194103 0.01605192072600544 0.015518941327327267 0.01796538653235328 0.021723067769520724 0.005881687773541907 0.02329255422037578 0.0129404834179776 0.01887766245870161 0.011392487054411635 0.012499154638663712 0.016481530672287276 0.020218047282870265 0.025954428069310382 0.01267105172682562 83.64 1e-06 0.01 256 resnet18
0.005205063844754989 0.06786410831594347 0.07876176957352658 0.0913603116147125 0.10005875336129798 0.08713715975423394 0.11733585557978458 0.09588244040233496 0.0972337382347178 0.09439001925954317 0.08806071373986474 0.10835506100201356 0.1129088011229571 0.10019933871133692 0.1264895455438803 0.10928416739535944 0.12753008855183004 0.0951683733890852 0.10964684323496489 0.10080330933755068 0.09557234640359341 67.11 1e-07 0.001 512 resnet18
0.005205063844754989 0.07429768477548325 0.07352752723113962 0.08289734954569589 0.10361320997997593 0.06847862199686909 0.07329746824842182 0.09491269440958686 0.07534684772492117 0.09335670857961638 0.06882822546084127 0.10014369263949038 0.07721873498338452 0.0825292222726563 0.08176021349780287 0.0621653023560956 0.0834063824828781 0.08105879435580375 0.09531792929233167 0.08418492449757141 0.09683876333607484 72.61 1e-05 0.001 256 resnet18
0.0 0.05936475858872603 0.029708511054594114 0.030383277335786545 0.03193329151754107 0.031835150726707055 0.03144495172299498 0.035233633500874835 0.03485053074907773 0.03759848754277631 0.03932649320417051 0.02760908879900107 0.0389230903572295 0.03759229598061668 0.040610272608041856 0.038667090138035584 0.039210555771001444 0.04020293550476484 0.03928646773907227 0.04147091225596547 0.03951671232242309 83.86 1e-05 0.1 512 SimpleDLA
0.0 0.02749015332920027 0.02596358744479189 0.006589707311464557 0.004558862130273584 0.0029081440245335814 0.011872759466326422 0.011878629896576376 0.015132200792414906 0.013711594669118265 0.02268969664121745 0.013155092002478396 0.0200964193905039 0.011357896555350688 0.013727572893924893 0.014112142194928774 0.006697441014451675 0.013151577393773239 0.01707182812985899 0.014165750623387421 0.013453686073945805 82.95 1e-06 0.1 1024 SimpleDLA
0.0 0.052141622000166574 0.026841980313631896 0.018852106750852634 0.01550568103755514 0.01671746441777615 0.017230760161370897 0.012862396338622899 0.010593983732978603 0.013018909928151063 0.011665149648539456 0.01890025825727206 0.011919294694693898 0.011622060526255099 0.01900526650977452 0.015743520921486273 0.016953595000834147 0.024158544756779286 0.018930505448707818 0.016486751888162815 0.01779069823049125 81.88 1e-05 0.1 1024 SimpleDLA
0.0 0.024935973753985766 0.03232538745234729 0.0343588031168998 0.05315762957185398 0.04778393430383118 0.05009265418682219 0.047728571456333455 0.05839913447220157 0.05259134776211674 0.05901287945034957 0.05595490466900916 0.051958959996814554 0.05855399566405623 0.05325805379492184 0.05291885567528727 0.05683372257249566 0.0648828305109523 0.06360346875944475 0.05741437711397904 0.06356158240772831 83.89 1e-07 0.1 256 SimpleDLA
0.0 0.04343594820696455 0.06007565400778 0.05263732277693677 0.050470236425406545 0.048571380754895886 0.06645317629106738 0.04935625959727264 0.051078301880497216 0.06276776668833978 0.05137116220279935 0.06573350699097857 0.05305342750769307 0.0424445317615295 0.05388831938609428 0.050173678362314185 0.06190811044339134 0.050380407057961735 0.055842515419521455 0.05191356159141591 0.05221532295714143 84.0 1e-05 0.1 256 SimpleDLA
0.0 0.06477491890998116 0.03958588819327917 0.042755868626149635 0.04243720215819733 0.04346508565424321 0.04172792679333663 0.05675222645525931 0.047826875509195566 0.05801955762592678 0.0602778262070591 0.05096126883877077 0.060428505826845266 0.05533976893862319 0.05019804572558277 0.059228006915165124 0.05919497627321366 0.06129230414881071 0.05647549825994906 0.0573625784351008 0.04979065568356383 82.27 1e-07 0.1 1024 SimpleDLA
0.0 0.03828649550432802 0.013351602267459114 0.05493360150065877 0.0544973489111563 0.054804440197413644 0.05331697098885961 0.05320496666646152 0.053989838200356424 0.051282791608109266 0.04920861740824229 0.05218483242578364 0.055868750680732104 0.05253179782506054 0.05451619959068349 0.05189921443779014 0.04948577971537346 0.04157072472138941 0.05771943802494832 0.05103104136067337 0.051811357787773335 84.03 1e-06 0.1 512 SimpleDLA
0.0 0.023526695256396803 0.014586253359532519 0.016464311972884452 0.016171385632814495 0.0209124286303959 0.02775949695945385 0.023712664279034946 0.02438809621130058 0.022490737403089288 0.023982827060138035 0.029437170322080063 0.024706652201592304 0.028568773514329612 0.024798341189710325 0.026424873582908955 0.02532167344551223 0.021920676784130514 0.024178138894431257 0.02073568014883671 0.030315884072493797 83.28 1e-07 0.1 512 SimpleDLA
0.0 0.062392149951502295 0.061802061197769244 0.050859157957656616 0.05668599269556819 0.0530939949450173 0.053459468136577044 0.05830541119384817 0.04843288086613231 0.06788982208529504 0.04405615395605936 0.05173556781692744 0.04596870498671471 0.0463463427470535 0.04679475891337347 0.06403073542576972 0.05880039667014393 0.05739434196341049 0.06767099021229046 0.0502335123820134 0.0581256669452255 77.37 1e-05 0.01 1024 SimpleDLA
0.0 0.04932308154812828 0.0546580005147373 0.05238718012345712 0.06312432757807583 0.06436823439012969 0.05838852430892782 0.06744313968374632 0.06821394969033308 0.06518439701403682 0.07398904675262942 0.05250836537378099 0.06157467150349397 0.06650964958572671 0.0658931399686855 0.05463373544824405 0.04904141617745207 0.06697626682739549 0.06759699384231149 0.06077546867855947 0.06054883909895374 84.45 1e-06 0.1 256 SimpleDLA
0.0 0.06471047781912866 0.03797632943169155 0.03714732954040665 0.03514371992157323 0.04106252599351165 0.03903963884538623 0.03759799865574123 0.03852447838944029 0.03636496891320736 0.03936816630169728 0.036659229598466195 0.04044071842545215 0.042104970114392015 0.04123809547997304 0.037406022177331966 0.04045293376558547 0.03882424580645436 0.03609843089790823 0.03569657663529975 0.03671768741119515 76.61 1e-06 0.01 1024 SimpleDLA
0.0 0.11099386424725902 0.04778787030039397 0.05388377785006934 0.06334273945327823 0.054386399668145166 0.06146163150096796 0.053263467725499766 0.055968024828057024 0.060823909097842924 0.07466222534573826 0.06014473743919908 0.061209131189469794 0.05683473313960066 0.05674952456541918 0.06191631351864481 0.061496337433550326 0.0714502531334535 0.06150746758288594 0.0562423829784624 0.05741352118596867 77.53 1e-07 0.01 1024 SimpleDLA
0.0 0.12233067468800979 0.15977892769496355 0.19029830189181063 0.16328814325567503 0.17576829212868586 0.1714586654680347 0.18652525447285231 0.1976882782730311 0.18803881166281833 0.20637549430269836 0.17768675449602336 0.21227129139969278 0.17023657186958438 0.19531616450899594 0.18491048517030195 0.19278802108051457 0.19829481555478184 0.2011051450225562 0.18561878078064567 0.1955242107370755 63.91 1e-07 0.001 512 SimpleDLA
0.0 0.03703526534423614 0.035761989879048814 0.0184387384841814 0.0471830792101535 0.0341157156202115 0.039417557721045916 0.051178595207269605 0.04334127025714926 0.041654668922785604 0.02815074976810182 0.03902918728409779 0.037915837285562276 0.04246438175896332 0.03269605523954383 0.0472255715703402 0.04322811080271796 0.03537091670939234 0.024336895622876976 0.04917304151784402 0.031409908574754765 83.67 1e-07 0.01 256 SimpleDLA
0.0 0.05057549169205384 0.01985789744067914 0.03244814312591377 0.036325583674323994 0.027990562714813896 0.039129834940689244 0.034613231921508426 0.02932513619120691 0.035651503191707616 0.040560064926367635 0.028317389814882146 0.03611288126047663 0.02544465698358824 0.03592425590730301 0.03138076848052427 0.029231197338306134 0.03341164783048803 0.031674134337675665 0.03674387105302249 0.035220692959035654 82.96 1e-07 0.1 1024 SimpleDLA
0.0 0.012063036377071871 0.04615088967708104 0.04016295543188985 0.04336138679251927 0.03866411330907616 0.05159287149880022 0.04159147597847003 0.03768069407700052 0.03829366722239187 0.038222201632081 0.05338370113345019 0.038085585411750424 0.06482968618125409 0.032917920900576686 0.04347880424334737 0.03881775732120516 0.03972926222340713 0.03872160879437789 0.037689857439223824 0.04123482118281844 81.35 1e-07 0.01 512 SimpleDLA
0.0 0.13583127232615008 0.142247828236078 0.12069195975159693 0.2316438509914451 0.21728964867581813 0.1923191034008396 0.19735687449600633 0.20801033469381858 0.1721057394095024 0.21100587210923624 0.19121236614248374 0.18386769585392596 0.19566487395027238 0.16290925922125146 0.20200787604580864 0.19554347881994033 0.2073804526775231 0.20226667156190586 0.21168750412518805 0.22449351002185863 64.01 1e-05 0.001 512 SimpleDLA
0.0 0.07531624323433495 0.03506130798715836 0.02981011417666992 0.03979039912736515 0.030152117988415914 0.03673551902580014 0.031034354693172915 0.02726771716330819 0.03162053141521913 0.032646098090840646 0.02216825725823125 0.04613120967635855 0.02704314277302861 0.029292353687690068 0.04723177673072277 0.03650617085076634 0.04824452379817647 0.04515111045559919 0.03550652261667143 0.02885161649031602 78.15 1e-07 0.01 1024 SimpleDLA
0.0 0.048717317377201697 0.05757126009209535 0.03839910534980866 0.05024088149176536 0.052187543112434176 0.050129123104294605 0.050770670000000774 0.05128794612299993 0.06298116680457748 0.046737000991617206 0.062454094808738134 0.05854055240486195 0.060278328779595054 0.061852275913283614 0.06264705690264791 0.04825263091838192 0.054954448754503 0.05393934878861553 0.05594826816974892 0.04690819591027725 81.79 1e-06 0.01 512 SimpleDLA
0.0 0.12465796450007664 0.11058057909813827 0.1119666313352086 0.1192418593187627 0.12519028132916327 0.10281994795238866 0.10919773739276692 0.12092063380370051 0.11368637578378644 0.11341457649596873 0.10809750204006432 0.12654857767142727 0.14872467358424335 0.11032699573390005 0.09882766559506388 0.13838294536154375 0.13101501022909265 0.1362445183903339 0.10513429428077735 0.11744825185042965 71.76 1e-05 0.001 256 SimpleDLA
0.0 0.055330289013203734 0.029585411286919744 0.016910256768294465 0.013032073198928908 0.026635615128277595 0.011475208350074992 0.018735443014564184 0.011083412890699213 0.015177576571092316 0.015726559276124746 0.01886212813206778 0.016129687415887713 0.01758128431369305 0.019121370622804487 0.013822077710525545 0.015648854175294956 0.018990950155840174 0.015478232967924263 0.017324784659596373 0.01632148904049184 82.82 1e-05 0.1 1024 SimpleDLA
0.0 0.049710779537262814 0.046363399472305694 0.04584225085443939 0.03929459203300223 0.03364519959288604 0.048177810459856515 0.042318871070479595 0.035265049917438264 0.03786673453254572 0.04422317840159584 0.03279170821859921 0.041219574820708094 0.04597186517512991 0.041244599013248805 0.03793250523281769 0.04389757868906982 0.039089262838598836 0.04537266308261612 0.04214248299973395 0.03997095689396848 83.31 1e-05 0.01 256 SimpleDLA
0.0 0.02914262913007873 0.02211900385087933 0.038756310378014795 0.026736842661466843 0.04450675216202343 0.03732245801588788 0.029721053359319346 0.04433219579603225 0.055333449854123085 0.04812845342105636 0.02434913855771235 0.04330065906362483 0.032582450108813735 0.03152608250429711 0.03424010251286113 0.02410975063255315 0.03363419932705153 0.029320540767256827 0.054383368187084766 0.029879997691221485 83.04 1e-06 0.01 256 SimpleDLA
0.0 0.09113325156873257 0.12937053041003946 0.0647593967589029 0.0664107633177586 0.059127463890098805 0.06267158308200207 0.07719020892016393 0.08447855261124715 0.07930033999536314 0.0762515137019875 0.08097690381160422 0.0913304979359128 0.08658467920126395 0.1020771158359884 0.09151331645205069 0.09216628410866391 0.07673525078237069 0.056639608593895836 0.06860464161450985 0.08562560741142353 72.79 1e-06 0.001 256 SimpleDLA
0.0 0.04309546624695278 0.06004183546609066 0.05915720868361147 0.07913876538626606 0.08654968896913823 0.08179258641727925 0.08994591918115019 0.08122574201340488 0.07244716713228426 0.0905536409320073 0.07223099060345986 0.0719448526427325 0.06237029155662085 0.06403475812878251 0.07098796690399845 0.07363957725357112 0.07706561797873182 0.06664900073445493 0.0645215085961571 0.0635042530423328 81.71 1e-05 0.01 512 SimpleDLA
0.0 0.02581303643539853 0.0508502269326002 0.06288937027973071 0.06498033817441083 0.07221401261776908 0.08414913456801855 0.05981348241415494 0.07002416566157205 0.06522010977706408 0.08561859946904658 0.07283159690409038 0.07908775776311332 0.07170759757994674 0.08363198647327534 0.05077818456529961 0.06370316993115233 0.06915486306227132 0.05871646475654802 0.05848218291866745 0.06651373550605129 83.95 1e-05 0.01 256 SimpleDLA
0.0 0.12361008237476519 0.1315803153900561 0.13778324121315375 0.13125615547315572 0.16439261477430886 0.17917024700779968 0.17922609350531482 0.15266178168586145 0.1724275310499056 0.1706281470300137 0.15040130245123728 0.19579555780858598 0.1756024230129497 0.1734131052094403 0.18230786549525074 0.1779908155160214 0.17521116384618335 0.18633386934071985 0.18247210163204491 0.1771913427314261 63.59 1e-06 0.001 512 SimpleDLA
0.0 0.08417825679959673 0.06583748388251875 0.05721100048667917 0.055159841573238284 0.09483986741447614 0.0677473569477959 0.09669479833475453 0.06894697517167726 0.08351035355845314 0.0748423044477537 0.08091412635229603 0.08633249139635657 0.08705483703351245 0.06997340190305672 0.06754944059170132 0.08853776602886519 0.07191228718700046 0.08028471415979091 0.09553199631302066 0.07850414781791913 73.0 1e-06 0.001 256 SimpleDLA
0.0 0.10325740301144133 0.09138242928833698 0.08074490392705816 0.10089168472084008 0.11626760217403127 0.09200464793791178 0.10817064471927079 0.10360815297383712 0.100623867678446 0.12826945185864547 0.1360473813525212 0.1326676742013584 0.10157727569548149 0.11552371344394502 0.10826665549705775 0.09909359909568333 0.10406958780891044 0.09255487245783665 0.10724804287508906 0.10666398176622487 70.99 1e-07 0.001 256 SimpleDLA
0.0 0.025313351888617216 0.035382678642077454 0.013369934888008615 0.02854877286573156 0.02413005794418732 0.025883326616840945 0.03363325365072953 0.028715928653719466 0.020898877038905504 0.026296949141427682 0.03286267699100109 0.025092337699247427 0.03658553767501952 0.02745772150502638 0.02323216334169751 0.031514772558886434 0.01533917819817543 0.023585797437525296 0.03357306921763695 0.04001084145915042 83.75 1e-06 0.1 256 SimpleDLA
0.0 0.035764485953188846 0.02640370626593528 0.01822650013309945 0.01621678686520603 0.035469620231020495 0.01843965002455632 0.024538946683309373 0.027589542794061353 0.037846840853000586 0.03748640283758657 0.036232300779630425 0.03355392815348629 0.029343661722002673 0.037417975255240515 0.03511069921745595 0.031020524401021304 0.03752035625361368 0.03088371647037578 0.035335007592598056 0.028457967926598108 84.17 1e-05 0.1 256 SimpleDLA
0.0 0.012875576030377558 0.017586316463737744 0.028637984496740744 0.018564333665290023 0.012159627650020736 0.027798664493961713 0.02003555603648692 0.02164322634037021 0.02127131848404479 0.02297409616322612 0.024440667284886756 0.025978020773260578 0.023088994373562485 0.0208175171359076 0.01774011735579015 0.03171646759370495 0.012036407602580007 0.00773026093784071 0.01847970066114452 0.01944173871814177 81.96 1e-05 0.01 512 SimpleDLA
0.0 0.02686345166767625 0.035683850810811234 0.025073073540292822 0.036582636190543125 0.03961248738847462 0.04462851429035677 0.047647749834309305 0.03608870529885542 0.03809414320884339 0.03594395922747975 0.04026410228653487 0.039722981117192815 0.03577386169361603 0.0366698314277502 0.038152057125309044 0.029071782202096306 0.03999291487858617 0.028905007942840767 0.03576027850795165 0.03691196582920361 84.04 1e-07 0.1 256 SimpleDLA
0.0 0.04228157799997203 0.007747574725803243 0.025058210171552818 0.019504006380476745 0.018574998732763602 0.012042033509640225 0.016921219705054266 0.018866215343525818 0.019128474953100594 0.020230950022537532 0.011835727172622783 0.01677869765626112 0.013425098900616883 0.017603506322754904 0.015220985961647391 0.013412626306801316 0.012628089685069096 0.020651734074369276 0.0177860581086151 0.017473124073665927 83.94 1e-06 0.01 256 SimpleDLA
0.0 0.029053304426931693 0.02521173837787892 0.03457646117926964 0.030430936678549046 0.03317439184390543 0.029437887073191792 0.03424526591774994 0.021495692942306677 0.029036118887070986 0.029866339325559647 0.0208842186220559 0.025764631083051583 0.02903239237673532 0.025935723094598774 0.036686570279139956 0.02986705470527461 0.02661244509589742 0.03390792928735935 0.03570742061872388 0.022682834070687292 80.89 1e-07 0.01 512 SimpleDLA
0.0 0.026925326862120683 0.005832588401285969 0.017529715375949172 0.03738804593038486 0.01666575822367995 0.00961746587190893 0.01475997339069994 0.013373910853178666 0.01769747326168459 0.011848888553547605 0.006786267624557613 0.011392011266015243 0.021117240942971124 0.015045588563573697 0.020706202352530515 0.012776265348082946 0.01927515941590135 0.012014885409086282 0.012414483340764858 0.016319600422768935 83.28 1e-05 0.01 256 SimpleDLA
0.0 0.0664233074145637 0.05014355179411226 0.04415538004376276 0.041873455718891825 0.03636704603323287 0.047205435423057336 0.04383590947771989 0.051444784469367504 0.039512220865406816 0.046459391669281896 0.04772077122118649 0.04684857826169002 0.03220378344168444 0.03832076833887282 0.046086751720163674 0.03862027733992865 0.031965791118213654 0.04517410033597211 0.03563494282928593 0.0425467551845992 82.25 1e-06 0.01 512 SimpleDLA
0.0 0.06668372516818463 0.01164571130215977 0.008011509746669549 0.011933668620117119 0.008229611918067944 0.012709170747495016 0.005782220581743532 0.008593377807153949 0.011829108390655565 0.009180049193596823 0.013471428620663257 0.008603173230129725 0.004558862130273584 0.01755728121002199 0.008458161303240534 0.00439669879401343 0.0064547258661793675 0.006160241452105791 0.01033436618335522 0.004558862130273584 83.92 1e-07 0.01 256 SimpleDLA
0.0 0.07908890206329648 0.10440394739544917 0.06282169047802022 0.0668848468152431 0.06320177310015868 0.07808405607048591 0.08357145429883973 0.06082577815214928 0.067070810350832 0.07520097130789506 0.04032268471992804 0.06547494804180648 0.056859308055622476 0.08856641735835222 0.09854745239832802 0.06716485505999933 0.07943885807719195 0.06474454903731312 0.08119377927378288 0.06033819345470965 71.81 1e-05 0.001 256 SimpleDLA
0.0 0.030108863897849013 0.037064064412491986 0.04648266540158632 0.04417017813696751 0.028696707828107265 0.03836492156800985 0.04020749621672597 0.04425116429681025 0.046937098542152264 0.04075244390726574 0.03698796797569753 0.0556373868035792 0.05592260672740616 0.04045451079520479 0.046578004205634495 0.05417446436466283 0.04955956083654901 0.0560478789295053 0.046361231704460035 0.057952292809680166 83.57 1e-07 0.01 256 SimpleDLA
0.0 0.08720764653608343 0.07872813668355512 0.07213679483156152 0.05395478156227869 0.08393567799581868 0.09009152450893937 0.07421129614175687 0.0512120113307039 0.06536623552668872 0.07964127035355881 0.0641784690300228 0.0629719259225986 0.058938209548001046 0.07838001942577011 0.07112359700267572 0.06851140919383025 0.04177681582364766 0.11316317331109164 0.10518730031325017 0.09554466139030904 72.84 1e-07 0.001 256 SimpleDLA
0.0 0.026374082231045076 0.03526116071810737 0.04909098473014306 0.040690508355680305 0.04552354073307436 0.032921564643615404 0.0393989071112614 0.038068639184061046 0.03753152260078084 0.04719123322972101 0.04236390058201601 0.03690872932843522 0.03751077122713065 0.03612352246411794 0.03587907945325131 0.03704665058542767 0.03439321699259528 0.049527429209562525 0.036233816282087945 0.036668282917646795 81.3 1e-06 0.01 512 SimpleDLA
0.0 0.06231185743866201 0.04576620464178342 0.051555490153718145 0.06497959212972929 0.05989148822501353 0.06224757951448243 0.06924100009745668 0.06278587919593752 0.06670922804854071 0.060124745464431785 0.05860979409885491 0.06741915750447136 0.0645391657953581 0.0679819609607294 0.06614326864677773 0.07065124433279622 0.07036266664254213 0.05492373361238008 0.06859697705143178 0.06965839167447975 80.0 1e-05 0.01 512 SimpleDLA
0.0 0.04773377433707279 0.029258887085330327 0.03369215503601927 0.02750040614633355 0.025035598945262017 0.03407293547363481 0.03195242520711294 0.029640807457742627 0.03850644120539101 0.04312987955979824 0.04894392867699748 0.02681549154718031 0.039128882049570476 0.0338009375043115 0.05153908665657728 0.03663541344326808 0.02427708640005732 0.02798262966277709 0.020000669832347325 0.053680225043398436 84.47 1e-05 0.1 256 SimpleDLA
0.0 0.10105444991488678 0.11785036625456355 0.0579997560010301 0.07533004776919773 0.08271594100797836 0.07255746415454258 0.07829883471520215 0.08409444638792894 0.06627764006539548 0.07052898924712787 0.055157364443339206 0.0745529312595697 0.04774869687109401 0.061143739781935214 0.06972661733583113 0.06111510168079019 0.07571926020080619 0.058729444670707086 0.06659117611097055 0.06600293547480832 74.42 1e-05 0.001 256 SimpleDLA
0.0 0.06141370203024024 0.09566444239856794 0.09307904613774974 0.11791159675509838 0.09003609883209256 0.0990774560688312 0.10085838441799516 0.1399850574821704 0.09461025418339915 0.10770883179670537 0.10489373180930847 0.09503795249436597 0.118008773164693 0.129248723652912 0.08393004101173858 0.1170296863060561 0.10810540454454744 0.10144795906601356 0.12335266965595997 0.10874152001506834 72.66 1e-06 0.001 256 SimpleDLA
0.0 0.05039682547894644 0.053228195030758874 0.06206725745017007 0.06209192417910683 0.05724077263028317 0.039651416318767625 0.04288069311058347 0.04320908886829732 0.04463498318437173 0.04065688212774241 0.04417387373317414 0.041154517257307434 0.06918802391215871 0.07017465445744851 0.031984649037608316 0.06252939544007395 0.05011490210212813 0.03443191211073357 0.03727266889705867 0.0423991890079015 73.82 1e-07 0.001 256 SimpleDLA
