0.3230990190628733 0.8762549699483868 0.9246083557079068 0.898085093518279 0.9124460335498378 0.8646841829747306 0.9096517844742652 0.9000054051957035 0.8761299042205628 0.8826481592308624 0.9057378570756756 0.9011953797959573 0.8910461121129465 0.9128437121066839 0.9072208815148715 0.912384279960047 0.9051267541993149 0.9090490855752508 0.9058692589409154 0.8989225722498325 0.9032501827092086 71.0 1e-05 0.5 256 resnet34
0.3230990190628733 0.8494763918741216 0.9109029362726553 0.9062736115008845 0.8744702040114766 0.8539721841965919 0.8666783099885828 0.8654581098139991 0.8931678274088276 0.8943349137105936 0.899694268392443 0.8905355313712868 0.905256248733738 0.8966023197258488 0.8951501553899652 0.8868096832400871 0.8962326238851585 0.8894394523597642 0.8996465841445216 0.8914584743256849 0.8879479573280011 70.27 1e-06 0.5 256 resnet34
0.3230990190628733 0.8578530453321284 0.9071239818509266 0.9731166846207415 1.002985098105326 0.9805747373929116 0.9643726079255979 0.9723394030429618 0.9265584680132052 0.950789109171653 0.9854367370922249 0.9590551553227834 0.9576051547895209 0.9548255584902868 0.9576117422768342 0.9289895535383476 0.9315747900715255 0.9460951787651654 0.940515653645428 0.9411835235765499 0.9401910421254541 65.81 1e-07 0.5 256 resnet34
0.3230990190628733 0.9295056554729328 0.8463736974991474 0.8662021454107477 0.9935399495143866 0.9652524103713849 0.9805130920762273 0.9829054915085714 0.9647519301610855 0.9737266674593859 0.9800353428619484 0.9800213286037586 0.9762311358175182 0.9747482928865775 0.9789794921703351 0.9815029608242942 0.9734026272278772 0.973130071570083 0.970486614202651 0.9774481510444807 0.981174263181203 71.99 1e-05 0.5 512 resnet34
0.3230990190628733 0.7845175525776276 0.859498256211558 0.8703487746728709 0.9852504886429497 0.9522130800784488 0.9235664727256605 0.9496954884134123 0.9302772089805417 0.9195334095814645 0.9231805321481087 0.9218575332231254 0.929057471305799 0.9367336132271085 0.9394143034828037 0.9308778064012937 0.9396994239350077 0.9374025810632369 0.9312419804663093 0.9336297034099786 0.9346217544196578 73.51 1e-06 0.5 512 resnet34
0.3230990190628733 0.8808809631583747 0.8309339398382994 0.9219074878309247 0.9520484625302789 0.8971154618101639 0.8988617974896025 0.9428583888123171 0.8841784380288737 0.8856517814436904 0.8952669183817347 0.8731976532889845 0.875132848056995 0.8735749975659739 0.8619922855815895 0.8732964129374006 0.8780888650542853 0.8687774435731254 0.8692093594318351 0.8732120891389024 0.8653522880253057 70.83 1e-07 0.5 512 resnet34
0.3230990190628733 0.8837238731683327 0.8830729031538691 0.9379202628942138 0.9913189306289233 0.9059573795743638 0.9679174858484245 0.9481755644062155 0.9394030502938494 0.9382375821749771 0.9570307507666475 0.9491273535834261 0.9567678386227643 0.9558088115998697 0.9504249840121898 0.9521509183217708 0.9517336495363878 0.9484230157945635 0.9620155153080941 0.9536732857943335 0.9538499241515589 67.72 1e-05 0.5 1024 resnet34
0.3230990190628733 0.8575733001104231 0.885737660225453 0.8442807793332928 0.9317539882734921 0.9984754339042184 0.9398296076846512 0.9508389162622675 0.9503820815255437 0.9494682918327095 0.9741184121406916 0.9632380290986958 0.9688225361382216 0.9662425900470474 0.9607077136596641 0.9706862469827197 0.9662023577276979 0.9652129899665465 0.9657181667898456 0.9693847091178198 0.9704732167528696 58.76 1e-06 0.5 1024 resnet34
0.3230990190628733 0.8671353711403254 0.8342324917442102 0.8819724508490444 0.9373720131964071 0.9046137387350346 0.8954352989380461 0.9153336961222532 0.9096909077528852 0.912359316218751 0.9118941152505036 0.9029590443743507 0.9042230296900332 0.9060820737373391 0.9116177621476345 0.9154618906125691 0.9157022852309266 0.915911475150698 0.9109322235404836 0.9162318875297093 0.9201852156200752 67.73 1e-07 0.5 1024 resnet34
0.3230990190628733 0.9243893197508796 0.8190673318041255 0.8455680998041615 0.815879122233898 0.8478843246966901 0.8365688513601923 0.8323163262633148 0.8206790823194844 0.8181425676405861 0.8148119257246552 0.8054952932155072 0.8062057720021925 0.7967578117557425 0.8031395968565331 0.8033809386094078 0.8037157225326346 0.8041228427810937 0.8051109580769327 0.8003024039563242 0.8043929225069344 82.22 1e-05 0.1 256 resnet34
0.3230990190628733 0.7887805911443434 0.8462395551340746 0.8402636577941424 0.857557037582373 0.8557380368034092 0.8782976316724082 0.8600076146374471 0.86889646752528 0.8557352216550045 0.8446246576795936 0.847446277253946 0.8550317162107202 0.8531464157314904 0.8422984748458127 0.8475386057249612 0.8448024489975227 0.8453411871669274 0.8450049864607142 0.8427820765430739 0.8370967711754139 82.36 1e-06 0.1 256 resnet34
0.3230990190628733 0.8773068780376366 0.8448401392993212 0.9158719952141259 0.893962247049228 0.8522054703790807 0.8626738505299982 0.8518587354960548 0.8425329233683406 0.8435574567685507 0.8411287856449821 0.8434397324576526 0.8626851795239348 0.8461210975227929 0.8589083708133957 0.849007672144716 0.85860402530578 0.8551264691214143 0.8519372680331796 0.8463730525117481 0.8523769211951285 81.97 1e-07 0.1 256 resnet34
0.3230990190628733 0.858170391757803 0.8557730951958331 0.8238855800403582 0.8382632134038923 0.8489852698877439 0.8584209754568829 0.8588060769123845 0.8507097511681756 0.8428027198530414 0.8506078154558411 0.8556165877079089 0.8580339082222622 0.8498015469161361 0.8541982011752737 0.8541921508944769 0.8558152974434543 0.8540401615953804 0.8607796540714991 0.859271300660957 0.8537924191764688 80.57 1e-05 0.1 512 resnet34
0.3230990190628733 0.8631922176504934 0.8391388264848296 0.866306232475794 0.8674155751440012 0.8607956361820881 0.848165146199335 0.9773479418923959 0.8591036860448592 0.8636218808951693 0.8508114775750696 0.8356150092412435 0.8280310667722935 0.8700748060023331 0.850041830453837 0.8500182482578472 0.8496787750510149 0.8563317730111621 0.8670980859558157 0.8654888473938684 0.8477737129495708 79.5 1e-06 0.1 512 resnet34
0.3230990190628733 0.8499050617583191 0.898492365053619 0.8540569793588096 0.8727601980401267 0.8140784751071096 0.8114716847844577 0.8211692425797991 0.8484525561329123 0.8435008289946638 0.857488002965667 0.8432513778610721 0.8347831950241735 0.8369979890922116 0.8394437171679394 0.8240430145231399 0.8381523082584293 0.83470249742438 0.8372994835839144 0.8324367950405729 0.8390663408664534 79.27 1e-07 0.1 512 resnet34
0.3230990190628733 0.8813466886684621 0.8213050848395912 0.8649503424110935 0.8710045943565474 0.847340473759088 0.8519030427381071 0.8764321206166066 0.8787616768514478 0.8655536249583752 0.84493910033145 0.856856283006573 0.8624761916647339 0.8580655195126232 0.8685967166449124 0.8652793525681761 0.860414994165165 0.872270967925095 0.8581331862757214 0.8697541966053508 0.8651521963813406 79.75 1e-05 0.1 1024 resnet34
0.3230990190628733 0.8249848566429451 0.8293082621412498 0.8568241366420547 0.8778341302583057 0.8667937702842567 0.8646142266236514 0.8722773274145199 0.8599862470865947 0.866570474218639 0.8732415439792386 0.8580356373711474 0.8627483238551399 0.8620730181003198 0.8610194481159517 0.8603209123676524 0.8650266445511647 0.8618560075082806 0.860383413805126 0.8649211631931345 0.8631802084447951 79.81 1e-06 0.1 1024 resnet34
0.3230990190628733 0.8244361934590825 0.8476583320630175 0.8003367984150302 0.8362919239852948 0.8226473774157802 0.8145567708740776 0.8266772977277952 0.8347187691793242 0.8348773780207732 0.834394369600752 0.8295342880800327 0.8291929769215146 0.8303406612247031 0.8264836792330175 0.8275962415073229 0.8292716983199676 0.8286663838505759 0.8314587052145113 0.827096221948176 0.8300267360479051 81.04 1e-07 0.1 1024 resnet34
0.3230990190628733 0.9247227436412109 0.8567972231609192 0.8418030081312335 0.8492712201332532 0.8612006680429802 0.875198147657591 0.8334682510247101 0.8619146581681715 0.8830113099164706 0.879216021233062 0.8800925912817228 0.883754715112794 0.885573721577749 0.8873675642665881 0.8746118895755691 0.8911091877358487 0.8821871262610813 0.8854591890205603 0.886387396683468 0.8932667343237247 78.44 1e-05 0.05 256 resnet34
0.3230990190628733 0.7872049412829993 0.8338588553862963 0.8277284683735681 0.8387250649033365 0.8179848907025814 0.7802504521478123 0.7813988882108889 0.7966650196012321 0.7889362540771873 0.8044286104795013 0.8012840090548282 0.7897733268876688 0.781250099169084 0.7762319640716195 0.7890243536589812 0.7898680404810627 0.7932589398504174 0.7747533812617958 0.78312454216611 0.7830141800433791 83.97 1e-06 0.05 256 resnet34
0.3230990190628733 0.9270393637344253 0.8490352949637789 0.8749564299365516 0.8137932088257827 0.8045199959702616 0.8217677043644237 0.817455610560043 0.8043119132263769 0.8044583448803785 0.8248016246945806 0.814028456642929 0.8141721572324684 0.8083420910852247 0.8044827160185776 0.815071884701061 0.8037886992222617 0.8175104330697672 0.8127196760929956 0.8133579390842671 0.8091731983639271 83.51 1e-07 0.05 256 resnet34
0.3230990190628733 0.8387750342200825 0.8572904369965194 0.8075472523869665 0.807867584411096 0.8285071905601784 0.8328734703381144 0.8323924043091587 0.840323141822239 0.8323862862236466 0.8612921274081086 0.8403074482641273 0.8384611881488523 0.8271586825976666 0.845382883641637 0.8363556864449123 0.8385671081744364 0.8333234493427439 0.8392194110055287 0.8434203776762557 0.8512223889839236 84.26 1e-05 0.05 512 resnet34
0.3230990190628733 0.8290629235618505 0.8248160699714805 0.8067279330393228 0.7702213439681266 0.7778413822941599 0.7849793301083736 0.7673589694079509 0.7785947990340624 0.7871608787560516 0.785483893458452 0.7808893536201118 0.7892877141019186 0.7853405290486463 0.7883787027295641 0.7869198839868257 0.7971723975293492 0.7897858596475434 0.786492738084022 0.7873069506004231 0.7844189794659195 84.16 1e-06 0.05 512 resnet34
0.3230990190628733 0.8043048393228857 0.7990043371883573 0.7687684843708347 0.7343752951488431 0.7375627717975662 0.767059403385536 0.7715340640199534 0.7554031039677319 0.7604137516488929 0.763104226239198 0.7439352399612337 0.7496085796669033 0.7497602368009136 0.7566857368394118 0.7561820207827289 0.7515020105987016 0.7524154345047299 0.7576826361689304 0.7575774879928339 0.7521349897784312 84.41 1e-07 0.05 512 resnet34
0.3230990190628733 0.8354457154250189 0.8243479893942837 0.813281353522233 0.8095747200530065 0.8095640482812959 0.8117135614136815 0.8329228265306128 0.8017774747002892 0.808454645387512 0.8284719170313763 0.8096330861963216 0.8298755898255183 0.8215808413288159 0.825297922765379 0.8141828996309267 0.8221964588991943 0.8258908467496052 0.8194707082307637 0.8157229988544806 0.8138806081730882 83.73 1e-05 0.05 1024 resnet34
0.3230990190628733 0.8303872941808799 0.8035193795814465 0.8172674735502425 0.8182155805541069 0.8212593060827734 0.8313427462989356 0.8313704369755445 0.8376915505585977 0.8351805687835914 0.8330585374016297 0.835441809833168 0.8307454537655965 0.8348981246931304 0.8424002705256044 0.8290174863234894 0.8364840910506155 0.8393572339421472 0.8301322906865903 0.8391587214408925 0.8384201818660242 83.73 1e-06 0.05 1024 resnet34
0.3230990190628733 0.7663396952296185 0.8386082009335252 0.814635135357792 0.8423109731642957 0.825163787003738 0.8347735322842594 0.8363104911843073 0.8365562875867043 0.8390454536099254 0.8419293010129302 0.8300496056871909 0.8392697259997627 0.8370997531180865 0.8371479396947088 0.8367953121114943 0.8375848313448998 0.8360597070403641 0.8395625462549131 0.8397480007193867 0.8349382608651363 83.81 1e-07 0.05 1024 resnet34
0.3230990190628733 0.7800969341963985 0.7959992889785141 0.791410961217068 0.7781226067008363 0.7759230960653162 0.7771771542284809 0.7772015080237366 0.7796393406882889 0.7718747769570924 0.7800393847432078 0.774224681931433 0.7830986639977595 0.7852612831458384 0.7796580112374759 0.7741824092069368 0.7770938962657935 0.7794877945934765 0.7755472820009212 0.7857899929610164 0.7729686148101176 84.15 1e-05 0.01 256 resnet34
0.3230990190628733 0.8204608041506438 0.8055986393380483 0.7975253953559788 0.7945468494041621 0.804537828395851 0.8025793966599661 0.8065109924779196 0.8148322206872927 0.807947932307755 0.8107258836118943 0.8093259707092063 0.8160890457923122 0.8130709691491441 0.8190542630355045 0.8102076437211362 0.8201965455072068 0.8144438013261031 0.816764701033856 0.8157477247496775 0.8244026670579291 84.42 1e-06 0.01 256 resnet34
0.3230990190628733 0.8703522160755078 0.8116534986428963 0.7769523454878751 0.787214320593034 0.7870501916707942 0.7894432723628426 0.7768311475183978 0.7834199682882605 0.7785207361561726 0.7770299656439681 0.7787170685860423 0.7865597801195545 0.7871916921518525 0.7837293726024762 0.7810911691080596 0.7865489676908675 0.7853919586823207 0.7791849911760862 0.7804011840510492 0.7818068148412722 84.45 1e-07 0.01 256 resnet34
0.3230990190628733 0.8244665654028438 0.8289879595207127 0.8321157796924212 0.8219238421396939 0.8343480124960871 0.8287940092068076 0.8277585608676102 0.8240923395038123 0.8287621500742813 0.8242747235080351 0.8251230815776988 0.8258383332300159 0.8283966188694941 0.8284039732912555 0.8255713585374973 0.8273607033688513 0.829817994453031 0.8247746531090221 0.8222918779203119 0.8242218633443765 81.68 1e-05 0.01 512 resnet34
0.3230990190628733 0.8418619464303704 0.8298182687241942 0.8308446290474756 0.8311239704579223 0.8344312065189584 0.8418250829390356 0.8350991259144876 0.8382338456129129 0.8320915463526082 0.8378568183439029 0.8339129881830973 0.8439284904720559 0.8422419467990477 0.8339900396009061 0.8414445705921316 0.8371128208967132 0.8408692189475875 0.839535005143023 0.8447390763498288 0.840595794895027 82.27 1e-06 0.01 512 resnet34
0.3230990190628733 0.8388627119279398 0.8200246726903302 0.8331389565628418 0.8220910896529884 0.8199086171681396 0.8274172804319083 0.8275711073710431 0.8321872812682348 0.8263356005426316 0.8277177584534744 0.8071386433910638 0.821738525942688 0.8362921740627749 0.8317176792687557 0.8278343359343302 0.8333471175349261 0.8321026231801457 0.8326067889996749 0.8291854114328876 0.8194361916923779 82.54 1e-07 0.01 512 resnet34
0.3230990190628733 0.854792760533504 0.8234351551591971 0.8242833109927795 0.843796648829717 0.8440696816270408 0.8406646331135937 0.8415649183554068 0.8475029641720546 0.834518086805071 0.8478203795391934 0.8464598488987203 0.8480208953011263 0.8433275273611472 0.8472304149980318 0.8475167886659399 0.8457470383604314 0.84250079393375 0.8519824198154653 0.8494355842725413 0.8479681523951441 78.44 1e-05 0.01 1024 resnet34
0.3230990190628733 0.8595680653713446 0.8709395055505196 0.8679521063701402 0.8553831440200996 0.8667098736184484 0.86091632878416 0.8541393983406159 0.8437954775439249 0.8568619261024227 0.852939101158257 0.8588026717045716 0.8558519733202552 0.8614951455569123 0.8539207886044798 0.8530261962828463 0.857117763212423 0.8530431598521614 0.8506944642900003 0.8530232562882897 0.8517177719053365 78.92 1e-06 0.01 1024 resnet34
0.3230990190628733 0.8352589070965234 0.8223527473711916 0.824216581190523 0.8119926203440929 0.8178429679098452 0.8283566787857094 0.8165938925891194 0.8231395463803005 0.8238461476584551 0.8203148139788264 0.8261236230781449 0.8273152152987971 0.827852829499711 0.8267736568740932 0.8254506445883294 0.8255320688441664 0.8280038216426645 0.8255485247300505 0.8219089640294538 0.819758442727267 78.9 1e-07 0.01 1024 resnet34
0.3230990190628733 0.8472369666281999 0.8081514872207992 0.791182945199985 0.7889182645633985 0.7995591463008489 0.7933724468290946 0.7933822791638246 0.7902902284098188 0.807497342427883 0.7971181278600179 0.8127440241497385 0.7969430350771973 0.807360004390154 0.7972906111615788 0.7849745208179982 0.7995589432161806 0.8021257222813621 0.8070522602660235 0.8028180664696444 0.8033811816526091 83.29 1e-05 0.005 256 resnet34
0.3230990190628733 0.7954707949601572 0.8175859875652395 0.8080284113873943 0.8109947113828782 0.7990263019550861 0.8102702104076885 0.8094520367969515 0.809427558542778 0.8050734017371656 0.8141824607308679 0.807548627895457 0.8017208116960213 0.8033357864951914 0.8061587164910238 0.8033892852632607 0.8098256839120771 0.8023425948621055 0.8092262327343943 0.8084729834855541 0.8147823426002908 83.04 1e-06 0.005 256 resnet34
0.3230990190628733 0.8118341579427911 0.8100805214194152 0.8075952290240502 0.8012764483218957 0.8052833292366769 0.7918878893555413 0.7920784674753579 0.7988319759708776 0.7994034138257802 0.7969837581371095 0.8093918837780412 0.8012993412039339 0.8047113895886332 0.8021514343390581 0.7954237087020539 0.8001853874844557 0.8081070885360867 0.8027272749709947 0.8028758135102386 0.8030454103463828 83.3 1e-07 0.005 256 resnet34
0.3230990190628733 0.8663585712375206 0.8231098834168814 0.8242762557578347 0.8203474945768718 0.8278229303746903 0.8307247688860205 0.8294976393885451 0.8295023352955849 0.825725109721014 0.8249518952606145 0.8195029341808733 0.8332991974372383 0.8273756190348116 0.8262924095353958 0.8290787543751026 0.8307596486543707 0.8307447536330715 0.828410206467803 0.829166347677031 0.8260512846601575 79.67 1e-05 0.005 512 resnet34
0.3230990190628733 0.8299583926185555 0.8490323799193524 0.8534493070004499 0.8468503483298673 0.8524446440645106 0.8544896211662926 0.8541307359114677 0.8367745949349167 0.8594326273755171 0.8515270158876195 0.83324628292832 0.8473790514065963 0.8586848353685121 0.8572616008009959 0.8566374207617186 0.8663998117664018 0.8520155901200094 0.8536818653086025 0.8461482807101695 0.8470633789628111 79.41 1e-06 0.005 512 resnet34
0.3230990190628733 0.8742997099040969 0.8816088891108551 0.8931561743329999 0.8722242161993959 0.8770396499340578 0.8746804535910673 0.882821125669371 0.8801983749911639 0.8764551782757266 0.8616286987521963 0.8656300769887164 0.875417218627432 0.8686018527521919 0.8699799002751046 0.878860993893718 0.8774888454179758 0.8792725567204918 0.8732676982659788 0.8619214218510887 0.8600583061730059 79.36 1e-07 0.005 512 resnet34
0.3230990190628733 1.036749177207584 0.9531328602255482 0.9426313221181262 0.9415816285399619 0.9453174171235706 0.9446406551133048 0.9370398089494283 0.9335487394041094 0.9333968884442111 0.9302055353155692 0.9291980526992906 0.9283461830300572 0.9309548024272671 0.9284462069049907 0.9347074631199586 0.9293805126220178 0.9313048301829191 0.9343502599558308 0.9262793763242572 0.9335702532923706 75.45 1e-05 0.005 1024 resnet34
0.3230990190628733 0.9575175825889478 0.9679564296460487 0.9736510067673934 0.9614967816386553 0.9564475898128392 0.9639342551717691 0.9540640184703665 0.9591162035998504 0.9637229732093323 0.9531506945307548 0.9593917973366837 0.9590433311920076 0.9577651212598487 0.9668510520951885 0.9568457416268042 0.9644607428827225 0.9604673245850482 0.960209211706344 0.9563148335701542 0.9626129645426933 74.59 1e-06 0.005 1024 resnet34
0.3230990190628733 0.962377851073111 0.8848934729908549 0.8884134518928093 0.8715850820688581 0.8923456805065969 0.8799285857126219 0.8730235848263347 0.8761241471887655 0.8715245807025762 0.8884011809098924 0.8857981697486922 0.8975257726929801 0.8858431265902434 0.8953375178655869 0.8894584279817799 0.8992825407628874 0.8919805120502204 0.889741286944722 0.9102660034054013 0.892121331446893 74.21 1e-07 0.005 1024 resnet34
0.3230990190628733 0.931363305328704 0.9597970232786182 0.9537348081001439 0.9613564161570517 0.9638498483060057 0.9572688747151895 0.9523285178917419 0.9656391379180346 0.9529715705547644 0.9787772229137505 0.9728869260289632 0.982787397223402 0.9623896281011136 0.9559764708734262 0.9530354244558553 0.9600440870241665 0.9728256703884709 0.9731500627946561 0.9610226645777646 0.959274752273584 75.25 1e-05 0.001 256 resnet34
0.3230990190628733 0.9442481318392617 0.9379477510830476 0.9302541689009441 0.9162385465854365 0.9046386345351196 0.9260642368677706 0.9195078668247476 0.9197295261976725 0.9053809748596153 0.9199142197825241 0.93562419573593 0.9330766105666934 0.8970999121200722 0.9170418002544147 0.9078845182684196 0.9199591437548404 0.9257756235309426 0.9173748143261378 0.9158879793833621 0.9317817683301609 74.89 1e-06 0.001 256 resnet34
0.3230990190628733 0.9745574919411988 0.945069899137371 0.941682523905391 0.9484162138873402 0.9390608860173266 0.943556543164178 0.9401342442023569 0.9427841734745939 0.9472280454996981 0.9712033116316848 0.9422733663279821 0.9302068272112521 0.9370077979029543 0.9474479014368591 0.9587318210255356 0.9372229210728109 0.9396895855440551 0.9516964806578351 0.9482769756751354 0.934335767973881 75.04 1e-07 0.001 256 resnet34
0.3230990190628733 1.1815535125620356 1.1065339208238198 1.1207827324186526 1.1225627151930693 1.1136170802073104 1.114946051316553 1.1098635764054918 1.1119703405850059 1.102171091326886 1.1218943015363179 1.1040372669319223 1.1132330038770448 1.1014851129068817 1.1077407947742366 1.1051110740974481 1.111073845611567 1.112307947916507 1.1050059033783126 1.134218147548344 1.1090241322785885 69.39 1e-05 0.001 512 resnet34
0.3230990190628733 1.0714389999808942 1.1309627465044032 1.1033507049568894 1.1088323435401968 1.1004547606592794 1.1093524797533945 1.107200191983511 1.1214593537150988 1.114184849577276 1.1021092877725984 1.0912454749618743 1.1161725026027727 1.111929400419076 1.1122193393555972 1.1064129247375245 1.1139191298520668 1.115496605468943 1.1100887703315727 1.1174077820501922 1.1111809043064875 69.01 1e-06 0.001 512 resnet34
0.3230990190628733 1.1262654818874998 1.0968140508503692 1.0967890185328262 1.0916125860826877 1.0822466173944667 1.079064020555582 1.0812805380712112 1.0808795817325783 1.1050835759129833 1.0894955791192338 1.0936983047644302 1.0984809021262298 1.1015545039006414 1.0961380445939297 1.1053794109208623 1.085639344275843 1.0905716768398077 1.1015747297822782 1.0962782878358115 1.0909699608049857 69.18 1e-07 0.001 512 resnet34
0.3230990190628733 1.1774792773910714 1.2755004311439062 1.2910623625141993 1.2808680368950789 1.2922407050520124 1.2868675041976476 1.2794753650974555 1.3049125507265882 1.2869403488317501 1.2917438140723039 1.2881978674254881 1.290153902152577 1.2881437829536815 1.299840559545951 1.289903041500632 1.299953086175651 1.3060222230390102 1.3000899633719905 1.2858563340407132 1.298366606710316 61.73 1e-05 0.001 1024 resnet34
0.3230990190628733 1.2930171185198336 1.3454330128782452 1.343796163426511 1.336991869181686 1.3420866678990984 1.3303980155348958 1.3235668167141832 1.3449071506423331 1.3278695511643877 1.3357364885676553 1.3199763655832928 1.3234571947406093 1.3385789365698562 1.342612913868659 1.3333914028751748 1.34488362138647 1.338896994680001 1.335040321503873 1.3261757814156294 1.3323684238719034 60.83 1e-06 0.001 1024 resnet34
0.3230990190628733 1.1764047222553762 1.383272408665858 1.3853618637474827 1.3970357687737158 1.3932234954211824 1.388127354270158 1.4026721845746386 1.4122834578880352 1.3947845361061462 1.4069727443043138 1.3948191354857207 1.4005415730084556 1.4014006719246763 1.403487585954167 1.3987676214459979 1.400669390297889 1.4066129635654159 1.4016083266805388 1.3967717864466545 1.3926334228916102 62.03 1e-07 0.001 1024 resnet34
0.03700148166104666 0.8639881746164784 0.9652750559658473 0.9061694571753752 0.9185654037245942 0.8795169305684409 0.8754075001936957 0.8821942440032218 0.8892144183783072 0.9009954470697741 0.8997401066815124 0.8917817325573805 0.8854362486161819 0.8905104707255278 0.8989699009494946 0.8974863185331688 0.901855493911761 0.8945337836159453 0.8889995501334692 0.8975457529488615 0.8948758800574427 74.63 1e-05 0.5 256 resnet34
0.03700148166104666 0.8466535050930526 0.8829171592321184 0.9659040483465593 0.9782690719609762 0.9313819264892811 0.9677867999966822 0.9669121856598154 0.9635525173680263 0.9718491328820756 0.9860771110442315 0.9728316653545813 0.970929535048121 0.9837094115222914 0.9906855156817796 0.9840689648249986 0.9893915970627261 0.9726753053224918 0.9877986226234634 0.9867233980601688 0.9842817339501613 73.86 1e-06 0.5 256 resnet34
0.03700148166104666 0.9365137388665694 0.8471370389463811 0.9040223389465311 0.921342043318135 0.9820731914652414 0.9410286664987272 0.9519308001052359 0.9654306084692571 0.951569613464383 0.9668288197245702 0.950529257773214 0.9462774478718247 0.9544854478939153 0.9613577643301128 0.9608667000100728 0.9635265673790221 0.9673417277085311 0.9698227375063893 0.9703159394105455 0.9671320650824914 73.31 1e-07 0.5 256 resnet34
0.03700148166104666 0.9036255156139525 0.8338731843043393 0.9506951149612146 0.9852604736385873 0.927871400549558 0.9047702429490931 0.9721319525176382 0.9809994716133036 0.9821941083666741 0.9952951036390943 0.9727156974813558 0.9884012995915593 0.9827817580256805 0.9871096039869761 0.9892322879239053 0.9889498338534888 0.9853670439920641 0.9859979339153839 0.9866571049126545 0.985261146149397 76.1 1e-05 0.5 512 resnet34
0.03700148166104666 0.9298137761617427 0.8933138346963113 0.8757794924348348 0.9488773418208836 0.926425450258873 0.9199181243261285 0.9128350210630611 0.9147488709244602 0.9013736218933883 0.9015254522956063 0.9099010670401646 0.922480180107169 0.9300088599268926 0.920986362450703 0.9189619378610396 0.926824150707709 0.9199968067628427 0.9149306551874965 0.9238369094135953 0.9260114800407878 77.56 1e-06 0.5 512 resnet34
0.03700148166104666 0.9139811867739425 0.9373895496227234 0.9613832665693038 0.9318340446743423 0.936958168000832 0.9480204290634076 0.9323320410510054 0.9505263115048658 0.9641495379007397 0.9499979859290025 0.9565342325671934 0.953943358336409 0.9577957122833157 0.95368436217283 0.9515744310112602 0.9526808219842906 0.9458940248256793 0.9520579762715599 0.9529651684865502 0.944244110491555 74.6 1e-07 0.5 512 resnet34
0.03700148166104666 0.7690909304754143 0.8934652004007845 0.906168655893752 0.8755738732483686 0.9000376287684411 0.9114426862374845 0.9179019220004799 0.9154158556333436 0.9185572595141122 0.9143679897442203 0.9115061190738558 0.9225263528053133 0.923762816705483 0.9197091049892674 0.9189667944998017 0.9144859609590292 0.9114236866571822 0.9150163476609712 0.9138471038067404 0.9145208248054046 76.84 1e-05 0.5 1024 resnet34
0.03700148166104666 0.9502657548949911 0.8854467288612375 0.9105738897879874 0.8931466312396291 0.9293156986534791 0.9346377923249446 0.9296057385023473 0.9554417889284009 0.948807829964758 0.9623296840322343 0.9518395563531072 0.9665791522677065 0.9626631359243567 0.9251341789210186 0.9374701043786834 0.9397042931764841 0.948441932718199 0.9475751555017026 0.9491257025813169 0.9457915837058835 73.59 1e-06 0.5 1024 resnet34
0.03700148166104666 0.8505797170535502 0.8256328595562471 0.877073607847985 0.8756034656022839 0.8775298980018218 0.9091133667932415 0.9627422361555751 0.9171851799694497 1.0272513183492773 1.0054559158813057 1.0556175465802962 1.001863299337611 1.0125943642310415 1.0207455452575618 1.0207657669045729 1.02583646551954 1.0305366278078443 1.0253572679020753 1.0251358500214283 1.024310884397665 70.1 1e-07 0.5 1024 resnet34
0.03700148166104666 0.9288753477651261 0.8697345244482007 0.8880821879028463 0.8443434155889963 0.9055969870979917 0.8716624605356245 0.8773542519438585 0.867187941143648 0.8697377525683545 0.8850683298821646 0.901751516685977 0.8759059830877522 0.8829464407424722 0.8628719424461672 0.8772238320484843 0.8793819343994282 0.8698455576889575 0.8739768322699711 0.8784246268113735 0.8734661487486172 81.34 1e-05 0.1 256 resnet34
0.03700148166104666 0.8913027986633902 0.8917273488265817 0.8842265423398988 0.8724675416679609 0.8960801438878668 0.9016126595194396 0.8828163756862124 0.9145172551402942 0.8848222988180285 0.8838038153546539 0.8790488694619464 0.8795304650319558 0.8992764208479883 0.8867512739112225 0.8900270886705313 0.8869547335098885 0.8941220073198246 0.8955125454557258 0.8966186442685184 0.8887031158846501 79.16 1e-06 0.1 256 resnet34
0.03700148166104666 0.9199050967599283 0.9057309844298155 0.9200006786242595 0.9374616647012859 0.9276596624322486 0.89872824042932 0.917515970962041 0.9216583035187509 0.9024857381266708 0.9249407901030509 0.9124425640408362 0.9151080015223569 0.9050518891860098 0.9111384836963421 0.912981952311226 0.9068755086431624 0.9169616656114369 0.9158013404436653 0.902671029585271 0.9088201649382757 78.77 1e-07 0.1 256 resnet34
0.03700148166104666 0.8827462852697355 0.920505619107178 0.8849053978085092 0.8794995741375632 0.8860274388087361 0.8796172756849607 0.8771462696739937 0.8803397183693668 0.8886753184902801 0.8876412747081648 0.8798201384165054 0.8637992108866825 0.8777738141790055 0.8688628182306332 0.8831413343519379 0.8824360609473187 0.8883453282977615 0.8828777333857433 0.8838154501202421 0.8854041925678078 81.09 1e-05 0.1 512 resnet34
0.03700148166104666 0.8754625544779124 0.8723344140280738 0.8936296075963953 0.9028330242502453 0.9297875851345213 0.9337127620292701 0.9226795698840783 0.9450827245178368 0.9259933348948632 0.9357247027807785 0.9214224808945657 0.9164831574380693 0.937520822820907 0.9287419217762737 0.9212429568368381 0.9199436478008951 0.9363361861101156 0.9267363750195977 0.9350150995240638 0.9281959388399155 81.7 1e-06 0.1 512 resnet34
0.03700148166104666 0.8418951700447618 0.9355340632644706 0.9264329394386346 0.8829099089774778 0.895448274077215 0.8858431994123441 0.9029976580407875 0.895928443220819 0.88987356928945 0.8913324403913291 0.9179475522698103 0.9107387727893052 0.9187772729264048 0.9096062294629513 0.9155179971458469 0.9056495818299695 0.9234039903502423 0.9208022134614942 0.9218408165669852 0.9167613921565935 80.33 1e-07 0.1 512 resnet34
0.03700148166104666 0.9279406394931681 0.9339152973158044 0.901489769852877 0.9238410373960996 0.9100659477016885 0.9089543475976579 0.9148528507917103 0.9211232827549616 0.900983001817604 0.9044587281935592 0.8899997890582726 0.9052320693419795 0.9195093207878994 0.914423567543084 0.9213823499752252 0.9115707601317723 0.9050944686847495 0.9162234177281557 0.9085813873996033 0.9253141646446517 75.53 1e-05 0.1 1024 resnet34
0.03700148166104666 0.9979562711994922 0.9286170433208298 0.9107155257030563 0.9863479276313665 0.9415877580240138 0.9504476307415232 0.953631701314257 0.9629087805166666 0.9642846875384938 0.9536903481749026 0.9705215244965618 0.9567455626988867 0.979547367364075 0.9795701035189299 0.9653746368092245 0.9615407908649253 0.9571312532621095 0.9704960373177082 0.9564258446661588 0.956156375768308 74.65 1e-06 0.1 1024 resnet34
0.03700148166104666 0.9048721507320883 0.9166959664595206 0.9201479042676642 0.9366119586934027 0.9475582841087732 0.9320974246429574 0.9462188381705353 0.9521628815818896 0.9514097422265972 0.9473418642423418 0.9395869596758957 0.9479162464249654 0.9465212784330661 0.9520267277756338 0.9510908091307188 0.9467275919253905 0.9576458016287005 0.9492733133299257 0.9483434850817549 0.9537306662276087 78.37 1e-07 0.1 1024 resnet34
0.03700148166104666 0.8360289717807936 0.8497210612015828 0.8153765481448005 0.8847818827951088 0.8210749235862932 0.8185468109721853 0.8109639536428643 0.8296031516122879 0.8264134925971257 0.8334239924264617 0.8367221885903874 0.817750684944226 0.8240786306349455 0.8088910895152872 0.8193000988624648 0.8189520616846991 0.8204821356600399 0.8294103063186349 0.8364698883029439 0.8383214650914965 84.02 1e-05 0.05 256 resnet34
0.03700148166104666 0.8753698611524641 0.8687943028400177 0.8471134448000409 0.8548916358890993 0.8847345834108225 0.8881297244357569 0.8937077292597837 0.8717644542582739 0.8717752647027348 0.8979095540855516 0.8798134905294245 0.8789257738703875 0.8889283955446519 0.8820288505064241 0.8828239107721333 0.8921147688068772 0.8945996271180165 0.8839306002283444 0.8849050337992054 0.8822528574124152 80.99 1e-06 0.05 256 resnet34
0.03700148166104666 0.8802451460763353 0.8358940982693795 0.8824313792885257 0.8724882267788362 0.8931691340141774 0.8796779920426819 0.8783955604682732 0.875496836526998 0.8849798762243334 0.888790956947618 0.881297919451725 0.876152393588318 0.8895479457561128 0.8980745636053803 0.8923122208271345 0.8903138867987453 0.889321383105219 0.8752113322974746 0.8906687125956568 0.8898211747129798 82.37 1e-07 0.05 256 resnet34
0.03700148166104666 0.8768162194032547 0.8389733191336972 0.8921948315192106 0.8292097991277799 0.8496750423961443 0.8410857195435084 0.8372442118753611 0.8438832007081403 0.837386007964134 0.8325102872573035 0.8417168968413601 0.827231696564682 0.8383291732049769 0.8252443585291828 0.8290118379352848 0.8399680797222495 0.8319790561414157 0.8352361351133072 0.8426510451451373 0.8324942352947131 83.74 1e-05 0.05 512 resnet34
0.03700148166104666 0.8835728847372566 0.8820954113879362 0.8405913504506478 0.86372331849443 0.8467283481574625 0.8538941550075196 0.8481127933004113 0.8544111810440899 0.8584009017166061 0.8578175527593044 0.8542572541407328 0.8561553280600823 0.8530739178252764 0.852829691913535 0.8546785105628356 0.8503643182145062 0.8538842441480713 0.8548169050001196 0.85393825490724 0.8583616846510593 84.85 1e-06 0.05 512 resnet34
0.03700148166104666 0.838562034122051 0.8429640809688262 0.9113618932602888 0.8378516430590627 0.8481785045740434 0.8651353050144321 0.8537161338593853 0.843952544524378 0.849493847813521 0.8466390120079277 0.846313742266983 0.8534394605295128 0.8395792879401957 0.8439516698366175 0.8447366956814819 0.8498893137390815 0.8439711668567489 0.8412720868416749 0.8530088767931268 0.8358173881435904 84.63 1e-07 0.05 512 resnet34
0.03700148166104666 0.8608808366038396 0.920929193311399 0.8587169396558272 0.9027898838083732 0.8706823346725375 0.8831988933456918 0.8952182428015852 0.8947315577933871 0.8793442411628426 0.8711100863862461 0.8815963159244066 0.8726542737619652 0.8803248336808565 0.8690899908595884 0.8738121390199075 0.8751160308090007 0.8809315728871716 0.8701682744906559 0.8813392900463002 0.8688177709186387 81.04 1e-05 0.05 1024 resnet34
0.03700148166104666 0.851098372904068 0.9026999095404611 0.8730324218907605 0.8926536596217961 0.8750160141486961 0.8642160614540564 0.8558065367637059 0.8595732199952327 0.8616031129975309 0.8661741275878572 0.8629445396547685 0.8665977087126342 0.8692077797246616 0.871167794842655 0.8641607485312766 0.8676567731490998 0.8712990057103233 0.8662275915406853 0.8717346457507081 0.8655104083704549 79.86 1e-06 0.05 1024 resnet34
0.03700148166104666 0.9320895980307649 0.9019737506150599 0.9107843439000634 0.9298507467801019 0.9145428097572489 0.9166993575261206 0.9077794759171198 0.8992027430060413 0.9072445166838284 0.9107571482275381 0.9139122966385804 0.8994682797689835 0.9089992522763647 0.9122679263102711 0.9134547105695112 0.9095100252194961 0.9171429644744978 0.9131812732762632 0.9057797538279908 0.9057039277718344 78.02 1e-07 0.05 1024 resnet34
0.03700148166104666 0.8515150947589066 0.8173462708169892 0.8025528754720784 0.8035922102029011 0.8092071620032436 0.80309052212395 0.807023211972989 0.8062139890031633 0.8080688765511862 0.8070995058201186 0.8040790217883824 0.8122337965253565 0.8155673301368642 0.7971015056364954 0.8027468159076722 0.8085896846063588 0.8023992338138077 0.8087638854824344 0.8126057411344522 0.8057851189090648 84.64 1e-05 0.01 256 resnet34
0.03700148166104666 0.8694311589856824 0.8954444861488207 0.8548129801978707 0.8524571865032322 0.8624908368321154 0.8568587787308172 0.8466831566212689 0.8563850464104888 0.8539310091310119 0.8563585186269276 0.857312020431096 0.8601869343776082 0.859790645629061 0.8530005465841957 0.8531463494074658 0.8557052928046268 0.8566229458277306 0.8559804477609245 0.8560980642344995 0.8570869213962885 84.27 1e-06 0.01 256 resnet34
0.03700148166104666 0.8403923304387785 0.8416788388878199 0.8460512105593745 0.8378552724132226 0.8422566665290878 0.8459815703512618 0.8426627398532228 0.8422994005656481 0.8420150183167759 0.8404078826773167 0.8443528440126012 0.842204981777249 0.8522917293873367 0.8461415708613442 0.8431839707625466 0.8479335299754105 0.8569439627797677 0.8297016900827099 0.8501334559142782 0.8521657860208376 84.34 1e-07 0.01 256 resnet34
0.03700148166104666 0.7902320694636248 0.8715713861226055 0.8741542394553586 0.8784725412033589 0.872706091902114 0.8805911132831894 0.8901262598105132 0.889357293996204 0.8887674361828368 0.89026212052351 0.8867301141485501 0.8857171535413706 0.8888440479583661 0.8807974654608486 0.880363298464408 0.8766808140055029 0.8873860013174234 0.8790299340864624 0.8838694348856603 0.8868759207996082 81.84 1e-05 0.01 512 resnet34
0.03700148166104666 0.8786007956145298 0.8620273418341741 0.8581502503039653 0.8630153418127875 0.8561568320910697 0.8510063480432847 0.8657166135115975 0.8599974256022246 0.8618416566252641 0.8610918193542314 0.8611349536788167 0.8716264836657593 0.8700502250595497 0.8690892354456438 0.8629026870270137 0.870198855711563 0.8685275270649427 0.8621812884520889 0.8585557457069823 0.8688968591692895 81.67 1e-06 0.01 512 resnet34
0.03700148166104666 0.8953511720274113 0.8969412378608613 0.8946994119860497 0.9020810641082652 0.8986696145898853 0.9001958645363457 0.9033334703689323 0.8999089794540309 0.9082884451691284 0.9006576445077502 0.907649076886095 0.8967550318353809 0.8984735251269136 0.8994612601418177 0.8962653357152389 0.9066490916004986 0.8945824985142207 0.8919980556618847 0.9053813251923912 0.9034946394249234 82.55 1e-07 0.01 512 resnet34
0.03700148166104666 0.8838929833661444 0.8634279144287837 0.8664252233169502 0.8620301422655929 0.8666427617770739 0.8653010769724072 0.8676155840407059 0.8656343570291609 0.8665476041730008 0.8657067578466382 0.863021308726445 0.8684233548920249 0.8686734412680388 0.8699864166557115 0.8660365340909469 0.8662558977356913 0.8674861019312706 0.8655871918328729 0.8696067167625304 0.8678852659683608 78.83 1e-05 0.01 1024 resnet34
0.03700148166104666 0.9423737119587409 0.8977127691542287 0.9028293382916938 0.901060684439023 0.9054699303662957 0.9138163226770567 0.9121162476887418 0.916822153757503 0.9124613725944866 0.9205883786816622 0.919200110992156 0.9125765285381462 0.9152613964808057 0.9162281209001576 0.9185073904143486 0.9119509227187017 0.9155979705683244 0.9264156960295911 0.917833221228934 0.9182698908472722 77.56 1e-06 0.01 1024 resnet34
0.03700148166104666 0.9012157110142737 0.9121777141030375 0.8969494730358707 0.9007690641543392 0.8905828229428416 0.8917665687270936 0.8874870648878952 0.8929290798362706 0.8891489036822284 0.8914617346089692 0.901341088568323 0.90072229481091 0.8918661871791309 0.8978517151680847 0.9029360909476231 0.9000453607723791 0.9003988016881597 0.8920328861167967 0.8960722778105569 0.8954909606786345 78.72 1e-07 0.01 1024 resnet34
0.03700148166104666 0.8856202663101889 0.8901206319086011 0.9103035705066763 0.8923536841035493 0.8955610034425057 0.9004138972986252 0.9028665821465723 0.9083437057129388 0.8920757156582984 0.9050462210799586 0.8940190135935583 0.9047855375716445 0.9020028726822258 0.890106975577956 0.9098122767497568 0.9031733131570192 0.8901231834047623 0.8984175809748847 0.906584349705457 0.9023274049049331 82.7 1e-05 0.005 256 resnet34
0.03700148166104666 0.8738901194969064 0.8672934786834051 0.8765465992212738 0.8767023162968368 0.8511231948846514 0.853213225096889 0.8453935492159875 0.8472150562895857 0.8551095766566208 0.851544693541722 0.8446543563928121 0.8617557443596675 0.8532577619804268 0.8561336840559945 0.845921489661609 0.8551235063358071 0.8476187478573852 0.8493395699549192 0.8537793919164137 0.8446674370405546 82.4 1e-06 0.005 256 resnet34
0.03700148166104666 0.8574901075362922 0.8419878295013552 0.8500711315060481 0.8504573883843264 0.849485894591464 0.8518215677793388 0.8534971959678636 0.8560321249434906 0.8542077599971897 0.8479789345039447 0.8448949383978147 0.8506850041390431 0.8445650123892581 0.850645658375432 0.8483781944864116 0.8507127815672314 0.841080705579913 0.8435237231668357 0.856006814347338 0.8442222584623665 82.5 1e-07 0.005 256 resnet34
0.03700148166104666 0.8806690305040717 0.9165061138913997 0.9198837550339464 0.926583681102647 0.9118837599931571 0.9199082070343202 0.9067106465983766 0.8984371947252957 0.8995776672899399 0.8981788342493 0.9077652780863645 0.909133053266965 0.9024462338185778 0.9008144496786324 0.904006429014093 0.9083113170119492 0.8993578790049888 0.9049637421968161 0.8951518948442783 0.9031624342242027 78.98 1e-05 0.005 512 resnet34
0.03700148166104666 0.9114605509052691 0.9089155353497341 0.9129855357275131 0.9053713841787657 0.9085036661220294 0.9181892206296048 0.9180843065373534 0.9190609860857297 0.9224136446002176 0.9196632262001684 0.9099906651155729 0.9110154989972434 0.9221453192143036 0.9120894446584963 0.9166018899824171 0.9176551043584689 0.9243277187473263 0.9182081704300953 0.9209188028630346 0.9213269324559029 79.4 1e-06 0.005 512 resnet34
0.03700148166104666 0.9176973589722428 0.8946494310551798 0.8826169020317971 0.88748643421674 0.8871055213366661 0.8928286307920331 0.9118850868295807 0.8933467979641679 0.8905784799042005 0.8961895741203867 0.8979140710273125 0.8876133929839994 0.902201017849244 0.8817058104756247 0.8742085084902869 0.9052919290394483 0.9080499872844698 0.8861427128045344 0.9094119984924247 0.8823423684783387 78.22 1e-07 0.005 512 resnet34
0.03700148166104666 0.9663599256511273 0.9927767166234814 0.9918649451061711 0.9837230529451095 0.9860253855644676 0.9851822583574649 0.986173209618478 0.9841197648519627 0.9814741699149034 0.9806803005376359 0.988743136411247 0.9833726481148359 0.9831211218763474 0.9909380073600677 0.9911903353938193 0.9781511076088729 0.9860082673542238 0.983765055829929 0.9838096093841682 0.9830886787465041 74.06 1e-05 0.005 1024 resnet34
0.03700148166104666 0.9770797661208829 0.9952616430074999 0.9799702573938356 0.9852647120997041 0.9874425009653663 0.9776726325175747 0.976301579820512 0.986592633967123 0.9874635533112813 0.9800561462177209 0.9818980837001817 0.9842460480572729 0.9906281106249414 0.9884044407217142 0.9892367472237751 0.9831897858768791 0.9864934771481632 0.9807468782285936 0.9923945394512086 0.9871202639982904 74.74 1e-06 0.005 1024 resnet34
0.03700148166104666 0.9821884980537163 0.9638691328789173 0.9784248814985699 0.9818713094975244 0.9857654067535964 0.9758476931833244 0.9837321177184897 0.9859666159585133 0.9807061723798334 0.9848095203423441 0.9871830578817137 0.9717059231691675 0.9910393490056432 0.9854002033652036 0.9833176658596936 0.9886789109608931 0.9837975134978052 0.9864592998692387 0.9812039604929024 0.9794818488803798 74.05 1e-07 0.005 1024 resnet34
0.03700148166104666 1.0376537264804802 0.972258235522726 0.9658844061513763 1.0172144981735372 0.9799704518167377 0.9863542361873163 0.9870166108016637 0.9943127001686694 0.9954318341601501 0.9939475943481615 0.9899591402705131 1.0071156516662463 1.0096679556500907 0.9994100695297464 0.9823407486519828 0.983484882685801 0.9949903337132266 0.982068809777517 1.00125158672043 0.9891943434553615 73.93 1e-05 0.001 256 resnet34
0.03700148166104666 1.0616640738358103 1.0024746505359807 1.0027566342304766 1.0058251053374745 1.0241393695416787 1.0076427843063949 1.0030260630980834 1.0172603137119378 1.0136927458595506 0.9938186563588818 1.0033821570947803 0.9885419413541305 1.0061286619006757 0.9974392141916614 1.0008224017653766 0.9927030186888679 1.012789741953071 0.9970129128742766 0.9952325299295847 0.9945766785086265 75.22 1e-06 0.001 256 resnet34
0.03700148166104666 0.983946762103132 1.00437558661242 1.0051117534241143 0.9915310415280483 1.0009900552275186 1.0108321625009942 1.0302763992275459 1.0108023643820008 1.0135777204044745 1.019529535987999 1.0080822547584014 1.0118247986175029 1.0064369095660899 1.014217861991101 1.0335653782177234 1.029474982426576 1.0145198029075546 1.0173707758805448 1.028291515763584 1.0347670878229251 74.97 1e-07 0.001 256 resnet34