0.0 1.3760971809067908 1.3941213213515433 1.3757054347806865 1.3634135273306496 1.3101558126872304 1.326265253486814 1.3046847105573878 1.3270070975422597 1.3008001178688011 1.3030505777355919 1.3041539925179129 1.2947608967947328 1.2910240645385036 1.2952022020883682 1.2922513523078252 1.3022819323498336 1.3040577440250969 1.2895520093071888 1.2977193328974428 1.3021873374116708 79.67 1e-05 0.5 256 MobileNet
0.0 1.4377623582695578 1.4736106343249242 1.5191623428891625 1.5118681007656358 1.4857694721476138 1.5109993148389653 1.4840685880140863 1.4763295745155267 1.4911985554042804 1.4756747981271021 1.470713300188723 1.4770922670612958 1.4795174883151925 1.4897748103340585 1.4778657407101534 1.4753444610378403 1.4838882044017223 1.478670017402442 1.4763424790649882 1.4847525399880193 77.63 1e-06 0.5 256 MobileNet
0.0 1.4700055234100466 1.5380551589221403 1.5047153408063696 1.5053911122951056 1.480241147516968 1.4984193062475903 1.4595493924198477 1.431153725714895 1.4527633548243182 1.433237914737651 1.455264591665838 1.4340709145100232 1.4376634250101765 1.4369436142905416 1.4573093810513325 1.4621296843265605 1.4591506615744634 1.4666250317733303 1.4594296071614596 1.4690103972150947 76.94 1e-07 0.5 256 MobileNet
0.0 1.5113993401471975 1.6793691085570637 1.5977273885212884 1.6378773494287022 1.5998216446879376 1.6351438701755094 1.6545838555609058 1.6219370985571495 1.6386105969348352 1.608490759810487 1.6137370045677166 1.6172500661694484 1.6039429765159412 1.6126788149533788 1.6098916415300382 1.6157432713091129 1.6091843149354401 1.6097026701910055 1.608576548539935 1.6105186910460003 67.86 1e-05 0.5 512 MobileNet
0.0 1.4973714902026234 1.6946136373672704 1.706323224497013 1.6806499174161054 1.7106726825750238 1.703734676776853 1.7258086254950609 1.6528276460137679 1.671569618750819 1.6636703238407355 1.669886046319182 1.6796410608570473 1.6700708366814527 1.6786344580511272 1.673666595308139 1.6832804952999687 1.677395234396215 1.6737212957579488 1.6828296466200667 1.6757467239304162 64.64 1e-06 0.5 512 MobileNet
0.0 1.4392259647832768 1.5280947448247162 1.513198216064288 1.479865980841453 1.4544007383917665 1.5017457000265555 1.506918117832341 1.474416239335014 1.4557775682920282 1.4546011052811716 1.4519804914020336 1.4483185450498004 1.4495274755445318 1.4532694540685864 1.449145283075299 1.4539738092999606 1.4569477573052205 1.4519344881055611 1.4583670835636267 1.45590577679683 73.06 1e-07 0.5 512 MobileNet
0.0 1.5838228025527943 1.708757801221045 1.711625842497072 1.7068277366742188 1.688815038673893 1.6724982344882238 1.6506155409775034 1.6441922779398939 1.6530500455782686 1.6508374924182467 1.656010972188782 1.6504455652398105 1.6489987620676743 1.6506490257324231 1.6490523973159832 1.6491374736099969 1.6543443811932914 1.6537027623434808 1.6528160029156183 1.6569125288450395 66.56 1e-05 0.5 1024 MobileNet
0.0 1.466115220253303 1.6870162035725857 1.7526527440411093 1.8273487713193832 1.7629010138766323 1.790801435308036 1.7762376679538008 1.7720283761287021 1.7664435048633904 1.7610109678225951 1.778039329404978 1.7741257367659913 1.7704894883903675 1.7676208214316194 1.7654825320809249 1.77080999571538 1.7647522439004533 1.763169418960745 1.7642565203511769 1.769108918880887 59.88 1e-06 0.5 1024 MobileNet
0.0 1.5318926834192244 1.6262360932362057 1.7576860066419866 1.7060119551701454 1.6550325371404448 1.6470419544463188 1.6538603050975014 1.6512467847710162 1.6607887490361881 1.6580718910036012 1.663047786555731 1.6632405289758398 1.6564469946711475 1.6600301685194412 1.6609328904478595 1.6615182646011937 1.663761640576648 1.659327829384113 1.6608727753813972 1.6631231449169968 67.97 1e-07 0.5 1024 MobileNet
0.0 1.474309233495383 1.4621915307941171 1.3715907810625136 1.4028028473435576 1.4218094972245674 1.4260275355366137 1.4082825757397242 1.3978163593544048 1.3967094721192663 1.389540122047275 1.392323373763857 1.3862603403031133 1.393942610953911 1.396931866571999 1.392899067036158 1.3911528030621354 1.392368005024632 1.3949883997488697 1.396717686485514 1.3878298499726807 73.01 1e-05 0.05 256 MobileNet
0.0 1.4705030185137085 1.433976475973438 1.4745074481184202 1.4312892308732956 1.4097462829227678 1.396505713223017 1.3941773103186579 1.3742138086996882 1.4058314733249284 1.38848400592084 1.3895181904152987 1.4008411068217919 1.393883977939646 1.397666846619724 1.3965454527076258 1.3971797260386916 1.399442710021618 1.39680755342006 1.4105701066368408 1.4068404630755305 74.62 1e-06 0.05 256 MobileNet
0.0 1.5025188764373931 1.4744908356356745 1.4567081863566929 1.4520213460596154 1.4131137961781943 1.455795354948211 1.404014445379294 1.4254902363217399 1.4197729191372561 1.418582438440464 1.42660147289809 1.4237820435268225 1.429660028088432 1.4302186047676477 1.422637125396524 1.4249325532507604 1.4263620038207723 1.4195243499883778 1.425993701900187 1.436054279439913 73.74 1e-07 0.05 256 MobileNet
0.0 1.5118586205070776 1.485254687135385 1.525421148651562 1.5171251777915067 1.4716448467454282 1.4576339704518404 1.4527851595771606 1.4590700087688975 1.4581380247266489 1.4553438169028423 1.4559002213959866 1.4572476613860585 1.450339437237841 1.4527759300735659 1.4521963286958255 1.4580598009212933 1.4545447211344402 1.4553060441049945 1.458619577740938 1.453660757146341 71.78 1e-05 0.05 512 MobileNet
0.0 1.539559930356876 1.5576635061220316 1.518420229359278 1.5137123865733713 1.4901295838207207 1.4928257925771815 1.4892950990759803 1.485856498638045 1.4862412075595133 1.4890704569987199 1.4925240973785747 1.486277285602786 1.4816143083021087 1.4871319703478525 1.4862363307550492 1.4912779786456565 1.4885301667215265 1.4807409027452465 1.4876341014082624 1.4889532438698465 70.24 1e-06 0.05 512 MobileNet
0.0 1.5594399264744185 1.542849910556844 1.5482800802171255 1.4897422382065053 1.4947585940554078 1.5066749507238169 1.4994120225823275 1.5000822607468294 1.501577690115238 1.4966196237853824 1.4916781370654144 1.500275499513394 1.488702286517429 1.5006909163999123 1.5024410142361313 1.5036669064345372 1.500913828570001 1.494968047065066 1.5020941187648291 1.4916668889011857 69.74 1e-07 0.05 512 MobileNet
0.0 1.6500065377389563 1.6648698369822292 1.6955368407330906 1.6597888304911625 1.6567565012250929 1.6577496631624502 1.655104604810478 1.6607443066458287 1.6579636720749429 1.6612710737996543 1.6583484954353886 1.663631090062055 1.6618078574615953 1.6601228278119455 1.6614066429431156 1.6583708240664867 1.6607006343546877 1.6623527236912492 1.661078175047563 1.661924402047755 65.59 1e-05 0.05 1024 MobileNet
0.0 1.6620428854122438 1.6635516438816418 1.6482986292564143 1.6441386805108145 1.6287088942531027 1.6292496973813924 1.6251767106412314 1.6306697558844656 1.624205037018208 1.6276854881005054 1.6262498738706461 1.63353823483435 1.6294529246271185 1.6273575045372417 1.6307445808240917 1.6318195657909231 1.6285399518172434 1.628284932762534 1.6271923899091683 1.6289596965566993 64.81 1e-07 0.05 1024 MobileNet
0.0 1.678610945352316 1.6804105895005395 1.6870849864264597 1.66871913368378 1.6606240451579304 1.6615808198512112 1.6521557414392845 1.6547609890094372 1.658832767060697 1.6578319768129708 1.6597309493903736 1.657684246213562 1.6558767325516512 1.6503745895823763 1.6535125136937487 1.6503429020758236 1.6545305157261125 1.6572490021352229 1.6566367811116642 1.6593583656507946 66.07 1e-06 0.05 1024 MobileNet
0.0 1.7853182130559273 1.729807782420084 1.7161656247099109 1.7461715586385467 1.6986176864955655 1.7086847342934843 1.6971362152906593 1.7030670498953706 1.7112574555034277 1.7028124022484916 1.686198825266174 1.7078454654076247 1.6974815055949883 1.7083677784271982 1.7030359965013089 1.706040891232588 1.7106964416794495 1.6971843653068757 1.7231882294955105 1.7128440229803519 64.94 1e-05 0.005 256 MobileNet
0.0 1.6980889797042402 1.806555832028807 1.722079894527364 1.6800414002490374 1.6963830639480215 1.6821589326588944 1.699359359158514 1.6808335488898598 1.6945686939466975 1.7015653717326162 1.6933284225145555 1.68535189767782 1.6696903680552004 1.6854827870323001 1.6800785003233671 1.6777782163250954 1.6928167689846503 1.6826306248231995 1.680889010342298 1.6884542681687693 65.86 1e-07 0.005 256 MobileNet
0.0 1.6928549296077882 1.7592448148533253 1.7246296718174239 1.679528440402198 1.6894115632939037 1.6659181249135855 1.6721030286354672 1.6691219661451882 1.6801279814881493 1.6566271984286811 1.6649572707500866 1.6639048802849956 1.669877016767181 1.6775954096578505 1.6637061184136592 1.6670012364834248 1.667568488017749 1.668056310748404 1.6929435681151639 1.673907579240097 63.98 1e-06 0.005 256 MobileNet
0.0 1.8227805031039241 1.9559763572456066 1.8814838606850375 1.8686106866181584 1.8386091577675037 1.8326293736932329 1.816831421346613 1.8248327070910315 1.8289733176088236 1.8200181192787508 1.811334551447682 1.8240388755560437 1.8210352971433392 1.8235614170811774 1.820201752570552 1.8252482427320964 1.8174792864129672 1.826967425790371 1.8180816007716363 1.8088156006700304 60.41 1e-05 0.005 512 MobileNet
0.0 1.8406963475124831 1.9573013379428104 1.9282522299824854 1.9067471799132034 1.865680560585058 1.8624432094867251 1.855490310747071 1.8708713817014777 1.858128221403444 1.8487479979179282 1.8475527611051226 1.8579401494418526 1.8512040386411552 1.85753875079546 1.84521192857044 1.8659027880114543 1.855507003478426 1.852312225291958 1.8589598088937274 1.848583184707545 59.53 1e-06 0.005 512 MobileNet
0.0 1.867256777217078 1.9361977361303309 1.853933246723789 1.8568554319829014 1.8620495332247333 1.8394767383998327 1.8383282985083196 1.8418309522478569 1.8481696555276281 1.841259036963434 1.836630443592025 1.8546951880628126 1.850987175869218 1.8431821993621023 1.8477347327409623 1.848424132705287 1.8419708793815 1.8488414175457462 1.839836395443898 1.84011488176396 59.97 1e-07 0.005 512 MobileNet
0.0 1.8584371988091042 2.176286402941721 2.216782881072723 2.1734921285683226 2.1651160228705275 2.1606501909504146 2.145275087254209 2.162818191383392 2.157567756785967 2.1633445013640853 2.15575578369421 2.1633520511348876 2.1590001073050895 2.1517055369301072 2.1588156874661037 2.1565987629934718 2.162076953520753 2.157282587616404 2.1635747104406895 2.15930591894561 55.61 1e-05 0.005 1024 MobileNet
0.0 1.82096277234901 2.10796736496742 2.0971575463208527 2.0365374263358533 2.0334371889654763 2.0359868715836043 2.0265829561608255 2.036025207799928 2.0275335794988383 2.0211377824462513 2.032340856476048 2.022981821312105 2.0258144828868625 2.031215095196149 2.02430717225339 2.027833232667 2.0316207689304724 2.0207830625266334 2.0223325470600506 2.0287640279824632 56.51 1e-06 0.005 1024 MobileNet
0.0 1.3848376046890962 1.3885206490284927 1.3381576744941779 1.304622152440027 1.2856343414920122 1.3478862688425566 1.351572326034596 1.3346001610402474 1.308691231342405 1.2888927447265937 1.3099494777807499 1.3129916009257157 1.3054284556866456 1.3057890869193556 1.3104960864632411 1.3046388904369095 1.3020435041923148 1.3077111945904158 1.311167145907218 1.3050984534252243 79.34 1e-05 0.5 256 MobileNet
0.0 1.9205971254505994 2.1784221331597826 2.205854740779275 2.1481408345603215 2.1056061783310867 2.112733827718294 2.101503118413596 2.0915344476969397 2.096866626088417 2.1021117123644553 2.1025808175884184 2.1122112623379237 2.095899179560283 2.0988756988488797 2.095483457235967 2.0951661218470643 2.10292043443592 2.101401319696444 2.100029935388633 2.106464642007538 56.18 1e-07 0.005 1024 MobileNet
0.0 1.5401584302009599 1.6572469028683532 1.7481310706713282 1.729198205404171 1.7430286484588922 1.7535493428452085 1.7544012274050615 1.7207284482780367 1.7446703327186321 1.7455893328886603 1.7134970349155738 1.7317032215695536 1.737940362332425 1.7434657550173083 1.7423063694972558 1.7320196407086004 1.7220230426453347 1.7308172335512928 1.7303656080160927 1.7289995997672207 63.64 1e-07 0.5 256 MobileNet
0.0 1.5211723153682897 1.4848187627529292 1.589963472197282 1.6367571689096239 1.6300697981043044 1.6301893207933025 1.6253936251236263 1.5919756271047598 1.5838109482511158 1.562837330997107 1.5627349617992308 1.5573613063875975 1.5641490867604708 1.5574795140577147 1.5683211912031552 1.5642617172881303 1.5596822378005473 1.5651736513088619 1.5679789723831257 1.566230110137335 73.21 1e-06 0.5 256 MobileNet
0.0 1.3993387331982283 1.4455845828581164 1.36743912763869 1.4164267901533734 1.4168157618299477 1.4042499812154585 1.4513862928325096 1.4167606270431667 1.4003255841150137 1.3939193672741714 1.3979255611915227 1.4011781954422557 1.3943198906340604 1.3963563908930925 1.394753606585451 1.3955173249680468 1.3889637901190892 1.3900872982640735 1.391764216467226 1.3885428038956757 74.34 1e-05 0.5 512 MobileNet
0.0 1.3651989197894852 1.42237784827744 1.438929589153716 1.3926836783560739 1.391856277083351 1.371881015652886 1.3871193612652317 1.3897354596983715 1.3908913482494478 1.384821778066476 1.391867585205746 1.3951872862770223 1.39663522426627 1.389484371848083 1.393501775228866 1.3938980386214115 1.3892984672910287 1.393995570539541 1.3897178426951582 1.3883138534045438 75.89 1e-06 0.5 512 MobileNet
0.0 1.6693400650019106 1.6957149771383877 1.7040384847745924 1.7096140592612536 1.6984759055076752 1.669988408725537 1.631303259260548 1.6487701064836344 1.6428437271736822 1.635494732805073 1.6354986243737821 1.6526367182020116 1.6503957370947147 1.6496357044456116 1.6495063264235637 1.6508276304478726 1.6501575959295716 1.6476416884122806 1.6481897088659891 1.6445321311639551 69.11 1e-07 0.5 1024 MobileNet
0.0 1.6300930336222015 1.643266367177338 1.6741980107465133 1.6735536148858356 1.6546890014531253 1.695504666026184 1.6854778322982846 1.6895207484082315 1.672801142617472 1.662927292685521 1.6620711177790104 1.6709440454566573 1.6676363414107207 1.6689803939889563 1.671725885675539 1.6613339577180701 1.6592636101701543 1.6597987975853854 1.662433942642716 1.6560432478485538 71.32 1e-05 0.5 1024 MobileNet
0.0 1.5375948204118464 1.5716671732865273 1.652846546506661 1.5637280468345487 1.49218802998077 1.4669431099009784 1.5177316838946893 1.5087249740339699 1.5122954407001163 1.519121926609518 1.5165124804639152 1.5154754964759691 1.5137995410455793 1.5227776647399094 1.5226564055736587 1.52298678953243 1.5243053925062267 1.5212874038156854 1.5216766976152634 1.5162258483158981 71.85 1e-06 0.5 1024 MobileNet
0.0 1.5172564761272684 1.5210042207062895 1.5041226659280935 1.4927845025996462 1.496503427045418 1.492975810092128 1.4880887244671812 1.4892755466250553 1.493883034120786 1.494840194667341 1.4953708434611004 1.4950528015285474 1.496911957351373 1.4924288901558724 1.4992057305986481 1.4974370956507246 1.4951884718837345 1.5012455981000354 1.4966823794105464 1.493340464182623 70.04 1e-05 0.05 512 MobileNet
0.0 1.4133766689603346 1.4245818333895293 1.4131768890524692 1.38574659123267 1.4261403609734549 1.3808788851894624 1.4022533053263342 1.3981194193321238 1.3958505912723222 1.39312973863 1.3963739128379595 1.3835194926987606 1.387493814850732 1.3926184708859992 1.3930947996496388 1.3798666151726615 1.38079518903807 1.3790676215044142 1.3781021877001403 1.3778762433367797 74.63 1e-06 0.05 256 MobileNet
0.0 1.3675579133023084 1.4022343762178033 1.3801081918579283 1.3841930607994217 1.372040467083853 1.3719597104296364 1.361869971350588 1.343551013115365 1.3630221958782638 1.3486709674932873 1.353590669870964 1.3498178888504204 1.3752683639182637 1.3609592439474705 1.3686061602769777 1.3622462864539515 1.3534196967446805 1.3574271348974793 1.360917811260999 1.3627893728692033 75.39 1e-05 0.05 256 MobileNet
0.0 1.4556693320786158 1.431340073038993 1.4307501664596196 1.402551861443244 1.3995101847082183 1.4093374591114867 1.3590321337802007 1.4097870507276145 1.415397984865018 1.4067885085768126 1.4073400578445756 1.4182493519569943 1.4060427240445785 1.4053008395792421 1.4086549813835922 1.3998788162713738 1.4090305974517168 1.40361760092066 1.4064209215777463 1.4027507867961253 75.02 1e-07 0.05 256 MobileNet
0.0 1.5693381378958031 1.5499553643881214 1.5159584016837413 1.5167153926740684 1.5240355261385283 1.5202052786056097 1.5218271204104084 1.5290763531625076 1.5200237048048066 1.5208291203339777 1.5223246020486048 1.5255497130971796 1.522717650854496 1.519484971664442 1.5177665413443275 1.5205431082034817 1.521731809756467 1.5196156949385888 1.5208415786910907 1.5266365271146076 71.13 1e-06 0.05 512 MobileNet
0.0 1.6667800573212903 1.6116943980851273 1.5951473893085426 1.6218162948111416 1.62290980742444 1.6309648660163838 1.628555257004291 1.6268775638784236 1.624807735732982 1.6256921725608462 1.6233916909501271 1.6269289161513558 1.6302396006255535 1.6260977571538984 1.6239258688639182 1.631239889347772 1.6260094544115395 1.6201197835988463 1.6292378511178216 1.628859681849096 66.24 1e-06 0.05 1024 MobileNet
0.0 1.5525820233861989 1.5350563476924892 1.5082743657923723 1.5299663517716215 1.5554364868536603 1.5361673534223104 1.533613040903636 1.5344445927595967 1.5321058163354078 1.5361891789973685 1.5322311516025053 1.534741798644767 1.5400827503585497 1.5326512546177005 1.5390880784801086 1.5368051789419843 1.5372685500431151 1.5389279131685853 1.535063517547486 1.5332961599909931 70.07 1e-07 0.05 512 MobileNet
0.0 1.7609231812185957 1.7452794411627197 1.7277484398042184 1.733971058763832 1.7045264463136904 1.6952071848708414 1.6972995690520551 1.6953852635243087 1.6972669682531905 1.693118349063787 1.6982880340622275 1.6983030406505426 1.6987386396769424 1.6950261758521137 1.6973072598147834 1.6972768353903718 1.6998891202961888 1.6921469343038142 1.6966593424383134 1.6968447432636558 64.9 1e-05 0.05 1024 MobileNet
0.0 1.6442991704999557 1.6669170992205176 1.6449585812037837 1.6510580023318153 1.6521709853758964 1.6548838067006226 1.6533522632950335 1.6544656852054898 1.650625720806004 1.6507153901858738 1.6508287153293169 1.6485147218403957 1.651224371291737 1.655977288281693 1.650302117457664 1.653637383638991 1.649065197759917 1.6526049656144428 1.6534230859790195 1.648615305196521 66.57 1e-07 0.05 1024 MobileNet
0.0 1.7108832349884495 1.7087354283939944 1.6886451804748668 1.6959455286988703 1.6426375747313622 1.632372698793879 1.624996648613919 1.617702276922586 1.627334630859153 1.6138730625250528 1.6310147836541182 1.6260849987234112 1.641114827295584 1.6362354694205883 1.6386771418908692 1.6378207806753213 1.6370276799339376 1.634440250226023 1.6326444903155501 1.644924181889388 64.1 1e-06 0.005 256 MobileNet
0.0 1.6987326089655697 1.678314017950358 1.680156460941645 1.625676358516802 1.620632163773787 1.616521036195453 1.6122661185640563 1.6197804082748084 1.6277685598944287 1.6259809797010767 1.6167342905773345 1.6254142757138847 1.6268755095134586 1.6295370893112773 1.6300320071254948 1.6257350324944797 1.6133280892519695 1.6195778900608988 1.6387109891007956 1.6280610080006557 66.03 1e-05 0.005 256 MobileNet
0.0 1.8712083239797535 1.9947517805163835 1.8475022567319297 1.8839214891688372 1.898682198518791 1.9077570311190166 1.891547338368745 1.8885708833268948 1.8895652567526364 1.8879204556861942 1.8886100612452046 1.8887974909565914 1.8926237100848566 1.8832448157919424 1.884815501047061 1.886213085567798 1.8918297221828235 1.885139090126851 1.8910603151043417 1.8865358079039833 60.97 1e-05 0.005 512 MobileNet
0.0 1.701615884391104 1.6581260188472884 1.673547099909574 1.6460915902284479 1.660937924589185 1.644325125441285 1.6435251443116912 1.636190043997719 1.6542604377467975 1.6401109286773632 1.636047029664007 1.6308425707244711 1.6425473489182658 1.6401994282499077 1.6453276266375447 1.6424308867686594 1.6399218376065363 1.6353996029466256 1.6547596466820684 1.6587609452361398 65.83 1e-07 0.005 256 MobileNet
0.0 1.8749086964142965 1.944927140277497 1.8715132325722705 1.8823568600952436 1.8775850509484941 1.883527881283733 1.887591934746855 1.8881704548504181 1.8885088886388148 1.887728831052955 1.9015803475850956 1.8937143706888853 1.904474816646193 1.896069092196817 1.8938963325011628 1.888526801579619 1.896075112789122 1.8927873247846574 1.895718360930574 1.8934962376167987 61.33 1e-06 0.005 512 MobileNet
0.0 1.7490858366428936 1.8560494228493585 1.8103507879829472 1.7778166349929334 1.7877339275676467 1.7864961685497043 1.7861417004945077 1.787759366596112 1.7912632321317963 1.7917361428185234 1.7929565220368824 1.7834966202584603 1.8062365757464829 1.788385821547609 1.7916541971676652 1.7861415030293668 1.7906266849569386 1.7900125636116058 1.798627830458853 1.7900248767321725 63.27 1e-07 0.005 512 MobileNet
0.0 1.9324969036215873 2.090712264893261 2.15361201092628 2.1000431568819975 2.0991307738495473 2.089654483989437 2.091623584532621 2.0954969200022866 2.0891989041561767 2.090993528570398 2.0917213614764347 2.088223962260873 2.091504607449551 2.0879299087465273 2.0902876871111693 2.0935212662778584 2.0970988508299793 2.0935917886021485 2.083464089423836 2.0955505270741868 55.86 1e-05 0.005 1024 MobileNet
0.0 1.895212783590102 2.155780708990221 2.1307971205741434 2.0770009879431997 2.0715335991810178 2.0650436581470215 2.064523033609908 2.061533051444028 2.0648992352619295 2.060610074114827 2.057839222229077 2.0609143167175676 2.061786681408357 2.0677029161746763 2.0595553054582694 2.060428046947228 2.070133421082525 2.053987563966918 2.0524312490649943 2.0615384700050488 56.5 1e-06 0.005 1024 MobileNet
0.0 1.9529849649830868 2.149574493282601 2.141303660920369 2.0597201026963368 2.0804489344528307 2.0634513377070802 2.076350637747964 2.0706442591646423 2.0593295396450335 2.0624847510349 2.046646235314182 2.065205977857564 2.0573490995787855 2.056214922507121 2.056514253982527 2.0584476618848995 2.063565061678331 2.0611135762121915 2.0578349626609507 2.060998255631865 56.38 1e-07 0.005 1024 MobileNet
0.0 1.3585810443148736 1.424574214485527 1.4316712663411848 1.3802072612264413 1.3602927831925695 1.3851820488430169 1.3997641524402857 1.3819648099426631 1.3505255868172432 1.4068229940826307 1.3545380392707225 1.3595705090802408 1.3635639811296494 1.3690300954082104 1.3666033075742796 1.3641630769713646 1.361435096812796 1.3681747464935052 1.3594934320049776 1.3692653477670576 78.3 1e-05 0.5 256 MobileNet
0.0 1.324044217273076 1.4143466368419535 1.3924485920003757 1.4284018088960593 1.4073351792179833 1.3700798489081933 1.3898946131158345 1.3785628448312242 1.386418083719509 1.373858122108046 1.376461562844364 1.3814463716355005 1.383708449803567 1.3790569831130093 1.3770222676496249 1.376927441284258 1.3815909581526788 1.384302232340393 1.3836493714489808 1.3794415879213964 79.38 1e-06 0.5 256 MobileNet
0.0 1.4321407488931532 1.5456292661695472 1.5329845791157788 1.4929384105728951 1.5103068841263112 1.47740308894585 1.4860451689500822 1.5497381783144704 1.5167672725763066 1.4697218140273793 1.479902929898944 1.4643522947866603 1.4522326053366075 1.4630622926276584 1.4538175403558535 1.458397457737666 1.4517845302458268 1.4663381764793224 1.4629488152419925 1.462606013519057 74.17 1e-07 0.5 256 MobileNet
0.0 1.3416577362764688 1.5703462068741516 1.5600217503540348 1.5116927023155895 1.4997499106956949 1.4678464797265764 1.5189585225864106 1.4535364773704642 1.4064131566137974 1.4260078914340522 1.4197919211752774 1.4293794520404213 1.4279263159350852 1.4283117836192443 1.43352055963389 1.431881087225545 1.4320083276448656 1.4314086569376123 1.4294594914292742 1.4310139333072076 73.9 1e-05 0.5 512 MobileNet
0.0 0.22759268501181112 0.22695045124052615 0.22772648310279864 0.23305729945620166 1.4491270141823112 1.5985026251420364 1.619552797985374 1.7102977396553947 1.698652648882299 1.7239740623436282 1.6765741684269377 1.6790852919269599 1.6866826471472047 1.6733255792867332 1.6812707790858061 1.6870406699500196 1.6809770765169407 1.6810815039154647 1.6799058615975508 1.6845319811076158 68.63 1e-06 0.5 512 MobileNet
