0.3323559494667531 0.736128340082145 0.7329100559535457 0.7585690358153605 0.765963132896987 0.8030301928249551 0.7774345724647063 0.7856629152874102 0.7742685264370454 0.7382151736246618 0.7454888548551873 0.8316054832184459 0.775954865354581 0.774785337325746 0.7793145065278074 0.7753446020875059 0.7623721438531662 0.7943224947183058 0.7731696783807027 0.7777968439592873 0.7911256496173116 88.5 0.0005 0.01 64 resnet18
0.3323559494667531 0.7590690027437761 0.7918642383154078 0.75968756229076 0.771716340466734 0.8045698657036033 0.8174185711906172 0.8239636048289232 0.809007283874951 0.7522099509577502 0.7428779514260946 0.7529171200321606 0.7378795286114662 0.7453224854755733 0.7503618441402357 0.748005656388253 0.7503667974614318 0.7621877924127226 0.7447098873397924 0.7515319868530358 0.746923990264723 87.1 0.0005 0.01 128 resnet18
0.3323559494667531 0.800099771166193 0.7894907094028553 0.7768657653901598 0.7793874462514917 0.7772387556017497 0.7710595425515645 0.7868598261455243 0.7756437129801047 0.772248556035359 0.7716000541648778 0.7766346189826541 0.7901698538062334 0.7864953603321214 0.7854025180145827 0.7935247048947403 0.7873260859792522 0.7925868362624753 0.7886598903189734 0.7854075540777536 0.7930715358918241 83.64 0.0005 0.01 256 resnet18
0.3323559494667531 0.8494285837947559 0.8347347782296737 0.8466677490203404 0.8537898645778442 0.8442485437133989 0.8509529474257307 0.8419266855688674 0.8422836208687495 0.8431502256749143 0.8484419813008394 0.8446615871008097 0.8426015394449622 0.8457692586080369 0.8518556314716261 0.8459820486587342 0.8476099759627741 0.8457918609852243 0.8506915320214435 0.8461417006576082 0.8495684140858524 80.65 0.0005 0.01 512 resnet18
0.3323559494667531 0.8526273495701518 0.8319919324092578 0.8337490563391685 0.8265003691544084 0.8266253896691509 0.8221687551306681 0.8274158969035917 0.8295878797878866 0.8245999977364589 0.829506810491082 0.8296744040298651 0.8336143651170363 0.8305679362554925 0.8349266290595821 0.8328769139072467 0.8334450505083827 0.835819426122466 0.8375103607343921 0.8350478908422165 0.8337397990428802 76.78 0.0005 0.01 1024 resnet18
0.3323559494667531 0.7950466725349205 0.789442671261686 0.7627949599007942 0.7593379888044467 0.7844840566719453 0.7601612398438528 0.7578127222206887 0.8437652535750136 0.803273390394766 0.7474523057641431 0.7692786435448948 0.7796434170133897 0.7980611026217188 0.7443041029535845 0.7564810547745373 0.7513337106663908 0.7592839230686199 0.747551704084391 0.7604182649877949 0.7595305015872788 88.4 0.0005 0.01 32 resnet18
0.3323559494667531 0.9052513711605507 0.9825168279636691 0.9728669509016521 0.9870007029169214 0.9771246521738144 0.9764329573740628 0.979210944973626 0.9786405526997369 0.9855730514384413 0.9936571604834614 0.9961037411141653 0.9933488195101667 0.9926295952604778 0.9928792255807163 0.9947433544604313 0.9984074650611592 0.997052598240079 1.001510954470006 0.9934882233990213 0.9955968937629184 72.53 0.0005 0.01 2048 resnet18
0.2908245681151324 0.858648089253725 0.8064364702572862 0.828358803286914 0.8181818054335807 0.7899660311268423 0.8010198156007027 0.8189920724693966 0.804132277437021 0.8184639827417074 0.8042673946258803 0.7976981513685789 0.8197741163611547 0.8216406435724926 0.8279909086362035 0.8122530398596062 0.8154290569482328 0.8164973398308465 0.8103720732212902 0.803454243932397 0.8288413474303552 88.35 0.0005 0.01 64 resnet18
0.2908245681151324 0.8411412962348506 0.7995220102141247 0.8098839097580304 0.8246915874179507 0.7971407370629702 0.7966039182434116 0.8061417046051333 0.8137740581619114 0.822964071350957 0.8119112948263713 0.8014105904000229 0.7917882751837184 0.812113908018853 0.810779172647633 0.8074341849443365 0.8307106957252932 0.8114440795714143 0.8380274503137172 0.8242672842166702 0.8257817805194158 87.04 0.0005 0.01 128 resnet18
0.2908245681151324 0.8342757429099362 0.8373977366032674 0.8397634752869565 0.8449173762373913 0.8325320372850159 0.8310497141489754 0.8335687637525797 0.8333135048083542 0.8316591189340863 0.8423206773156457 0.8422956268511661 0.8444484760568481 0.8549826302862814 0.8454485151446691 0.8487021529952272 0.8402678494237797 0.8498837466735122 0.8439418846935257 0.8383898619056569 0.8351989669206792 83.32 0.0005 0.01 256 resnet18
0.2908245681151324 0.8575904603995184 0.8508394888613647 0.8421437835137096 0.8405470710201294 0.8436571122620974 0.8657474566039656 0.8629979522262816 0.8634824039399237 0.8659024440537239 0.8710741886885844 0.8807281673454065 0.8730888039040855 0.8824452093027573 0.8894754901111588 0.8893781937731491 0.8815251051268344 0.8975107823398375 0.8845079741984329 0.8832474996483914 0.8831363875139264 80.59 0.0005 0.01 512 resnet18
0.2908245681151324 0.8367441544072115 0.8296629614275335 0.8033770069022285 0.7834078298871476 0.8283898256005209 0.8602678198855171 0.8391028360371839 0.8571759043766611 0.8207826824745506 0.7815924108847916 0.766021207961949 0.7792184408523002 0.7752811297241804 0.7873199970213437 0.8043470517280232 0.816506620215649 0.795208080765843 0.8072643452559447 0.8125343291971088 0.8220100408337018 89.35 0.0005 0.01 32 resnet18
0.3323559494667531 0.7881374605498808 0.7777554780504391 0.8282909503313657 0.8054881074110409 0.8224907064460588 0.8316588932769542 0.8238110975136996 0.7431720053734843 0.8069322054638967 0.7335600398332462 0.7785198712231007 0.7637174136220571 0.8021266188134446 0.7465900420724875 0.7101072188178468 0.7047492698629761 0.725022579369757 0.7144751677459112 0.7221027035383973 0.7243669796852151 89.65 0.0005 0.01 16 resnet18
0.2908245681151324 0.8847776087242037 0.8936241923046689 0.8863905386330692 0.8954314995121987 0.8938520161817343 0.892502899407432 0.8908216919590822 0.8935499936945521 0.8973822472097569 0.8986238894557924 0.8993867339213876 0.9050475011178915 0.896711802042795 0.8990003045074126 0.8921683129453436 0.895543436947007 0.8900981662636643 0.8976106346561391 0.9016801809254906 0.903578467658903 76.77 0.0005 0.01 1024 resnet18
0.2908245681151324 0.9482470453148483 0.9941900227024392 0.9970332536126264 1.0093097354728071 1.0035376784908852 1.0134042301026058 1.004162894511279 1.0171647767422032 1.0129537818837144 1.014353139419349 1.0205988832731527 1.014944490847168 1.0175212264926947 1.0177508735749585 1.019166352050967 1.014424258661167 1.0168147423412723 1.0206817453766852 1.0219979663368968 1.0177529590914993 72.07 0.0005 0.01 2048 resnet18
0.13003556678870062 0.7741528810272544 0.796127997163107 0.7861180981191117 0.8049077505023382 0.7441936064321955 0.7440305699321086 0.7804606507664813 0.7831860558664461 0.7586036694984023 0.7381636547607421 0.7734702382833067 0.7661831038192786 0.76412028391588 0.7564979176771602 0.7872487574623162 0.7739535207476836 0.7853643967091546 0.7698740671909415 0.777781827617667 0.7767734685909286 88.22 0.0005 0.01 64 resnet18
0.13003556678870062 0.801864473833477 0.7883665247652933 0.7934999463021322 0.7856368931150206 0.7879682846488738 0.7915549557665651 0.7687681039130299 0.7924156767557772 0.792217983141716 0.7849603819038 0.7921808695092569 0.7896989811705797 0.7764783068266471 0.7820749157366725 0.7897454664924765 0.7702337440015932 0.7680845401859764 0.7737472840901961 0.7787870492080561 0.7701943261386471 87.5 0.0005 0.01 128 resnet18
0.13003556678870062 0.8054610138993674 0.8029569255278014 0.807174668683752 0.8121511061829422 0.8108305990920764 0.8087843543023123 0.8086221030554596 0.8251598082168947 0.8308987158656569 0.8329437919414759 0.8231230102135747 0.8233242873769199 0.8119459257300027 0.8160672248979224 0.8148807531708435 0.8285663452436016 0.8171735742659084 0.8209268490635308 0.8159887397460247 0.8213290336056412 83.23 0.0005 0.01 256 resnet18
0.13003556678870062 0.7937710527641961 0.7933184843276939 0.7942776315679531 0.7958861936768292 0.7903459787732454 0.795847112469637 0.791832301664372 0.7951090309192549 0.8004833770766036 0.8033930597148222 0.8119080808643672 0.8007923666231769 0.81710723976189 0.8308340028561604 0.8254424023571721 0.8243949120343324 0.8186354544119316 0.8152801429826987 0.8260560530162198 0.8202168248661826 80.69 0.0005 0.01 512 resnet18
0.13003556678870062 0.7737030928581214 0.8064943743547742 0.7771267577732536 0.8060476353017075 0.816022288119187 0.7903791122292797 0.7771201511647591 0.7808602733806292 0.7396087404880953 0.7314784531324592 0.8236179692878673 0.7783996502590961 0.7503169025181587 0.7662319531382003 0.7723596264914694 0.759168616501585 0.7640238231371879 0.7570484456726121 0.7619453962914982 0.7667733742153183 88.81 0.0005 0.01 32 resnet18
0.13003556678870062 0.9058959901737279 0.8782990688208132 0.8736805441238927 0.8746966720026247 0.8770061239936845 0.8790821554255263 0.8902391082955018 0.8946215671942923 0.8910131201491748 0.8949495778927195 0.8992777138485865 0.90349047336953 0.90303038424044 0.8934464052032238 0.9006347289846169 0.8978368163140861 0.8996600653530098 0.9030899582757683 0.8965437837664542 0.8984738458620026 76.9 0.0005 0.01 1024 resnet18
0.13003556678870062 0.9505407572670161 0.9272838609959777 0.9238740917958935 0.9284318498130781 0.9288130021830588 0.9353665969671066 0.9342793876612591 0.9326718603849419 0.934137693707447 0.9312193055952044 0.9288740421868887 0.9285017514560194 0.9264585381563597 0.9281490606624326 0.9242072879117349 0.9251287137753939 0.9270453933950631 0.9272058159656636 0.9236489450324554 0.9277819684529897 72.94 0.0005 0.01 2048 resnet18
0.2908245681151324 0.8543459656987874 0.8387994950441156 0.8218593789617914 0.8479307952902867 0.8149486934825693 0.8581865651099098 0.7954309674876617 0.8538518550148549 0.8422599163375704 0.7782567411409859 0.8229651071798401 0.8403774634421508 0.8159636468154724 0.7963587338328192 0.7838058680555935 0.7791700557679333 0.773641261546533 0.7708448451555037 0.7766663896999675 0.7804300140551093 88.85 0.0005 0.01 16 resnet18
0.3230990190628733 0.9337016042574748 0.8744133439015797 0.8785651067922767 0.8836046685639057 0.8896507153612884 0.8977184621511642 0.8917123500351775 0.8947905926584805 0.8962045589937047 0.8977145467610056 0.8968096464878259 0.8886644406096635 0.8934604709377797 0.8923807253956209 0.8940374454246875 0.8909873864557093 0.8860425351251655 0.8910218687875053 0.8896789108456082 0.8879411655549265 74.37 0.0005 0.01 2048 resnet34
0.13003556678870062 0.7539845419525752 0.7746748022009652 0.7809088638765526 0.788933859040193 0.8312091771333421 0.7676627858008479 0.7487173504799397 0.7572253359746786 0.7699535990985495 0.784476491214892 0.7631713708243423 0.7804603088684411 0.7933985011257907 0.7707327946974577 0.7666994820291254 0.7459740310235472 0.7711094724782812 0.7663220380733758 0.7545113891878779 0.7518625279485879 89.07 0.0005 0.01 16 resnet18
0.3230990190628733 0.8151563758757904 0.8138802128439521 0.8515216215776344 0.8353647030223135 0.8369960504986795 0.8516502820446117 0.8488183167214531 0.8550040983879869 0.8498508555076826 0.8529305593105159 0.8526786232788498 0.8473363797117929 0.8414258000568409 0.8439334243483054 0.8471180709536338 0.8378771915658122 0.844850486987814 0.8419611606312827 0.8442156803274247 0.844647965380052 82.61 0.0005 0.01 512 resnet34
0.3230990190628733 0.8325103758748053 0.8940359581054335 0.8967379262193501 0.8968454255792588 0.8954017330249592 0.8944044268057086 0.8899326115009574 0.8931960867764849 0.9015244078536359 0.8939192412374112 0.9083053646894248 0.9028561348092607 0.9079212715639434 0.9074425706209894 0.9039266678720377 0.9026818255916603 0.9031369929224329 0.9055094355871184 0.8977908669335433 0.9076378118157055 78.66 0.0005 0.01 1024 resnet34
0.3230990190628733 0.7999200987335509 0.8150417690225251 0.766784229498232 0.77165476466938 0.7741482884440001 0.7808618461534168 0.7927468972404271 0.7840495356483757 0.7876664513708792 0.7935570612661964 0.7921095498521116 0.7977976171672375 0.800648453219397 0.8066243953854166 0.8115818791848457 0.8097095641219506 0.7955287331593667 0.8082561326861076 0.7998809305409563 0.8159553205189825 86.0 0.0005 0.01 256 resnet34
0.3230990190628733 0.7975080493466028 0.8051676364815656 0.7893896018553367 0.7532664152388489 0.7577688451906988 0.7936272124213158 0.8151201042323609 0.7920209799054073 0.7522100617385667 0.7245182975487672 0.7749021524299117 0.7263650979545124 0.7654823776033749 0.7383152750854123 0.7573590966904856 0.7672723964742701 0.7464057475604426 0.7496792107999305 0.7459293395880171 0.7558634589356213 88.44 0.0005 0.01 64 resnet34
0.3323559494667531 0.7970984370961953 0.7602300349637044 0.7792226011265997 0.7768259717515398 0.7836590365273395 0.794581844918713 0.7695464170920191 0.8024704692837239 0.8074275392993792 0.76556830406479 0.7918032706341546 0.7427518784351534 0.7909022865931971 0.7518286806693549 0.7701314520704411 0.7766441664515813 0.7575171757810797 0.7617460519490048 0.7558414266828509 0.7555193606116424 88.81 0.0005 0.01 8 resnet18
0.03700148166104666 0.8833203734386119 0.8505913832981465 0.8418746897070816 0.8498210514069959 0.8504350330488015 0.8511750425154855 0.8505688890656414 0.8529259371837867 0.8525946821872631 0.85485310773979 0.8404204471740246 0.8505609301713212 0.8522250856480723 0.8416017752091949 0.8424769428753314 0.8592039036766147 0.8429987134050198 0.8596969200592456 0.8518268850318422 0.8459921620784696 79.2 0.0005 0.01 1024 resnet34
0.3230990190628733 0.8280450738663623 0.7792447868030703 0.7600862349242985 0.8309244767638891 0.8097624943059032 0.7900736968876462 0.7841642943718944 0.7876233714586782 0.7838924146352827 0.7976961883335746 0.8035050061849219 0.7616330584750619 0.761341906190883 0.7909941576052216 0.7759726069926213 0.7817827979878739 0.7691471637176249 0.7790494394940994 0.7871495050114586 0.779624194459963 87.87 0.0005 0.01 128 resnet34
0.2908245681151324 0.8653224917687089 0.8024882817244132 0.8254267471633681 0.8409284692167973 0.821826842066876 0.8130259336025526 0.8293238078662846 0.8313241010111747 0.7855420704822303 0.8226047726698934 0.824731804757178 0.8218524913320298 0.7968549897360829 0.7960482851838836 0.7916839215989383 0.7775897575361889 0.7874001602745169 0.7694492888468686 0.7885211265070979 0.788059309400349 89.3 0.0005 0.01 8 resnet18
0.03700148166104666 0.899008996914729 0.8720082176837741 0.8699537416692371 0.8570139406846244 0.8777076758365503 0.8759851411788918 0.87360875695253 0.8772150045389848 0.8866887731750629 0.8769193046606815 0.8788831732891942 0.8769648028654955 0.8835011026913562 0.8781662313199966 0.8874654874349307 0.8748702558734861 0.882587496165913 0.8861127462234305 0.8796432149899179 0.8799458303288756 82.05 0.0005 0.01 512 resnet34
0.03591659791743411 0.9556841741430928 0.8773384551622234 0.8750532322581082 0.8886690630289759 0.8867992080296884 0.8882482579548902 0.8887428863538952 0.8842015307360057 0.899549516161346 0.8948105368844341 0.8961756156060519 0.8966074536048567 0.8941339362622597 0.8873636792005538 0.8918916208146246 0.8935210073007372 0.8914178728470644 0.8876740967595693 0.8980983233967134 0.8961190436636827 79.46 0.0005 0.01 1024 resnet34
0.03700148166104666 1.0343491391298056 0.9723397802102575 0.9816648549718794 0.9898120632382565 0.9894112098994424 1.0025061877008046 0.9988519261344941 0.997948707998802 1.0066693444793866 1.0055619603815698 1.0066051027681828 1.0057589403821108 1.0020097113078357 1.002594284406936 1.0026090038725348 1.0012093376727293 0.9981534798754926 0.999076859692932 1.0020436643201824 0.9998283608553942 74.43 0.0005 0.01 2048 resnet34
0.03591659791743411 0.8633643740080836 0.7988080486952728 0.7630122923205718 0.7993900962353909 0.7898529144520415 0.7953531633646291 0.7985972287777423 0.8004263270831653 0.7869486830239653 0.817042915564818 0.8205585057034881 0.8125206819701754 0.8120040061651718 0.7996474035805241 0.8049819083783403 0.8055044870880665 0.80920065504535 0.8053136938973914 0.8084178481970157 0.8080788967527135 87.94 0.0005 0.01 128 resnet34
0.49257403922096893 0.953996369025542 0.8526088158364685 0.8150750074228255 0.8065832752924241 0.8036472321563494 0.8039915939193097 0.8076344391873588 0.8166324401942248 0.802158762322501 0.8036126289579016 0.7994140318720778 0.8034185403657348 0.7977922118982306 0.7945660252216075 0.7932332441679041 0.7888840899452997 0.7987768625441184 0.8020007620292644 0.8092747769157325 0.79712310449496 80.28 0.0005 0.01 512 resnet50
0.03700148166104666 0.8525885250837927 0.8541955376767603 0.8024798918735297 0.8062882206997962 0.8067055426741371 0.8007671815153137 0.8172560633412257 0.8170728409004601 0.8273483174176376 0.8174742664341237 0.8169190479945219 0.8189945738826685 0.8288726255389491 0.8255918385522212 0.8212187460735944 0.8265042715758466 0.8262346340112026 0.8219498927798863 0.8272514979345137 0.819519506872778 85.75 0.0005 0.01 256 resnet34
0.3230990190628733 0.7828234743127942 0.7794623438099264 0.7886914737651992 0.8122208313734665 0.7800314993526772 0.7849729190572573 0.7927477435377199 0.7368864067861131 0.7979739938853492 0.7508848217149446 0.7880137053561047 0.7735808033882631 0.7803513216193513 0.7514366148609107 0.8043683732768449 0.8058247333151514 0.7887564647869928 0.7960400397747429 0.78572215565081 0.7930744379265551 88.45 0.0005 0.01 32 resnet34
0.03591659791743411 0.7821099897185264 0.8142915068546358 0.8278234145898314 0.809532355163972 0.8101227592541378 0.8009982673482942 0.8131177731160898 0.8116378008953355 0.8159948012504301 0.815821807326682 0.807755582683602 0.8099453738592781 0.8010225021930729 0.8115886311836618 0.8062248320622423 0.8020104517452328 0.8004389595303077 0.8080515270293661 0.8028860483779551 0.8115258520376666 85.07 0.0005 0.01 256 resnet34
0.03591659791743411 0.9519704799024324 0.9612401007157877 0.964401737448935 0.9640871887090384 0.964247689201324 0.9623291992614114 0.9596650719674936 0.967318651151123 0.9691489704488587 0.9661044611108062 0.9703219130397475 0.9688534538152835 0.9705364338316191 0.9750791782802213 0.9667455894268813 0.964174980940262 0.964608812859996 0.969584785000093 0.9678130141218285 0.9686833412715345 74.88 0.0005 0.01 2048 resnet34
0.03591659791743411 0.7495685389918155 0.7889690348341922 0.7801664183038949 0.8085661771269923 0.7788405423914507 0.808978290044431 0.7741022716668314 0.7645481853555318 0.7662577832603139 0.7802409805829835 0.7718546534968549 0.7936322696902153 0.7558211311289385 0.7539062644197436 0.7436524910909198 0.7558895422389275 0.7540988087176218 0.7523756467786689 0.7544370788745741 0.7355144095761342 88.23 0.0005 0.01 64 resnet34
0.03700148166104666 0.8122052600717052 0.8096927269774288 0.8246464062063591 0.8160997100786617 0.7730429414626808 0.8239660679986278 0.8247408169509446 0.861578059477957 0.8853197311636448 0.8062707853236724 0.8392028214234449 0.809852490914391 0.7829854820836982 0.8028829403237171 0.7898377054625602 0.8013965236843162 0.7769665562509604 0.7834591320367247 0.7795798387263366 0.7876588597962094 88.95 0.0005 0.01 64 resnet34
0.13003556678870062 0.7933539978174357 0.771901233173327 0.7363395027391849 0.7803478629296166 0.7749908502950156 0.745326446955445 0.7706901054246015 0.7176091236543398 0.7846978955456939 0.7802759721146981 0.7887728579007015 0.7370062448163135 0.7819075644562707 0.7673135350745832 0.7573316118496614 0.7380410742700686 0.7595759071618541 0.7391136816179954 0.7326707972496576 0.7421857100403934 89.27 0.0005 0.01 8 resnet18
0.03591659791743411 0.849645763330904 0.8445064517208691 0.8450806535880229 0.8478047167477368 0.8448990614454108 0.8444423152509275 0.8527284404394518 0.8535153029682705 0.8495204712081207 0.8596855663669887 0.8490359645225867 0.8532638437702658 0.8534489910312092 0.8615842117223376 0.8592328079374836 0.8485595639181761 0.8562595245637374 0.8611591063920255 0.8563297699608465 0.8581218919469454 82.7 0.0005 0.01 512 resnet34
0.3230990190628733 0.7980906807986143 0.7503875475778397 0.7606829766545572 0.7602651316442228 0.8429589065759084 0.8201485778287723 0.793314998222593 0.7911426549463105 0.7889465713113171 0.8190774447025718 0.8215269348788149 0.7644110354768169 0.7589760448116347 0.8031189054276705 0.7578452491243074 0.7529630031431097 0.7523542372893327 0.7448407462416795 0.7523903871757693 0.7503119558701361 89.2 0.0005 0.01 16 resnet34
0.03700148166104666 0.8738835919905399 0.8311553774035539 0.8277529702077543 0.8402790358344328 0.8391697307129273 0.8426487198610476 0.8507465889193404 0.828605149517475 0.8155490849444965 0.8020689925441932 0.8402603409640159 0.8509055387081059 0.8574030936541539 0.8595414162530466 0.8602736428154807 0.8542065737510967 0.847879149832076 0.8484533729042296 0.8529607974122257 0.8485379338910046 87.67 0.0005 0.01 128 resnet34
0.49257403922096893 0.861302722878861 0.90020400850836 0.8283794661626628 0.8439975057080056 0.84996282673731 0.8366646185499992 0.8292585720832735 0.820473498037288 0.8219746403288143 0.8115680310897109 0.8179273855684704 0.8157280626614843 0.8078341257529273 0.825135159054584 0.824666999736759 0.8141838720351201 0.8159315002017974 0.8185249105279354 0.8109311517277221 0.8072303336030893 83.43 0.0005 0.01 256 resnet50
0.03591659791743411 0.7484308966250411 0.7367986268749641 0.794542450599662 0.7349224549480323 0.798546810990236 0.7946172197037226 0.7840915784861034 0.7908040877129519 0.7664633330544067 0.8229889611769129 0.7527216383618986 0.8126669475808029 0.8097353819467276 0.8113745386382206 0.7653879912508116 0.7740928529280056 0.7861031550115145 0.7882569490291528 0.7914564767381776 0.77328394015105 89.04 0.0005 0.01 32 resnet34
0.2908139161201516 0.8522139740262028 0.9155496137090681 0.8718362158945454 0.8576118927123675 0.8642893155515963 0.862704755952791 0.8732381962128151 0.8562473531894988 0.8528456232607775 0.8584895244985397 0.8618991137499996 0.8627577361030986 0.8686719061127893 0.8639622007218215 0.8617351180289942 0.8622645976344065 0.8605793295267498 0.8514124857679747 0.8608603742654313 0.8684275898467824 83.67 0.0005 0.01 256 resnet50
0.2908139161201516 0.7748515208132278 0.8131478288009891 0.8118914734147424 0.8155080009083788 0.7976326680375279 0.8379307649305655 0.7865287393582284 0.7899514863656063 0.8127277131143377 0.8197701668947931 0.7957660722644198 0.7736785618597527 0.7951719188179376 0.7845529849248605 0.7898110381792216 0.7882995836765312 0.7828276967299398 0.7896197597146255 0.783596147233043 0.7804464181031635 89.29 0.0005 0.01 32 resnet50
0.49257403922096893 0.8370375372287113 0.7995987159230541 0.8446631752206716 0.807740741952252 0.7783918844661784 0.8105683067248673 0.8317945501018785 0.833140281041739 0.8206147994557828 0.8175066522627731 0.8098850788228118 0.8226398601913074 0.8127246254704288 0.8410370359016934 0.8314636917365474 0.8396921822489162 0.8225424767150642 0.8211216819637853 0.836189015155581 0.834851881722704 86.29 0.0005 0.01 128 resnet50
0.49257403922096893 0.8178481765608342 0.7837996364101724 0.8018330309310044 0.808894862650623 0.7965672550594869 0.8317400168303144 0.798812104196207 0.8196802377183147 0.8207892193896704 0.8517679698187619 0.8016470175576634 0.8233524829470834 0.7553983652621429 0.8403498009183281 0.8045627964532066 0.7950930759758681 0.7673585337317632 0.7819851679130124 0.7831843762291618 0.7804022198214488 89.91 0.0005 0.01 16 resnet50
0.31025709595879264 0.8929325608092006 0.8885912012441121 0.8776061198149264 0.8931052639587642 0.8746852937961233 0.8873241345634607 0.8984957552800706 0.8869220060231601 0.8842050926499687 0.87975152248357 0.8932591767913067 0.8830872949454389 0.8844274829090074 0.8937010679613796 0.8847548207396246 0.8786997360307705 0.8859663093902587 0.8763090251799704 0.8793066061567909 0.8863820496832191 83.52 0.0005 0.01 256 resnet50
0.03591659791743411 0.7712059884858313 0.7826999915884827 0.7403762786802126 0.7455993290718304 0.8148964276322314 0.7695483629512733 0.8148147236876409 0.7999505112779454 0.8296891001460233 0.780501585422505 0.7951450628850526 0.7633373498752067 0.7712579123042397 0.7560382179225041 0.7268428372244964 0.753669679789149 0.761585019677228 0.7465287257667487 0.7587112116709579 0.7468868342824507 88.98 0.0005 0.01 16 resnet34
0.2908139161201516 0.9123928027425947 0.8979364631958656 0.9188530025318917 0.9140821055124703 0.9175751765429879 0.9103113294769736 0.9146421932391141 0.9173723198358714 0.9123566360318885 0.9110039670987825 0.9180331076802329 0.9151420926592495 0.9193391689974706 0.9081791399915292 0.9047386188056332 0.9253561772687016 0.9183750407270989 0.9266390207044078 0.9197848138093427 0.9096510721367365 80.33 0.0005 0.01 512 resnet50
0.2908139161201516 0.8435692675079981 0.8444658998555336 0.8875012844767896 0.8079080683539136 0.8974253923134095 0.8529442674747344 0.8156227038023595 0.8415297098911888 0.8434366468304575 0.8493431263881912 0.8652342848724295 0.8553414147390008 0.8564295218015616 0.8544160493593721 0.8682481564627922 0.8589814943070238 0.8667391033666751 0.8521432647806764 0.8543014940058746 0.8514524172759963 85.49 0.0005 0.01 128 resnet50
0.03700148166104666 0.8602750893986822 0.8470045486463731 0.8277577407473123 0.7934095769562732 0.8432758244301284 0.8325696748252309 0.8846471796021913 0.8134661784231133 0.8491480656866137 0.8407114566305474 0.8030531466771693 0.8128520531081219 0.8516859725972391 0.8565718681093122 0.8121480126192939 0.8396081117640667 0.8296134742504832 0.817587737253893 0.8266962677125709 0.8085980291348481 89.27 0.0005 0.01 16 resnet34
0.03700148166104666 0.8015655704116527 0.8723408109538497 0.8096565869109318 0.8797152500529828 0.8332802563818795 0.850123021542903 0.8354886840913118 0.8297843721667583 0.7533189026243086 0.7775546937198402 0.8571648565734007 0.8420655992356784 0.7945886309241577 0.7528171544112358 0.776667319223468 0.7657787695879482 0.7670513758919355 0.7685092334116587 0.7655713799768792 0.7525259281549985 89.74 0.0005 0.01 32 resnet34
0.03700148166104666 0.8900699545178903 0.84227107227148 0.8398187488481712 0.8522891873286905 0.7963500698965597 0.8605405190856814 0.8564994071649527 0.8064530875404641 0.8079618074170287 0.8472937532200957 0.8078240765241368 0.8209657390969852 0.8105903055845785 0.8182278488312725 0.8112476372237372 0.8153648887150372 0.8312544135306859 0.7914528160587487 0.809546043335063 0.7896025374057717 89.38 0.0005 0.01 8 resnet34
0.31025709595879264 0.8441896690772236 0.8872533870883563 0.8542087769690972 0.8746781310885855 0.8449751648596081 0.8462781087301984 0.8516410140698237 0.8496734755364542 0.8484330204473832 0.8498381079861876 0.8515130086829271 0.8619735958861905 0.8259992108622594 0.8281273755809113 0.8037915564674806 0.8204476397159362 0.8150064729287666 0.8271785454453756 0.8199009176004612 0.8243413338020918 86.5 0.0005 0.01 128 resnet50
0.49257403922096893 0.7914904253314538 0.8253194516212041 0.8637470793309631 0.8047432221121855 0.7958766157992214 0.7647855328305873 0.7909529218581786 0.8061435132130658 0.7964419353054544 0.8072705783665985 0.8304385716308552 0.7148235594546106 0.7411877653652058 0.7588899462915729 0.7418809582436289 0.7575300140401053 0.7502197000507455 0.7285749289199235 0.7406568566803893 0.7451163032962149 88.5 0.0005 0.01 64 resnet50
0.31025709595879264 0.8856126703122423 0.9204930749250214 0.8512208464824793 0.8544273787657666 0.8205466338899602 0.8176491969435008 0.8509541858680083 0.8169967542333403 0.9055004552064928 0.8711607434918044 0.8693489683210587 0.8592747727581234 0.8291049967158862 0.8055723789448795 0.8243908325412248 0.8117185037082618 0.7886859431265859 0.8049248493617227 0.8125940852617077 0.8077913233370837 88.5 0.0005 0.01 64 resnet50
0.31025709595879264 0.8685764700107417 0.8725618173751605 0.8051984941588585 0.8374806516999185 0.8484110835487815 0.8331614796094415 0.8628799085256458 0.8132350022630177 0.8256863136787882 0.8166888423320825 0.874526205133948 0.8340543556063684 0.8543314062046475 0.8123171094935207 0.8089203548266526 0.8656223197497601 0.8078337889246126 0.8003502986558806 0.8208089463248317 0.809456715601587 89.35 0.0005 0.01 16 resnet50
0.2908139161201516 0.8137242451638563 0.7678600288127292 0.8459007130422984 0.7728867807711823 0.7798318009731108 0.81461047012581 0.800011663265402 0.7964341134040356 0.7653766414716242 0.8127748304292243 0.7825784810219503 0.8047710235223959 0.7937124043713257 0.8084547303334317 0.7547082268716779 0.787913473943358 0.741720933590228 0.7402309140784006 0.740213683766416 0.7395259324341416 90.17 0.0005 0.01 16 resnet50
0.2908139161201516 0.8014007180324437 0.7810769230122864 0.834165724055181 0.8615596361919243 0.8072608977974101 0.7629707043245633 0.872815513057854 0.8117918128618122 0.7906339278060988 0.8028175160167145 0.7807885471294004 0.8051422204224679 0.7719524763832482 0.7728178873904248 0.7878683269539799 0.7694606621155305 0.7858953791169534 0.7974455510819096 0.7890270655766219 0.7882030528356754 88.38 0.0005 0.01 64 resnet50
0.49257403922096893 0.799227318699689 0.7905995257448566 0.7937354368149064 0.8194229725029639 0.8004851117744152 0.7713673614968626 0.8296898130000883 0.8418990226833551 0.7859626247968414 0.7667428056064775 0.7670175668281614 0.7329457311066705 0.7845568205974801 0.8104820237665248 0.7798206703777456 0.7647779541717423 0.7518635432449936 0.7618122176876106 0.7659233547833694 0.7549533478447059 88.75 0.0005 0.01 32 resnet50
0.31025709595879264 0.8319506736654625 0.8137790453368149 0.8603281438798882 0.8419935637453011 0.8555221582189444 0.8611233147238508 0.8243667434268699 0.8625385374551723 0.8477780518015864 0.854796324855796 0.7849297801456797 0.7871831313037911 0.8294789396662465 0.7948102141395779 0.8098805347542837 0.797261655588343 0.7940730738222793 0.7843740925563975 0.7778312702075102 0.7892979229676174 89.28 0.0005 0.01 32 resnet50
0.3230990190628733 0.7565776887102165 0.7504401000714093 0.7583304442482937 0.7745023274534798 0.8072844432087457 0.8209445066227379 0.7810948209555063 0.7480407535183504 0.779972864946441 0.7845279777552561 0.7834391847119968 0.7765033419965088 0.8189139171391525 0.8018132834233657 0.8053242144819728 0.8049970922756028 0.7781033697509274 0.7817298844568906 0.7905182937708432 0.7609983072113918 89.47 0.0005 0.01 8 resnet34
0.03591659791743411 0.7496889230370307 0.7794572468969713 0.7572701140875118 0.7865856382404586 0.7834746298301382 0.7527662230676293 0.8040457899358319 0.7592644044079134 0.7501313393755054 0.7908129928306529 0.7545430711565413 0.763076630460375 0.7630246140973331 0.7647630805408236 0.7256088474969944 0.7436087379206975 0.7365175370619649 0.7308298588689521 0.7257116129282062 0.7332330180588137 89.11 0.0005 0.01 8 resnet34
0.49257403922096893 0.8469152700964802 0.867922023429206 0.7469380076326639 0.7683645086999431 0.8341403668085031 0.8223923187422169 0.8228197722099732 0.8264256546926733 0.8282930377072039 0.7788771020920123 0.7788438236421787 0.804317268420574 0.7980591007962032 0.79887831929075 0.8350334631494922 0.7777545663086975 0.7742441545129379 0.8039591616465371 0.7937730770099707 0.7888077164772516 89.65 0.0005 0.01 8 resnet50
0.31025709595879264 0.8398176329458561 0.858196334341676 0.8772651481413878 0.8749258354588324 0.8078300928327655 0.8293880482450982 0.8479600191275821 0.8264436283539562 0.8478650140146279 0.8824607916798055 0.8431233870856988 0.8724725028195967 0.8162279680437243 0.8440062903156368 0.8030992589773913 0.8042385872545171 0.8110328396676759 0.8249175426527557 0.8018444037020964 0.809027728380575 90.26 0.0005 0.01 8 resnet50
0.2908139161201516 0.838274027651572 0.8003634786929794 0.7861403015239093 0.7939595593593032 0.8153578600555843 0.7976481100261041 0.789594075970723 0.8001500434197473 0.7629585465500972 0.79345998200409 0.7955322515133822 0.7864050136174828 0.7849705335661163 0.8439791365884004 0.7667058290810034 0.761862211609715 0.7824070696859696 0.7492117202345695 0.7457289064433009 0.7507579166711974 90.23 0.0005 0.01 8 resnet50
