0.0 0.8504720763351479 0.8392123381556218 0.8814711433535538 0.8721046909372313 0.8676578355284077 0.8685603524955665 0.8667947939293988 0.8670534035215723 0.8685884500376294 0.8675688426935853 0.863775311386409 0.8701654068796119 0.8569734875668915 0.8718097006284092 0.8653383724895037 0.8671958003492467 0.8599978215261204 0.8671462828766517 0.8625734055693567 0.8619401853180086 82.76 1e-06 0.1 1024 SimpleDLA
0.0 0.8109322662830336 0.7836110674822655 0.818419900707259 0.8296237929756312 0.8282166284372653 0.8313525428910176 0.8296771960523478 0.8304471800189119 0.8281468639345523 0.8309078053260179 0.8325013845282564 0.834370155435343 0.8314994832602624 0.8310488511394842 0.8365364274553007 0.8330535936295272 0.8311366002276341 0.8285554733893824 0.8320955516274957 0.8333875087309787 83.14 1e-05 0.1 1024 SimpleDLA
0.0 0.8257205390069267 0.8347545131725386 0.8168541604210122 0.8101607307200156 0.81176509254385 0.7969123397619283 0.8105316522335719 0.7994753965877942 0.8035723813031018 0.8096247641359353 0.8107016801200683 0.8140446799831773 0.8021165559122589 0.8079422345915492 0.8103986047337547 0.8106045329399663 0.8045985208339286 0.8030753452873972 0.8025146853728957 0.8052022127135623 84.95 1e-05 0.1 256 SimpleDLA
0.0 0.8603132979393441 0.8672519238623263 0.822264613546017 0.8319809339694926 0.8290384806045321 0.8301841085241795 0.8313051857828239 0.8387410318815648 0.8396583611697429 0.8288776721682298 0.8420098950731731 0.8422675964033971 0.8415275121588932 0.8419161435683921 0.8362531122207625 0.8389386192976355 0.843897659747824 0.8403444243714199 0.8377242064756758 0.8394464483067818 83.73 1e-07 0.1 512 SimpleDLA
0.0 0.8244074966318755 0.8459347215839922 0.8209517334087575 0.8203758540718602 0.8270171439944973 0.830072404489558 0.8212866332832982 0.8222430770107598 0.82067644386775 0.8333393466740437 0.8135142920701637 0.8179286544419214 0.8183977480710389 0.8201836385616439 0.820462423992409 0.8203100304767084 0.816941528645671 0.8153937952675467 0.8215600504600076 0.8232063238189873 83.97 1e-05 0.1 512 SimpleDLA
0.0 0.851320612104058 0.8514290878423836 0.8304174756155399 0.8212169438021703 0.826288316205776 0.8317942010997494 0.8317383225410814 0.8321703075507254 0.832549023483323 0.8278394836647132 0.8353589931349775 0.8358135043992416 0.8316843128193784 0.8349506401973437 0.8304090207766174 0.8311722123272207 0.8297721832125023 0.8325535934498088 0.832690443486735 0.8307279795289441 84.26 1e-06 0.1 512 SimpleDLA
0.0 0.7874697857778636 0.8357230115699287 0.837567433178913 0.8445779380373805 0.8481685607698745 0.848085061906575 0.8485229064856715 0.8523346502161897 0.8520629725021693 0.8575985169340083 0.8569923007512937 0.851660381037926 0.8543764095036552 0.8606058360462324 0.8543838644307934 0.851366618548593 0.8554100414974708 0.8570181872978462 0.8535589470982895 0.851398152665879 82.58 1e-07 0.1 1024 SimpleDLA
0.0 0.9381738261254153 0.9640840752684017 0.9603838620541256 0.968102908143904 0.9744941338626422 0.9695508384935587 0.9671473056913846 0.9840625466850058 0.9729270490557959 0.9876446873866855 0.9868126427496371 0.971368482980268 0.981311967729306 0.9877546295587983 0.9875623199013884 0.970588420617503 0.9806288574140845 0.9719138510897898 0.9860589661506499 0.981980202427093 76.49 1e-05 0.01 1024 SimpleDLA
0.0 0.838487868459479 0.8253829998135861 0.852459365252206 0.8461494826215454 0.8444336598813703 0.849204540821852 0.8465224584567966 0.8417033454708854 0.8330594295610374 0.8388832073492429 0.8443693744850432 0.8429924822448496 0.8507301270127049 0.8291844594999296 0.8494466374503905 0.8408216129247542 0.8406782164319015 0.8321365119446402 0.8458009549035544 0.8469713195927582 83.93 1e-07 0.1 256 SimpleDLA
0.0 0.8721713385904519 0.8911275905136914 0.8842726310529818 0.8885354654640528 0.8946908500187131 0.8901582392719177 0.8904748441729269 0.8910553808562746 0.8921748238284368 0.8835241045798995 0.8907169140149007 0.8910073974055159 0.8915595065306643 0.8888822209169089 0.8884383330634273 0.8861564609655332 0.8878452305387445 0.8855637359583675 0.8918931340217608 0.8922570430180542 81.99 1e-06 0.01 512 SimpleDLA
0.0 0.8239542316890498 0.8552643673322328 0.8257860327112921 0.8039765670150694 0.8161284381718916 0.8021565659920732 0.812038764690189 0.7915849111023101 0.8005641303607604 0.7938677660857238 0.7918051130166063 0.805946577213438 0.7971092613731722 0.7952558544559486 0.7964533309696478 0.7988021392326775 0.8038484665784209 0.8003278126237098 0.7948688670278534 0.792726271210747 84.69 1e-06 0.1 256 SimpleDLA
0.0 0.9163031069826475 0.8513004403452646 0.8576694433208628 0.8591943288485789 0.8670690395991403 0.8616442994776264 0.8628325377193906 0.8543588647375518 0.8568132877400274 0.8643569301250459 0.8651676889883866 0.862463366196221 0.8616725538766522 0.860881817013119 0.8632550285754454 0.8631453403710188 0.8748505440606573 0.8633689102573444 0.8600310271206983 0.8617851169972568 81.3 1e-07 0.01 512 SimpleDLA
0.0 1.1602891032380893 1.377091029767086 1.3163478249491376 1.3314314475216094 1.341175087637535 1.330377819108115 1.34165200654195 1.3479378010382854 1.335506438710505 1.3372335847601917 1.3543582892706423 1.356554111351932 1.3397802474157408 1.341003848518256 1.334422540405354 1.3381415362679758 1.356640703738973 1.3484054376812749 1.343180525252694 1.3398277812174206 63.93 1e-06 0.001 512 SimpleDLA
0.0 1.1598008025652502 1.3458973167408959 1.3497183367830627 1.337558949812836 1.3528932546771961 1.3734349703052078 1.349322900087171 1.3661459101857087 1.372872686925311 1.3582211145560728 1.358604734458618 1.356960224648819 1.3612056558753718 1.358767500246316 1.3612443443966296 1.3599919758704346 1.3725524171843244 1.3624034755313463 1.3414106370369672 1.3817353898174705 63.76 1e-07 0.001 512 SimpleDLA
0.0 1.2164228304947124 1.2519874415309258 1.2972804000814537 1.299846045506335 1.2990936720797046 1.2983019275221712 1.2768916150470482 1.282315205110939 1.2711811370843256 1.2594865052029782 1.2822157964292995 1.2745230682330893 1.2787083279039486 1.2761362935162714 1.2792127407922034 1.268498266138161 1.2898152147748498 1.2824080213156295 1.2591259610099963 1.2805032541257946 63.43 1e-05 0.001 512 SimpleDLA
0.0 0.8520696829275047 0.8376022001759392 0.8528509734986636 0.8443002293477724 0.8423757801976504 0.8560095669482527 0.8615238615870247 0.8448293437474359 0.8488082155794734 0.8398994844703321 0.8480180667725524 0.8385258534901705 0.8543714523033807 0.8374750242747381 0.8430824014135944 0.8553801900472636 0.8348952889874927 0.8469175466302898 0.84809917917014 0.8412720554075751 83.98 1e-06 0.01 256 SimpleDLA
0.0 0.8793945548923966 0.870203866399982 0.8723852271483081 0.859264698497727 0.8525628683685857 0.8579923049532832 0.8653881664032377 0.852182937137151 0.867202202053111 0.8661402313222095 0.8551549957321691 0.8645371343952732 0.8661983819951482 0.8521890103404598 0.8587382326624986 0.861180943980482 0.8631776987568458 0.8672234872414749 0.855646388539262 0.8668732844994854 82.52 1e-05 0.01 512 SimpleDLA
0.0 0.9251472329995114 0.9509484056217948 0.9633416940290879 0.9527909705950272 0.9639769961247197 0.9594151019743825 0.9602435807336468 0.9603564834399901 0.955677412418695 0.954481254776447 0.95959178931737 0.9646771118535278 0.9649305940751778 0.9566781838760059 0.9572387003805858 0.9468597009645972 0.9667832144103898 0.9648968269442478 0.9594451493521139 0.9535826780379496 80.93 1e-06 0.01 512 SimpleDLA
0.0 1.193730696376914 1.5739878296150769 1.7003090935627745 1.6865891277796132 1.7055489753150752 1.7057659345295773 1.7129256688446401 1.6911832104349989 1.6938662488276508 1.7051530786066806 1.7102597497385321 1.6998981294437394 1.7222920981899252 1.7116394935906556 1.7139680039676315 1.7261996501916232 1.7152158017034562 1.7053414509417197 1.7269366972737195 1.7166984427898826 55.12 1e-06 0.001 1024 SimpleDLA
0.0 0.969648696215319 1.1101091221152277 1.1015071180415226 1.0880193404359355 1.088459303554121 1.10498687016608 1.1115817090837445 1.1044879298859187 1.0980338794417737 1.0985816975615428 1.0932043412250791 1.0748759351611028 1.098009226628347 1.0819814586862575 1.1212105516327777 1.0919627744619684 1.0897237878429138 1.0903787090308112 1.0860411544747983 1.0787835779832446 71.99 1e-07 0.001 256 SimpleDLA
0.0 0.8660511384225685 0.8176002095539538 0.7911660254067878 0.799733515018485 0.8006745715952167 0.7966515187379538 0.7945986414829999 0.7881873223157849 0.7903596132658192 0.7930060218056607 0.7953213603273452 0.7917174804473713 0.7876495392794577 0.792348955236643 0.786989266486593 0.7910748867644962 0.7928102534052252 0.7918570456420873 0.7912675352853686 0.801810305611343 83.95 1e-06 0.1 256 SimpleDLA
0.0 0.8907784227444919 0.8540100711137003 0.8467134655636659 0.8226604745573779 0.8329123704314775 0.8429363156820322 0.8360502650905989 0.8234366500010966 0.831824168193721 0.830277847052245 0.8368456551523025 0.8472336184729496 0.8375515618536263 0.8260909274731679 0.8404624816219388 0.828398423396993 0.8333885436128203 0.8215177777944064 0.8462939992581368 0.8280478764697707 83.49 1e-05 0.01 256 SimpleDLA
0.0 0.8783085805230831 0.8791925933370851 0.8483695754304211 0.8473724931099359 0.841750961007449 0.8487697687842423 0.8346570706877111 0.8403202722796373 0.8405174313744975 0.8378244295508627 0.8350170686800064 0.8445756851392373 0.8359132259928888 0.828591166282594 0.8424660470859383 0.8347809316721322 0.8404765684864577 0.8482050001127495 0.8407092775201166 0.8383083988017898 84.13 1e-05 0.1 256 SimpleDLA
0.0 0.8854276207276672 0.8838330231735462 0.8619791168791299 0.8639406998403775 0.8613208603406496 0.8595964609064333 0.8779894071959642 0.8740044179267271 0.8702220991777139 0.8733373617960658 0.8668534157781879 0.8680223969099744 0.8572795484127355 0.8622599607617372 0.8642176310053088 0.8597069112856416 0.8684877436484264 0.8731894887683489 0.8804523571553377 0.8903708272326178 83.48 1e-05 0.01 256 SimpleDLA
0.0 0.9303857918288765 0.8955556802386236 0.9042124200101985 0.9054216020888668 0.9156311750574463 0.9032552655644841 0.9096523739701589 0.8998196092327879 0.9077784382347811 0.9174709564590496 0.9104593425281459 0.9324886729990253 0.9210988312924472 0.912757135618457 0.9165917040337495 0.9225983989490242 0.9242602470254133 0.9212786350174998 0.9210727010254124 0.9216789107457332 81.72 1e-05 0.01 512 SimpleDLA
0.0 0.864460840243491 0.8855857343514812 0.8874237379169791 0.88383050893482 0.8950988342083854 0.8773697938938827 0.9028338328087115 0.8899302191015533 0.8919451749986436 0.8954877768551788 0.8736804184398518 0.9002539949804338 0.9121906758147211 0.9006752242595346 0.9041657104673203 0.8980852927969459 0.8923045531249854 0.9000432291262651 0.9011104725586216 0.8920624846953595 83.39 1e-07 0.01 256 SimpleDLA
0.0 0.8993175543832419 0.8496467905380404 0.8229532712529496 0.8283322329196118 0.8321398228989497 0.8319236886085709 0.8390649209367763 0.8235509031700693 0.83190387656291 0.832166031947509 0.8370729226041351 0.8228631722544765 0.8330080801172186 0.8339600266144306 0.8307833334923014 0.8354691976988016 0.8352221165312516 0.8324230470410967 0.8373731965084147 0.8359279810140453 83.55 1e-07 0.01 256 SimpleDLA
0.0 1.1131879837732441 1.3513657832153856 1.327008504650638 1.3159237743955219 1.3274672701483028 1.3313848350307358 1.3322582947150554 1.32799103828119 1.332147449676928 1.3415319094636775 1.323412474643824 1.3343948509138082 1.3436030127216032 1.3203689584032192 1.3334254686230183 1.3299540744119196 1.3294398323959755 1.3150955550501138 1.3328504572888256 1.3246536879719668 65.29 1e-07 0.001 512 SimpleDLA
0.0 0.9259622457531804 0.8656100835383106 0.8607945009848046 0.8567936933209408 0.8698012402872907 0.8575292811902441 0.8621038493087179 0.8683437772703395 0.8553676571174568 0.8640396901923506 0.8660606820904307 0.864034476755455 0.8561977954175194 0.8676338409060074 0.8635092110193058 0.8594933933278897 0.8521719397662758 0.8578852390885775 0.8733680174148094 0.8731176851061144 84.09 1e-06 0.01 256 SimpleDLA
0.0 1.028363886300802 1.1546770897439635 1.1461751656835035 1.147497862354098 1.1412244116367238 1.127178380559293 1.1310568614456593 1.1328082449583865 1.1179582857084511 1.12731180465739 1.1307942070814272 1.126093524032757 1.0961418143864874 1.1207491242884362 1.1075798845814029 1.1190653668952038 1.132181565186077 1.136665631831911 1.134647281056067 1.1369451518813782 71.65 1e-06 0.001 256 SimpleDLA
0.0 0.8957928724023648 0.9189776579121849 0.9181811516656749 0.9158062627646909 0.9167692791673551 0.9213080662635221 0.9157426125775158 0.9277464779608444 0.9203717588559023 0.9198746815264457 0.9187646848910824 0.9216352995028477 0.9313486845148737 0.9297247030600023 0.9253057737424677 0.9271694128966252 0.9249690036555082 0.9232898471841992 0.9205158828008294 0.9241375832162727 81.28 1e-07 0.01 512 SimpleDLA
0.0 1.0253495571440916 1.0650615522252114 1.137455941262107 1.1611579386723294 1.1302000136003516 1.130211271546213 1.1400374649974787 1.1585649312899213 1.1533715768981097 1.144360041441324 1.1399314809727332 1.1445976286494537 1.1146840111830985 1.1387498907668396 1.1337742476051433 1.1415806063223872 1.1584681399907497 1.1314686354150554 1.1446024988066554 1.14367511427608 72.97 1e-05 0.001 256 SimpleDLA
0.0 1.0621475920576093 1.1886626906989466 1.150887242076378 1.127478337542215 1.1337325979245463 1.1275036305394963 1.131833491623734 1.133405517189645 1.1388401671246766 1.12460068595013 1.1121996983908287 1.1249519500146306 1.1448069637906064 1.1378990655499404 1.1365502280498747 1.1143638949731771 1.1618129458872104 1.1285485005819875 1.1323875692457899 1.1333346045185855 72.27 1e-05 0.001 256 SimpleDLA
0.0 0.812533033776959 0.8146101592974098 0.786832366172325 0.787620731608094 0.7732272716624796 0.776228643874557 0.7784461106814325 0.7807107571435572 0.7752289049055107 0.7797826482037228 0.7826347625198702 0.763252013230848 0.7806243547185899 0.7817765112803728 0.7708822013745242 0.7754239551004194 0.7695604864902086 0.7832587709533173 0.7696516807761271 0.7857336902663206 84.92 1e-06 0.1 256 SimpleDLA
0.0 0.8141797113680479 0.8249997059650341 0.8316052896025099 0.8170820386380383 0.8193873650110395 0.8209222337884623 0.8182803825764783 0.8189651542228057 0.8144572838808144 0.8182799852666013 0.8176490351133715 0.8254516879783929 0.8220462730714645 0.81393608396717 0.8193436082305351 0.8191687486152872 0.8197152268286989 0.8160348266673164 0.8071434513476896 0.8170476648903885 83.19 1e-07 0.1 256 SimpleDLA
0.0 1.1482471797963099 1.3557972384978663 1.3373488281837467 1.3599572274181098 1.3670459445553345 1.3534007778776656 1.3569077591796974 1.3484614779068724 1.356376686887111 1.3491638511953357 1.3581025399961006 1.3579258469733317 1.367463842662663 1.3572578046980084 1.3662598119389764 1.3512933223771748 1.3457098786135235 1.356023459987871 1.3653321509422605 1.3575585742876743 63.35 1e-06 0.001 512 SimpleDLA
0.0 0.8770627558408802 0.8441808726995329 0.8842061292116221 0.8817301954678185 0.8669476057775676 0.8801610719477589 0.8778789265793698 0.854977485281659 0.8682331440594702 0.8658176975238462 0.8647034497009664 0.8616571876283315 0.8681784856345987 0.8645503062943916 0.8633305955312619 0.8676250068432245 0.8589178096907897 0.8596301582910771 0.8706340553234792 0.8669095402574449 83.62 1e-07 0.1 256 SimpleDLA
0.0 0.8040062659010303 0.8566745891093148 0.8024372144826173 0.8226570845951069 0.8246616595029549 0.810702059461938 0.810446993071 0.8177225612684564 0.8116927218867518 0.8132875683845624 0.8145668631696826 0.8127257504144667 0.8091595654248135 0.8128935784432084 0.8162367996965314 0.8094479419845064 0.8159231436017226 0.8151955939682578 0.8092990367870188 0.811926901179379 83.75 1e-06 0.1 512 SimpleDLA
0.0 1.1576034514159292 1.3139705551918626 1.323418780878801 1.3234614506108147 1.304646269979903 1.325168536659473 1.3120775146263153 1.296391425702929 1.324646024666452 1.3054459973475525 1.304604628747748 1.299158484117466 1.3285851873035932 1.3196040039039696 1.331856023146113 1.3101646620951624 1.3093778256708728 1.302736569070649 1.307316086422488 1.3104196863730775 64.06 1e-05 0.001 512 SimpleDLA
0.0 1.0250628295251096 1.1246025373660817 1.1438415235593116 1.144273001119492 1.1808757376059897 1.1606669426852463 1.166030019009766 1.1970834541136721 1.1583686355448246 1.144155428494353 1.14631856924015 1.138514973260329 1.1141798679658292 1.1624576557080344 1.1522814467580436 1.149462743401652 1.1333244778755869 1.1751012072144433 1.1619419295714788 1.1814717093630263 73.58 1e-06 0.001 256 SimpleDLA
0.0 0.90275127687823 0.8966943643661484 0.9043435987110605 0.9128906653144778 0.90558983113855 0.8966376101265413 0.9088999439106406 0.9051708099963075 0.8984218494764117 0.9168498832701079 0.9142503272275018 0.9146496502014207 0.9116026114064835 0.9185667423650744 0.9125725284480253 0.912876850465406 0.9116565824221904 0.9112831196593256 0.9169194877027916 0.9089125528290944 80.69 1e-06 0.01 512 SimpleDLA
0.0 0.8060055288876036 0.8096418365777253 0.8247186492911793 0.7926650861457835 0.8180009429091755 0.8122967563843353 0.8071243442160287 0.8085923576299233 0.8029890185419555 0.8072961073319184 0.8155685996824498 0.8240603289519322 0.824145254152565 0.8032243888485118 0.8166400231592839 0.8143345487160829 0.8090761091223102 0.8140649177879448 0.8180529769796395 0.8076255101678149 82.92 1e-06 0.01 256 SimpleDLA
0.0 0.8337897557041012 0.8927993895663611 0.9094674069557855 0.8970987789957211 0.8963671429960509 0.8982527963723025 0.9033143618804406 0.8957645453950474 0.8950644777355877 0.9074316161352303 0.9050909366754913 0.9057632053884102 0.8995981271106192 0.899325362856697 0.903602537589947 0.9050231448861442 0.8937385190903464 0.9008461192918178 0.903356889128816 0.8937043451271746 81.34 1e-07 0.01 512 SimpleDLA
0.0 1.081951260683433 1.1055721871915731 1.0748051532533895 1.0793108010971426 1.0999621527857726 1.0880694940662194 1.0921442065395182 1.0849105494464306 1.0929453687582567 1.077241820327667 1.0975285951958613 1.0954261392341829 1.0982650459770154 1.0781287366100052 1.091760900027226 1.0852479465176044 1.0774298645137836 1.0793313435193344 1.1096039725829279 1.0900932934930376 73.37 1e-06 0.001 256 SimpleDLA
0.0 1.0986974251835395 1.089166781049567 1.0807706004050939 1.0845964901976657 1.0848152675976896 1.1002085358307447 1.083438446837227 1.0770580468250792 1.0868554901228829 1.0942837659174547 1.0973433152875378 1.109705739602001 1.10589150065642 1.1025784671220753 1.0924066580618632 1.1185341873119017 1.091509848637908 1.1069079982985448 1.1002527560096027 1.0938787306689837 72.83 1e-07 0.001 256 SimpleDLA
0.0 0.8301951285203554 0.7922869423349768 0.8060090214630603 0.7968479445424073 0.8138960606022455 0.8085562775413304 0.8135500590804117 0.8008894065949093 0.8074107157822659 0.8109874072111734 0.8075033621324189 0.8007510693064597 0.8099643849681024 0.8167423572693133 0.804038962164617 0.8069193230022258 0.7937767141434814 0.8072600672204112 0.8115030368507512 0.8036468768508804 83.62 1e-05 0.01 256 SimpleDLA
0.0 0.7960230023555718 0.8239146836460423 0.8411749503801702 0.8171779407180944 0.8240254847651453 0.8318662923219131 0.8313788583494393 0.8286947050787262 0.8309923041419086 0.8311839418939729 0.8414768313478895 0.8300713023596278 0.834665044963198 0.8296371928956807 0.8394739700243509 0.8354458212991124 0.8324772071021781 0.836060938867302 0.8331703266390423 0.8296094360159489 84.93 1e-05 0.1 256 SimpleDLA
0.0 1.0512533690550334 1.1024924304291248 1.0762569019130017 1.062285840902103 1.1360419369544348 1.0935666741617358 1.089745630687806 1.0898720484497455 1.0940938127537667 1.1003259347918055 1.1033639942537987 1.0872649058169954 1.1132243487150664 1.0791462204601632 1.0727217157459363 1.06849728641279 1.0781061500036706 1.1129145959255669 1.1088016048109888 1.095539738377087 73.34 1e-05 0.001 256 SimpleDLA
0.0 1.0366757964780688 1.0624646643861233 1.021912075873608 1.0126286429954148 1.0225215052256877 1.0282163142405913 1.0195565426947928 1.0108835261947768 1.0154758352092959 1.0210778527763693 1.0256041062000198 1.0293509031268344 1.0271145206133292 1.0044324907500042 1.020575107663619 1.0117321312891296 1.0157516489799492 1.010996336981578 1.026629669541663 1.021102321625665 73.06 1e-07 0.001 256 SimpleDLA
0.0 0.8627565871782472 0.8256742968003463 0.8950378390622913 0.8565552122116439 0.8592265691370967 0.8838106713393954 0.870821842952111 0.8850283983464174 0.8788342113170253 0.8889605511408238 0.88443930893587 0.8867867765962029 0.9034103016994987 0.8959990054091905 0.8940442279504944 0.8837099513909094 0.8847403409510783 0.9052984797005429 0.8885035257979781 0.8857714536080377 80.24 1e-05 0.1 256 ShuffleNetV2
0.0 0.8569206308992954 0.8349376931897002 0.8242058865493975 0.8604514637610855 0.8431540405917923 0.8641802042920262 0.8509924864211855 0.8402937477129666 0.8562285779089817 0.8659295772728585 0.8622852290208156 0.8571499786597292 0.855129300381367 0.8780276453858487 0.8616755258533694 0.8547372605773024 0.8552281721752101 0.8602383564738207 0.8579497899921321 0.8737841772506717 81.82 1e-06 0.1 256 ShuffleNetV2
0.0 0.9011120168763312 0.8605484945371135 0.8694297980276557 0.8807388996749171 0.8839256920390117 0.8807080534033751 0.8902583883093209 0.8843193790343399 0.8796664667771065 0.8824298504068656 0.8856479808116947 0.8804629369272036 0.8808204656747585 0.8843668444868088 0.8792276138534453 0.882417973500734 0.8727866905762055 0.8714882446249038 0.887309134215798 0.875823578833151 81.21 1e-07 0.1 256 ShuffleNetV2
0.0 0.8440453529364271 0.9412056612636133 0.9046808432433567 0.9269163420213786 0.9340973039396246 0.929763071644852 0.9257763304475165 0.9272706745537189 0.9265703265444677 0.9308772921318423 0.9343544936209532 0.9351105741181872 0.9364805346262393 0.9402982183078198 0.9284305138626631 0.9226817073993899 0.9333628296940595 0.9312871175973624 0.9292569354736918 0.9335768819137958 76.47 1e-05 0.1 512 ShuffleNetV2
0.0 0.8460088739209966 0.819082574866329 0.7934949285502616 0.8156137918360323 0.8152683485375679 0.8196377192742925 0.812851571696562 0.8141503614169452 0.8234615205581313 0.8116761925929129 0.8162259633639072 0.8201671557401734 0.8151805504674844 0.8059194313374882 0.812969398309949 0.8186405861645185 0.8261533447653028 0.8077843916426573 0.8101230757905337 0.8199102295607048 78.27 1e-06 0.1 512 ShuffleNetV2
0.0 0.8692151879099823 0.9036356291824754 0.8752607093250805 0.8855325464046071 0.8872011728802026 0.8845885636332146 0.8903275705882753 0.8740773050496337 0.8779511906747135 0.8851616809814762 0.877377229779284 0.8771968269644601 0.8802949398277964 0.88387724598242 0.8668478425602075 0.8728330323033049 0.8876348791083002 0.8820267593913605 0.8750565412192516 0.8793264185201783 77.32 1e-07 0.1 512 ShuffleNetV2
0.0 0.8650054620195281 0.9204803204889366 0.9395051369068439 0.8841855226482602 0.8860467385037029 0.8813677783892153 0.8951942619168716 0.8902329140813166 0.8888659090529965 0.8934471500145171 0.8996467675249904 0.8969802311738698 0.8870603063762009 0.8992909673916474 0.8937743469932405 0.8887236503470645 0.8923397111846835 0.8956086887282639 0.9026581187046269 0.8872109664117217 74.67 1e-05 0.1 1024 ShuffleNetV2
0.0 0.9296704230704362 0.9241898536990948 0.9401309472177916 0.9204187810891438 0.9118536332124754 0.9147828723086863 0.9155085896658316 0.9125149986843565 0.9101018865126922 0.9122694695250116 0.9090119453895826 0.9148040167480049 0.9204732556267216 0.9120457712245812 0.9120508830315656 0.9141014384922407 0.9133778764105368 0.9183422617075573 0.9049648260972828 0.9137820514317861 74.91 1e-06 0.1 1024 ShuffleNetV2
0.0 0.9838826868129938 0.9734419049403358 0.9454805118192461 0.9445730155959139 0.939032492049737 0.950053926110185 0.9497370119494245 0.9574962576932572 0.9512794849371373 0.9536883754748462 0.9530325156845035 0.9493320945183714 0.9597582969759325 0.9528587916801667 0.9519738156762191 0.9585461596248576 0.9459716405745574 0.9552769935148304 0.9624838169248937 0.9580487609510054 74.19 1e-07 0.1 1024 ShuffleNetV2
0.0 1.0226035560794322 1.0302834446923348 0.924629004567623 0.9802318093660641 0.9477644873958094 0.9577540246160865 0.9653356961497583 0.9469665881748189 0.9449863712163469 0.9523656348349933 0.9500755504784871 0.9570440939475912 0.9530654710495486 0.9520122913749545 0.9455111282490073 0.9545800413549855 0.9583476625518981 0.9495267157330305 0.9493825611668951 0.9549227319715121 73.74 1e-05 0.01 256 ShuffleNetV2
0.0 0.9398370865726307 0.9376293366108978 0.956961878971291 0.9699616584992085 0.9458478543072587 0.9448049569893755 0.9251103452491114 0.9324499905173651 0.9316367864009156 0.9523080027176549 0.938415313193951 0.9449805308063742 0.9376722383450579 0.9334343091849151 0.9370882563087821 0.9392570315943023 0.9296247428066817 0.9431868343181644 0.935695757808482 0.9290725693507538 73.34 1e-06 0.01 256 ShuffleNetV2
0.0 0.9467309139175402 0.9810568966350547 0.9020759432761112 0.9384425581652583 0.939062696981756 0.9390164664615175 0.9347902344888742 0.9205579132882342 0.9242553635031621 0.9164379294039755 0.9377372063617362 0.9516632827123904 0.944997910368023 0.9430416857687223 0.943882507800868 0.931381461904129 0.9237017792402682 0.9453769177004105 0.9375172487312302 0.9454724464394384 74.27 1e-07 0.01 256 ShuffleNetV2
0.0 1.0788954977435816 1.0659595900542227 1.0842449870250275 1.0622268889431685 1.0784716623518746 1.0880173980392198 1.0793844866024584 1.1086883228090203 1.1061664328482184 1.088965599892208 1.119238934558773 1.094925194547711 1.1163691844101493 1.0912684339080838 1.0938208411766348 1.1016332722463582 1.0938513816774027 1.0837978649956341 1.1021912196973278 1.0984775446304103 69.18 1e-05 0.01 512 ShuffleNetV2
0.0 1.0812282130714355 1.1374819392359503 1.0715049999039692 1.1210735197545332 1.1015109246093557 1.1042691632536605 1.103652219339999 1.1070120942006276 1.104553771480306 1.107519990901422 1.0946705537196988 1.104067013397572 1.103188456992691 1.097035850225935 1.1022017544451348 1.111940311709844 1.1043738863327683 1.1087950621863927 1.117721436166687 1.1055456634093412 67.92 1e-06 0.01 512 ShuffleNetV2
0.0 1.0759654604030373 1.0679918900829548 1.0760693360013296 1.044573277489136 1.0399069541762118 1.0433732160828233 1.0351337394055362 1.0277214758873827 1.020439876746774 1.039530427832776 1.0311810390214433 1.0288870945149187 1.0185646303020288 1.0326939461247866 1.0342844727747758 1.0261767976662548 1.0309338935988297 1.0327374448181699 1.0261712507193148 1.0400477297590534 68.36 1e-07 0.01 512 ShuffleNetV2
0.0 1.1875812045218652 1.278892557380201 1.2421148284370813 1.2271460628654223 1.167175251677742 1.1802613328371039 1.1884549984403041 1.1786036525474262 1.1813418732162628 1.1784890512813795 1.1927459557098157 1.1948182384277144 1.1875722169516445 1.1787693114938238 1.1843432162763918 1.1881211263232805 1.1791099617831962 1.186756149172092 1.1832360799188653 1.1892678781719788 64.59 1e-05 0.01 1024 ShuffleNetV2
0.0 1.209621146081974 1.2914687925233879 1.2747370281281487 1.2274044927456595 1.1984525573479603 1.2169668887045164 1.1972167069083828 1.2027966945809323 1.2214524439973022 1.2011391324329193 1.2065133325298374 1.2031621842261 1.2040036547003958 1.197194459555545 1.1952477795841028 1.2100307369617789 1.2042145934531308 1.2027953684416477 1.2035218523435331 1.2027486388327564 63.52 1e-06 0.01 1024 ShuffleNetV2
0.0 1.2407005503718889 1.345150393700891 1.324475063082666 1.323855643432906 1.4062348356767709 1.4148280394860573 1.399264054134694 1.405239247903621 1.3962784305629117 1.4025195277094518 1.3831251986132043 1.3919844806841994 1.3937969514233086 1.3865762051500679 1.3955563344798498 1.3932635093251327 1.396148948597272 1.3861978374355792 1.3932529894925123 1.3908626815669174 63.37 1e-07 0.01 1024 ShuffleNetV2
0.0 1.3495963487703102 1.33982963394045 1.4977049973941718 1.513854431162043 1.4945690056004046 1.5342045977173921 1.534761889924554 1.4266545053072222 1.4850648555194261 1.4426445224874116 1.4694620547601005 1.4680492937307599 1.4788133324527843 1.4761635649110882 1.476738411161642 1.48492898889305 1.462523283070658 1.4542731500878694 1.4751743541385716 1.4754443204826406 57.11 1e-05 0.001 256 ShuffleNetV2
0.0 1.3528691080479707 1.4407905156890908 1.4466554309292354 1.5050299651412156 1.4916409250178189 1.5315027997824646 1.4636116220151618 1.4685577486421277 1.4384903396173507 1.4356595836265997 1.437847161796194 1.4359486699779032 1.445653493214229 1.4342288756479047 1.4473568851541836 1.447294791296655 1.4390742621336003 1.4184460682867979 1.430140960465946 1.4444000723351738 58.14 1e-06 0.001 256 ShuffleNetV2
0.0 1.4184743834272644 1.4135238312787644 1.4652324422699505 1.5544162707418885 1.5544103349834442 1.5592422575884533 1.5318981391452695 1.533892581040119 1.5448785502313955 1.5812035457215614 1.5279813179699884 1.5429250938538976 1.565129803128666 1.5526127304421962 1.545274438174185 1.537725480581014 1.5648924531888933 1.531666634374445 1.555471705463743 1.5215387325140712 57.34 1e-07 0.001 256 ShuffleNetV2
0.0 1.56310319178361 1.4950727992389432 1.577468010019679 1.7828422314319357 1.804928604339665 1.8979285805398587 1.873161896221529 1.8604420403483508 1.7734509903942257 1.7982886423567128 1.7960162516549099 1.7902643621974221 1.7896025972682512 1.776185702507204 1.7771133221057918 1.786310837429883 1.781223741353827 1.7723327869441345 1.7781563758120043 1.77347090124261 49.76 1e-05 0.001 512 ShuffleNetV2
0.0 1.5107508271062318 1.4565950539013526 1.5430079337414164 1.7096332237244858 1.7843388487139589 1.9092796023017597 1.8756095797929817 1.8228607221536564 1.8579836805766394 1.842429816758731 1.8563656070206977 1.8393954356985882 1.8424387601938002 1.8602527687181354 1.8495678855154305 1.8536826117502472 1.8585942604783647 1.8435960770408304 1.8345965136036506 1.8474911827898648 49.32 1e-06 0.001 512 ShuffleNetV2
0.0 1.5864774829257504 1.474083254661846 1.683993031711458 1.7720379055129567 1.899784830424249 1.886439508520811 1.8741780279779412 1.8625619956550112 1.832918032668498 1.8488438910739478 1.903587437286769 1.8716650375320172 1.8686637157113162 1.8598332747963944 1.8546049367687722 1.8518175631543512 1.8635564902027975 1.8466407105179752 1.8795424483158436 1.8761596758017274 49.95 1e-07 0.001 512 ShuffleNetV2
0.0 1.9797848648986502 1.573605105686247 1.7152475047209825 1.8088335216764742 2.153605947900673 2.2146516176810302 2.320932523062757 2.3646550546668723 2.3496498014282725 2.350156556300383 2.3771671749459613 2.388426026146439 2.3554204072966165 2.371812888982704 2.351960857870709 2.359536421518735 2.376628594141617 2.3748762069367277 2.372053205913228 2.3575188483548812 38.72 1e-05 0.001 1024 ShuffleNetV2
0.0 1.9492431357850786 1.6127781606076865 1.6359442502553134 1.8831595198636952 2.110924353081097 2.245511021882389 2.3248109548461597 2.3589618632566953 2.307526707954339 2.3704735530912413 2.412467282351412 2.386458728740632 2.4010459941563322 2.3466718995762066 2.352082723735594 2.3651947548991816 2.3544707654340598 2.3885509273079926 2.3542720514200695 2.3510312476845634 39.59 1e-06 0.001 1024 ShuffleNetV2
0.0 1.903902194568008 1.583295086920578 1.6951071535713853 1.8255802499683853 2.027745568881633 2.1176762105542624 2.2171171686032394 2.2517521107699543 2.3506504720730614 2.3693540627984095 2.334699933823615 2.3362305643738868 2.347516369135717 2.359857089652956 2.3504398807895295 2.340627560363581 2.3304593196821397 2.3483509921100127 2.3436292482820327 2.325854298189792 39.01 1e-07 0.001 1024 ShuffleNetV2
0.0 0.8983359767874539 0.8613354288330143 0.9176949495188305 0.8553972102296227 0.8561838153241628 0.8504530179631127 0.8524840887127835 0.8524885430702622 0.8444862346202403 0.8463152816754353 0.8421805448863593 0.8470424828978567 0.8451292454539066 0.8424907083928026 0.8393121378565845 0.84210539587095 0.8339355486010431 0.8333250364240216 0.8633666897550824 0.8448591972076293 80.7 1e-05 0.1 256 ShuffleNetV2
0.0 0.9197320556264655 0.9059830782471692 0.9179642185892739 0.9069576785238143 0.9112009636416808 0.9121889513510872 0.9121282723339894 0.9071783443667841 0.916201971700957 0.9010567286480423 0.9107197714010783 0.9072840198723455 0.9121594081561396 0.9079086652131749 0.9211573017829672 0.9092825829545363 0.913746279868919 0.9043405717986975 0.90637909187648 0.9110203399646118 80.88 1e-06 0.1 256 ShuffleNetV2
0.0 0.941723722000195 0.8933403290006394 0.9093016262549386 0.9159795272436042 0.9146894567647458 0.9120456534532955 0.8940083207340345 0.9026097962008965 0.917276955076536 0.9116206590150123 0.911969019635105 0.9115554727662502 0.907585461033921 0.898349458366209 0.8982569603955659 0.9095999457471244 0.8890219362991202 0.9023308707544838 0.9054428606453148 0.9004067243837077 80.97 1e-07 0.1 256 ShuffleNetV2
0.0 0.9723221654167137 0.9569423468800459 0.9389864054909692 0.9184605843960608 0.9275514740475093 0.9192552765575763 0.9150064909021743 0.9182318059137929 0.9200676059431184 0.9193763307622583 0.915541100616761 0.9193602290700631 0.9242887402716274 0.9234138582198084 0.9114594722065757 0.9142070793167337 0.91560906576156 0.9270568212148188 0.9178045977942416 0.9198747921122192 78.47 1e-05 0.1 512 ShuffleNetV2
0.0 0.8965707447082871 0.9102786253498132 0.911166175277107 0.9402909763697767 0.9351089453196848 0.9389658835245962 0.9429027872946831 0.939428516489697 0.9411478689803139 0.9440223668187612 0.9363754547428879 0.941258080475136 0.9400072809208857 0.9432420869159158 0.9303423211594949 0.9329336558954107 0.9335386763240737 0.9417839807705284 0.9411837212355296 0.9416049238881579 78.44 1e-06 0.1 512 ShuffleNetV2
0.0 0.98983745952101 0.9564791258818393 0.9185428041493651 0.9199468533073538 0.9152303811090192 0.9246613111350126 0.9169179972020843 0.9237418580683098 0.9301478720946066 0.9292772425130741 0.9255854034175028 0.9283146723740004 0.9142038068917558 0.9285796883424655 0.9240953316129489 0.9229842752254247 0.9271728733261135 0.9296952395543394 0.9212074569574846 0.9228893147382479 77.58 1e-07 0.1 512 ShuffleNetV2
0.0 0.9440382317857307 0.9768504633561919 0.9931801387843562 0.9651101373253718 1.0230921508392228 1.0134519019686827 1.014924974576313 1.0130571512738547 1.0079993972359682 1.0130802796135272 0.9995586977949613 1.0091838309947883 1.0070393406156355 0.99884905974876 1.0121044116548337 1.0115291559437996 1.008409488569443 1.0056830792785956 1.0057390586774453 1.0097853753027968 73.85 1e-05 0.1 1024 ShuffleNetV2
0.0 0.9935133863493423 1.0156973972909162 0.958415803559785 0.9831237435417078 0.9944706357363242 0.9911926858926973 0.9925997378706662 0.9943412708113599 0.9947779647155026 0.9877467248608496 0.9865789901213149 0.9870094023259187 0.9961270539258793 0.991905472358045 0.9827570536179917 0.9958877994551394 0.9995997799394342 0.9982782776464417 0.9901884926482853 0.9989649863376343 75.22 1e-06 0.1 1024 ShuffleNetV2
0.0 0.9607301160359316 0.9871479427801088 0.9420603950703138 0.9415340265131731 0.9417557679130395 0.9418465752276213 0.9393994459484147 0.9379218924790887 0.9296574981137526 0.9290558392234389 0.9373281198150955 0.9306012357590915 0.9320731265949636 0.936045546112681 0.9376244277827199 0.9355013585590182 0.9292386249302854 0.9244860359198647 0.9294275279627681 0.9268941979626345 74.12 1e-07 0.1 1024 ShuffleNetV2
0.0 1.0325103526383188 1.095704537964007 0.9920199285754624 0.9839734350495735 0.9996210606775278 0.9994560227929397 1.0027705186941185 1.0003364859571753 1.0143690426685905 1.0186161023619162 1.014943982326494 1.0062520461586713 0.9978577066071828 1.021855404727574 1.0045594167862477 0.9844200689656915 1.0108072351939434 0.9849336262246928 1.008255365161014 0.9994570191436045 73.07 1e-05 0.01 256 ShuffleNetV2
0.0 1.0063936018655453 0.9532144728969842 1.042270170678503 1.0003554189413737 0.9926266900782086 0.9929343341223124 1.0067053723020183 0.9888512198685274 0.9963467111872045 0.9969553494175125 0.9837416682224885 0.9909011749100956 0.9882971471989284 0.9922776400914846 0.9937352666423752 0.9829844658093637 0.9841492133540062 0.9885362585151697 0.9812644364147437 0.9924478673498374 73.12 1e-06 0.01 256 ShuffleNetV2
0.0 1.0210633916417478 0.9812796331352832 0.997924053883484 0.989750910361859 0.9705055392675581 0.9858138010519619 1.0032084899504399 0.9972591110152466 1.0005671916485088 1.0233368226354638 1.0178051919860145 1.0214754210043653 1.0362889155461121 1.0356745994299148 1.0291846656971404 1.027358943364448 1.017676079430281 1.012390657338483 1.0264802072765198 1.020357798708722 74.19 1e-07 0.01 256 ShuffleNetV2
0.0 1.1568086330762244 1.2347931216395998 1.1478064112777302 1.0564474326960287 1.0447149667576345 1.0488297106344049 1.0398804485821231 1.044314540352317 1.0453574271588304 1.0522711487636545 1.0513816647168694 1.044452888526206 1.0540878139416645 1.0482539696765225 1.0511254401473444 1.0558565146624583 1.0603738443079576 1.0482343465200608 1.0519273823121496 1.0590911501765257 69.82 1e-05 0.01 512 ShuffleNetV2
0.0 1.1333548230739128 1.1663364354371053 1.100157587839742 1.1352627913078328 1.1316464099335386 1.1424967348881383 1.163949320317186 1.1471624542051273 1.1545740143780605 1.159655666251197 1.1600840164169681 1.1503728981230206 1.1599408773990318 1.1486849988764067 1.147510891291646 1.1414996396355968 1.1601077192473206 1.1605905249751378 1.1494335840225238 1.156288593313665 69.33 1e-06 0.01 512 ShuffleNetV2
0.0 1.097749267637135 1.195397477527504 1.1292266585995392 1.1377032083181842 1.1360930879408389 1.1346688970153744 1.134183783680283 1.1330079901441388 1.1291897682093464 1.1360891875503025 1.1287754392689204 1.132969531356064 1.1272515723629533 1.136438375667513 1.1323447518959084 1.132512773253107 1.1438045219157444 1.1335059100314726 1.134262895364502 1.1301479387787756 68.8 1e-07 0.01 512 ShuffleNetV2
0.0 1.2535431159353805 1.223493399999448 1.3074878549067217 1.3133107262361556 1.2653084897821092 1.2687578335223624 1.2806161800347524 1.2629384605237466 1.2704447528811742 1.2608749538664252 1.2741534972094477 1.266897995691085 1.2573277161421763 1.2751735211276405 1.2657680538382943 1.2659638253821524 1.271623877862648 1.2697570568831231 1.2634713576447738 1.2589748345245733 64.87 1e-05 0.01 1024 ShuffleNetV2
0.0 1.2883906424514038 1.3297750609239676 1.372666795453741 1.2902792770588494 1.2769814906995056 1.2903514833234866 1.2965791446702601 1.2837832635177149 1.2754591333473326 1.2937218673763524 1.2965028483583692 1.2983825332102201 1.2903491321698894 1.2799426066748167 1.3085897185830897 1.2892394308895545 1.2770356424052196 1.2808455615557943 1.2959995439101777 1.2778458216915756 63.68 1e-06 0.01 1024 ShuffleNetV2
0.0 1.2364162992727865 1.3653453453795372 1.312335836465004 1.2927298929896667 1.226314531802047 1.306758583450964 1.2957474430325766 1.2913286481785162 1.2953619601237996 1.2945216922882483 1.2873816883788998 1.2980613213155325 1.2851603326851149 1.300844985371462 1.2902765317231455 1.278648178583787 1.3001684652341592 1.3028527203932203 1.295689091480934 1.3128456478565587 63.76 1e-07 0.01 1024 ShuffleNetV2
0.0 1.4919526074274585 1.4041317935710724 1.4665851343755318 1.536449915221829 1.4870112281802879 1.4925648934004858 1.4787874049354643 1.5029954226023943 1.5209529725890976 1.574359057633646 1.5550925965961062 1.5323692419122077 1.5238312100402238 1.507652118992407 1.5032246456481289 1.5221084083108727 1.5044671229793145 1.4945364662182965 1.5000739714819062 1.508686442616523 57.91 1e-05 0.001 256 ShuffleNetV2
0.0 1.510378047260649 1.5067378951615773 1.455930945280982 1.607292218733663 1.5780896439967833 1.586326686924592 1.5223236555206372 1.5670384698041717 1.5326219474390859 1.529717137508398 1.536759421103234 1.546151747782141 1.5423470249230087 1.5466277411664568 1.562698657940861 1.528080707972192 1.5546001744824733 1.5072630658372246 1.520941004040317 1.5559289184626233 56.68 1e-06 0.001 256 ShuffleNetV2
0.0 1.4871681548106168 1.3890821311368393 1.5745838252831956 1.6467624757678294 1.616142813728666 1.5866267200805482 1.5975624734849072 1.5352900473217286 1.5984799602015967 1.5419360712692207 1.5681142466286666 1.5810598959352677 1.5932103639949127 1.5844933415107605 1.5730078129085996 1.568054978466232 1.5759495191759156 1.562128830996778 1.573248946461423 1.5329193483880263 58.89 1e-07 0.001 256 ShuffleNetV2
0.0 1.7254993656073525 1.581503140138886 1.6030258494640979 1.7817647701401054 1.8420215981376626 1.9238048001606947 1.8771119151584772 1.915749607015742 1.8593031388338372 1.8757123317953535 1.833996425789009 1.8889051289041499 1.8789195397017866 1.8738404444506427 1.8799359726783902 1.8951634361890857 1.8899519226741666 1.8826346810163066 1.871392151838138 1.9014889682458591 50.31 1e-05 0.001 512 ShuffleNetV2
0.0 1.6906364989167475 1.6102636965243748 1.6853282740398177 1.8700034306309627 1.852843838356205 1.913365975196516 1.899771252322378 1.8954460393422736 1.8921858243368297 1.8573246894642694 1.826476975720549 1.858713428956727 1.8541380167476453 1.8594813269170578 1.8475394167628787 1.8374802304839113 1.842904022551484 1.8550929775960998 1.8226119735472002 1.858398186403201 49.24 1e-06 0.001 512 ShuffleNetV2
0.0 1.6315206023990187 1.6296998904252202 1.6562368008695998 1.777686583889305 1.8963656687297625 1.9090621807096906 1.8999025802724108 1.9716541030868624 1.8902643561485806 1.9090542336490584 1.8730802511170859 1.9043719225062983 1.8664590582097629 1.8933806330812057 1.871064745382263 1.8824280310494925 1.8622534323039976 1.870650834171515 1.8986517000395495 1.8387114930366224 49.22 1e-07 0.001 512 ShuffleNetV2
0.0 2.0569530510145104 1.8406092940663814 1.8639155551897735 2.0269013143862633 2.2518546613055506 2.270195945738559 2.358078436283013 2.350284894567801 2.3970359130684122 2.369548796390879 2.4162604142625215 2.389475945476191 2.376736660853223 2.373816598397525 2.4154596951833955 2.4192213180677595 2.3905487156297394 2.4054446992796192 2.408329978490766 2.3786221408219403 39.77 1e-05 0.001 1024 ShuffleNetV2
0.0 2.08436616869572 1.7836833456489334 1.8267051392530014 2.106067435766784 2.2920168660938165 2.3777164765270116 2.38880288096871 2.412449175895389 2.417008955438875 2.3577774187506333 2.3480141824119825 2.373211584240982 2.4080182751504533 2.441597782605303 2.4348963135871666 2.4173059541332482 2.4241154869555004 2.4190991018680608 2.4218756573152826 2.4122160676500646 39.7 1e-06 0.001 1024 ShuffleNetV2
0.0 1.9974551791093846 1.844936144057089 1.8590117816153198 2.0845766993130814 2.21159792950972 2.2834304452522924 2.374793189727545 2.3134144604799287 2.370886159481336 2.3946607764029126 2.381917496866136 2.353125338355218 2.378445080177595 2.3577502969540385 2.3453522341593858 2.354272401156219 2.375643430576491 2.370691710105426 2.355272977778869 2.372503092878815 40.43 1e-07 0.001 1024 ShuffleNetV2
0.0 0.8765775622707064 0.9034500091060803 0.92392485555143 0.8891105041495488 0.867407373115953 0.8584966159678135 0.860311853043243 0.8625448200157554 0.8660503569379417 0.8585305384181174 0.8588226306368716 0.8625616968398502 0.8576125520937484 0.8732651086466785 0.8586820622806224 0.8739722286349162 0.8622127972613314 0.8569648436520129 0.8690465230043329 0.8761497798207379 81.19 1e-05 0.1 256 ShuffleNetV2
0.0 0.8690021678337885 0.8520441179597483 0.8530099432407429 0.8912932887461147 0.9054226594020933 0.8985749872354727 0.888375805680896 0.8887482806039787 0.8922100043344026 0.8923658580574566 0.8974533166248091 0.8807721534548792 0.8819907354985347 0.8760735168222155 0.8798020578674628 0.8797291053475493 0.8841912840638251 0.8884574566558195 0.8910502865516823 0.883789260156023 80.7 1e-06 0.1 256 ShuffleNetV2
0.0 0.8290158649552569 0.8282548026671982 0.8740724450251582 0.8667264636199984 0.86916967644152 0.8630547804819555 0.8728571875816746 0.8718827115057927 0.8739690695009423 0.876958789452685 0.8809206766800556 0.8683011470358417 0.8883872192654069 0.8783996614770893 0.8650109980570491 0.8744561416195775 0.8686423231359541 0.8799839314052578 0.886033134678639 0.876234361398463 80.97 1e-07 0.1 256 ShuffleNetV2
0.0 0.8924879732936927 0.8403173250555735 0.8826341469486781 0.8661214077325147 0.8661858078349518 0.8651680999618934 0.8686050951940976 0.8687425821381071 0.8632678075254517 0.8671002403114226 0.8651444183918151 0.8639398990922291 0.8610772488563928 0.8609549548874906 0.8645297498548676 0.860380470790177 0.8661124141713795 0.8658949443525445 0.870722293601849 0.8614872196866016 77.4 1e-05 0.1 512 ShuffleNetV2
0.0 0.8621806088928623 0.9109213118558637 0.8545095014966825 0.8558508955257815 0.8731330553514677 0.8734254840631734 0.8741757221287162 0.8650695501458379 0.871846598822959 0.8719145967944946 0.8789082598861839 0.8730834462582758 0.8756926259919786 0.8695746574252208 0.8682208452205331 0.8779582895901065 0.8734906367651466 0.8808016537497957 0.8756912092569017 0.8688837473362383 77.72 1e-06 0.1 512 ShuffleNetV2
0.0 0.901581215069515 0.8910371351154454 0.918434724232771 0.8935638670531248 0.8855162021020608 0.8838765394154025 0.8805566329560567 0.8881794473108533 0.8934099902849942 0.8899157716114757 0.8825959263636471 0.8917835322946311 0.8809595444137548 0.885730914944888 0.8820825961614208 0.8845935156429756 0.8792669059299562 0.8816351638044228 0.8808794841412548 0.8843981659231903 76.87 1e-07 0.1 512 ShuffleNetV2
0.0 0.8935206114268932 0.9789261018637028 0.9421369700640524 0.929344776210807 0.9249862806816632 0.9224077500256471 0.9249716348794673 0.9251437248930017 0.9238868515626066 0.924756116402144 0.9216241607252055 0.9210465463834161 0.9195607474725221 0.9179354903126696 0.914447233431389 0.9201619392206127 0.9238378894320581 0.922808895479581 0.9186636237656365 0.9239090095674048 75.15 1e-05 0.1 1024 ShuffleNetV2
0.0 1.0004062818007466 0.9322071651592593 0.9941497428159234 0.9403023989316448 0.9340928878943875 0.9399946378821723 0.937728602525967 0.9329550750232402 0.943244881451337 0.9457997041141614 0.9400010481934382 0.9382223208236927 0.9396923483263825 0.9412432604371446 0.9385273757788226 0.9400133828611298 0.9401572748223078 0.937891590774677 0.9349438068500499 0.9392740193295598 74.87 1e-06 0.1 1024 ShuffleNetV2
0.0 1.0539137978578412 0.9908942082794467 0.9159012093324747 0.9156421373714462 0.9181245792051637 0.9098759403748166 0.9092618105434634 0.9153152743437851 0.9146888892568293 0.9103324232724969 0.9126104141534974 0.9109069772184024 0.9163353094485983 0.90986137497722 0.9095787545563806 0.9087622096880107 0.9152212796118042 0.9086037876850216 0.90725962134042 0.9112624842858407 74.68 1e-07 0.1 1024 ShuffleNetV2
0.0 0.9769456353734352 0.9878765671900623 0.9373613455327516 0.9050064104336574 0.9144821449094106 0.908488431542132 0.9170261957163409 0.9224606505163299 0.9056989794152217 0.917978232940463 0.9390993701665535 0.9173834746280066 0.926857344830297 0.9348802734391534 0.9161659285030967 0.9373784929242803 0.9298219599165327 0.919532709462371 0.9409217317334212 0.9317434365287046 73.51 1e-05 0.01 256 ShuffleNetV2
0.0 0.9807587648211543 1.0172277829576624 1.02052317859392 0.9356666463771279 0.9568279564625993 0.9391284098287097 0.9612058230629169 0.9597072406840098 0.9632398556870596 0.9613871058022869 0.9538797566267776 0.9591604364915449 0.9684787339560892 0.9614626282170511 0.977318703242156 0.9737718292947215 0.9619469747720941 0.9789884673514045 0.9789711495783273 0.9561248952043127 72.97 1e-06 0.01 256 ShuffleNetV2
0.0 0.9598104468849334 0.9765883992656837 0.9484291983097812 0.9598019582854639 0.9652866546974159 0.9579401096590332 0.961749632574278 0.9597228415587932 0.9647518716667612 0.9586165065733612 0.9562023290550483 0.9555875121461074 0.9593564926077582 0.9675070486137805 0.9650154674456701 0.9618444599450872 0.9666978902601229 0.9726186827489823 0.9705606648866165 0.967378768348058 72.53 1e-07 0.01 256 ShuffleNetV2
0.0 1.1315916878468624 1.121014012143388 1.1622002181394473 1.0741271108675854 1.0917071552084423 1.0993788971281475 1.0887563156447237 1.0726142635528375 1.091224441691336 1.0892709825411 1.0885620440530988 1.0906584257159018 1.0839514713382483 1.08250957964837 1.0886410747340767 1.0830146137559225 1.0824860129798803 1.0874901658650211 1.0900692618808485 1.0886091263268063 68.49 1e-05 0.01 512 ShuffleNetV2
0.0 1.1395113869554891 1.0848673198108252 1.027455503296804 1.0374645553404407 1.0177926111092557 1.0129415316706072 1.0251212016136086 1.0246016695025757 1.03213752871288 1.018101515527273 1.018859110791566 1.020934743516674 1.0229468135462185 1.032765377693548 1.0260534322479833 1.0195423524001603 1.01706707949959 1.0134115070882594 1.036235070646845 1.023997101103221 69.88 1e-06 0.01 512 ShuffleNetV2
0.0 1.1023049046780493 1.1152592787550213 1.0924737940414242 1.0369282419267154 1.051387215679518 1.0519824352437455 1.0511885696646222 1.0600499887276429 1.053301175180718 1.0690808011705961 1.061086025276684 1.048737952454996 1.0584162150547278 1.0603063495254401 1.0674710984980016 1.071784928818125 1.0794710372990028 1.0640770399045052 1.0631405984440943 1.0502689567184686 67.66 1e-07 0.01 512 ShuffleNetV2
0.0 1.2047798734080917 1.3306820095056795 1.4091153129285874 1.264359758667281 1.2821627240834845 1.3003294320471468 1.2937241489755544 1.3071342030545938 1.2925787692426431 1.2978841536980668 1.300769767965069 1.305573914956225 1.2993390118279107 1.3008021779176437 1.3046607509785746 1.2971975068709054 1.2994312670245602 1.2978091150088664 1.3011222877863167 1.2950111384639718 64.26 1e-05 0.01 1024 ShuffleNetV2
0.0 1.1968413397752622 1.3200410635452857 1.2802530356718576 1.2878279322809663 1.209912932674528 1.2086100280587257 1.2162684937471264 1.214064263675086 1.2264053350908983 1.229153804748899 1.2076593339516257 1.211994565384048 1.214922360099021 1.204648229672025 1.2332076902246296 1.2057937055700243 1.2200018329602003 1.2230934568749394 1.2085296261823082 1.2075536215792366 64.45 1e-06 0.01 1024 ShuffleNetV2
0.0 1.2324402898044178 1.29016310587351 1.2673002242361033 1.2772985352012467 1.295484335011742 1.278730260138009 1.291707196187394 1.3167995293019734 1.3098930765524748 1.2829035608409292 1.30121855566557 1.306502251775024 1.2971978006122782 1.3148154107738534 1.2986035884171871 1.3085584219454192 1.3120894200529916 1.2956288243199339 1.3150322004259258 1.3029328523562977 63.84 1e-07 0.01 1024 ShuffleNetV2
0.0 1.3551783958841983 1.4119898579202712 1.5102247766970007 1.553592188497347 1.5401440845672525 1.501906602403798 1.496200172388161 1.5227996046542054 1.53387360052209 1.515936100439226 1.5330915023831682 1.5098471554671682 1.54285572791389 1.5370331095279648 1.5532467238637322 1.511922550147637 1.5058160969507208 1.4882783676057942 1.521315082039676 1.5408114537103867 57.95 1e-05 0.001 256 ShuffleNetV2
0.0 1.3290999440656501 1.387860754000348 1.4627958510983665 1.4857092075895486 1.494620020452065 1.4224308972533273 1.432244784093332 1.4260611592837806 1.450087570467987 1.396841507366177 1.4384906584030106 1.4075097687975924 1.4261054848484742 1.3997639222572225 1.4374094391945835 1.4296459152188732 1.4300034878215475 1.4354629732109854 1.4270362839433546 1.4305343811290967 59.33 1e-06 0.001 256 ShuffleNetV2
0.0 1.3378322509243774 1.3624236228228006 1.5313956596968934 1.5153419348207797 1.4588775273177155 1.473819686937337 1.410432040112272 1.4129474975283611 1.4268789153642039 1.4600928529783903 1.4971020953401353 1.4543126713249186 1.4510425423928934 1.4519983823406364 1.4319778775787837 1.4617043175207258 1.4282688808513802 1.4609908420440048 1.4572586479011482 1.4486475636202514 59.14 1e-07 0.001 256 ShuffleNetV2
0.0 1.7130032216880497 1.4645033803264218 1.5669127863225367 1.7682067052396033 1.8457269196059642 1.880492808904699 1.8077704672526465 1.8296567327852638 1.8200921577895894 1.8070935012324372 1.8632279307892534 1.8651610799671494 1.85934283839362 1.8272118126406809 1.8381087812465282 1.8505873461158695 1.8435022495147686 1.8314653911275465 1.8336188979118448 1.8417581332698876 52.2 1e-05 0.001 512 ShuffleNetV2
0.0 1.6175059740660993 1.5234632176587175 1.6394329223382171 1.7989242500320148 1.8327570623909544 1.893870217634656 1.8235224870004396 1.8404419323465078 1.868773077930816 1.88350513315683 1.888899094927664 1.8596220100471788 1.8757627277640991 1.8603285135510614 1.866289510479683 1.8794643647743305 1.8670053214469002 1.8918205964836232 1.8605014889872162 1.8557450501122517 51.48 1e-06 0.001 512 ShuffleNetV2
0.0 1.7457202640963418 1.4200922323210312 1.543623132998873 1.7003866615359968 1.8691053125294181 1.8665871128635088 1.7866003908403232 1.8291695314039658 1.7601804346527345 1.7607089454848062 1.795233678522076 1.782394099432999 1.7958055860826931 1.7673253564153677 1.8035183700526116 1.8370401537998857 1.819153597760499 1.8236283934557493 1.807444605582889 1.8377872711174208 51.04 1e-07 0.001 512 ShuffleNetV2
0.0 2.1231880811189208 1.7323210583325854 1.7966549573239934 1.9394281027746942 2.1735012656429347 2.2020504460680113 2.2691464022525767 2.248904282926683 2.328177397413069 2.3706943903379547 2.339756752568452 2.355400493905254 2.3408069304354977 2.3760915644242036 2.3544440909687157 2.36488236095624 2.35445588227872 2.358639162576554 2.344959276098283 2.359531586229384 42.96 1e-05 0.001 1024 ShuffleNetV2
0.0 1.936985325196941 1.7694234580881187 1.723145620347501 1.920014823624517 2.1977834533502056 2.2150191479601395 2.2585138529932 2.3207442934214084 2.338564566622446 2.3429257426083807 2.3040480017734324 2.300245232458723 2.3093183291863615 2.2915753087175896 2.325681914118048 2.327936815517755 2.294501353763559 2.307474187840483 2.3275714661009688 2.3256607869595975 42.06 1e-06 0.001 1024 ShuffleNetV2
0.0 1.7656952819113336 1.7602330361499958 1.7083767251205952 1.7784154819738935 2.079784058672116 2.1117658356166644 2.2246616465660307 2.288080020485319 2.3107269749835853 2.282844393617756 2.3402737777162885 2.343145814346857 2.348326844238084 2.3590547721839843 2.3853870481315185 2.337735241292469 2.3515867044445873 2.379717406893509 2.360136112157023 2.375716492166321 41.58 1e-07 0.001 1024 ShuffleNetV2
