0.4132060552092296 0.007303718782419688 0.8717254239143637 0.9439231598252286 0.8923125053904893 0.9092413546944645 0.9142106748656679 0.8805119249898172 0.8310180590939054 0.8944801374598563 0.8462654630948824 0.8230051121145082 0.8505411837582467 0.8409255618467398 0.8333966998190736 0.8353009486500602 0.8559008540520775 0.8622737921541767 0.8572550606829533 0.8581992348080952 0.86392985458245 79.64 1e-05 0.5 256 DPN92
0.4132060552092296 0.002974727044651041 0.7789734319075372 0.931099752096421 0.9257659837068212 0.9260464195984923 0.9530945528783676 0.9437193311685363 0.8947572526969438 0.91766223603452 0.9246834471472682 0.9503288682547804 0.9441362630214907 0.937620837916722 0.9260977969487867 0.9211212744865567 0.9294507935561168 0.9220391799667997 0.9203976864482766 0.9299048070344945 0.9232891632369903 80.46 1e-06 0.5 256 DPN92
0.4132060552092296 0.9600256534268484 0.9100814520361353 0.8630316028635673 0.9349093812442386 0.9196455149443804 0.8947563800513499 0.9081278313313413 0.9054703990112981 0.9228708001808301 0.9089812922803795 0.890839392351186 0.8871176449332485 0.8894968236666475 0.9061157196756174 0.8877228048623031 0.8900490194759115 0.8912975644950671 0.8936981382305973 0.8953303544375555 0.9005341478827706 80.72 1e-07 0.5 256 DPN92
0.4132060552092296 0.8264556219020885 0.910262603361035 0.8004608918976708 0.8861824941565744 0.8613686841954729 0.846185937864584 0.8514399622376482 0.8565105921145308 0.8591853573056103 0.8464759876092038 0.862746342097444 0.8660874384819824 0.8768728208276779 0.8664100320878079 0.8742080639652176 0.8772607295209142 0.8757706085226795 0.8777404193480725 0.8738244713544067 0.878306535384028 82.4 1e-05 0.1 256 DPN92
0.4132060552092296 0.8466865612575134 0.8621543445287654 0.8097251026556086 0.8761982465235529 0.8397489930756663 0.8677037375206731 0.8175415829975645 0.8053182310081874 0.8755456807313738 0.8201325295762186 0.8420941600128735 0.8511062775765023 0.8597178564018503 0.8352436298570582 0.8560057928108108 0.843435538578838 0.8385067242076683 0.8586015183557126 0.86753896891012 0.865523085008128 83.19 1e-06 0.1 256 DPN92
0.4132060552092296 0.8626889783559476 0.9251262473211257 0.8999166371047262 0.8355578897358019 0.822414824893555 0.8102098795075647 0.8454988605373904 0.8301421385331033 0.8401517352004616 0.8631507344889121 0.8318709605163396 0.8311547603382595 0.8480427720677496 0.8365004984436207 0.8334353803505061 0.8272175061382651 0.8345644065773746 0.8208792867193005 0.8223971846179239 0.8262577839848708 80.09 1e-07 0.1 256 DPN92
0.4132060552092296 0.8765201131892887 0.8580451260599318 0.8618898127080105 0.8188341726545053 0.8646521784188059 0.8419198041161496 0.8248850117097912 0.8554966037964691 0.844747424657842 0.8307655410606197 0.8203804655372573 0.8034833576297388 0.8594470055489997 0.8183186642676471 0.8455575772724169 0.8191265902283044 0.8145853257516665 0.8248624744085863 0.8299578667358829 0.8297309807587276 83.96 1e-05 0.05 256 DPN92
0.4132060552092296 0.8356697287598638 0.8914334176784471 0.9250787948178556 0.8652604037879225 0.882802851792714 0.8834187968437612 0.8851846135516511 0.8753387140414914 0.895723023925621 0.8720713109683554 0.8975888258583098 0.8814601441281222 0.8887576348906994 0.8784587926964332 0.9082096349494454 0.889100473999995 0.8926008481681835 0.8818840711173985 0.8866060564522384 0.8783438172863947 81.6 1e-06 0.05 256 DPN92
0.4132060552092296 0.9119867984976997 0.9257680900216981 0.8934246976919614 0.8839858520944542 0.9077864830566768 0.8935681903643427 0.8968217579762715 0.8868217614750123 0.8849854172590801 0.8852244834705845 0.884593723077791 0.8805401848282615 0.8912830775605588 0.8891887818054033 0.8907956775950666 0.8944141331569135 0.8932728667011902 0.8839295249277299 0.8915425704837021 0.8940481223663639 80.12 1e-05 0.01 256 DPN92
0.4132060552092296 0.9208776776877383 0.983124366580998 0.900423679344008 0.8876168145674634 0.9079454115101997 0.9016505187898131 0.8831208016459202 0.8660794387784645 0.8878192818164249 0.8835846541138102 0.8771538367683285 0.8802450071356138 0.8768954791574349 0.8958712955958975 0.8938082762861619 0.87462167255848 0.8762440072345699 0.8870530040078722 0.8761294880064382 0.8769807731923944 79.46 1e-06 0.01 256 DPN92
0.4132060552092296 0.9556527612224953 0.9161225626109152 0.9079687495280367 0.8954677779595531 0.9331893249041151 0.9178663471792275 0.9116630504815639 0.9241056449087616 0.9130544286922685 0.9080409816710858 0.9266435818420067 0.897399382059434 0.9063711965456274 0.9150966819458652 0.9044124681435005 0.9034369788096464 0.9210805140659167 0.9088525387927184 0.9088766889285742 0.9055042298773168 80.15 1e-07 0.01 256 DPN92
0.4132060552092296 0.9831629434847587 0.982033392684321 1.0028427817819416 0.976010277754223 0.9959649792868304 0.9846441972398927 0.9789811261157848 0.9771253291560896 0.9853095543897114 0.978706293900203 0.9949049693687276 0.9829900237135112 0.9778386925981417 0.9659779100031208 0.9796191936848321 0.9824167181820802 0.9870620141584426 0.9619478872975384 0.9839301102513568 0.9900446574060492 75.46 1e-05 0.005 256 DPN92
0.4132060552092296 1.0013816567873601 1.043342259649149 1.0106151523515527 1.0138985341792195 1.0103032087054833 1.004608504627179 1.0128758453862405 1.0038119344945438 0.9856475815530475 0.9894355007350779 0.9843172735892513 1.015415335002672 0.9827087961057405 0.9870398591702383 0.9942976011058758 0.9972929715842085 0.9880399864467441 0.9936243560393482 1.011755378489353 1.0129488448723223 73.77 1e-06 0.005 256 DPN92
0.4132060552092296 0.9672473916954164 1.0122314901134355 1.0423809899349092 1.0402637052689447 1.0205757629234633 1.0227567896423573 1.0457054187393757 1.0238794884831908 1.0325662002125664 1.0406974463623442 1.0335082827723912 1.0302481471464997 1.0273458218101323 1.0413680043302067 1.0366746862123137 1.0403109965585609 1.0376627445081443 1.036474551949068 1.0262025760431515 1.0319701051668448 75.2 1e-07 0.005 256 DPN92
0.4132060552092296 1.2715379463817105 1.4338815860752918 1.3805067868706613 1.3971270069893529 1.2803638042964165 1.304906972692734 1.3365657272440565 1.3077039018091627 1.2840575167350912 1.2766019643167703 1.3330944396323623 1.2947749336895296 1.3239405325826863 1.309028817825829 1.3204822071713382 1.32849513499781 1.308983859837285 1.320526782629654 1.308898700430105 1.3371329569311348 67.09 1e-05 0.001 256 DPN92
0.4132060552092296 1.1799388263477761 1.4319105019424574 1.4046788974420068 1.2704805632601495 1.2940282977937372 1.3732002325711707 1.3602606131185089 1.3501131453136686 1.3266434864063976 1.3319261028061506 1.3095689821880143 1.3135040674852991 1.351409902286496 1.359324162826061 1.3434102772066114 1.324397107447536 1.350403941785578 1.3338963513075879 1.3267983156539478 1.3287969434829205 67.25 1e-06 0.001 256 DPN92
0.0 0.8681537114326171 0.8744205787546798 0.9439128091484973 0.936499498367549 0.9146115311081634 0.9177492763424465 0.9274332500337494 0.8891641208604146 0.8896904072490602 0.9028893073680134 0.916741266864871 0.9350931081100032 0.9100817261395235 0.9182766443655254 0.9224729827956721 0.9276319116474663 0.9299293470357735 0.9214230033981125 0.9424597208344875 0.9110729832883949 78.57 1e-05 0.5 256 DPN92
0.0 0.8038478677458083 0.9665409021240258 1.0367702416728612 0.9958851365879636 1.0013888688231583 1.019554359792738 1.0068761727953615 1.0197472966646053 1.051002268475278 0.9833630636325777 0.9938728986503547 0.9962515369408439 0.9922891910701302 1.0005148060063929 1.0004016849547708 0.985437545003429 0.9970519500755772 0.9855599871363604 0.9925779989189735 1.0020153004967352 76.03 1e-06 0.5 256 DPN92
0.0 0.9114703350802371 1.0269216815470152 0.9184265922370061 0.9551525059648838 0.9221123130938017 0.9288037167300404 0.9137991393672735 0.9714840480169455 0.950692577784081 0.92494117689066 0.9631004831284128 0.951248891770716 0.9533857753349948 0.9609997057931945 0.9568316156215166 0.9426413181837124 0.9577146730790684 0.9573705405354935 0.9583045048954549 0.9457788133693031 79.72 1e-07 0.5 256 DPN92
0.0 0.8754928203284171 0.9282574908529319 0.966997014982647 0.9453125489050429 0.9343370485666378 0.9320805198139966 0.9324312542899119 0.909991173506279 0.9055987548456553 0.9054890277981046 0.9095855674820557 0.9068745933755813 0.9217066588849141 0.9132673342926713 0.9058564759679717 0.9198163079699235 0.9108493003277621 0.9103692056139345 0.8894659240453946 0.9071296920768055 76.44 1e-05 0.1 256 DPN92
0.0 0.9240126845797214 0.867367925788665 0.8972138951312435 0.8849591339025147 0.9328625036218213 0.9056400424519504 0.9132975049695871 0.88735859190635 0.8917017494744947 0.9114235096426622 0.9070019933651519 0.9038579870361377 0.9168779188032802 0.916996304966395 0.88808752346036 0.9298152639252949 0.924851866037944 0.920718593083255 0.9092141334480572 0.914405360899455 80.78 1e-06 0.1 256 DPN92
0.0 0.9974797496849908 0.9898757866917031 0.9780402682122141 0.9903838069021518 0.9407287860718259 0.9669070920997141 0.934387792874151 0.9621861927850439 0.9601285729102461 0.9496216520446117 0.9582515424427147 0.9616667952826795 0.9402246804934346 0.942548658198995 0.9454985119330861 0.9438359624043209 0.9410387879170716 0.9438858606015553 0.9445229609933219 0.9372790981327074 78.87 1e-07 0.1 256 DPN92
0.0 0.8836071699200606 0.9180871853531661 0.9388597560941342 0.9276407166810519 0.9286205943983111 0.8926354709856054 0.9178365493643403 0.9073035585243603 0.9354866934206352 0.9184894230405009 0.9378233666271173 0.9607852262665562 0.9288129032817571 0.9339833476464884 0.944613805593017 0.9313712274363788 0.9428981623831514 0.9413690286846886 0.9480848503617421 0.9296003798747808 80.13 1e-05 0.05 256 DPN92
0.0 0.9732112564846058 0.9965358420317524 0.9770062050434312 1.0247389245435745 0.9952957998749803 0.9647106984342555 1.0078937826751388 0.9417407424705537 0.9545788700056304 0.9789828101493276 0.9485606775954154 0.9513252898328187 0.9514173137676858 0.9444620824503267 0.9637107770379931 0.9465564102315791 0.9569498507130758 0.9455490547742005 0.9720847624777313 0.9483390828433106 74.8 1e-06 0.05 256 DPN92
0.0 0.9771917741728265 0.916530341385414 0.9435181467825189 0.9126067360297163 0.9092417323310328 0.9157226494951756 0.9213434997686051 0.905443776878101 0.9220046947428117 0.9283093097890103 0.916707606484676 0.9220934500602732 0.9226970103915911 0.9169517441860872 0.9236745897779176 0.912735862149537 0.9269637473798923 0.9152752880848122 0.9193458348505511 0.9174415637940848 80.57 1e-05 0.01 256 DPN92
0.0 0.9835595406880289 0.9163170899556913 0.9473355644903171 0.9613899706551001 0.993156042923337 0.9523578297579709 0.9506287819386843 0.9959618209021863 0.9501039037131572 0.9504106112550704 0.9783504139127317 0.9653440229893421 0.944543922850022 0.9478114074513794 0.9545140304842247 0.9394038552825098 0.9745738586061188 0.9625372923286188 0.9642393991567124 0.9383473963494837 79.33 1e-06 0.01 256 DPN92
0.0 1.0074739629274854 0.9690205991900269 0.9419346583602413 0.943557052558401 0.9630201011187021 0.9659220034063679 0.9624167015776394 0.9594698861449474 0.9423324784420463 0.9510665153441917 0.9500099865037517 0.9566040959292721 0.9666477259214061 0.9647540449953 0.9658200095158668 0.9554058618826395 0.9660676255270322 0.9647294158913243 0.9689050775121819 0.9702462021486231 79.52 1e-07 0.01 256 DPN92
0.0 1.0176654763032176 1.0080395826755932 1.0483771581154055 1.0450069597092801 1.0570386833140466 1.036192090825949 1.045306380314097 1.041222237958493 1.0368310710023056 1.041012052757511 1.0228620211736823 1.032526573978547 1.0306049600146727 1.0434661457500938 1.0310330208387237 1.032431313637144 1.0435407565172548 1.0309167529776286 1.0206388703761557 1.044682208889351 75.65 1e-05 0.005 256 DPN92
0.0 1.0453389094126473 1.057946552585238 1.0836114108942387 1.0829125354114806 1.1034138689377648 1.107492512916797 1.0712397502896973 1.1046367961681751 1.073901117769926 1.0776373514090851 1.0827603560658805 1.0817409362075119 1.0882866479795925 1.0862544397651286 1.0687644632781108 1.0579905751312868 1.0709196619190597 1.0722291549809913 1.0776726997737562 1.086874855604939 75.36 1e-06 0.005 256 DPN92
0.0 1.0524521331030936 1.014624967025849 1.0533808662316857 1.0566688518947982 1.0686542577675695 1.0822985281739037 1.064810160909408 1.0717624923356128 1.068838300075959 1.0520339993598027 1.063499655892794 1.0737488900543972 1.0816557998563552 1.0483469061934825 1.061249725868282 1.0412377569335607 1.047795154461451 1.054298796067666 1.0410483030766917 1.0478914146243141 76.22 1e-07 0.005 256 DPN92
0.0 1.3977581458547552 1.4809097900399806 1.346240473279538 1.3321779974869425 1.395893586198487 1.3924897822498596 1.3361461077913328 1.3230498138826439 1.384295127392344 1.3379469704273266 1.3453255951810241 1.3286477408385762 1.3423978876916727 1.3447995243548476 1.3277300465597415 1.3216318802379374 1.3321585806429548 1.3454145277529626 1.329541693444767 1.3338595056485705 66.53 1e-05 0.001 256 DPN92
0.0 1.3648657801530342 1.4374169027034673 1.3905315473896374 1.416118055971352 1.3988321215557329 1.4095907320305003 1.3893263965318183 1.429151428423834 1.4013732780801451 1.4392320782554204 1.4111478696999549 1.4298428157953 1.455206008073107 1.4024238690437594 1.4084635235338014 1.427237052392096 1.4423142949052794 1.4116690381574144 1.4267774474108095 1.414943497248585 65.64 1e-06 0.001 256 DPN92
0.0 1.1046039561149088 0.977138269235455 0.8941145207882489 0.9626913318326118 0.9032963131742561 0.9038187764609034 0.9439575355633503 0.9146224488063064 0.908041520561096 0.8992597021418506 0.9082435042057065 0.9167753818298593 0.9128846346853267 0.9126275686926245 0.8975126072245507 0.9069566628592503 0.9074622012537197 0.9159679133454398 0.9308987712423651 0.912195410142515 80.92 1e-06 0.5 256 DPN92
0.0 0.8999980902437609 0.8713124886943017 0.8887370389745418 0.856611833299216 0.865625737477745 0.8960678243992518 0.886802165792766 0.8811278748253375 0.8798391368343202 0.8799398627312296 0.8864116056744125 0.8968655915640238 0.9137181732314785 0.8951377207336142 0.8974954337923208 0.8942597387859057 0.8959434028052159 0.891308321449643 0.9033495504508773 0.8860829617071194 79.74 1e-07 0.5 256 DPN92
0.0 0.9104559253979212 0.8621017130305192 0.9428352759413149 0.8844627611298292 0.8513121117782998 0.8581759395354481 0.8475659931047967 0.8624790095950792 0.8657202401446469 0.8583172927333795 0.8686905167244674 0.8635394184858047 0.8671509654344008 0.8545358082488873 0.8717882906566784 0.8726176628240406 0.8831817810156667 0.8655103092680148 0.870149160757746 0.8673833554729644 80.53 1e-05 0.1 256 DPN92
0.0 0.9042566435730691 0.8927892703211735 0.8744672958256463 0.8829382620923453 0.8632924075607061 0.8789711372405838 0.8906252116062011 0.8601882456515323 0.8852027159747736 0.859599200753813 0.877559912912127 0.8720306290782647 0.8661939076342557 0.8803019565491702 0.8676038978093139 0.8754872397003051 0.86582747222565 0.8687654020857788 0.8655403232165475 0.8604325778536166 79.12 1e-06 0.1 256 DPN92
0.0 0.8830784014660928 0.9695076667930244 0.9077177933284796 0.9224275137226822 0.9210010106052348 0.9340618758588195 0.9464010818273788 0.9364862822704609 0.9535768396369467 0.9384017729342865 0.9365631052639326 0.9421842100975472 0.9500782216879027 0.9518804800815347 0.9536100586836354 0.9501071614761769 0.9483780485586785 0.9381279971530586 0.934967752580754 0.9430732528350204 76.8 1e-07 0.1 256 DPN92
0.0 0.911872228790212 0.9783234085353104 0.9268557130840688 0.9638480447753248 0.9148326924263783 0.9069438419269086 0.9019939840183033 0.9268660444849001 0.9146717187902256 0.9110038440329029 0.906004285293499 0.9135467580022961 0.9237701351489876 0.9196328097800037 0.9149976727726477 0.9196523548638119 0.9164045089707682 0.9193328003158588 0.9209200220810446 0.9228354633714456 76.68 1e-05 0.1 1024 RegNetX_200MF
0.0 0.8301946680799257 0.865675151964288 0.8565793314240889 0.8699554774510523 0.8662390994218281 0.8724850314157689 0.8456379924667818 0.8539469419143376 0.8915123022878764 0.8713366361911556 0.8698689092965612 0.8551171078660775 0.873828163801545 0.8592679469494381 0.8654662768737207 0.859390302761729 0.8525562083143211 0.8709463559836366 0.8675602690190707 0.8513091988286786 83.6 1e-05 0.1 256 RegNetX_200MF
0.0 0.8065103156424897 0.8928137860236994 0.8811785318175458 0.8624637073114766 0.8630786263998776 0.8206322608780744 0.8096109725509376 0.842620620153173 0.8270517359815248 0.8486652762368654 0.8385209506693403 0.8227971986758165 0.8297659147198531 0.8318576509081865 0.8326339632599503 0.8224088920997252 0.8257589777724228 0.8303265835175203 0.829094286916823 0.8251675387917907 81.28 1e-06 0.1 256 RegNetX_200MF
0.0 0.9180608431631385 0.8808166341350047 0.9042313803813228 0.8456697776064331 0.8791772766362985 0.8694311906346247 0.8662416955193778 0.8614471451666093 0.8495998823287291 0.859410844242972 0.8832974862826175 0.8759057937072623 0.8696892536103021 0.8774656248436259 0.865681234732927 0.8764016471606006 0.8793025544719362 0.8722920973533778 0.8585714169255135 0.8668414589842159 80.56 1e-05 0.1 512 RegNetX_200MF
0.0 0.8894436149305069 0.9532953313777002 0.9998414386235764 0.9776818837413047 1.000213888678499 0.9813368966997943 1.0018224703747338 1.0097789876989371 1.0101663024674206 1.016297952162346 0.9981571728365034 0.9969960715259532 1.0061282719548696 0.9927050257471312 0.9914450107772019 0.9872009420065057 0.9952881887810574 1.0007688458404862 0.9969390096394461 0.9841219115974537 76.21 1e-06 0.1 512 RegNetX_200MF
0.0 0.9589056124962506 0.8081646781302017 0.9334496298062568 0.9157851710421945 0.8838404920378118 0.8816828772226423 0.8878025640892805 0.8823061941826359 0.8874082776392112 0.8862203919596449 0.8928090245159074 0.8914355622759988 0.8849617038046205 0.8929885034062415 0.8898342334394349 0.8907836688118284 0.8874790155437356 0.888526139431721 0.883798858483584 0.8829745145683373 80.3 1e-07 0.1 512 RegNetX_200MF
0.0 0.8897386173339225 0.8368120565263416 0.9028490358551475 0.8323074767592743 0.8471175107111812 0.8462944336513687 0.8431449451061601 0.8387060554597354 0.8590545522953067 0.8351718320938671 0.8508104652495728 0.8330815443590741 0.8299161634559253 0.8368926544072185 0.8301524868418833 0.8288773220935959 0.8408608710354357 0.8289412554522434 0.8376108662570262 0.8378039801154982 82.35 1e-07 0.1 256 RegNetX_200MF
0.0 0.929316437806132 0.9363317459010101 0.9577087310056875 0.865518048082183 0.9073405998101803 0.9013366028707626 0.9089168634569592 0.9122219563458087 0.9142209075729092 0.9146558236432674 0.9189401440721535 0.9141041640967181 0.9134164245837575 0.9113041967408121 0.910728899063869 0.9140878683971302 0.9156342806783809 0.9152693721830226 0.9149760170641157 0.9180585210644233 75.37 1e-07 0.1 1024 RegNetX_200MF
0.0 0.9394289557383075 0.8894788101918002 0.8838268849463771 0.937834126422066 0.9241568724763825 0.9306316345165727 0.9430004627194671 0.9514104918186789 0.9474654207514547 0.9453197948351655 0.956749694796824 0.9454873880891838 0.9514664877836938 0.9554224093997948 0.9533014979767183 0.9539302121436117 0.9515492090223054 0.949654630988207 0.9521231283385084 0.9560016083925987 77.57 1e-06 0.1 1024 RegNetX_200MF
0.0 1.00551749832004 1.0082130613739961 1.010889311220312 0.9964127868049287 1.0053645361597865 0.9967730666668954 1.0066507968775793 0.992243896360412 0.9962397431743498 0.9949355395073595 0.9849022778172043 0.995310837656871 0.9994719092900932 1.0027194346140698 1.0007382430820975 1.0010753318544472 0.9970770924225676 0.9955525527793351 0.9961057653215868 0.9865327898676227 75.92 1e-05 0.01 512 RegNetX_200MF
0.0 0.9061094309900115 0.9171778506809578 0.9090340490238379 0.8772328860240378 0.8796442694927515 0.8763846002289728 0.8671719976729257 0.8802296237081905 0.8701437028272649 0.8877120877195191 0.8878749089629917 0.8824340969688894 0.892301966021669 0.8874314213147109 0.8727041636243961 0.878156284766913 0.8907182333805116 0.8933960207780791 0.8885894432321823 0.8741569369820968 80.48 1e-05 0.01 256 RegNetX_200MF
0.0 0.9401397728878625 0.8827644901609033 0.9271412729481915 0.9158107960915189 0.9239657559707087 0.9201995186222526 0.925906220278412 0.9118844276752401 0.9228108290704218 0.9174522674495553 0.9075153481223422 0.9081157457725331 0.9177854403174098 0.9143064610688976 0.9105489159659679 0.9077724175443567 0.895135197432831 0.9111754085104473 0.9243820309337519 0.9170701541842557 81.63 1e-06 0.01 256 RegNetX_200MF
0.0 1.114678812713912 1.0847319925256331 1.0295771943288414 1.0247593490565847 1.0190269029789423 1.0256190999623231 1.0062717829184047 1.017102080110513 1.0216629410287763 1.0167703203984337 1.016964936329188 1.0100855926493508 1.0198117632410622 1.011039737179243 1.012216537087273 1.0045995307036122 1.0154965857260536 1.0154628299545876 1.0219857324655388 1.0114048405760432 76.17 1e-06 0.01 512 RegNetX_200MF
0.001517144790378862 0.9001733747302668 0.9085103897283899 0.950809052503609 0.9159521850079578 0.8985545890167194 0.9175260707609028 0.9264066058240246 0.9136965069861144 0.9145397359034425 0.9167234933607675 0.9112088626138322 0.9149272571679125 0.9109321488379324 0.9146811628836431 0.9194108263121821 0.9168013821107579 0.9089299601257282 0.9033310592250139 0.9040450905181645 0.9137108462116577 81.84 1e-07 0.1 256 RegNetX_200MF
0.0 1.0940189824175808 1.1304571637941685 1.191069083760989 1.1248229539427068 1.1286625015027938 1.1138987703842789 1.1261033632985986 1.1284777575151923 1.1245929546754 1.1284265553113202 1.1277138361098438 1.1196303487281853 1.1116945364995536 1.114690296062124 1.130510369729509 1.1225407203422373 1.1359310228993336 1.1144534571559321 1.1336950720382688 1.11773322988656 71.62 1e-05 0.01 1024 RegNetX_200MF
0.0 1.2690971293194768 1.2822157438448851 1.445780302758842 1.6210096477853049 1.6673616765717894 1.699375319599043 1.6936456123454975 1.6894210521371351 1.6868509392180786 1.6975775858374904 1.6743784875738918 1.677174649463752 1.6756323853802997 1.665237098261816 1.6650608679032843 1.6639188847700523 1.6765712331355707 1.666010665310247 1.6737908944654678 1.6700718945906607 59.06 1e-06 0.001 512 RegNetX_200MF
0.0 0.9011045381571846 0.9169137353692488 0.9769976568625058 0.9569780278000326 0.9839955414472551 0.9624510797547259 0.9650178528122411 0.9630141286111423 0.951537479072726 0.9698514153679296 0.9784746103512341 0.9626329531908143 0.9461024880620701 0.9695269412187326 0.9515771183484241 0.9568969320895186 0.9678905762211021 0.9526867381798111 0.933225086909874 0.9500543369538178 81.18 1e-07 0.01 256 RegNetX_200MF
0.0 1.1396563233685362 1.27841024044977 1.436174396088467 1.5639413125743902 1.601932350471324 1.6450171646045222 1.6343903831612383 1.5912488710941053 1.639214240910099 1.635440958956837 1.657609116416684 1.6264385372788797 1.6583897190943109 1.6338024100147859 1.6252165656945738 1.624043525554956 1.638241631884422 1.6319505384988664 1.637681975009626 1.6364154666871442 59.04 1e-07 0.001 512 RegNetX_200MF
0.001517144790378862 1.1121626702994534 1.2561619149687357 1.2262645778666832 1.2421598906516476 1.2470282484345638 1.2342840486599287 1.238213171292297 1.245445671278602 1.2244589930263343 1.2359663036302875 1.2427256575744723 1.2440023865395125 1.2361904458884196 1.243191151747208 1.2323574940555937 1.2402297187826523 1.2428936944559918 1.242614864149858 1.2436525060007741 1.2391778302364251 71.99 1e-06 0.01 1024 RegNetX_200MF
0.0 0.9791661683940177 1.0683079473919856 1.0698250010794466 1.0828994041417603 1.072949654645203 1.0691420803624212 1.061163334274279 1.0804986000606633 1.0698253229458516 1.079862558316225 1.0671856874299332 1.0702186546280703 1.0661810002960344 1.079608061382489 1.0605387492659049 1.0723655922806519 1.0782437720217748 1.0694883890561624 1.0733171076593815 1.068412034272789 76.02 1e-07 0.01 512 RegNetX_200MF
0.001517144790378862 1.1692087395014175 1.2140463721113683 1.1917271622738665 1.2001507368836861 1.20214827584632 1.192919601625083 1.2069871881975203 1.2002791425422998 1.1955800477536696 1.196058268558212 1.208157382007892 1.1964748874873652 1.2078668902127274 1.2050950612605487 1.1945518861932152 1.1936645546120943 1.2108472447622396 1.2072117377447784 1.2104724910040652 1.2035617202160471 71.99 1e-05 0.01 1024 RegNetX_200MF
0.001517144790378862 0.8957663366154711 0.9399016967724394 0.9513280706835531 0.898960090943762 0.8932249512688847 0.8954351809002822 0.8789604719384211 0.8926891955630468 0.8811981882612937 0.8880211734385755 0.8964123046901809 0.8775189571950311 0.8768286711997046 0.8733782188862584 0.8921822072318139 0.8825364008180695 0.8716127580189439 0.887267001284594 0.8848290328131522 0.8895017844940029 81.98 1e-05 0.1 256 RegNetX_200MF
0.0 1.1722027010383647 1.2772832297641277 1.4553713032136073 1.4924850587716292 1.5892206694786615 1.5987221457325627 1.6213463534307686 1.6255191032058798 1.6037786333527806 1.6237552232083567 1.618660431338239 1.6063222519308809 1.6247475094507684 1.6114276744385947 1.6103532101433444 1.621410301308965 1.643724073643589 1.626120769123785 1.6362921640706483 1.6307718453013613 59.17 1e-05 0.001 512 RegNetX_200MF
0.0 1.1942805720394407 1.2622761609326012 1.3763339053060322 1.3804441917384895 1.3834465993159961 1.3453252344531395 1.3520330495812778 1.3942051345990125 1.356426445248726 1.366415869152999 1.386763606093069 1.395826149640972 1.3615504560889682 1.3911900115938456 1.3688129030571254 1.382942533446338 1.379373193599731 1.3753946078216917 1.389960191951331 1.366438632667792 65.66 1e-05 0.001 256 RegNetX_200MF
0.0 1.1610206221220196 1.2483285939653472 1.3000444870607648 1.4078842834703895 1.3388654840863046 1.4251937176538165 1.3411221843464534 1.3432891957749868 1.3423441753678815 1.3322434861121994 1.3550550766785778 1.3278783618097845 1.320115205158749 1.3469065325793508 1.3541755957648254 1.3115750982899739 1.329499935631039 1.3370652000592327 1.3236273303740598 1.3221932621814425 65.64 1e-07 0.001 256 RegNetX_200MF
0.0 1.103946892887589 1.3114866708757813 1.3587173106444814 1.3014156003372275 1.3450765601121588 1.3171425119529183 1.3289979700737502 1.3305419774681508 1.2888392278676517 1.3344560431580672 1.2927137363508925 1.3158946020198576 1.3128859596984555 1.3051188844344142 1.2930431207757602 1.3224671687213105 1.323305091651581 1.33617606735323 1.300805304671433 1.3174248444508647 66.31 1e-06 0.001 256 RegNetX_200MF
0.001517144790378862 1.2604982001543608 1.2881721869613738 1.4768999514720134 1.4194574103983828 1.429179012815969 1.4051981074526325 1.4156127585603397 1.394353822664648 1.444093189494424 1.439590933481353 1.4302145849839143 1.4527653773166926 1.4463501337251858 1.474647214289594 1.44744472465849 1.4284667927749535 1.4341436773331881 1.4223618564170453 1.4102187640680064 1.4177597101506743 65.61 1e-07 0.001 256 RegNetX_200MF
0.001517144790378862 0.8871789697494598 0.9273603140094626 0.9283572609873567 0.9258878814368791 0.9334967454156444 0.9329875502185625 0.9311662399200705 0.9465921797736779 0.9483259142009851 0.9493188728143095 0.9451263574388963 0.9472420531353184 0.9544713426710963 0.960831035145668 0.9486738881644424 0.9591964094358564 0.9573981598377906 0.9519726830765316 0.9475276381780905 0.953881262154205 82.4 1e-06 0.1 256 RegNetX_200MF
0.001517144790378862 0.9563987611278383 0.9588704480187267 0.9725826765007036 0.9432973825617459 0.9345236141263511 0.9441716821454097 0.9711459944428555 0.9602888189734667 0.9361297255863125 0.9526318541516801 0.9516234706673 0.9637930829076469 0.963959239580714 0.9658705191261209 0.9468309492323513 0.9491203490778797 0.9436037146870568 0.9556717702235261 0.9425437148983113 0.9439626547330442 81.39 1e-06 0.01 256 RegNetX_200MF
0.001517144790378862 0.9167681586615615 0.9162333669560964 0.9817799184473079 0.9808678520387452 0.967619857374467 0.9768138017187589 0.9713349389901587 0.9688599233993429 0.9609016944735117 0.9578968548352842 0.9591881115063436 0.9543730462447502 0.967034481217353 0.9639148406383478 0.9707640324462585 0.9537784835701817 0.9575618193662292 0.9530281103768528 0.9578209746374492 0.9519697515865921 81.29 1e-07 0.01 256 RegNetX_200MF
0.2674189507477816 1.2558807592609131 1.2802926266171588 1.3091624260061558 1.619372562977206 1.777465835654341 1.894838096663612 1.8828115331894208 1.8500535589164662 1.8535438832298923 1.8450753273977822 1.8753002080936685 1.892424269790692 1.8712271575640875 1.8795780312341157 1.8843732407697416 1.9000252007157192 1.8832616747455442 1.8875075472634146 1.8875940205477262 1.8922406362530908 53.47 1e-06 0.001 1024 RegNetX_200MF
0.001517144790378862 0.9337760998410819 0.9462140159080465 0.8957999107878227 0.8861757416959287 0.8952370367936843 0.9039286040861702 0.893148934165917 0.8919002467848128 0.9009962356055832 0.9054282735091636 0.900739898781191 0.9154230542808313 0.8982948456264943 0.9034716572779512 0.9099086730518506 0.9085123348971936 0.9094436511587787 0.9007417959956462 0.8970456622120818 0.9084743063731302 81.54 1e-05 0.01 256 RegNetX_200MF
0.001517144790378862 1.1992788758068273 1.3109280805605326 1.5050855645772765 1.464273454473563 1.4553970691731553 1.4229566459455858 1.3666173804769748 1.386735064641676 1.3912555165815061 1.3478554121856883 1.401095660704643 1.413523170661995 1.427643521396481 1.3737430029833115 1.3863240617145316 1.4081436178799442 1.4028518392939002 1.3883007281731017 1.4027393490720421 1.3828419485923815 65.22 1e-05 0.001 256 RegNetX_200MF
0.2674189507477816 0.8061834742378728 0.8344620411498108 0.8839239381946224 0.829091443317755 0.8412497070896847 0.8310704354833931 0.8366996042708899 0.8401267728745154 0.835571475270245 0.8676151064233127 0.8713257388054578 0.8485716801010578 0.8442948132993381 0.8434098710446645 0.8577718426307347 0.8499155960591976 0.8556629674013676 0.8521236499818641 0.8500928124934615 0.856718002369681 84.55 1e-05 0.1 256 RegNetX_200MF
0.001517144790378862 1.2450813741168056 1.3696419577974321 1.4654088694375036 1.4108331643672718 1.3753072333411895 1.3548344247397275 1.3502338377611027 1.37519573526834 1.387087172009555 1.417111889905587 1.402185845636261 1.3997389417026886 1.4193548124777369 1.4363875174102165 1.4086335793021356 1.4470448281349095 1.413374107934606 1.4078144144060962 1.3871287379620572 1.4075158105523429 65.66 1e-06 0.001 256 RegNetX_200MF
0.2674189507477816 0.883939568893418 0.9045804277622993 0.8662184584810931 0.8283070471877602 0.8242516492093565 0.8269210803110504 0.8671567619958445 0.851409349820638 0.857709675810154 0.8713441083982897 0.8608872399371847 0.862839588214368 0.8397589094920405 0.8610571323809664 0.856739907416322 0.8603419386127542 0.8597072718160612 0.8602156057382376 0.857354621886571 0.8638064058088688 83.43 1e-06 0.1 256 RegNetX_200MF
0.2674189507477816 1.2759844422690994 1.2494341326043368 1.531997586227414 1.5979864571036697 1.6228456496085144 1.6432817604242862 1.633552680344862 1.6285678842530782 1.6429397496841136 1.6536022619270665 1.6190953925910716 1.6461586484110726 1.6370537722762288 1.6337672046739482 1.6403510489507198 1.6343955981286191 1.6301610707801726 1.658699550596241 1.641009467451517 1.6190352931914611 59.77 1e-07 0.001 512 RegNetX_200MF
0.2674189507477816 1.3047749430677973 1.2173227030226341 1.4327527595691196 1.5559057008478867 1.583894177434293 1.5927693631407225 1.5730827867397614 1.5664154798864052 1.5611393344754922 1.5655787487438206 1.5741092821609897 1.5668853210637617 1.5708030340883474 1.581804715074693 1.5774645049582998 1.579799261902317 1.561913410616655 1.5472165119896082 1.5482934333326197 1.5628651035965564 59.72 1e-06 0.001 512 RegNetX_200MF
0.0 0.8244074966318755 0.8459347215839922 0.8209517334087575 0.8203758540718602 0.8270171439944973 0.830072404489558 0.8212866332832982 0.8222430770107598 0.82067644386775 0.8333393466740437 0.8135142920701637 0.8179286544419214 0.8183977480710389 0.8201836385616439 0.820462423992409 0.8203100304767084 0.816941528645671 0.8153937952675467 0.8215600504600076 0.8232063238189873 83.97 1e-05 0.1 512 SimpleDLA
0.2674189507477816 1.1633294321439722 1.2839597137192786 1.4826230716878417 1.584906283326564 1.5255237437956066 1.601136711780384 1.6110897685676528 1.6130878547175769 1.609617336768018 1.6391737484721924 1.613135747341152 1.6053546240785166 1.6332928469793968 1.6256786246424781 1.6075118538725044 1.6349328560334604 1.6117891896680467 1.6235850288120648 1.5915305663626496 1.6257882342004804 59.96 1e-05 0.001 512 RegNetX_200MF
0.0 0.8257205390069267 0.8347545131725386 0.8168541604210122 0.8101607307200156 0.81176509254385 0.7969123397619283 0.8105316522335719 0.7994753965877942 0.8035723813031018 0.8096247641359353 0.8107016801200683 0.8140446799831773 0.8021165559122589 0.8079422345915492 0.8103986047337547 0.8106045329399663 0.8045985208339286 0.8030753452873972 0.8025146853728957 0.8052022127135623 84.95 1e-05 0.1 256 SimpleDLA
0.0 0.8504720763351479 0.8392123381556218 0.8814711433535538 0.8721046909372313 0.8676578355284077 0.8685603524955665 0.8667947939293988 0.8670534035215723 0.8685884500376294 0.8675688426935853 0.863775311386409 0.8701654068796119 0.8569734875668915 0.8718097006284092 0.8653383724895037 0.8671958003492467 0.8599978215261204 0.8671462828766517 0.8625734055693567 0.8619401853180086 82.76 1e-06 0.1 1024 SimpleDLA
0.0 0.851320612104058 0.8514290878423836 0.8304174756155399 0.8212169438021703 0.826288316205776 0.8317942010997494 0.8317383225410814 0.8321703075507254 0.832549023483323 0.8278394836647132 0.8353589931349775 0.8358135043992416 0.8316843128193784 0.8349506401973437 0.8304090207766174 0.8311722123272207 0.8297721832125023 0.8325535934498088 0.832690443486735 0.8307279795289441 84.26 1e-06 0.1 512 SimpleDLA
0.0 0.8109322662830336 0.7836110674822655 0.818419900707259 0.8296237929756312 0.8282166284372653 0.8313525428910176 0.8296771960523478 0.8304471800189119 0.8281468639345523 0.8309078053260179 0.8325013845282564 0.834370155435343 0.8314994832602624 0.8310488511394842 0.8365364274553007 0.8330535936295272 0.8311366002276341 0.8285554733893824 0.8320955516274957 0.8333875087309787 83.14 1e-05 0.1 1024 SimpleDLA
0.0 0.7874697857778636 0.8357230115699287 0.837567433178913 0.8445779380373805 0.8481685607698745 0.848085061906575 0.8485229064856715 0.8523346502161897 0.8520629725021693 0.8575985169340083 0.8569923007512937 0.851660381037926 0.8543764095036552 0.8606058360462324 0.8543838644307934 0.851366618548593 0.8554100414974708 0.8570181872978462 0.8535589470982895 0.851398152665879 82.58 1e-07 0.1 1024 SimpleDLA
0.0 0.8239542316890498 0.8552643673322328 0.8257860327112921 0.8039765670150694 0.8161284381718916 0.8021565659920732 0.812038764690189 0.7915849111023101 0.8005641303607604 0.7938677660857238 0.7918051130166063 0.805946577213438 0.7971092613731722 0.7952558544559486 0.7964533309696478 0.7988021392326775 0.8038484665784209 0.8003278126237098 0.7948688670278534 0.792726271210747 84.69 1e-06 0.1 256 SimpleDLA
0.0 0.864460840243491 0.8855857343514812 0.8874237379169791 0.88383050893482 0.8950988342083854 0.8773697938938827 0.9028338328087115 0.8899302191015533 0.8919451749986436 0.8954877768551788 0.8736804184398518 0.9002539949804338 0.9121906758147211 0.9006752242595346 0.9041657104673203 0.8980852927969459 0.8923045531249854 0.9000432291262651 0.9011104725586216 0.8920624846953595 83.39 1e-07 0.01 256 SimpleDLA
0.2674189507477816 1.1072620850866977 1.3655015817310894 1.4470787946576325 1.376117155592489 1.36766688925657 1.3987041749300124 1.395567202561941 1.4013661691910868 1.4197229619267302 1.41606796911891 1.416616439722744 1.3957061141366587 1.421028821059898 1.4138856252248244 1.4140335681555853 1.4096939476180566 1.3904911771650377 1.4240885607367035 1.4004216055276821 1.4207488797780004 65.64 1e-07 0.001 256 RegNetX_200MF
0.2674189507477816 1.1525493892442595 1.294665552055863 1.3538426136897683 1.2652870177243818 1.2558348867147324 1.3234503368245267 1.3009066992748144 1.30756780763844 1.2935294993832174 1.3107923465926843 1.2859675776660413 1.2995850064318353 1.2889616093009937 1.2798630694167827 1.2822006232470513 1.2944974363357775 1.305354857415719 1.2832035195986455 1.2926213232149593 1.2971508742532907 65.74 1e-06 0.001 256 RegNetX_200MF
0.2674189507477816 1.0873245798578066 1.266012383029044 1.4138460296437583 1.415692708058401 1.4598276706022477 1.4171080300134111 1.4278671373956981 1.3948243187572205 1.400088363445902 1.44281243958358 1.4132580879342924 1.4407255871317708 1.4019028882748674 1.4463985440665332 1.4424502577773755 1.4295872307112136 1.4201849847371093 1.4264603595575205 1.4281080220765534 1.4357765367832118 66.02 1e-05 0.001 256 RegNetX_200MF
0.0 0.838487868459479 0.8253829998135861 0.852459365252206 0.8461494826215454 0.8444336598813703 0.849204540821852 0.8465224584567966 0.8417033454708854 0.8330594295610374 0.8388832073492429 0.8443693744850432 0.8429924822448496 0.8507301270127049 0.8291844594999296 0.8494466374503905 0.8408216129247542 0.8406782164319015 0.8321365119446402 0.8458009549035544 0.8469713195927582 83.93 1e-07 0.1 256 SimpleDLA
0.0 0.8783085805230831 0.8791925933370851 0.8483695754304211 0.8473724931099359 0.841750961007449 0.8487697687842423 0.8346570706877111 0.8403202722796373 0.8405174313744975 0.8378244295508627 0.8350170686800064 0.8445756851392373 0.8359132259928888 0.828591166282594 0.8424660470859383 0.8347809316721322 0.8404765684864577 0.8482050001127495 0.8407092775201166 0.8383083988017898 84.13 1e-05 0.1 256 SimpleDLA
0.0 0.8603132979393441 0.8672519238623263 0.822264613546017 0.8319809339694926 0.8290384806045321 0.8301841085241795 0.8313051857828239 0.8387410318815648 0.8396583611697429 0.8288776721682298 0.8420098950731731 0.8422675964033971 0.8415275121588932 0.8419161435683921 0.8362531122207625 0.8389386192976355 0.843897659747824 0.8403444243714199 0.8377242064756758 0.8394464483067818 83.73 1e-07 0.1 512 SimpleDLA
0.0 0.9996176608973734 0.9746040562529212 0.9848730575413143 0.9836525435886433 0.9828238096826576 0.9828043628426112 0.9808808320575859 0.9856314953492716 0.9848055202580239 0.9824654562940839 0.9835249938299405 0.99595570074104 0.9815473511501647 1.0015740197274843 0.9903257390926237 0.9823346610648397 0.9966619696302628 0.9887719006330477 1.0007415275755163 0.9879006223572613 77.96 1e-06 0.01 1024 SimpleDLA
0.0 1.0621475920576093 1.1886626906989466 1.150887242076378 1.127478337542215 1.1337325979245463 1.1275036305394963 1.131833491623734 1.133405517189645 1.1388401671246766 1.12460068595013 1.1121996983908287 1.1249519500146306 1.1448069637906064 1.1378990655499404 1.1365502280498747 1.1143638949731771 1.1618129458872104 1.1285485005819875 1.1323875692457899 1.1333346045185855 72.27 1e-05 0.001 256 SimpleDLA
0.0 1.0253495571440916 1.0650615522252114 1.137455941262107 1.1611579386723294 1.1302000136003516 1.130211271546213 1.1400374649974787 1.1585649312899213 1.1533715768981097 1.144360041441324 1.1399314809727332 1.1445976286494537 1.1146840111830985 1.1387498907668396 1.1337742476051433 1.1415806063223872 1.1584681399907497 1.1314686354150554 1.1446024988066554 1.14367511427608 72.97 1e-05 0.001 256 SimpleDLA
0.0 0.8520696829275047 0.8376022001759392 0.8528509734986636 0.8443002293477724 0.8423757801976504 0.8560095669482527 0.8615238615870247 0.8448293437474359 0.8488082155794734 0.8398994844703321 0.8480180667725524 0.8385258534901705 0.8543714523033807 0.8374750242747381 0.8430824014135944 0.8553801900472636 0.8348952889874927 0.8469175466302898 0.84809917917014 0.8412720554075751 83.98 1e-06 0.01 256 SimpleDLA
0.0 0.8907784227444919 0.8540100711137003 0.8467134655636659 0.8226604745573779 0.8329123704314775 0.8429363156820322 0.8360502650905989 0.8234366500010966 0.831824168193721 0.830277847052245 0.8368456551523025 0.8472336184729496 0.8375515618536263 0.8260909274731679 0.8404624816219388 0.828398423396993 0.8333885436128203 0.8215177777944064 0.8462939992581368 0.8280478764697707 83.49 1e-05 0.01 256 SimpleDLA
0.0 1.028363886300802 1.1546770897439635 1.1461751656835035 1.147497862354098 1.1412244116367238 1.127178380559293 1.1310568614456593 1.1328082449583865 1.1179582857084511 1.12731180465739 1.1307942070814272 1.126093524032757 1.0961418143864874 1.1207491242884362 1.1075798845814029 1.1190653668952038 1.132181565186077 1.136665631831911 1.134647281056067 1.1369451518813782 71.65 1e-06 0.001 256 SimpleDLA
0.0 0.8854276207276672 0.8838330231735462 0.8619791168791299 0.8639406998403775 0.8613208603406496 0.8595964609064333 0.8779894071959642 0.8740044179267271 0.8702220991777139 0.8733373617960658 0.8668534157781879 0.8680223969099744 0.8572795484127355 0.8622599607617372 0.8642176310053088 0.8597069112856416 0.8684877436484264 0.8731894887683489 0.8804523571553377 0.8903708272326178 83.48 1e-05 0.01 256 SimpleDLA
0.0 0.8660511384225685 0.8176002095539538 0.7911660254067878 0.799733515018485 0.8006745715952167 0.7966515187379538 0.7945986414829999 0.7881873223157849 0.7903596132658192 0.7930060218056607 0.7953213603273452 0.7917174804473713 0.7876495392794577 0.792348955236643 0.786989266486593 0.7910748867644962 0.7928102534052252 0.7918570456420873 0.7912675352853686 0.801810305611343 83.95 1e-06 0.1 256 SimpleDLA
0.0 0.8957928724023648 0.9189776579121849 0.9181811516656749 0.9158062627646909 0.9167692791673551 0.9213080662635221 0.9157426125775158 0.9277464779608444 0.9203717588559023 0.9198746815264457 0.9187646848910824 0.9216352995028477 0.9313486845148737 0.9297247030600023 0.9253057737424677 0.9271694128966252 0.9249690036555082 0.9232898471841992 0.9205158828008294 0.9241375832162727 81.28 1e-07 0.01 512 SimpleDLA
0.0 0.812533033776959 0.8146101592974098 0.786832366172325 0.787620731608094 0.7732272716624796 0.776228643874557 0.7784461106814325 0.7807107571435572 0.7752289049055107 0.7797826482037228 0.7826347625198702 0.763252013230848 0.7806243547185899 0.7817765112803728 0.7708822013745242 0.7754239551004194 0.7695604864902086 0.7832587709533173 0.7696516807761271 0.7857336902663206 84.92 1e-06 0.1 256 SimpleDLA
0.0 0.8301951285203554 0.7922869423349768 0.8060090214630603 0.7968479445424073 0.8138960606022455 0.8085562775413304 0.8135500590804117 0.8008894065949093 0.8074107157822659 0.8109874072111734 0.8075033621324189 0.8007510693064597 0.8099643849681024 0.8167423572693133 0.804038962164617 0.8069193230022258 0.7937767141434814 0.8072600672204112 0.8115030368507512 0.8036468768508804 83.62 1e-05 0.01 256 SimpleDLA
0.0 1.1925575089341458 1.2821296051506383 1.2442313308871549 1.2462601533348443 1.2296863440949235 1.248837722710431 1.2430687827498332 1.248906863386048 1.2325083225599254 1.2447715828993733 1.2457104141376574 1.258603433242799 1.2402126055213565 1.251381160935078 1.246964619075408 1.2336898153413234 1.2442003211964994 1.2463113764779457 1.2447431145075059 1.247926446013765 65.43 1e-06 0.001 512 SimpleDLA
0.0 1.0729187047593742 1.3716570233768675 1.6711041453354212 1.631711474361745 1.6482879923451699 1.6577376838825237 1.6660652795416053 1.6615413473777758 1.664005439102671 1.6721702489028665 1.6633206882128788 1.6793450316936553 1.6821106984425276 1.6727353667928297 1.6665763926991475 1.6721898396766142 1.6566139567577505 1.6736576146703062 1.6682205787581472 1.6784788609025407 56.43 1e-05 0.001 1024 SimpleDLA
0.0 0.8060055288876036 0.8096418365777253 0.8247186492911793 0.7926650861457835 0.8180009429091755 0.8122967563843353 0.8071243442160287 0.8085923576299233 0.8029890185419555 0.8072961073319184 0.8155685996824498 0.8240603289519322 0.824145254152565 0.8032243888485118 0.8166400231592839 0.8143345487160829 0.8090761091223102 0.8140649177879448 0.8180529769796395 0.8076255101678149 82.92 1e-06 0.01 256 SimpleDLA
0.0 1.0986974251835395 1.089166781049567 1.0807706004050939 1.0845964901976657 1.0848152675976896 1.1002085358307447 1.083438446837227 1.0770580468250792 1.0868554901228829 1.0942837659174547 1.0973433152875378 1.109705739602001 1.10589150065642 1.1025784671220753 1.0924066580618632 1.1185341873119017 1.091509848637908 1.1069079982985448 1.1002527560096027 1.0938787306689837 72.83 1e-07 0.001 256 SimpleDLA
0.0 0.8141797113680479 0.8249997059650341 0.8316052896025099 0.8170820386380383 0.8193873650110395 0.8209222337884623 0.8182803825764783 0.8189651542228057 0.8144572838808144 0.8182799852666013 0.8176490351133715 0.8254516879783929 0.8220462730714645 0.81393608396717 0.8193436082305351 0.8191687486152872 0.8197152268286989 0.8160348266673164 0.8071434513476896 0.8170476648903885 83.19 1e-07 0.1 256 SimpleDLA
0.0 0.7960230023555718 0.8239146836460423 0.8411749503801702 0.8171779407180944 0.8240254847651453 0.8318662923219131 0.8313788583494393 0.8286947050787262 0.8309923041419086 0.8311839418939729 0.8414768313478895 0.8300713023596278 0.834665044963198 0.8296371928956807 0.8394739700243509 0.8354458212991124 0.8324772071021781 0.836060938867302 0.8331703266390423 0.8296094360159489 84.93 1e-05 0.1 256 SimpleDLA
0.0 1.112904869152181 1.4231570233697304 1.5607688369248656 1.5826907417897567 1.5834048943088006 1.5937852058348354 1.5926265155096666 1.599096574438176 1.6135981594416682 1.5845489813364697 1.6066623881881281 1.6111075397227645 1.6215317291400362 1.5902356989327284 1.606899601802985 1.5904739236995236 1.6043836609065396 1.594214272236419 1.6069815585202765 1.599497762437423 57.98 1e-07 0.001 1024 SimpleDLA
0.0 1.1648537082188943 1.3211506262205304 1.255436959290238 1.2906001918949108 1.2942601789883847 1.2872166960792528 1.2784425912250863 1.2649113014676134 1.2738359686992127 1.2824191328522823 1.2867731572716317 1.267499485854318 1.2814821335708908 1.2942597646971037 1.2826282208517048 1.2788648846920865 1.2713787041796119 1.270834398304145 1.2761506255399317 1.272412788980494 65.37 1e-07 0.001 512 SimpleDLA
0.0 1.0476328673275652 1.4938549768723433 1.4681160696939408 1.5709690641628333 1.5703888687613425 1.5741538410137301 1.5660781859735098 1.5679764676739003 1.5726569949080869 1.5721294550420983 1.5714199261426915 1.5624894233121924 1.5680057222119117 1.573803468268621 1.5721446075814398 1.5932090049014773 1.5689797392530587 1.5771703478730674 1.5652365864460505 1.5792788908605837 57.01 1e-06 0.001 1024 SimpleDLA
0.0 1.0366757964780688 1.0624646643861233 1.021912075873608 1.0126286429954148 1.0225215052256877 1.0282163142405913 1.0195565426947928 1.0108835261947768 1.0154758352092959 1.0210778527763693 1.0256041062000198 1.0293509031268344 1.0271145206133292 1.0044324907500042 1.020575107663619 1.0117321312891296 1.0157516489799492 1.010996336981578 1.026629669541663 1.021102321625665 73.06 1e-07 0.001 256 SimpleDLA
0.0 1.1673718607553887 1.2594366898675273 1.2790798158876617 1.2785963583310447 1.2900799081817835 1.301406250293909 1.3118844957760027 1.3075094604933022 1.2934626511228036 1.3108735273683803 1.3043199140310875 1.3088244786459873 1.320065883279308 1.3003902843018498 1.3114909958513894 1.3109145504362032 1.3221691230182853 1.2895921899737788 1.3364869545489397 1.3037553453307027 65.84 1e-05 0.001 512 SimpleDLA
0.0 1.0512533690550334 1.1024924304291248 1.0762569019130017 1.062285840902103 1.1360419369544348 1.0935666741617358 1.089745630687806 1.0898720484497455 1.0940938127537667 1.1003259347918055 1.1033639942537987 1.0872649058169954 1.1132243487150664 1.0791462204601632 1.0727217157459363 1.06849728641279 1.0781061500036706 1.1129145959255669 1.1088016048109888 1.095539738377087 73.34 1e-05 0.001 256 SimpleDLA
0.0 1.081951260683433 1.1055721871915731 1.0748051532533895 1.0793108010971426 1.0999621527857726 1.0880694940662194 1.0921442065395182 1.0849105494464306 1.0929453687582567 1.077241820327667 1.0975285951958613 1.0954261392341829 1.0982650459770154 1.0781287366100052 1.091760900027226 1.0852479465176044 1.0774298645137836 1.0793313435193344 1.1096039725829279 1.0900932934930376 73.37 1e-06 0.001 256 SimpleDLA
