0.0 0.0 0.024540458261557697 0.026695824606646018 0.47562443158054285 0.8710438647261501 0.8040788987662983 0.8089620730101968 0.7758568937923385 0.786411927921469 0.8243039777882102 0.8216991237484724 0.7938157656986959 0.8182168811951455 0.8322262126860523 0.8193759969523821 0.8345984709026844 0.815394716809884 0.8133860399677512 0.8121619295658682 0.8119916259601855 94.80255070682237 1e-05 0.1 1024 RegNetX_200MF
0.0 0.0037142362683825103 0.06183054115975788 0.8204271439612839 0.8473962154241482 0.7716208567857165 0.8093505541160296 0.8228061164883322 0.8119025583393601 0.7955084834057798 0.8280446285759873 0.8147890252460211 0.8055301406073749 0.8129409609014344 0.8351167191912413 0.8411467306081515 0.8417349378506428 0.8247988982922891 0.8306014108935267 0.8318185981197094 0.8267938503822805 94.82175783650891 1e-06 0.1 1024 RegNetX_200MF
0.0 0.16698648148412654 0.7813505675818295 0.7957604460007144 0.8066947361370665 0.7851960043786516 0.8020755310308688 0.8137323167651664 0.7967410933985909 0.8180543097716523 0.7991147592090622 0.7899944776284502 0.8179798148123798 0.8040002367210356 0.7713360581847156 0.7956505533054561 0.7872087138503713 0.7960449025681201 0.7669444610117233 0.7848570217828857 0.768226151949324 95.6860786724032 1e-05 0.1 256 RegNetX_200MF
0.0 0.0 0.0 0.0 0.0 0.0 0.0 0.0 0.0 0.6913338633987722 0.7705291672032238 0.7944275178024078 0.7952646427716027 0.8173513058490925 0.7896483155265347 0.8113848013853694 0.7890169003629797 0.7980873221235771 0.8154712067833294 0.8080826883137623 0.8164281299512426 94.93700061462815 1e-06 0.1 256 RegNetX_200MF
0.0 0.12829802301780904 0.8395589924321755 0.7871909079090891 0.7921313231235892 0.8212078616466775 0.82150526097104 0.794259350269003 0.819824106326564 0.8048107519867839 0.8156524741162088 0.7867743100955998 0.7815354207328861 0.8041250340728788 0.7866150798783818 0.78421659760711 0.7852610271408683 0.7908684346939729 0.791262353276195 0.7840599771451033 0.7835878946904501 95.51705593116165 1e-05 0.1 512 RegNetX_200MF
0.0 0.8592251407356544 0.7798226962592909 0.8314130278625291 0.774590762534785 0.8105908188076906 0.8136676254537599 0.821445818730529 0.8346373390028389 0.8069008381626505 0.7829416632748027 0.7944406365812584 0.8128367784932321 0.7891452919118821 0.7890178817023815 0.800456483858243 0.7956126250572766 0.7999399555735358 0.7986055577227361 0.7941733468095376 0.7976877811695742 95.68992009834051 1e-07 0.1 256 RegNetX_200MF
0.0 0.8122273025685248 0.8479364696749931 0.8241456833856451 0.8027967257060776 0.803322997263463 0.8190856642815726 0.8438710598253542 0.8030912420445108 0.804595676892193 0.8069442311199144 0.8073957440360354 0.7977884151081702 0.8118888387742781 0.7926164662254938 0.813745996405569 0.7909723218533062 0.7999675451738281 0.7861843146864829 0.7934960269127121 0.7923719040427022 95.66303011677935 1e-06 0.1 512 RegNetX_200MF
0.0 0.810533926943761 0.8018203315350486 0.8387602604532001 0.810679066032099 0.8038682601923086 0.8480224481085357 0.835829109716399 0.8275083008444512 0.8578190591166647 0.862613436978339 0.8270810481972006 0.839235547124163 0.840459620133889 0.8270135617465013 0.8248150634770641 0.8411392021576112 0.8311057597175605 0.8379486937951138 0.8364216282832835 0.8370666062479867 95.03687768899816 1e-06 0.01 512 RegNetX_200MF
0.0 0.0 0.8544580979319831 0.8417092461426456 0.7813596901393176 0.7744115282919677 0.7898122899488029 0.8081331471347937 0.802568938727397 0.7876060581759436 0.8032211521701427 0.7995338330666425 0.8090656544853273 0.78885021387657 0.8069020077565816 0.8059376204344744 0.8185446458466792 0.8095376677401709 0.8004394094469484 0.8075562130173235 0.808437731685382 95.71296865396435 1e-07 0.1 512 RegNetX_200MF
0.0 0.8245075160432361 0.8151157252732406 0.787212430828932 0.8380831141808761 0.822342073115759 0.8336905705247478 0.8233540330225289 0.833019341648772 0.8115666468185604 0.8329673452063598 0.8241268339332464 0.85174771743542 0.8341107311603114 0.8136259623510127 0.8198508741406267 0.8319098883181316 0.8292913330367636 0.8336731086213862 0.8279655427046885 0.8287567846064622 95.04071911493547 1e-05 0.01 512 RegNetX_200MF
0.0 0.7949708494479358 0.7829619440698806 0.7964777840783469 0.8004750134067905 0.8280399011399449 0.8387914077315908 0.8064027990352668 0.8163539982187094 0.8102833927771047 0.7978098119762893 0.8146368244368096 0.7971527798724561 0.7951806799238074 0.7894894470840874 0.794923670399402 0.7991218446262721 0.7957552491722558 0.8023787608108506 0.8070653391456923 0.8049582411712005 95.23279041180086 1e-07 0.01 512 RegNetX_200MF
0.0 0.8824977799242896 0.7466531430508847 0.7288120770889407 0.7657096509584141 0.7905057912549266 0.772924536266088 0.8184310652810968 0.7897113429946898 0.8192849968055242 0.809544201181299 0.7868989703767173 0.8057952461773397 0.771675014860012 0.7719875832470195 0.7795526760911982 0.7786666867394874 0.7800140031280862 0.7791591923367726 0.7794454983667037 0.78807219988537 95.92424708051628 1e-06 0.1 256 RegNetX_200MF
0.0 0.0 0.7996929356897323 0.7462672271961321 0.8030555870693453 0.7576021115392427 0.7582007889189002 0.7750560340157382 0.7751119918316083 0.7622512861381233 0.7851496032452431 0.7399161376563889 0.7610940674444943 0.7414389904129781 0.744249931655509 0.7455193873070001 0.7477046508674909 0.7404115674308556 0.7460096121374085 0.7436466935045679 0.745834063485586 95.57467732022127 1e-07 0.1 256 RegNetX_200MF
0.0 0.919597320292199 0.8489011184022778 0.8470703455999911 0.8425034937044314 0.8448271165186896 0.8327770757785715 0.8105241076227161 0.834378976739319 0.8384645751527061 0.8377881551350731 0.8383169908719581 0.8558121509110483 0.8652396407078335 0.8668636536761116 0.8718432696640481 0.880277839296445 0.8762293107204705 0.8741470532701492 0.8744821282254729 0.8830452029419028 93.50030731407499 1e-05 0.001 512 RegNetX_200MF
0.0 0.9093472056101984 0.8655956775728899 0.8510617682778704 0.8751564817305473 0.8518187959730013 0.8388620787338981 0.8698138176073408 0.8473280213302656 0.8386247083432806 0.8663092400554402 0.8060576856314736 0.8419392299937087 0.8257264324631926 0.8302735436144268 0.8533215011005972 0.8413499878163304 0.8562406108515761 0.8392091664724611 0.8355626248183458 0.8362618335090382 93.52335586969883 1e-05 0.001 256 RegNetX_200MF
0.0 0.8768716786926324 0.857096179418591 0.8510447767897947 0.8741684670233175 0.8528453291538112 0.8684826763730287 0.844269884126211 0.8297257038606694 0.8462409496838056 0.8331125780621413 0.8361639774139522 0.847475250463128 0.8461523627857952 0.8528655686758966 0.8424978956979559 0.8457116899613921 0.8399189257199693 0.8328043251069446 0.856432089606851 0.8424491411967288 93.25061462814998 1e-06 0.001 512 RegNetX_200MF
0.0 0.911313363356397 0.790419608662439 0.8384856509036303 0.8005699900831605 0.7954784882568156 0.8087430368938853 0.795255963003749 0.8552645668562946 0.8469244470237994 0.8573439538892218 0.8176150526406915 0.8264287913990382 0.7997433177287202 0.8294139715311053 0.8254470104492764 0.8568997228345009 0.8257949516402558 0.8424487784926188 0.8419797741234596 0.846098515443861 93.53103872157345 1e-06 0.001 256 RegNetX_200MF
0.0 0.826475414623738 0.7757532632342204 0.775161530833138 0.7788488637932461 0.7851382154111127 0.768596698338903 0.8005263380246288 0.76222901218846 0.7756276455349257 0.7909176200051232 0.7701131219383484 0.7810296428137202 0.765678362019722 0.7707716204119489 0.7652781818529149 0.7553103492771718 0.7452914353897511 0.7510742527600207 0.7458704734628664 0.7458810268561836 95.57083589428396 1e-05 0.1 512 RegNetX_200MF
0.0 0.843392756638921 0.8244676316922114 0.746628353321175 0.8487752120294774 0.768828179838936 0.7765211036594531 0.7742726606444595 0.7735911908462028 0.7797397812421392 0.7878474719827959 0.7793456981445661 0.7907796921443012 0.7883333329058315 0.7881005550085013 0.7801717118897984 0.805601211736089 0.7843789134650707 0.7999598195523775 0.7848257891636359 0.7810967965064757 95.78979717271051 1e-05 0.1 256 RegNetX_200MF
0.04884634777266408 0.7982618240715129 0.776647993225367 0.7845273139336818 0.7691464834304788 0.7779314139280186 0.8103010246852361 0.795163841821227 0.7883988562847771 0.7973404415367998 0.7875916924752593 0.8045247966728352 0.8053321360438406 0.7971583145883039 0.7931091685164666 0.8012933104409917 0.788101694496496 0.7935733380382866 0.7846236670667085 0.7856240342378799 0.788397795605548 95.47480024585126 1e-05 0.01 256 RegNetX_200MF
0.0 0.8003808375539627 0.8205505817339998 0.7887596652952786 0.8027191103326848 0.8321258789121708 0.7994256246924091 0.7949363892288909 0.788494726677916 0.7849521577159504 0.8061437535399368 0.818135847488078 0.8109375449589737 0.8087888712095266 0.8053395035218142 0.8131177507747909 0.8079160670971635 0.8027614889320883 0.8081401161624782 0.8054713514373956 0.7974650749330384 95.39028887523048 1e-05 0.01 256 RegNetX_200MF
0.0 0.8770542777822409 0.7989931958517457 0.7892709066549359 0.8021221649801257 0.8206522851896186 0.8154494341404869 0.7959142288794621 0.8251404005237102 0.812740242620726 0.876111239086015 0.8024584148642824 0.8519346984679038 0.8170248565308763 0.8138935189283191 0.8338288221837997 0.8223318652758678 0.8163906726030732 0.8184657998755153 0.817487908563445 0.8403623909101944 93.56561155500921 1e-05 0.001 256 RegNetX_200MF
0.0 0.818564476907642 0.7843711782882893 0.7725802629422123 0.8113801859223126 0.7598910466812911 0.7627515374229118 0.7701967113533178 0.7920270990595298 0.7874149605210897 0.7940167258313565 0.7630613547196222 0.7636877684278731 0.7709617263639538 0.7649482610394994 0.7540143362927377 0.7687360821963608 0.765362627328046 0.7662285171719005 0.7663985496192587 0.7620020160431935 95.43638598647819 1e-06 0.01 256 RegNetX_200MF
0.0 0.7919908392564935 0.8264209250114668 0.807663919549183 0.8170630138709473 0.8373024710104384 0.8447804794601781 0.8099635987751169 0.8329584133300547 0.8210088710371848 0.7805096458304556 0.7921497657677432 0.804694286011613 0.7959627894064428 0.7824180778567228 0.8022558472797234 0.7832592441072382 0.8025301087156922 0.7908559855481436 0.7870474553559902 0.7927048068481579 95.68223724646589 1e-05 0.01 256 RegNetX_200MF
0.0 0.8341655205666635 0.8224354445358378 0.8268049520076446 0.83270706323289 0.826387837871368 0.8166212877961958 0.8375887794501147 0.8163210956389928 0.8296797284217429 0.8272270445819891 0.8093199848184135 0.8048901097448049 0.8088118516120337 0.8023339769801717 0.8084278295561621 0.8199889322577628 0.8055759728529245 0.8093136535372331 0.8075730274032977 0.8117384561678606 95.40949600491703 1e-07 0.01 256 RegNetX_200MF
0.0 0.8061501121237352 0.8085851809207384 0.7598886558598043 0.8164668512667865 0.8239270610531428 0.8333447783919259 0.7890128062739897 0.8326423083739918 0.8179784214703916 0.8175273148542256 0.810736711610688 0.807131271881581 0.8048843071509139 0.8140914445373668 0.8091266075871925 0.8082650678243367 0.8073192253829178 0.8137660054548859 0.8075409256508371 0.80809368239679 95.71681007990166 1e-06 0.01 256 RegNetX_200MF
0.0 0.9042891225560112 0.9111291625437826 0.8540714432467087 0.8588391182332709 0.8513849933466472 0.8711011392543946 0.8435778401484384 0.8592031241921159 0.8430048493362213 0.8844734403193476 0.8398904530605372 0.872517242710656 0.8567526467884033 0.8787726355165247 0.874556346753159 0.8663144814018441 0.868703852666557 0.8690190313549715 0.8585452437529062 0.8620911911849124 92.98171481253841 1e-07 0.001 512 RegNetX_200MF
0.0 0.888730554253968 0.8217097246634711 0.8103635457960345 0.8397834487073432 0.7991498370957245 0.8347249863115651 0.8482517295786443 0.8567269436228517 0.8557957443560111 0.8601145621256312 0.834812511168288 0.8210693257466662 0.8334706329306053 0.8382543073071709 0.837002264759743 0.8250412132076267 0.8323802099481505 0.8232273088793055 0.8170964276377203 0.8168633932453896 93.77304855562384 1e-07 0.001 256 RegNetX_200MF
0.04884634777266408 0.0 0.0 0.8548106986446087 0.7902826713862755 0.7756841684032263 0.7589753026922748 0.7848749268218421 0.8051603533116761 0.8016286736492679 0.7830045656398997 0.7687820761729107 0.8014865182345184 0.8120388036204796 0.7782934640406655 0.7905002273728162 0.7822698166805728 0.7890726984488436 0.7948051399898179 0.7948900873834401 0.7891421512170119 95.99723417332514 1e-05 0.1 256 RegNetX_200MF
0.04884634777266408 1.1229227022110546 0.9550785414050842 0.8268177837070341 0.8068303410915815 0.8241000103965581 0.8185346766828954 0.8151947405777207 0.7996771315923737 0.8200070635352502 0.8130300091644763 0.8097020530423658 0.830282508818349 0.8229955702155525 0.8265687295442752 0.8456750956083962 0.8302983454032008 0.8321795253861963 0.8419873887603464 0.8352140568153418 0.8289917426920023 93.36585740626921 1e-05 0.001 512 RegNetX_200MF
0.04884634777266408 1.0379124256596797 0.8904894704611921 0.7923833110596437 0.8022574872640783 0.8043220853800086 0.7810942942105289 0.7822963797735432 0.8036403676629298 0.821383126035913 0.8184235026500931 0.823349034575005 0.8414259689961375 0.8210182102030368 0.8194613315375818 0.8329153368453706 0.8298922009068186 0.8407282273521703 0.8360474233918673 0.8412012243931984 0.8362363398153481 93.30439459127228 1e-06 0.001 512 RegNetX_200MF
0.04884634777266408 0.8241739549259535 0.8256405217215473 0.8085604758325262 0.818304482998592 0.8076079395500187 0.8472683619722956 0.7883553430658966 0.8087971316792611 0.7948853659437484 0.8086048264943048 0.8202305214332297 0.8011900706878601 0.7865436669731334 0.7947834200665173 0.8002758724753558 0.7978837323168219 0.7874610771826598 0.7907796863225698 0.7928652706781498 0.78891722206532 95.16364474492931 1e-05 0.01 512 RegNetX_200MF
0.04884634777266408 0.9056931359094907 0.8455245959326757 0.7924982118236745 0.8396133746480859 0.8264230992407022 0.8204039107988552 0.8506829429415887 0.846254121975887 0.8025369989034615 0.86941147962045 0.8115255351413714 0.8409953331840323 0.8522576845937614 0.8416634530773321 0.8343509125594266 0.8148264838962289 0.8141999428361756 0.8095569017351107 0.8078753147739417 0.8093144777037642 93.76920712968654 1e-05 0.001 256 RegNetX_200MF
0.04884634777266408 0.7800153225329973 0.7900878980055664 0.7754872732434819 0.8151527383826113 0.8086376433962232 0.8016356906845702 0.82710889558696 0.8029623606837165 0.7882445353245094 0.7942292156860472 0.781335437927095 0.77048736310325 0.7957294214304337 0.7884126534679927 0.7793465910004835 0.7853667418530805 0.7802313994907075 0.7912965176231985 0.7827210427735374 0.8007664836997646 95.55931161647203 1e-07 0.01 256 RegNetX_200MF
