0.0 0.8712196788408904 0.8743008895539807 0.8584948293968079 0.8473267501206307 0.82239520352449 0.842302807089168 0.8633888217485881 0.8252776154506344 0.7721308743713519 0.7894828600848983 0.8330667886300676 0.794073270207663 0.7950380023027886 0.8118935757904375 0.8346061538247649 0.821739631696611 0.825538347354857 0.816850475996167 0.8177493036552783 0.807058676028179 87.96 0.0005 0.1 256 ResNeXt29_2x64d
0.0 0.8519004790139956 0.7975563847680064 0.8383357372903819 0.847210081932789 0.8460117208114906 0.8463836784448805 0.8245042384543695 0.8675860022051579 0.7836755377706066 0.8338279202484324 0.7647342102397718 0.7740955391800458 0.7988264502418982 0.788543151719956 0.8397812100694126 0.7731973698722853 0.7634051893782308 0.7836551442014877 0.772394909135427 0.7695324065458792 90.26 0.0005 0.09 256 ResNeXt29_2x64d
0.0 0.8416992566532367 0.84677126531801 0.8100886363467094 0.849972731166157 0.7728560511538692 0.833301046136468 0.7996672350110743 0.8128215956847756 0.8388953567075399 0.7758707628002383 0.7790914372170967 0.7929605587433315 0.7821248146836733 0.7883376241204219 0.8041220860401113 0.796499209009523 0.7996903920942036 0.8154569373939152 0.8097964812419173 0.8134250164766864 89.56 0.0005 0.08 256 ResNeXt29_2x64d
0.0 0.8616150102390684 0.8656339101362615 0.7771625543283635 0.8078940936341905 0.7587375922090561 0.8133575523229166 0.8367878507481119 0.7999003097948081 0.7687880852198784 0.7587500628589016 0.7946575857230705 0.8295439037221998 0.8201228378034976 0.8026964489172118 0.8286479797634307 0.8278463268049113 0.8240843140858742 0.8165072650914473 0.8232769743808521 0.8182592563492058 87.61 0.0005 0.07 256 ResNeXt29_2x64d
0.0 0.8631462437535394 0.863835745620634 0.8526278209797415 0.8404591233812074 0.8555013451338447 0.8732159000397455 0.8131742720206182 0.7915302164516146 0.7956205677350526 0.7845375805945715 0.7915423548486856 0.7832753153010102 0.8060544423244396 0.7782284750102623 0.7777203010367879 0.7798541478606288 0.7842208581655011 0.7899714326155223 0.7922527479632439 0.7978201353731978 89.57 0.0005 0.06 256 ResNeXt29_2x64d
0.0 0.8701673693667107 0.8440184280060018 0.813183209372528 0.8240528177898462 0.8219753079131035 0.7979136296908456 0.8244483214443052 0.8083669597290695 0.8399519594944507 0.7872172795233748 0.8000064588920119 0.7916630340736954 0.8061353077521349 0.786411729756867 0.8077068786051571 0.7843840263443462 0.7696131680131976 0.7723760817209342 0.7762550676700158 0.7648326785400817 89.35 0.0005 0.05 256 ResNeXt29_2x64d
0.0 0.8112277571334459 0.8351956726052987 0.8055310872723891 0.7936540975660533 0.8234732577356604 0.8497253585175832 0.7981890870196938 0.7894248979837526 0.7901038853359565 0.8475434578317024 0.7511148571721591 0.749386452067895 0.7542323270072612 0.7770352399191565 0.7804368489159899 0.7817350032672779 0.7856813211035767 0.7890894216404644 0.7849086024708611 0.7824331670055069 87.82 0.0005 0.04 256 ResNeXt29_2x64d
0.0 0.8300155938847434 0.8088936220048715 0.7922183517602345 0.7814314094875888 0.7905668594102899 0.8203596414387314 0.7574947999820038 0.7635372349539508 0.7565343383421756 0.756808546985682 0.7528830413602098 0.7556916594129038 0.7500982815093914 0.7627877021875509 0.7676611886006957 0.7589037078618989 0.7689296082614959 0.7717523421512256 0.768596357909431 0.7664217448666694 88.64 0.0005 0.03 256 ResNeXt29_2x64d
0.0 0.8037072674010426 0.7846918521042144 0.787416635538444 0.7996346800904068 0.8013062568757111 0.8173346875872576 0.8399104990926063 0.8168382713243965 0.7842102021537478 0.7800381172245113 0.7700220702278916 0.7632231595581205 0.7515113094326522 0.7516459901973092 0.7770733046457776 0.7805423662115788 0.7785812947833632 0.7737259271379645 0.7781505818993608 0.7803820029006243 87.63 0.0005 0.02 256 ResNeXt29_2x64d
0.0 0.8715550287936719 0.8611811829828685 0.8628825302130373 0.8645661081327463 0.8869123863122356 0.8784884719963882 0.8688252084681375 0.8859323023456526 0.892420599590289 0.8871874729900583 0.8878023789780005 0.8993717781533883 0.8854342586510394 0.906857059428442 0.9206082600514743 0.9246642544185175 0.9266196419438302 0.9230075439214932 0.9228949356898775 0.9218935115737488 82.07 0.0005 0.01 256 ResNeXt29_2x64d
0.0 0.8551126617574795 0.8500991061525799 0.832228287912003 0.8512789305077346 0.8549628299498111 0.8635812271924196 0.8662172423305514 0.8818761596687071 0.8881289027169998 0.8959983812977775 0.9095151600071858 0.910967067810843 0.8885436467710108 0.9053599759180527 0.9067264806013001 0.9254936125534562 0.891711381546459 0.9141946280009371 0.9146056406389751 0.9084213018239214 81.57 0.0005 0.009 256 ResNeXt29_2x64d
0.0 0.8885004001734876 0.8322641293642894 0.8469392206169469 0.826667450768777 0.8438908379811306 0.8391864929431986 0.8313898931354238 0.8592879987784727 0.8628364856168327 0.8656532152153608 0.8751884154007018 0.8801456329257463 0.8772959744507927 0.8969871225765595 0.893214985527262 0.8854321102282918 0.8910109434293305 0.9291079346647985 0.9035798808796455 0.9142165964375749 81.78 0.0005 0.008 256 ResNeXt29_2x64d
0.0 0.8409030452396832 0.8597304265205388 0.850448167510864 0.864169059215261 0.8783533948968842 0.8647181429117744 0.8797289265096573 0.905986378686055 0.90364932332609 0.9194422189760121 0.9148713886025898 0.9057847559254495 0.9152827538371566 0.9238671630330483 0.9242985651377796 0.9323104945896094 0.9123848680447917 0.9333462525374651 0.9076724283325827 0.9293267811312663 81.23 0.0005 0.007 256 ResNeXt29_2x64d
0.0 0.8963356300471258 0.8824558415884575 0.8713791362345806 0.8710188745305257 0.8890617503832792 0.894027738786278 0.8972554755557273 0.8980863483171126 0.9146906456424874 0.9108928921673656 0.9251777256670056 0.9000337884913783 0.9320716946456651 0.9209094547366438 0.9378765543429145 0.925290845087639 0.9275352161592191 0.9245551076116102 0.9282895301442535 0.9258782901671658 80.02 0.0005 0.006 256 ResNeXt29_2x64d
0.0 0.9178114648941871 0.9084919117392279 0.9202335767734872 0.9185000244265418 0.9121506944930597 0.906846136986933 0.9141809544299968 0.9157245649975768 0.9190623262089314 0.9120878521976276 0.9170401531644206 0.93029984937928 0.9135822470638126 0.9160370897581823 0.9107335506641913 0.9321621435210574 0.9160370370969053 0.9233003007274786 0.9372554474215284 0.918075989049808 78.98 0.0005 0.005 256 ResNeXt29_2x64d
0.0 0.9446216428412842 1.0088777761356824 0.9927992009074417 0.9875305930706497 1.0085759680466229 1.033985205513188 1.0234943649075452 1.0172368703689458 0.9967594726493247 1.0167952878060778 1.01800337098657 1.0237901165585879 1.0132570862208405 1.022953084612919 1.0122711723890767 1.0249143358976605 1.0221822697366518 1.021289050073125 1.0220387122286327 1.0371653298929109 77.83 0.0005 0.004 256 ResNeXt29_2x64d
0.0 1.0398469370542047 1.0450054051315327 1.0410057153385106 1.0410223974077057 1.0235009567008722 1.036196925256373 1.0423927273938955 1.0720091610247708 1.0540274423521347 1.0574352368280895 1.056404420978582 1.0553548145237248 1.0423846450676626 1.055074248053064 1.0561342556764775 1.0360515709084641 1.0488370690686917 1.055689511493942 1.0528504492529631 1.0484741619822757 76.29 0.0005 0.003 256 ResNeXt29_2x64d
0.0 1.0094732268813038 1.0728420152234897 1.051902775702475 1.042584135654112 1.0337183105610122 1.0493587310299488 1.0282255249101748 1.052279255487433 1.0464520543813902 1.0518284425020494 1.0342048950775211 1.0463287289780743 1.037616444700316 1.026946998322036 1.0437817709424493 1.0425419891402117 1.0613413891436325 1.0587747215374976 1.0544619735703522 1.054364068539189 74.08 0.0005 0.002 256 ResNeXt29_2x64d
0.0 1.1084793127464012 1.1796227171699518 1.1921590835944742 1.2129067739784138 1.2190784269747674 1.2302992938525052 1.2050967215945068 1.2173176215857096 1.2185211226299988 1.2196397599062734 1.2455681654212154 1.2127080160531987 1.2296552784848007 1.2309938481097569 1.2210641111895837 1.2258485090843656 1.2186148261671716 1.2253016328006556 1.212194248437029 1.2336812747780947 69.41 0.0005 0.001 256 ResNeXt29_2x64d
0.19444857321573664 0.9133118972648622 0.8941470659709225 0.8553190295561538 0.8986300967361035 0.8530359684955819 0.8339298996239602 0.8111028774230937 0.8446383560604063 0.8810703913703205 0.8358515227765899 0.8563690008171199 0.8461804155853558 0.8581685908199536 0.8482111348827813 0.8390330452352424 0.8677593054461485 0.866966947058403 0.863710890744428 0.8592604535217626 0.8595656611918432 89.93 0.0005 0.1 256 ResNeXt29_2x64d
0.19444857321573664 0.8249447258219476 0.8600156660009978 0.8592347016991276 0.8640710824211615 0.7364939821542777 0.8172173588965415 0.8388658158010412 0.8409079607742517 0.8261417000966648 0.8953729236572116 0.8366101980170064 0.8003726467423404 0.8194201846130003 0.8228574103082257 0.8036824817317313 0.8153725216959549 0.8173706174931681 0.8116660445890256 0.8031446329165435 0.8094937837713018 90.82 0.0005 0.09 256 ResNeXt29_2x64d
0.19444857321573664 0.8995643146632102 0.9211462074217779 0.8956289510723738 0.8912291170830159 0.8895112834610213 0.8866189656827302 0.862966800072001 0.8422897052642988 0.8333412058793825 0.8700888181170323 0.86371348978803 0.8511256479715438 0.8701996658107415 0.8526883990322495 0.8762247174201043 0.8750861688863993 0.8825792586061357 0.8845686747685148 0.8830677382722353 0.8876014859871109 90.14 0.0005 0.08 256 ResNeXt29_2x64d
0.19444857321573664 0.85058533434846 0.8644226839124489 0.8799086483869237 0.8736251174014561 0.814715927263716 0.8506495624315313 0.8358203073716719 0.8328813819490068 0.851794744336759 0.8190899158153533 0.8355836748263864 0.8607821336727096 0.8687996161987708 0.8967354157357221 0.8937304582479595 0.878441245162176 0.8831365643258832 0.8634668216578077 0.8737097327443644 0.8745519384592635 88.32 0.0005 0.07 256 ResNeXt29_2x64d
0.19444857321573664 0.859892185152105 0.949918264655273 0.8563867116030447 0.9276833173398532 0.8220793245708662 0.8593791717111843 0.8730701290474266 0.8229466297331866 0.8549854415320743 0.8814859304317366 0.841958816820565 0.832654015347183 0.8062716658409002 0.8111483569872157 0.8386878586465082 0.847229619580038 0.8483259077996169 0.861039942870733 0.8489453537318655 0.859494409155828 88.6 0.0005 0.06 256 ResNeXt29_2x64d
0.19444857321573664 0.8678712083340723 0.8079572775988769 0.8230426377675432 0.8378992150493229 0.8544484619808935 0.8339471033035418 0.8334469106058683 0.8311726905178126 0.7896486774507011 0.8356275450245478 0.8353517459384189 0.8250222714075722 0.8213924193260269 0.8286130389949098 0.8251822930511943 0.8339210013634067 0.837467127411179 0.8416275518715792 0.8387398821107176 0.843348155711462 89.66 0.0005 0.05 256 ResNeXt29_2x64d
0.19444857321573664 0.8209997910378013 0.8968652131613407 0.8151293215298351 0.8345052472420901 0.8541769282648426 0.8164468870574928 0.839159592489101 0.8208059411127141 0.8116499926252166 0.8185080452673468 0.8347158488763062 0.8478818592078646 0.8581247296838141 0.871297147205907 0.8621361850944063 0.8703702346001458 0.8688514572757954 0.8758948851317788 0.8860292670282565 0.8789578578947751 88.59 0.0005 0.04 256 ResNeXt29_2x64d
0.19444857321573664 0.8572472493541029 0.8505649931368297 0.871977196976495 0.8585105133483723 0.8453658664087039 0.8095398201203043 0.8514759040249714 0.8095716672353364 0.8212450986924601 0.8250269165445787 0.8269974286369698 0.8347803188021217 0.8066077421970885 0.8271169508288998 0.8106758324141697 0.8233261015314661 0.8104862640364022 0.8291158254695088 0.816626108010874 0.8247493957965097 88.82 0.0005 0.03 256 ResNeXt29_2x64d
0.19444857321573664 0.859237964942708 0.8570052865487008 0.8464598063320813 0.8456375832196609 0.8579590029194577 0.8335162096409152 0.8997292290803378 0.8477746364714585 0.8175409675817003 0.8279712604168113 0.8155497214534926 0.8149290942942621 0.8189532570837583 0.8125322558735465 0.802805834554246 0.8135855586606315 0.8067521518019422 0.8195643929893905 0.8126507260919085 0.8131902562954566 87.6 0.0005 0.02 256 ResNeXt29_2x64d
0.19444857321573664 0.8489353077635384 0.8988631850496706 0.8763386697562151 0.886995336897204 0.878238791132237 0.8860717260559479 0.879135804822965 0.8844510848614022 0.8839629788423038 0.8891942993437904 0.901957154769432 0.8861841981973646 0.9035625835429191 0.9150758587778458 0.9013195599064904 0.9098362486455346 0.9136342778886921 0.9042421125185901 0.9017272962187681 0.9038132067341245 82.9 0.0005 0.01 256 ResNeXt29_2x64d
0.19444857321573664 0.8675794224928279 0.8923077769307365 0.8853415533244364 0.912196259538224 0.8915979299199637 0.896477453793301 0.9048973958426594 0.9176962778117922 0.9192865671071873 0.9053167293795074 0.9040799947665782 0.9045220770634779 0.9112232728862317 0.9165899467990312 0.9126689058508585 0.9050449056723273 0.9232575998881977 0.9151725810382705 0.9249499521108744 0.9223730238990249 81.89 0.0005 0.009 256 ResNeXt29_2x64d
0.19444857321573664 0.8764778770551351 0.9118628496469181 0.9039400572126187 0.8965661430703622 0.9179538701394301 0.9586212965077844 0.9546958420244548 0.9544118504192655 0.9536248082057392 0.953967341351549 0.9708000865977013 0.9786878444160176 0.9784675183672517 0.9735399694036337 0.9869773535074251 0.9740568831304194 0.9637103887683067 0.9606596044801107 0.9571294546317404 0.9832544229028674 81.72 0.0005 0.008 256 ResNeXt29_2x64d
0.19444857321573664 0.9481054004684277 0.9034563000470406 0.9103619901337525 0.8917221404061115 0.901595603236769 0.9049299843219224 0.9122889265741932 0.9236000111001128 0.9243264334234169 0.9168710819219557 0.893505048790968 0.912901196563167 0.8995355515871879 0.9072724058339893 0.9028332811560178 0.915774268572677 0.8980676640720455 0.9156347482198025 0.9126935036745661 0.905528107206642 81.59 0.0005 0.007 256 ResNeXt29_2x64d
0.19444857321573664 0.9199298576729601 0.9070552478514256 0.9089445324245621 0.917925117245767 0.9211636205535387 0.9114835057975558 0.9045966238255388 0.9427706202445385 0.9345117914379893 0.9447082976248784 0.9327928494225026 0.9383021326877012 0.9450580946938675 0.9412218895732585 0.9431841327311163 0.941357736377346 0.9386604818725349 0.9421782358210626 0.9427661331956944 0.9420425469178165 80.54 0.0005 0.006 256 ResNeXt29_2x64d
0.19444857321573664 0.9671411290622004 0.9745871023625209 0.9804377970855647 1.000263617470325 0.9934118603396785 1.0047958652072226 1.0071142356406841 1.006241325698076 1.0193030495867246 1.0229063189927992 1.0257087149194033 1.0273683755121565 1.029782940008502 1.0209536391813518 1.0367067120130757 1.0331732887458012 1.0307124473619214 1.0308584241518248 1.0285987000695294 1.0348184802862364 78.96 0.0005 0.005 256 ResNeXt29_2x64d
0.19444857321573664 0.9759196715344539 0.9833404843147765 0.962701781030639 0.962046089954707 0.9634289823374249 0.9672347596313939 0.9664670590184425 0.9694976551567477 0.9687130413058285 0.9626451193588771 0.9657591189705947 0.9705517925140402 0.9699809293175096 0.9595017674285146 0.9618202327793984 0.9705274644564738 0.9677171180029783 0.9760444039568934 0.9772832758927636 0.9629659357925608 78.39 0.0005 0.004 256 ResNeXt29_2x64d
0.19444857321573664 1.0025566286578496 1.007984121170039 1.0343908976498661 1.0336532158162037 1.025514124971119 1.0628387385669684 1.0602240309126105 1.0656176922093523 1.0721196931590147 1.034762828540589 1.0449706260643463 1.0661615914394842 1.0411984819123743 1.057955472698686 1.0292156764843383 1.0608789412914037 1.07496360463482 1.0581008554003042 1.0626354637468025 1.0632747114505066 76.67 0.0005 0.003 256 ResNeXt29_2x64d
0.19444857321573664 0.9832230170203304 1.1271751657580473 1.14376337805366 1.1320439651370946 1.112573115489688 1.1275789681292592 1.1369870205141308 1.1418683615776433 1.1449240233505895 1.14268451107577 1.150965657304217 1.1456900801023553 1.1603100685388683 1.1264632248559858 1.1310053302273364 1.1570607501698544 1.1425334682443564 1.1356729691228051 1.148786621953628 1.1408580951222185 73.74 0.0005 0.002 256 ResNeXt29_2x64d
0.19444857321573664 1.150983587714363 1.2616310995258346 1.2564767530934757 1.2790880182060107 1.2880759588442643 1.301734422062927 1.2918345901921333 1.3283046885826786 1.3450388633443469 1.3297667502788215 1.332075977893261 1.3143234044260779 1.3476957542094512 1.3339350274920483 1.3286855892430731 1.324452528769996 1.3275025557226794 1.3469159398249622 1.3262011922651522 1.3302268415516219 68.71 0.0005 0.001 256 ResNeXt29_2x64d
0.298162283612321 0.8786155112850862 0.8410143506173254 0.8640620787072202 0.8297959848279025 0.8032435773347472 0.8505284147431535 0.808603702645246 0.7970428535558607 0.8367417239319872 0.8104412499336798 0.7734759381689219 0.801633817615307 0.8422432034468474 0.7722230419997786 0.7816650163750726 0.7916718237497379 0.7985453171616628 0.7937354272168087 0.7924691143383531 0.7971201147370242 89.64 0.0005 0.1 256 ResNeXt29_2x64d
0.298162283612321 0.830888071095505 0.8718683917180183 0.8687441622501635 0.8265939914234974 0.7687130208249222 0.7951566493104665 0.7843958797870404 0.7936410709685198 0.8023034690158801 0.796046171227887 0.7889315921252108 0.7894849112424198 0.78492002254903 0.7785284817092181 0.8061661939606849 0.7936480059980723 0.8074302153912986 0.8149309876958142 0.8133384317356797 0.8132933375533139 89.21 0.0005 0.09 256 ResNeXt29_2x64d
0.298162283612321 0.8087137528249282 0.8162101371707826 0.7985770689166871 0.848010816836548 0.7870139677444443 0.7871403526294044 0.7981526767840998 0.7852758470283854 0.75745043296461 0.7790017843709013 0.7844939719405798 0.7808496066574255 0.7759359498671301 0.7711338448353523 0.7911775785220878 0.8090085171324728 0.8125663867552444 0.80222817334631 0.8220177714498965 0.8069196151084944 89.15 0.0005 0.08 256 ResNeXt29_2x64d
0.298162283612321 0.8430621726209165 0.8960221150836589 0.8233817599133684 0.8211501184447699 0.78152380758363 0.8004244647841837 0.7965475139370688 0.8136515260754074 0.8104995560014591 0.7845357774511001 0.7833525391257585 0.8179386839826119 0.8364504378177473 0.7861405535252493 0.7904149024929954 0.793515000910796 0.7930377286911579 0.787157247342182 0.7906919627941467 0.7900115165154845 90.72 0.0005 0.07 256 ResNeXt29_2x64d
0.298162283612321 0.8132764601161142 0.8829049751542435 0.8218836848043418 0.8269405182646515 0.8123981684925081 0.7761479484570504 0.8329183388105524 0.8088580209213191 0.8178111166489306 0.8211319231140984 0.8109123892527523 0.8253280396480579 0.8287492611223722 0.8295132321132157 0.8479323401328333 0.8186698185967204 0.8172169980864955 0.8223543326356141 0.8200919791472587 0.8237010439834371 88.6 0.0005 0.06 256 ResNeXt29_2x64d
0.298162283612321 0.8520045083369855 0.8803492574783053 0.872740789871024 0.8057456484931832 0.8216962097674422 0.8206741842496399 0.824350480355011 0.8032174700418706 0.7948901856677202 0.7983394883390799 0.8380932248142748 0.7748061269511165 0.807516458692964 0.8061822896569971 0.8182945219948726 0.8093594695150489 0.8092276907082373 0.801463391225129 0.8132790804997163 0.8085734551913529 90.0 0.0005 0.05 256 ResNeXt29_2x64d
0.298162283612321 0.8046242674373564 0.8343504766477879 0.8041972334662887 0.8116718250075113 0.8301891496631272 0.7956990404333212 0.8050481609162956 0.7990856686175551 0.8281649163175295 0.8015762883662023 0.8329889857491724 0.8292936052864569 0.8616699622007435 0.7859212574957607 0.7954621644935811 0.8011357812244954 0.8119341597706726 0.8116643107449761 0.8164356195511104 0.8196030618668741 89.0 0.0005 0.04 256 ResNeXt29_2x64d
0.298162283612321 0.8499580251999533 0.8052880227246252 0.8262430484352662 0.8386272010302009 0.8438799342741542 0.7617123789083908 0.802376383641203 0.7992749161146918 0.8138984984383393 0.8265851113835258 0.7935672563607085 0.7863264035890153 0.7837408848394141 0.7878470694639792 0.7882786259988146 0.7974402828213022 0.7978334657698983 0.80338889112396 0.7968813356001064 0.8019318324975334 88.85 0.0005 0.03 256 ResNeXt29_2x64d
0.298162283612321 0.8234781170276451 0.8325097564175833 0.8178175297511533 0.8191174914574896 0.8590303174859889 0.8499535788665057 0.8652045816832667 0.8813899387796559 0.8345657673818956 0.8205398934504619 0.8311036295910869 0.8387003742588545 0.8384079235935347 0.8383725734702927 0.8366656133690868 0.8436052044349122 0.8433411719705279 0.8467598344030982 0.8445223050565335 0.8321914767312414 87.88 0.0005 0.02 256 ResNeXt29_2x64d
0.298162283612321 0.8964091891352695 0.8723111439811239 0.8746253488191087 0.8811426972290229 0.9113767178679281 0.9016611952124448 0.9128364495998263 0.9023408713611678 0.9092553436191961 0.8984253259643445 0.9115024571432576 0.8965420720401142 0.9033268365153466 0.8975761490936692 0.9000545380926382 0.9155428198811572 0.9149845894040802 0.915003627294943 0.9097002702601407 0.8993226675329019 81.8 0.0005 0.01 256 ResNeXt29_2x64d
0.298162283612321 0.8173698382395855 0.8957394010397719 0.9072475087258076 0.905572703128189 0.9277843370618207 0.9267809530544322 0.9220907865104226 0.9270765720007117 0.9212999569284128 0.9244156478127692 0.9229602161441189 0.9145890047796376 0.9320263805815299 0.9446033624185923 0.9285790998367319 0.9293079054385067 0.9347375157311539 0.9324684904605195 0.9317340329829895 0.9281720500396013 81.73 0.0005 0.009 256 ResNeXt29_2x64d
0.298162283612321 0.852714539265692 0.8945724297619303 0.8857365896778439 0.8743968143114147 0.8635388449452865 0.8655340364035942 0.8565597823840974 0.864981335706746 0.8755302655734488 0.8846928188486527 0.883485801753179 0.8859459121807788 0.8937634741313736 0.8934177899505329 0.9045401031932037 0.890610325341802 0.896762192515905 0.9054764981270911 0.9021290574787706 0.8979641672297504 81.27 0.0005 0.008 256 ResNeXt29_2x64d
0.298162283612321 0.8666882624508542 0.889227439056641 0.8921307699150846 0.8930072656670999 0.9030253072852312 0.8791599788204819 0.9010306592005061 0.902506524096263 0.9125332354453711 0.9147260673969028 0.932507422982913 0.903688847755217 0.9203192235450453 0.9206693352687328 0.9451502713333488 0.9254585333180981 0.9329383386592311 0.934561756309 0.9529185331446764 0.9486949739780373 80.89 0.0005 0.007 256 ResNeXt29_2x64d
0.298162283612321 0.9076772202403696 0.9252422877012206 0.9267163681107863 0.9340985040182739 0.9432211915906015 0.9412092372729448 0.9384699186351964 0.9336550209771056 0.9324085650436887 0.9172548659443528 0.9072575271488107 0.9240944954887423 0.9341667512371622 0.9292479917933127 0.9181873050784829 0.9339950031101616 0.9314148327440721 0.9314415702313719 0.9343522763064062 0.9250366202602542 80.06 0.0005 0.006 256 ResNeXt29_2x64d
0.298162283612321 0.9209164894246838 0.8906571635162187 0.8872153091008391 0.9015706720993696 0.9173188783366263 0.9104679401528112 0.9101997690321934 0.9149406680382113 0.924334481877572 0.9222361247370634 0.9466239827084644 0.9388053119650007 0.9417921868902533 0.9362585544687546 0.9581238283525441 0.9420363109584002 0.9621161045116705 0.9445350702696905 0.9582238414621598 0.9324455593205109 79.22 0.0005 0.005 256 ResNeXt29_2x64d
0.298162283612321 0.9579979641034302 0.9185626200472942 0.9120267719324318 0.9230713954264563 0.9393550669225044 0.9265559721776129 0.9347515969358327 0.9385417608812752 0.9380031481926752 0.938461818647044 0.9394091675126655 0.9325846257302216 0.9393583267935836 0.9457834748465537 0.9436011550253101 0.958216121546001 0.9497503838518245 0.9420331379513339 0.9411881423985043 0.9681490130312647 78.0 0.0005 0.004 256 ResNeXt29_2x64d
0.298162283612321 1.0082990977468587 1.0420072068871524 1.030664416500155 1.0285358306144965 1.031269459354812 1.0465405093089226 1.0202197258976244 1.0245674863759893 1.0265838647742183 1.0219671491142872 1.016816458012631 1.0222980813409832 1.0280983243846749 1.0350932308425473 1.027888677138578 1.0466376527810703 1.0110648579225656 1.02691788106511 1.0301967252328967 1.0404514536975489 76.44 0.0005 0.003 256 ResNeXt29_2x64d
0.298162283612321 1.0397177475315176 1.0339041842686851 1.0395216986561038 1.0195317233325556 1.0190238913972287 1.0462916817824732 1.0203070307776327 1.0143477832807009 1.0023166927652578 1.00066703236673 1.0167609028435458 1.0158031481507994 0.9897241339769718 1.020813962766067 1.0136234830412263 1.0282630035953273 1.0124995927321014 1.0179289296354153 1.0319881876460069 1.0158685857701908 74.02 0.0005 0.002 256 ResNeXt29_2x64d
0.298162283612321 1.1384516863767473 1.1798009927755455 1.223675678603496 1.2085932963753099 1.2072543840197816 1.229121720798959 1.2330512787871508 1.2274502193695498 1.228200339422477 1.2114912019499193 1.2014903084286417 1.2082766734729 1.2098799450746187 1.2291799229087765 1.2017523506398653 1.2281123979101622 1.1959865235481189 1.2266864316536255 1.2221300732870959 1.2238441373792257 68.6 0.0005 0.001 256 ResNeXt29_2x64d
0.0 0.8856826014312719 0.8747389161025049 0.8413179659551391 0.7874882579172557 0.8579486102559298 0.8348019476880776 0.7812681811211729 0.8401618647618727 0.8105769029675021 0.8423707740013664 0.844177770211692 0.8267153505760316 0.8327417382824875 0.8310730928813699 0.8276868870160954 0.8359475615130856 0.8327193485766509 0.8159354527774965 0.842256171558582 0.8380843233281143 86.99 0.0005 0.1 256 MobileNet
0.0 0.866602639595382 0.8345098897778331 0.8382677557822805 0.8106964220224832 0.8489847935373964 0.891058396970791 0.8627283109625481 0.8251895062489467 0.7845595224777274 0.8626996062796679 0.7606897267537134 0.8181896293287579 0.8422787537837777 0.7960349079994127 0.8173179862173013 0.8062196825588255 0.7795341226179634 0.7817793655507524 0.7737437357147247 0.7775408236878153 87.03 0.0005 0.09 256 MobileNet
0.0 0.875220840926638 0.8954940438674717 0.8452418439757866 0.8338622512001607 0.8791561091545015 0.8278690685540827 0.8627351908415366 0.8494918211091318 0.8474076685795474 0.8968411376484591 0.8215660164548843 0.8480441425083801 0.8176110414538741 0.7983557023503355 0.8040356803379608 0.7884761242547316 0.765976963286819 0.7635473250393393 0.7648239629811314 0.7618627776061802 86.56 0.0005 0.08 256 MobileNet
0.0 0.9950559932431602 0.9051060435173245 0.9029382712264526 0.8243438960375432 0.8411832998029289 0.8374657820535168 0.8506912724977315 0.8658756744609125 0.8071631971589432 0.801580650860399 0.9028072686091728 0.8508719709545217 0.7961105372635938 0.8063132813667748 0.8527153240840321 0.802053837590524 0.8048662880506195 0.8095004743946005 0.7997771763197656 0.7931217622388956 85.46 0.0005 0.07 256 MobileNet
0.0 0.8855595750061294 0.891768315013458 0.8658844268619766 0.8201392258376754 0.8846020284507301 0.8349779517524469 0.8383459650196882 0.8114929007527049 0.8320130041815559 0.799843502738793 0.8274654323674203 0.8227327353013737 0.8559807533990331 0.8033371015190655 0.8223659772623264 0.8128147058929268 0.8082106754486333 0.8002108010385175 0.8146719713684508 0.8286467110143705 85.51 0.0005 0.06 256 MobileNet
0.0 0.8707091511819932 0.8958121667565532 0.8903328228656333 0.9034197821130266 0.8973475551241684 0.9277647533017124 0.8918187147460952 0.8961621364900756 0.8242683921711866 0.8781133683762828 0.8378446883028691 0.8319568014292135 0.8151401669488563 0.8682950982001434 0.8113635236970731 0.8019448515980621 0.7892235235957087 0.7893702752802482 0.7839629383287217 0.7890113964048493 84.63 0.0005 0.05 256 MobileNet
0.0 0.9395419738054067 0.9042196868875262 0.9098935631466518 0.882185333617595 0.8420424689172876 0.8370528915582689 0.8823438368234321 0.8159557042382518 0.8452518560452894 0.8654034222483914 0.8264563300224652 0.8481208345374661 0.8442607914500342 0.8564070537883103 0.8233373537708671 0.8249843936001018 0.8272037242792394 0.8392682741175413 0.8340795511337084 0.8336433538986654 83.8 0.0005 0.04 256 MobileNet
0.0 0.9621959770604763 0.9000999260059966 0.973255013443655 0.9560189325081047 0.9115300861957937 0.883945208883945 0.8474561639393103 0.9207107188914588 0.8963208941753267 0.8806357145518398 0.8517842553133288 0.8690537969468574 0.8220363997085106 0.838681673998779 0.8244852851847528 0.8287853195560168 0.8297229872634035 0.8314700188411921 0.8391347677399694 0.8266636443982316 80.12 0.0005 0.03 256 MobileNet
0.0 1.0507112152720977 1.0291422236714365 0.9742175491890284 0.9690389193884257 0.9609486534483086 0.9677042188394719 0.9218283487491483 0.9038925468526467 0.9104172213936828 0.9347095471078833 0.9195973247008149 0.9417828276257113 0.9397399540712048 0.9237062004392917 0.934927783344317 0.921641731637459 0.9254578444017273 0.9195365038082515 0.928324446335372 0.91495352180111 77.67 0.0005 0.02 256 MobileNet
0.0 1.136588210292912 1.1145415412210227 1.1449494266348956 1.013082800963588 1.0247989409563825 1.0014781540696633 1.035450714288902 0.988621013695794 1.02526235445423 0.9967657434036316 1.0267295288203895 1.0237689534214882 1.0118727046348113 1.0270642024004704 1.0052553746814012 1.0098459140208653 1.0296329472554804 1.0129437805504937 1.0469478599839888 1.0077882649817393 70.36 0.0005 0.01 256 MobileNet
0.0 1.0884834508443693 1.091218895609301 1.127169345638159 1.0894582071127596 1.0337494910424216 1.0346264945220534 1.034358635256714 1.0089638667613425 1.02732868650134 1.0381544779400267 1.0188189025465124 1.0326648266498997 1.0281944970053807 1.0362069949558326 1.0416103689633334 1.0256230634670753 1.016678293195135 1.030027921485782 1.0214646033127373 1.014187370766927 70.2 0.0005 0.009 256 MobileNet
0.0 1.1480430069502188 1.172460463172281 1.1122401768943164 1.1169663147466409 1.069262969838102 1.0909124301858935 1.0663095631783213 1.0672496837437395 1.0631223015127393 1.0923529264041743 1.070250497856257 1.0728227890359272 1.0945451106033872 1.0786787541501344 1.0644139346078756 1.071646530846752 1.0696610489558265 1.0733257409617796 1.0761323078288496 1.0892730082044257 68.77 0.0005 0.008 256 MobileNet
0.0 1.1320250380125014 1.1800618853190457 1.1033864976864338 1.0993611207512743 1.0928861456369694 1.0752637773907698 1.0583848200090296 1.0665853446898637 1.0868442107239118 1.0291908223317934 1.055602589103049 1.047653263745285 1.037685885925323 1.0535660962617281 1.0628008216306872 1.035670246603612 1.0750724778576968 1.0645515974335504 1.057827140766444 1.0492249864439174 68.58 0.0005 0.007 256 MobileNet
0.0 1.154106175707682 1.1882043900032127 1.1342160890383328 1.1682311395775675 1.1172479770232155 1.1037061234510313 1.1018317250855483 1.1425123724413089 1.11560463448569 1.1131683931868164 1.123284502314428 1.1071776237762174 1.0950509726785387 1.1070186470101546 1.1037876851440889 1.0921714150189339 1.0982518975183821 1.1206008661623232 1.0999542432035827 1.0955141600582963 67.52 0.0005 0.006 256 MobileNet
0.0 1.2188583684140182 1.1862943585321992 1.1595956145943331 1.159147783426568 1.141207506043665 1.1410913714836588 1.1023337771220798 1.1716481880015066 1.184076062487763 1.1463512155761872 1.1662138756819906 1.1449499577649258 1.1693959073780096 1.1546733304373773 1.1198938236413394 1.1653595757560524 1.1472809195166336 1.1459972084527306 1.1807617190565454 1.1372378689797458 67.2 0.0005 0.005 256 MobileNet
0.0 1.3176148603367144 1.3297511169845537 1.2421607602279552 1.235774772388036 1.2491605007483861 1.2396318477225297 1.2792131593036173 1.2513805334484502 1.2164285880508452 1.2309545938018092 1.261443234497366 1.226701501082573 1.2656996099860458 1.2589251689852672 1.265361938795417 1.2496764893161407 1.2554451260517294 1.251017597761174 1.240415756762444 1.2587723123689536 65.46 0.0005 0.004 256 MobileNet
0.0 1.2376660127353751 1.3798800399345756 1.30668810407733 1.2724817117391876 1.2677680623874867 1.3091689160626458 1.2654523927241372 1.250805590014885 1.2843862172407896 1.249282374843693 1.2841206173506492 1.29155151722315 1.2928407833225146 1.2827186418399332 1.285712859709183 1.2791553265215982 1.2705307192119835 1.2769645776014944 1.2951215626154526 1.2750562631322777 64.15 0.0005 0.003 256 MobileNet
0.0 1.3366304254060881 1.3791654983210888 1.3459082555226616 1.3286975276050423 1.3235235896417685 1.3195966061994187 1.3026959826760467 1.2733984964041987 1.3223258935686986 1.2728388670291333 1.3171201048569143 1.3231201752739994 1.3067312093976142 1.319796708344611 1.2649864638448345 1.290613713766216 1.2779714663477177 1.2848268033009842 1.3113824190032448 1.2891717663245508 61.54 0.0005 0.002 256 MobileNet
0.0 1.5706823780230024 1.6496015339204089 1.678297773475936 1.6767254670286706 1.6495043817656552 1.5908860343731879 1.5868697348210663 1.5319234922641483 1.5592888774082019 1.5391827202354358 1.5494707002957808 1.5390133269455186 1.5461699183479625 1.5502174086380203 1.5101213773340934 1.5085721905096607 1.5558671870904641 1.508385696388328 1.5613162606782873 1.5433148285253335 57.44 0.0005 0.001 256 MobileNet
0.0 0.9237881635401197 0.8353696995497654 0.8868181176550154 0.8856650887171343 0.8948416957823045 0.8310452396613505 0.8858645062031684 0.9056098414250391 0.8885088566271585 0.8768063320668533 0.8835672703881433 0.9362493724632575 0.8666843604865485 0.9324666366745995 0.9036309012165717 0.8731624453894894 0.8535471516874786 0.8425926603762411 0.8441065989079273 0.8528516325910149 87.78 0.0005 0.1 256 MobileNet
0.0 0.8689562676669159 0.8796052202910996 0.876282316742225 0.8595245540098274 0.8321020791824059 0.9120064316471825 0.8785060758262939 0.8690944248777037 0.8878481448261941 0.9155337777526705 0.8625647434098326 0.8509957662643479 0.9015726009527236 0.8939965066111525 0.8767597121231134 0.860293868757295 0.878621469123697 0.8827118227911309 0.8890665039227149 0.8771898141559025 87.08 0.0005 0.09 256 MobileNet
0.0 0.880250465513159 0.8959759971951938 0.9487969023005247 0.8506814914670993 0.8929191871200384 0.8485236042786509 0.8471423170793296 0.8855557995287809 0.8549025004035368 0.8665971040334918 0.8567297487555564 0.8741959748901901 0.8695263918469294 0.8941710699453193 0.8413075237976224 0.8592092616418082 0.8271280419990255 0.8262952671060685 0.8221221151517182 0.8092279200986029 87.04 0.0005 0.08 256 MobileNet
0.0 0.8488657484407027 0.811719888496541 0.9085499858934218 0.8940687610310449 0.9034105166894943 0.9118586606330105 0.8582778551261215 0.876523785213715 0.8762546210616358 0.9006334587538878 0.8978956654709109 0.8845289998549538 0.8794823325340966 0.8745814050676869 0.8444765295314564 0.829226434256931 0.8475199130695027 0.8469083681148694 0.8505132968388804 0.8363361463056451 86.29 0.0005 0.07 256 MobileNet
