0.3323559494667531 0.8630635706357568 0.8274547556555807 0.8096248938598481 0.7749497593314452 0.7863039957758697 0.7772856336243619 0.7915651065234123 0.8096661827190748 0.7892451987808714 0.7891647808146448 0.8022095763368934 0.7869159385017107 0.7882374396998196 0.8042357917971619 0.7954308708642985 0.800015659301484 0.8064648105127219 0.8041273172927691 0.8156578082709346 0.8017918164626754 75.29 1e-05 0.5 256 resnet18
0.3323559494667531 0.8386978164408717 0.8677981295398312 0.8712406467191178 0.853832628970366 0.8666103392390148 0.8732972530482415 0.8605309989735329 0.8623271647306849 0.8801120524335369 0.8856820446384076 0.8636838492100779 0.8768953420126354 0.870165820573733 0.8567760481752158 0.8726388292649757 0.8623467978365147 0.8598809509830709 0.8630667321599762 0.8630665471730938 0.8554885212775146 70.99 1e-06 0.5 256 resnet18
0.3323559494667531 0.8659927490055972 0.9102890457009726 0.8578786714934755 0.8727450019011885 0.8567152286473086 0.8816001076861625 0.8790838763422868 0.8622587210273103 0.8767190847241068 0.8696223853439844 0.8751714385907964 0.8699670030916828 0.86294634470713 0.8804297557449122 0.8704369293493339 0.8615886100699935 0.8618809767516976 0.8574258030756114 0.866810408239648 0.8747336400844659 69.97 1e-07 0.5 256 resnet18
0.3323559494667531 0.8534566289486475 0.8383714798160216 0.8298151149416136 0.8932670903316893 0.8778057626424196 0.8584796131764689 0.8546970784446046 0.8454299443979543 0.8569688782370625 0.8583207705556869 0.8589257609033631 0.8579344021471624 0.8605718357366626 0.8576452506840846 0.8599715659671 0.8596689324522719 0.8596059740140783 0.8602786884283365 0.8685240012851545 0.8592061252359621 81.42 1e-05 0.5 512 resnet18
0.3323559494667531 0.8285079420843 0.8739189049665349 0.8330902026847221 0.8652412157808976 0.8560107047736325 0.861276122341567 0.8690024501337732 0.8661406378778541 0.8649690288872709 0.8692752774988066 0.8727891496113755 0.8645655283358182 0.8683610393316169 0.8612193687754574 0.8707823651540579 0.8656974852750886 0.86126043054231 0.8808386796947439 0.8765982240608373 0.8646878743996915 80.98 1e-06 0.5 512 resnet18
0.3323559494667531 0.8794304145932346 0.9505200784363655 0.8752427433840682 0.8798357777160035 0.8841407222438282 0.8857819891645393 0.8769314863334265 0.8864965187443219 0.8789113734096492 0.8787349170854246 0.8845145777331298 0.8734540747708713 0.8711347322561582 0.8843502528482593 0.8780138040096352 0.8740451184599093 0.8795240624625772 0.8737244772419035 0.8846523288777789 0.8799234178816167 75.69 1e-07 0.5 512 resnet18
0.3323559494667531 0.8887887002318742 0.8275825449445464 0.8678974164366664 0.8889115485531651 0.8678417258540188 0.8740059250119436 0.8870405217957372 0.8812199582380302 0.8858087402502199 0.900880327555014 0.8968580348303361 0.8918080611740501 0.8898388861711761 0.8942162212376968 0.8928239258902754 0.8912340009969699 0.8939122954526387 0.8934297905528019 0.8895164956864882 0.8928067046523747 73.55 1e-05 0.5 1024 resnet18
0.3323559494667531 0.8469799125822377 0.8473682686083467 0.8915227617933064 0.9040479103029504 0.8934272146863843 0.9020211885660073 0.9107102056370308 0.9065303091449133 0.8954832695224992 0.9025198169170591 0.9029390556699306 0.8900623736954928 0.8945202376525225 0.9009150528438675 0.9019145582982249 0.8887470782716349 0.890561645754664 0.8964664188045067 0.8954593503103898 0.8917964303086577 72.38 1e-06 0.5 1024 resnet18
0.3323559494667531 0.7926213860151448 0.8093895086587716 0.8657436432970849 0.890273966044526 0.881088959079937 0.8720894800451355 0.8959743531294599 0.8795880946263075 0.8800745187658474 0.8897600563611161 0.8868275241131865 0.8865378117151833 0.8790938663364074 0.8827701181888422 0.8874684748215429 0.8799589851946422 0.8864956433467163 0.8865173513927133 0.8858595518632673 0.8781246722759605 70.18 1e-07 0.5 1024 resnet18
0.3323559494667531 0.8056191029339026 0.8332689879063992 0.823122360770155 0.8160112664003861 0.8015557275922227 0.8060637927095669 0.8075938417800874 0.8055340740091943 0.80966359073176 0.8222581317642369 0.8007519543070062 0.8081489976703411 0.8010640174508604 0.8169193518279905 0.8069215727963376 0.8049494091482933 0.8110801835912889 0.8096425916849905 0.8116851167069242 0.8010205122072958 83.18 1e-05 0.1 256 resnet18
0.3323559494667531 0.8463119620751408 0.8205520744582965 0.8294501574186137 0.8284059330811072 0.8302896668658526 0.835858706319267 0.8401734112830447 0.8378049867210295 0.8311662048960479 0.8288802372807917 0.8342071754153102 0.8443516966656621 0.8398560004722755 0.8339931724375839 0.8346785121867124 0.8346005203618566 0.834044241702112 0.8352327892041843 0.8402751217359584 0.8357034421299494 83.78 1e-06 0.1 256 resnet18
0.3323559494667531 0.8188474460877866 0.7825679534095334 0.8112400716578346 0.7687236857353565 0.785748937952031 0.7774593226170535 0.7640332998362586 0.7937573238129295 0.7674281866695462 0.7969902008219946 0.7754677290036084 0.7711543533470607 0.7717837529007983 0.7718453987545583 0.7643105994261501 0.768055343913243 0.7686251270578209 0.7770664332277681 0.7824400279060596 0.7715334925431024 84.45 1e-07 0.1 256 resnet18
0.3323559494667531 0.8457584284473952 0.8475607327069635 0.8213737674500697 0.8115379870391318 0.7980309706268442 0.7929211228700572 0.7903735852713202 0.7872716428623527 0.7889250863598687 0.7898438255912292 0.7912161674024247 0.7891187367803922 0.7905691877758565 0.787459166938938 0.7946026476495274 0.7935931889063528 0.7942547066994488 0.7971305525066222 0.7940601831395183 0.7852847498092308 82.15 1e-05 0.1 512 resnet18
0.3323559494667531 0.86489296045227 0.8564470599123455 0.837772484283536 0.829842090206419 0.8231031319909451 0.8332758418505286 0.8231228076172039 0.8268994552680365 0.8402575714931676 0.8330541464705604 0.8306840115397321 0.8362286596329009 0.8261831181671206 0.8370188109235694 0.8314187749568202 0.8304249062065133 0.8292224178374752 0.8436818725333118 0.8285257344595319 0.8283115529747485 79.07 1e-06 0.1 512 resnet18
0.3323559494667531 0.814909322680246 0.8070521349342598 0.7898853152310636 0.7921453034359996 0.7923445624649064 0.7976303215254161 0.8027428540001726 0.7894993765916545 0.7910648330720267 0.7917406387895782 0.7982316840503202 0.7939372186341302 0.7984789008189028 0.7873632626061021 0.793039599742866 0.7955263082494376 0.7970598979197452 0.7973486231775732 0.7957839432117427 0.7937277478111909 81.82 1e-07 0.1 512 resnet18
0.3323559494667531 0.8172837362783713 0.8521765686911081 0.8570283701854885 0.8713597456444492 0.8631426040178161 0.849645254003238 0.8408752205210174 0.8490339451987146 0.8475230148443805 0.8530678378989197 0.8501340880530465 0.8482809805570901 0.8634994615109638 0.8411263508259549 0.8536357354727896 0.8505930044251545 0.8496037612578544 0.8628970665964596 0.8426641494862835 0.8391098864483876 79.32 1e-05 0.1 1024 resnet18
0.3323559494667531 0.7914122038998391 0.8384084136959358 0.8231250692562854 0.8091888434622427 0.8133787083537343 0.815151543516712 0.8134154590799505 0.8126878398920373 0.8229926609948932 0.8173732318273186 0.8155782900989698 0.8195396151444945 0.817751339921047 0.8146281050843655 0.8180046632375819 0.8162132207843062 0.81533075113819 0.8151479592468494 0.8160067327172605 0.8165931351198245 79.32 1e-06 0.1 1024 resnet18
0.3323559494667531 0.825590307697968 0.8596276489014434 0.881137270838979 0.8656902151229859 0.8769970967199747 0.8534107475929872 0.8750296580611616 0.8619662269698064 0.8655886547165323 0.8602590008006424 0.8577191936268328 0.8680611003139117 0.861992419165981 0.8604679440574666 0.8578217219062063 0.8606185378801507 0.8603626209944956 0.8615940831443196 0.8566018384107944 0.8590683491846256 77.64 1e-07 0.1 1024 resnet18
0.3323559494667531 0.7776500918791358 0.7513227278286027 0.740391674128444 0.7495688001609997 0.7584883320696999 0.74493277673947 0.75307341579526 0.7480541325571365 0.7482757540141249 0.741025281278055 0.7570119856853944 0.7424525607148997 0.7562591124462318 0.7488784355324322 0.7463305900032546 0.75562613517179 0.7532955685701412 0.7501374896596289 0.7468974058767821 0.7522770625528682 85.26 1e-05 0.05 256 resnet18
0.3323559494667531 0.7514913020947525 0.7903281630649537 0.7900141413463327 0.7828258226782956 0.7784331680074863 0.775314943696847 0.7816909002699213 0.7775228172530281 0.773912950200241 0.7830551172367793 0.7743980236065294 0.7766884078519745 0.7755093530555218 0.7741893122645481 0.7728426085650411 0.7740490504370389 0.7858706183561937 0.7744942388848527 0.7859566973214074 0.7750449074829129 85.18 1e-06 0.05 256 resnet18
0.3323559494667531 0.8295722869549654 0.8302428958863388 0.81608180485839 0.815369361369303 0.8321077109467047 0.8304517879009812 0.827100567574647 0.8159237803973619 0.826887831047912 0.8218571271743572 0.8286302169429192 0.8305877697237156 0.8252881528916302 0.8202096722804562 0.8229760651150095 0.8280917633764051 0.8204665432760411 0.8300749451551199 0.8289222332239032 0.8160950655253917 84.86 1e-07 0.05 256 resnet18
0.3323559494667531 0.8002126403490978 0.763683208103878 0.76046364289748 0.758628400063438 0.7591679046399391 0.7603719624764768 0.7568230981163347 0.7577239152759769 0.758024048083173 0.7579269648364505 0.7586541489367613 0.7570419493115561 0.7570762691400543 0.7546009647624145 0.7584005365593071 0.7561510694837981 0.7599837576127022 0.7602013148502881 0.7565145119397266 0.7547936660275733 84.92 1e-05 0.05 512 resnet18
0.3323559494667531 0.794318864317585 0.8093947700317513 0.8178065499430042 0.8126545180148851 0.8094989951789161 0.8115844331878814 0.8084732532782712 0.8027031970607338 0.8159595416468711 0.8077380963980526 0.8088633701830468 0.8091902774493087 0.8068693145995556 0.8037886227057659 0.8069346694873538 0.807705838225143 0.803284415606346 0.8170864793811397 0.8147024236148188 0.8120022644635111 85.05 1e-06 0.05 512 resnet18
0.3323559494667531 0.7874963447586539 0.7742745492983621 0.7757627231553955 0.7746716447090339 0.7728620132959791 0.776748165072481 0.7749468655320014 0.7696602550834009 0.7772534419834634 0.7712852587071782 0.777177948857088 0.7771974018696016 0.7724857506284755 0.7758657961151084 0.7753594460175851 0.7783508896022191 0.7696127672256526 0.7829226161872185 0.7782302940670119 0.7756808875223418 84.89 1e-07 0.05 512 resnet18
0.3323559494667531 0.7704712986470382 0.7747381637991643 0.768327797753835 0.7852915914315147 0.7739685547218714 0.7759883404796619 0.7776043364212424 0.7774272859392317 0.7726366790999538 0.7776457740389005 0.7784328335098293 0.773486959680222 0.7738961086810439 0.7730853664245275 0.7754048885650506 0.7746437904708734 0.7634173782883958 0.7757469024519363 0.7749236770701384 0.7743344667890518 83.19 1e-05 0.05 1024 resnet18
0.3323559494667531 0.7934560252259341 0.7933122579541451 0.7999468938078855 0.8036459813812707 0.8010903801126643 0.8011428667855678 0.7997678623475188 0.8056631939760247 0.7991495180725744 0.8058504819524743 0.8042546818816088 0.8041082331920922 0.8053305829389167 0.7975987899089253 0.8029997645580151 0.80313045958363 0.8011072695987359 0.8051329249820597 0.8043102187633023 0.8039833039845006 82.37 1e-06 0.05 1024 resnet18
0.3323559494667531 0.7903161928468883 0.8106871905987415 0.8211007117259412 0.8177260353525243 0.8219781307856302 0.8292604169546567 0.8205101903074182 0.8292718566459527 0.8318366657300598 0.8289060339362547 0.8284541682782698 0.8205841688977601 0.8347950706988695 0.8238886185086061 0.8274873429514821 0.8310291117133412 0.8223042632776901 0.8282367329532877 0.8235032531562338 0.82651250322308 82.41 1e-07 0.05 1024 resnet18
0.3323559494667531 0.7788799725132911 0.8057513098047554 0.793711347605546 0.8027889713823109 0.8082864795642187 0.8000704258451288 0.8068357724869644 0.8030529843097703 0.7946480066051614 0.787502960490799 0.8040463607564718 0.8076790613984318 0.8026282771715583 0.8033830603155176 0.797764631975064 0.8038355647710631 0.8190473528370336 0.8051913803154126 0.80717144081411 0.7970789977266124 83.82 1e-05 0.01 256 resnet18
0.3323559494667531 0.7828654027786268 0.7947502747528097 0.7943177043985817 0.7927412470222075 0.7931820582296215 0.7798133299561201 0.796904671959864 0.7895389407652651 0.7827981604857074 0.7815469801449193 0.7896641057471783 0.7848958196290107 0.7963563689730359 0.7915189247566558 0.7837832640953437 0.7923123361325527 0.7987636269466029 0.7895667176498535 0.7920070495917646 0.7962675661055598 83.51 1e-06 0.01 256 resnet18
0.3323559494667531 0.7805854334969875 0.7836882354664354 0.7937045281533726 0.7963986828457305 0.796015740339989 0.7890453481833265 0.7934298969864476 0.7957002158878065 0.7915038395190861 0.7892262057697162 0.7951927219126885 0.7987800820382759 0.7970477262454755 0.7953257549400625 0.7949612055117974 0.7975915620044048 0.7877891218078628 0.7922078512852682 0.7945573182401318 0.7910485734828038 83.55 1e-07 0.01 256 resnet18
0.3323559494667531 0.8249929930657993 0.841226160762128 0.8418632668243622 0.8398641336318772 0.8329426685811778 0.8339032537054527 0.8349021873523939 0.8355759678650387 0.8379641374817635 0.8363804007901069 0.8405832111365001 0.8370922541902472 0.8351430310872786 0.8341818975692858 0.8419571858803182 0.8349516713429902 0.8351554956891357 0.841431004723609 0.8344720877552214 0.8261369146575908 81.23 1e-05 0.01 512 resnet18
0.3323559494667531 0.8160826166793312 0.810394232787859 0.8127270428573959 0.8217911524177275 0.8215199148465802 0.8221854970028634 0.8178168425275741 0.8225093438721245 0.8224366285804144 0.8245771535968176 0.8180418625433785 0.8142466642260451 0.8239422673259048 0.8230721128359487 0.8235977362372318 0.8233653745055983 0.8227672066616722 0.8268871352680077 0.821666082877546 0.8124702890581531 80.55 1e-06 0.01 512 resnet18
0.3323559494667531 0.8133095345190844 0.8064234269326814 0.8167569615204927 0.8168387292566845 0.8228708450819202 0.8146480140310014 0.8217214504136389 0.8191551423465533 0.8139246376010186 0.819772802216286 0.8149582144755052 0.8193385337524484 0.8202558442074088 0.8198259678042176 0.8204102092790052 0.820589950370572 0.8161511866970786 0.8246712424644292 0.8164512694331231 0.8176927002682268 81.28 1e-07 0.01 512 resnet18
0.3323559494667531 0.8862200862964158 0.8488411864245446 0.8520212962569491 0.851426352206747 0.8521771995749495 0.8556831500428824 0.8591052321583029 0.8592113363989974 0.8595905995250306 0.8628470766853318 0.8628453798328277 0.8616850312706736 0.8580772688601113 0.86390946474087 0.8576245816234715 0.866463017503553 0.8643190820560355 0.8629311220022257 0.8624081592019093 0.8600132508639642 76.81 1e-05 0.01 1024 resnet18
0.3323559494667531 0.8283581406964438 0.8197450284169914 0.8198779619263467 0.8153972054247954 0.8206862030970805 0.8161959590687984 0.824210301242462 0.8193013902474459 0.8245607873233525 0.8207571132069498 0.8223661545797709 0.8225779955365407 0.82298784937578 0.8188479609280053 0.8198606023036835 0.8166708816717745 0.820920052566552 0.8232245038876498 0.8169069020169722 0.817586325697481 76.89 1e-06 0.01 1024 resnet18
0.3323559494667531 0.8102947091309163 0.8501736984568978 0.8504804450687139 0.85415910222924 0.8505334985067821 0.8542555403848765 0.8524436312398084 0.8507707272544132 0.8478146899776923 0.8454214493986146 0.8518015553437328 0.8568739267137013 0.8521929773092478 0.8593144108261356 0.8585366518601856 0.8504714439797629 0.8582086756157236 0.8533655613220859 0.8474875735958931 0.8578320706064778 77.22 1e-07 0.01 1024 resnet18
0.3323559494667531 0.7632955462918904 0.7721121512511543 0.7725230999917112 0.7627923182837115 0.7782229874374924 0.762098788331054 0.765508234237661 0.7557335411855637 0.7631530900229051 0.7711140748642855 0.7769326898634163 0.7652823750770226 0.7632371537206799 0.7642069550589164 0.7690703143427571 0.7773615169612629 0.7728366244674706 0.7866960416205493 0.7700769090649442 0.7677469081496259 81.17 1e-05 0.005 256 resnet18
0.3323559494667531 0.8043425725887589 0.8157468672229373 0.8102272091793701 0.8024213133084258 0.8119466079601666 0.8177802906282318 0.8214739916572619 0.8319326675818133 0.8234745098309441 0.8166188886813573 0.8296452238188111 0.8277510663040473 0.8299666692004388 0.8084529497994936 0.8233513516984405 0.8294288565893265 0.823043856981561 0.8232775484487048 0.8222697081812512 0.8279503181752389 80.97 1e-06 0.005 256 resnet18
0.3323559494667531 0.82769064848984 0.8392503259200361 0.8221936427738902 0.8364379028101537 0.8277923649761604 0.8294644967922278 0.8311239170306668 0.8309562125449509 0.8358927321532751 0.841847646461502 0.831800123388432 0.8350726986150184 0.833092688058126 0.8320713549901444 0.8289001534525917 0.8293067963737063 0.8360960900650167 0.8295476169882733 0.8322443589622758 0.8291107955765322 80.77 1e-07 0.005 256 resnet18
0.3323559494667531 0.8837243244776342 0.8775625362438219 0.8742253970702853 0.8789674484891925 0.8688420166480771 0.8793281981392392 0.8628824327025211 0.8760946810653045 0.8670323930486877 0.8801113798618156 0.8658598956883096 0.8744172143376059 0.8685860973632683 0.8667578923578242 0.877873939753381 0.8704831230737727 0.8669429348430198 0.8733800384720354 0.8682035331421964 0.8719014429950667 76.89 1e-05 0.005 512 resnet18
0.3323559494667531 0.8724424685613674 0.883316584791376 0.8721485588117922 0.8724165772651099 0.8747282111618889 0.8834977977214473 0.8741078203068546 0.8737092493398504 0.8731002866732599 0.8701317573081399 0.8832910000649328 0.8741497286948782 0.8725202536320323 0.86499637142107 0.8729848109075893 0.8786842378442866 0.8707136450500829 0.8760193760274363 0.8692319759508189 0.8790706645551332 77.6 1e-06 0.005 512 resnet18
0.3323559494667531 0.8285130635886709 0.8210084335374366 0.8220325130869852 0.8244378502865092 0.8295674568010187 0.82405457701424 0.8249488019947023 0.8252599402221189 0.8245997133189452 0.834755584457085 0.8268980226131817 0.8286138112633181 0.8265908995889744 0.8245456544019127 0.8329855114235424 0.8320716323331121 0.8248964082681944 0.8236629275495807 0.8240116497978559 0.8178579918170774 77.16 1e-07 0.005 512 resnet18
0.3323559494667531 0.9563646031673523 0.9270670999260743 0.9275545875982091 0.9409369813814606 0.9393637358250971 0.9443805891450039 0.9379184958827489 0.9400363005466363 0.9323113972507325 0.934046601626668 0.9386638555053435 0.9379227130578692 0.93575842044283 0.9345335873718671 0.9365515615615468 0.9395959431518951 0.9350401434487933 0.9365126271605313 0.9285274831987514 0.9322959250813431 71.83 1e-05 0.005 1024 resnet18
0.3323559494667531 0.9388313590642933 0.9567038992268622 0.9480294236675223 0.9460598512369942 0.9361942571132909 0.9400575818289209 0.947312318952167 0.9361149613656125 0.9302150404183641 0.9336962144034695 0.9349420234271949 0.9340187654022541 0.9375083195331513 0.9350203304588082 0.9390296242068271 0.932477519542431 0.9334994755485252 0.9321981411598647 0.9316052859465751 0.9320961561430003 72.22 1e-06 0.005 1024 resnet18
0.3323559494667531 0.9304042730957426 0.9099066357312698 0.898957697555563 0.9031157763160089 0.9147394274426981 0.9060999404021978 0.9095043559501101 0.915492148569831 0.9052894965101353 0.9014262627358591 0.8991069627363263 0.9025539623021017 0.913886101472918 0.9000001223655333 0.90900304820955 0.9060787656520742 0.9000977330151781 0.911583227880081 0.9030240046092944 0.9066979518515477 72.12 1e-07 0.005 1024 resnet18
0.3323559494667531 0.9235374768156452 0.9605421926431493 0.968068859284211 0.9837380758801479 0.9760126662104355 0.9733050164023809 0.9554448037865524 0.9855201324483255 0.9970991931130364 0.9791581589224058 0.9767057926069207 0.9832995807614283 0.9877864643111911 0.985092116845184 0.9706163908703316 0.9653024801431355 0.961900562534058 0.9578892821551384 0.9697087113045785 0.9780225214675953 72.48 1e-05 0.001 256 resnet18
0.3323559494667531 0.9594650431841155 0.9785852142114166 0.9951648512189523 1.0034767283697006 1.0165970041297308 1.013942356613507 0.9911422198560806 0.9953548898610785 1.0152657064358994 0.9880645966337305 0.9982337889336094 1.0209426987477634 1.018574070303981 1.0176587056244784 1.0093896885525178 1.021335406122534 1.0117236834708807 1.018189392265466 0.9857977760250772 1.0160613183295317 71.55 1e-06 0.001 256 resnet18
0.3323559494667531 0.9146606102717527 0.946108988303529 0.9469196379335352 0.9591697044991723 0.9579251017653259 0.9687267204692438 0.9687061356367437 0.9765397194423295 0.9584946446464584 0.963457275457942 0.9775610086494408 0.9542126437214732 0.9616688953938478 0.9761834939510959 0.9734407600814954 0.9882577406194157 0.965483668608654 0.984180580341419 0.9701301649236419 0.9602428233913894 72.29 1e-07 0.001 256 resnet18
0.3323559494667531 0.9607283156819758 1.038203648637331 1.0599441981675202 1.065073868273882 1.0791550182063383 1.0626313190379038 1.0665911794499672 1.0584705548306945 1.0648992621027367 1.0779264555216481 1.0661371088422333 1.0579992751077878 1.0740717860122522 1.0639023639774192 1.0734896675468923 1.077408794554856 1.0667915785750157 1.0752127950349106 1.071303325272847 1.0568154672762475 66.58 1e-05 0.001 512 resnet18
0.3323559494667531 0.9830166125667965 1.067494837135384 1.0623875064781843 1.081335143673185 1.0723753153592595 1.0881803527679996 1.069953232077585 1.0636790167338923 1.0773903130572164 1.067239683531486 1.080646565986495 1.0682106599681054 1.0722171260133226 1.077447782144636 1.0822023678747792 1.0694888633385753 1.055690204448566 1.0779391826343963 1.089759627460581 1.0729473119769108 67.13 1e-06 0.001 512 resnet18
0.3323559494667531 0.9887814175547074 1.0916743007617757 1.0940566456026664 1.0757076853528231 1.0797826099832362 1.0913523093809963 1.0769040897709212 1.082288899098421 1.0993224709945322 1.0871516561649968 1.0954090988496792 1.0873669696610728 1.0942201483340603 1.080759973528416 1.0992799615145359 1.0928798010159804 1.0862462574507499 1.0880905341528513 1.08780450634844 1.0860136291966476 66.97 1e-07 0.001 512 resnet18
0.3323559494667531 0.9645401186540167 1.1051686904540732 1.1263673125446367 1.1210708157327882 1.1302463199980373 1.1197787587642345 1.129978331402039 1.1254753789967562 1.1183486783727847 1.1283151832841718 1.1335447880476879 1.1343939613829581 1.1316510468540615 1.1304168175210543 1.1367543020392012 1.1328483308392472 1.1287668246716973 1.1323725168865972 1.1337310501562405 1.124011883560491 63.48 1e-05 0.001 1024 resnet18
0.3323559494667531 0.9406548808158067 1.0851935136884834 1.1289027514980314 1.1441845911923711 1.1337546365034294 1.1229092213861243 1.1416840148615817 1.1384444863798393 1.1582393721903967 1.151732790805259 1.1392299023665848 1.1439780418500443 1.1452936752976999 1.158159212430172 1.154199911878913 1.1528787967084706 1.1565746566669781 1.1615422638871284 1.1541715080753532 1.150324711028714 63.94 1e-06 0.001 1024 resnet18
0.3323559494667531 0.9657265629213113 1.0803811754288626 1.1618912389108746 1.1699779482237367 1.168035062009325 1.166504128319787 1.1603858717153852 1.1691455049035178 1.1622140609171838 1.162387619610265 1.161522359135806 1.149296257900952 1.1536757629410506 1.1705614535871016 1.1690713321755875 1.161743937487963 1.16924864945546 1.1591989009026122 1.1564423038103926 1.1664003736303905 63.66 1e-07 0.001 1024 resnet18
0.2908245681151324 0.0005600153435484735 0.8297707488843012 0.9303217912457521 0.9449667839021768 0.9233874718281178 0.9910531277054154 0.9051561098793849 0.8949995805546539 0.8978898800365185 0.8833187648648869 0.8859874489734741 0.8902359297840045 0.8907678229125624 0.8888292277839926 0.8945773801952954 0.8900646121171475 0.8883316745555027 0.8902615485350283 0.8867619785612376 0.8882118964596782 79.01 1e-05 0.5 256 resnet18
0.2908245681151324 0.0 0.8705191237740212 0.9126499280386687 0.8844615744213882 0.9205732298911258 0.9264270368352776 0.9466763674969829 0.9382208544087173 0.9388127288769736 0.9482263418453502 0.939542536636825 0.9410522335734057 0.9531882328146125 0.9444521411748553 0.9396369338802534 0.9462081088852488 0.9539028627163355 0.9512609821317527 0.933464841457662 0.9443834291943973 79.86 1e-06 0.5 256 resnet18
0.2908245681151324 0.0 0.0 0.8450391452347216 0.9186562599838131 0.906709943477595 0.9163076873059672 0.9148747140079573 0.9166451698574558 0.9123722393383015 0.9075434421671247 0.914011571812848 0.9245635077858894 0.9137090973373961 0.8992389841676384 0.9145544430027545 0.9022859916435603 0.9277869806551586 0.8947058461257292 0.9092694195754322 0.9074056227295497 80.95 1e-07 0.5 256 resnet18
0.2908245681151324 0.841173435152377 0.9554468965010661 0.9094063881119347 0.880003677969614 0.8728898336840665 0.8857653540802426 0.8654217228227568 0.8641882406758431 0.8602053889072095 0.8637709618685379 0.873475596776277 0.8711965003188448 0.8697592443050003 0.8706303810373615 0.8751970296235198 0.8690866663959522 0.8764110163801214 0.87960101383046 0.8799581848775301 0.878326860715824 77.32 1e-05 0.5 512 resnet18
0.2908245681151324 0.8573832756503311 0.9261064534805427 0.9774206006211027 0.9420353271797126 0.9211366359506725 0.9348609941999887 0.9377768327769668 0.9296799478326022 0.9272800751336086 0.9354643494183051 0.9309237684727768 0.930947976664217 0.9335561382648659 0.928479147081888 0.9263065986910555 0.9359456311047987 0.9328542721720341 0.9352807096228776 0.9321465512415271 0.932482271555155 77.03 1e-06 0.5 512 resnet18
0.2908245681151324 0.9844975797688938 0.8345636839049096 0.915205388780807 0.8739643819297923 0.9013138282344003 0.9034000647130384 0.9017335604312174 0.9033815669572023 0.9077713119805918 0.9054370804096024 0.907708694116327 0.8957106660870592 0.8979269599429313 0.9031048341015884 0.8961411342062164 0.8958405082947712 0.8961019054577952 0.903672997105541 0.8993810567003956 0.9003836450879129 78.11 1e-07 0.5 512 resnet18
0.2908245681151324 0.7846288893120485 0.8829572509381046 0.9245652167356863 0.9052296253951622 0.9978256725166752 0.9695045105920754 0.9422978311442576 0.9330892637035438 0.9248064541349428 0.9274900151062395 0.9240480493471724 0.9382033045881363 0.922510660887983 0.926434135266653 0.9306290449696607 0.9322812442749169 0.9170257534978825 0.9262340071120405 0.9329491208351743 0.9319585347559738 76.25 1e-05 0.5 1024 resnet18
0.2908245681151324 0.9263711758966621 0.8730181118534194 0.8961452442001686 0.9037265842136725 0.9089848165973669 0.9001714881355027 0.9396063018171307 0.9287084682949039 0.9386605284039105 0.9300132983306887 0.9356747009290182 0.9206659661308276 0.9298657864779918 0.9292409668169066 0.9298279751205243 0.9419571255930843 0.928486039267518 0.9358960614311758 0.9403009063798483 0.9343309763527954 75.13 1e-06 0.5 1024 resnet18
0.2908245681151324 0.9150417966698301 0.8823494805506145 0.9490449577032853 0.8949846748162789 0.9376676506926591 0.9313691666180755 0.9017958093839524 0.9275693183212732 0.9355298695828114 0.9266241622952387 0.9284209691704386 0.9349657475207072 0.9324285377221845 0.9361759568692503 0.9315455355316231 0.9342524517421744 0.927595260521262 0.930896291058487 0.9301160282439898 0.9281826140462839 76.16 1e-07 0.5 1024 resnet18
0.2908245681151324 0.844039109224891 0.8205762733477721 0.8511903242110326 0.8397772835214161 0.8496187670541469 0.8473752770345331 0.851349903918799 0.8453829094862063 0.8509966951704132 0.8446535721287992 0.834930251084825 0.8354505173003385 0.8527220217391629 0.8443182546929485 0.8411302504480862 0.8453498361495936 0.8457701529269793 0.8345665022092494 0.8367544186624286 0.8424377431078005 83.68 1e-05 0.1 256 resnet18
0.2908245681151324 0.8458860113298466 0.8520360012706525 0.8282004642613308 0.8360261121529349 0.8367348782227961 0.8397948575223885 0.840142251431085 0.8357636775344645 0.8369770140497808 0.8474447958411649 0.8372132044475202 0.83070072943284 0.8274216994940832 0.8303413457498158 0.8331321020887594 0.8356479734253586 0.8345780575942175 0.8369630751887931 0.8424119950708255 0.8384977711703399 83.77 1e-06 0.1 256 resnet18
0.2908245681151324 0.8480854716273752 0.8723970561819465 0.8513926839819459 0.839848746961015 0.8191043342723313 0.8180938898700173 0.8136504429376804 0.8122492912948808 0.8225783470349819 0.8090299777232718 0.8128856886835452 0.8150380148172474 0.8126083710334088 0.8128916426145659 0.8095438229065904 0.8157304854418354 0.8188686877453363 0.8101156533760603 0.8111406106984634 0.8168227169566786 83.65 1e-07 0.1 256 resnet18
0.2908245681151324 0.8736092348748317 0.8445896732737984 0.8459442405267013 0.8788832670234636 0.8644104101685481 0.8664078665347615 0.8645670945738643 0.8676943776563426 0.8739872404558884 0.8718972284684758 0.8770381145760424 0.8687764496746354 0.8784671691390453 0.8754393339432731 0.8694624672390876 0.8625530503184549 0.8732427342414658 0.8681674119762575 0.8662279504385323 0.8747838574573007 83.53 1e-05 0.1 512 resnet18
0.2908245681151324 0.8828138763023605 0.9019856456278481 0.8957046658669987 0.8901830907817821 0.8892077405660701 0.8852148755392903 0.8933812449881242 0.8913180057695353 0.890919653190292 0.8894851686592312 0.8858513794493321 0.8917050033905284 0.8905460528907062 0.8921279962790204 0.8801750656319366 0.8925818484710293 0.8741416965611398 0.8922501329076927 0.8834866406941502 0.8927178520167705 82.16 1e-06 0.1 512 resnet18
0.2908245681151324 0.8585207051665779 0.8418335529131 0.8447551948788123 0.8368810443113355 0.8438948551638222 0.8482581221196984 0.8364148069983836 0.8528422615804154 0.834181634588285 0.8425752908729841 0.8403837578049407 0.8372776744376652 0.8463442291064806 0.8327655897954145 0.8347004150259955 0.8395922580107786 0.8393139151520369 0.8452221264254498 0.8372843992187552 0.8240160714632218 83.77 1e-07 0.1 512 resnet18
0.2908245681151324 0.8586935592703416 0.8988698688472515 0.918265369741594 0.9217098929093374 0.9189894012384291 0.9177078164516346 0.9258692448294349 0.915838743665924 0.9171564628479093 0.9189425705196599 0.9166746162403016 0.917420473504081 0.9202625224968277 0.9166143663758497 0.9193651734221525 0.908852448815995 0.9204880963238945 0.9166937676453945 0.9169981058077125 0.9153025042224417 82.25 1e-05 0.1 1024 resnet18
0.2908245681151324 0.8236681913689562 0.8587949603769549 0.8839924362569933 0.8764629686773455 0.8709161425824122 0.8760991873207739 0.8777607053600608 0.8733285033772346 0.8755741237765641 0.8741923436193165 0.8782687093789417 0.8761942045595374 0.8765323137843523 0.8775621407474701 0.8737595142536567 0.8786299957693552 0.874512986906383 0.8794650976641486 0.8784125326402992 0.8777502704681344 81.9 1e-06 0.1 1024 resnet18
0.2908245681151324 0.8814182496608837 0.8697437190186021 0.8859957977961997 0.8835597620278951 0.8881353441207104 0.8726620133199422 0.8887449704543391 0.8816747310559773 0.8870884508025667 0.8870056443115889 0.8866562340986942 0.8866568524103886 0.8823435712544159 0.8906089160234807 0.8874192157984439 0.888341504624664 0.8915085091006206 0.8871284177676497 0.8882368205464224 0.8847558338235666 82.58 1e-07 0.1 1024 resnet18
0.2908245681151324 0.8691065535517244 0.791242221732093 0.7946218360778127 0.7902832529748542 0.7911421984247208 0.7966841860298353 0.7843411566222497 0.7881956910039549 0.7862954551532196 0.7879440930064061 0.7885869030428257 0.7853463295806741 0.7861154766169354 0.7839876946164379 0.786013243659327 0.7892540220643712 0.790938334109234 0.7863328645657652 0.7867112919948022 0.7912048895541696 85.39 1e-05 0.05 256 resnet18
0.2908245681151324 0.8134806380033575 0.8124808084725966 0.7925420256643015 0.786188808825529 0.7824333420342162 0.7842987604767248 0.7639744527945105 0.7776821600815551 0.7771655457491795 0.7951944527321999 0.790839080619926 0.7813792267994439 0.7691447905045223 0.7799981964389185 0.7806429701417926 0.7807071394077333 0.7813896737682061 0.7669801000225782 0.7790709887702214 0.7785739942161896 85.42 1e-06 0.05 256 resnet18
0.2908245681151324 0.8538597107621588 0.7953138495401616 0.8171975854790535 0.8126033568736095 0.8086875124806593 0.8050844485386374 0.8110966354103161 0.8099582443801733 0.8142738195777008 0.8144949033794876 0.8113933245590418 0.8108647511125092 0.8153906214843033 0.8116907198330665 0.8142133436796378 0.8138051888911962 0.8176968248561798 0.8126821514182652 0.8081179572035354 0.8158271153445062 85.31 1e-07 0.05 256 resnet18
0.2908245681151324 0.8359015281282831 0.8428160940684749 0.8499904531837358 0.834615258827831 0.8423423403067359 0.8395937231495781 0.842758924396298 0.8339376371062436 0.8345987536708 0.8369790871927211 0.8370849626787006 0.8333172456024617 0.8320516895102651 0.8324842332756976 0.8415513577491005 0.8401067104745974 0.8404895184969908 0.8351502744869259 0.8386063333228574 0.8297472670809637 84.96 1e-05 0.05 512 resnet18
0.2908245681151324 0.833607169678787 0.7811365357701747 0.7814594561613215 0.7813819552029674 0.7846844375973014 0.7869208100783495 0.7798303862725541 0.782924574635841 0.7839779348416559 0.7886946339695556 0.7878747359054131 0.7816003717056319 0.7877414324466718 0.7873330799703147 0.7879102707910965 0.7806247055976232 0.7841300376112917 0.7843800156803937 0.7800090440059292 0.7788573725233302 83.99 1e-06 0.05 512 resnet18
0.2908245681151324 0.8570694068538941 0.8276277897165585 0.8268022954253246 0.8325242731832735 0.8274593345607582 0.8285893886958128 0.8274303206633911 0.8310487263695465 0.8302049649770553 0.8315470856449959 0.8263206689938558 0.8294309298306629 0.8292090730581291 0.830078417020315 0.826978215264321 0.830458213911177 0.8274829485056423 0.829364289812676 0.826809096748196 0.8298797401276002 84.97 1e-07 0.05 512 resnet18
0.2908245681151324 0.8042905688614599 0.8529675235463778 0.8578131736310256 0.8587387568557454 0.8508101714067021 0.8549825737127651 0.8554361920756836 0.8594020129536258 0.8583333360245813 0.8584757970192314 0.8527288813873978 0.8576253774048531 0.8540318032140083 0.8542939477896938 0.8544068690895208 0.8540501129075393 0.8526440862573061 0.8521508346444034 0.8541371704248458 0.8568463175728179 82.69 1e-05 0.05 1024 resnet18
0.2908245681151324 0.8546103159241728 0.8284074936903637 0.8324955564134519 0.8316131857648723 0.824519609006138 0.8308822784864105 0.8314084069610932 0.8321059459090221 0.8303522321057603 0.8271025757496046 0.8254499656936467 0.8296779304164352 0.829440204535675 0.8269054768761586 0.8284549654699815 0.8307360812317343 0.8295986731347683 0.8304310332523621 0.8266979394307806 0.8262199621977423 83.36 1e-06 0.05 1024 resnet18
0.2908245681151324 0.820906226319107 0.8322481337676102 0.827133267475704 0.8194834369764351 0.8253614134091705 0.8267910424217775 0.8262393825080754 0.8212403106898666 0.8213937201127203 0.8243256381781514 0.8237959929852731 0.8237307049565966 0.8072568171499864 0.8247097509391008 0.826487421628639 0.827997980726931 0.8198146543975079 0.8242434969882924 0.8256772095661518 0.8264370652721519 83.33 1e-07 0.05 1024 resnet18
0.2908245681151324 0.8701487675222401 0.8575537441794892 0.8743412010581741 0.8663126062022285 0.8659122911613808 0.8697491404536318 0.8540787460360789 0.8636916012615126 0.8589457896229142 0.8679290172783142 0.8687150160707584 0.8623332599397302 0.8576396822173306 0.8614801896011945 0.8711960696389671 0.8698323163190673 0.8648222119597325 0.8550024387770192 0.8554805934599963 0.863956184082849 83.53 1e-05 0.01 256 resnet18
0.2908245681151324 0.8091135023253178 0.8350729143037512 0.8353290277404298 0.8288521203302218 0.8221838823077036 0.8244238964542367 0.8218480550228324 0.8219389939263807 0.8290095054939792 0.835452171706891 0.8391779361259996 0.828591807926146 0.8266058045929583 0.8302023878420414 0.8188569443897944 0.8226348629429936 0.823811399924628 0.8300628934456437 0.8132221414104626 0.8248864030597863 83.69 1e-06 0.01 256 resnet18
0.2908245681151324 0.8673497357894745 0.8374968018750324 0.8341861512912964 0.8389006154896884 0.8386238911418299 0.8420379615102482 0.835679387914493 0.8380820182370827 0.83280502611621 0.8382822654784517 0.8405479036627335 0.8360211751725792 0.838742836224973 0.8355633365499128 0.8339431126500808 0.8377427731573114 0.8426960965715606 0.8354237419567248 0.8341800491325173 0.8390707822122552 83.76 1e-07 0.01 256 resnet18
0.2908245681151324 0.8720521253161939 0.8732748128737944 0.8689072379478782 0.8725515453919903 0.8758002588313475 0.8818449356160113 0.8757480648250943 0.8719891201449343 0.875184944588963 0.8747087706438886 0.880279424457305 0.8706005597360352 0.8701808454455271 0.8747987393669715 0.881905841444715 0.8728475254347936 0.8776321603202193 0.8685185104466054 0.872546172612251 0.8682681076089206 81.05 1e-05 0.01 512 resnet18
0.2908245681151324 0.8661499701750188 0.8614986708092219 0.8612721347671757 0.8662090002460238 0.8597742461885828 0.8637441096608801 0.8695885469182184 0.8665476629659018 0.8654656060048181 0.8693526033695212 0.8734744390235791 0.8599397185006761 0.8696088715353045 0.8682756662785484 0.8682868579639269 0.8718459584871695 0.8686339174706756 0.8701986744666256 0.8641780276897488 0.869601795291628 80.4 1e-06 0.01 512 resnet18
0.2908245681151324 0.8849834387782317 0.8956715139383489 0.8931416570446348 0.8953487231119917 0.8937164433542797 0.8851480387646865 0.8885257646659203 0.8909625557773255 0.8850167562462486 0.8843731833030029 0.8800885626613524 0.8890508348813401 0.8845739679641895 0.8890019518930592 0.8858140999977131 0.8838433309330646 0.8913514444273923 0.88204899997976 0.8873897754855564 0.8829511311221527 80.24 1e-07 0.01 512 resnet18
0.2908245681151324 0.9166078673711737 0.9281311192038899 0.9193504443220771 0.9210715806464224 0.9200991572340343 0.9173900455476861 0.9154386688901637 0.9214602583943003 0.9182213179590193 0.9207854036970392 0.9229554732050302 0.9178791271374459 0.9193300812908922 0.9179756723629121 0.9172562576204141 0.9173319734681749 0.9249737640096525 0.9194512700434707 0.9175598942784293 0.9156707197787274 76.69 1e-05 0.01 1024 resnet18
0.2908245681151324 0.9321446816531013 0.930476061378537 0.9274760296225091 0.918247185430221 0.9123441682947583 0.9189675254975215 0.9121311962051056 0.9307308875058787 0.9254184142456231 0.913934704199115 0.9243807291395244 0.9154776461921605 0.924535180374737 0.9195724439979739 0.9142203096553508 0.9180462336907692 0.923462070661797 0.920790285126275 0.9146463230912584 0.9149612342306529 77.38 1e-06 0.01 1024 resnet18
0.2908245681151324 0.9080895793834114 0.8969071777158227 0.8849508167725202 0.8919468340727937 0.8909359839005729 0.8857936177156047 0.8940320081181935 0.8923046869571403 0.8925390009364055 0.889396961509043 0.8936553544379271 0.8916343403118324 0.8957447014773001 0.8972621034847909 0.8919261177169089 0.8895001463382414 0.8947964745011313 0.892437051773756 0.8971142376640937 0.8911126672594937 77.1 1e-07 0.01 1024 resnet18
0.2908245681151324 0.9059122585818468 0.9010894059454948 0.880324549919022 0.8979528017757754 0.9044559781664975 0.8884449838658345 0.8939717054027784 0.8888664339630413 0.8887984616179233 0.8894616242282426 0.8727281601760434 0.8823853586344872 0.8882707431376419 0.8855540920757509 0.9004473835140361 0.8911799635507458 0.9038384660788422 0.884533750837516 0.8898102287478816 0.8879621882212314 80.97 1e-05 0.005 256 resnet18
0.2908245681151324 0.9027980672430392 0.8898596360482071 0.882071372620551 0.8927572617286306 0.8988576082647056 0.8877538283585235 0.8952874363491502 0.8872398658953593 0.9014939668551617 0.8871146757072165 0.8896498464478795 0.8937402666408039 0.8920632037614243 0.8920346567026263 0.90075201885415 0.8967200508985672 0.9051544291640917 0.8879297214042167 0.893133535245978 0.8904220511055708 81.62 1e-06 0.005 256 resnet18
0.2908245681151324 0.9213258135254905 0.9033804892786671 0.9085490994281464 0.9033082509595972 0.9035427976323457 0.9048422535423355 0.8910481291554474 0.8958288208628457 0.9061487682818644 0.9113877250716833 0.8955516125120911 0.8912059202132135 0.8981020210640501 0.895496238162909 0.900939506314664 0.8966541783633258 0.8971598878199798 0.8960701931085876 0.9001848021576011 0.9055484351106631 81.09 1e-07 0.005 256 resnet18
0.2908245681151324 0.9134878870555074 0.9154982480950606 0.9186069869857562 0.9283239424622203 0.9155317414485231 0.9116221878500588 0.9226148824467638 0.9259535344131055 0.9171210902010004 0.9199539871492864 0.9066946010334411 0.9146699506747201 0.9116333695106623 0.9229649817689416 0.9122431919450219 0.911485058768133 0.9144958709116299 0.9211874881563638 0.9313999225012821 0.9279730668492409 76.98 1e-05 0.005 512 resnet18
0.2908245681151324 0.9209074156015445 0.9060623122585754 0.8969003171229508 0.9015133959898983 0.8986614067023235 0.9007857727826573 0.9017760383781903 0.9022443869947998 0.8927911625661932 0.8991401358234089 0.9047965823709861 0.9056696630047415 0.899701015277903 0.9050353288470425 0.9010744052250687 0.9107744812207038 0.9011205151372295 0.906597392812115 0.905387009989494 0.9097435987818688 77.54 1e-06 0.005 512 resnet18
0.2908245681151324 0.9457987912922452 0.9350350072661558 0.9373652138942203 0.9322305589177866 0.9415158476114012 0.9538726305640128 0.9392296945649221 0.9496416638418534 0.9329453298233322 0.9496982335807411 0.9518668879322209 0.9358758652834263 0.9365275031444676 0.9546794576158948 0.9465377693139672 0.9359375084192538 0.9451105559442516 0.9486212988507038 0.943415979780888 0.9388814842649131 76.8 1e-07 0.005 512 resnet18
0.2908245681151324 0.9990394770760309 1.0253068039781346 1.0263379009466376 1.0234220026880647 1.0233219889707375 1.020463651489266 1.0285073454817215 1.0280503527285942 1.0240433237276356 1.0238098242876155 1.0266753411014902 1.0226120008373047 1.0218059655299898 1.0180364048186807 1.023174241370006 1.0208948007460317 1.023519154087499 1.0165643146363486 1.017193382101915 1.0178298601726465 72.86 1e-05 0.005 1024 resnet18
0.2908245681151324 0.9455596329880599 0.9873761221100201 0.9942935428700932 0.9920779655678537 0.9988337413634986 1.004232621438553 1.0087306616404919 1.0160713148277103 1.0189144331614264 1.0172814987437189 1.0135897425984484 1.0143679378939878 1.0131381162198994 1.0141084820379875 1.0150821954822968 1.001100749479433 1.0194639409140054 0.9940451610586087 1.0169298339814667 1.0177094484126712 72.76 1e-06 0.005 1024 resnet18
0.2908245681151324 0.9820222096207958 1.0210278884508934 1.0053179827102003 0.9961199615456131 1.0088327836450617 1.002078255308846 0.9920007981722783 0.9949715076388387 0.998114281367032 0.9895475059999366 1.0005761694283932 1.00780934433566 0.9974717993361972 1.0048033144604918 1.000699306087523 1.0068498346394927 1.001090233603799 0.9958655221570618 0.9956671131056656 0.9909262179190904 72.45 1e-07 0.005 1024 resnet18
0.2908245681151324 1.0697910092958518 1.025781876343349 1.0464480456302163 1.0427873444183131 1.0442732033930249 1.0553938962361702 1.0531489388425839 1.0630491431895386 1.049103300809352 1.0762060673909288 1.0716082443944583 1.0560974660256892 1.048381175180233 1.0693677556286472 1.045764745636916 1.067735734360891 1.0442839376580446 1.065331243580435 1.0718193415327268 1.073744094308 73.04 1e-05 0.001 256 resnet18
0.2908245681151324 1.0413768751506387 1.0817463383108745 1.087304071927645 1.0914551312595597 1.0990258113314912 1.085125130409848 1.0860419867475715 1.0875719314734824 1.0992910815617898 1.1082376601516406 1.0997809759017394 1.1002699913455587 1.0927696596829004 1.089672884331622 1.1069119984494675 1.1072235833270014 1.0984657906940856 1.0956972355045218 1.1047622001919035 1.1132272652185842 72.71 1e-06 0.001 256 resnet18
0.2908245681151324 0.996920066856686 1.0411989811771436 1.0346772881556847 1.0286490200839227 1.0396385310558558 1.0260907601664406 1.0195985599633386 1.0234736485669749 1.0223024738373718 1.0576920883401797 1.0276919155009583 1.0306370063077805 1.0466201142546405 1.0382760278347924 1.0450290955733084 1.0367640953446502 1.0497907701671594 1.0124438766540353 1.0358218838640896 1.0439070815314289 72.12 1e-07 0.001 256 resnet18
0.2908245681151324 0.9897354805272586 1.103018706616282 1.1269948309791546 1.1362367869125425 1.1410445137716263 1.142385700108145 1.1533751431316275 1.151835944182725 1.1435899504558145 1.1437763442442002 1.1485054494663094 1.1382452982235345 1.149379527146057 1.1423098873933322 1.1472266488585547 1.1543896888411012 1.1439689353624414 1.1424154472493815 1.143764158512803 1.1489064215695124 67.84 1e-05 0.001 512 resnet18
0.2908245681151324 1.0288946357553865 1.1162452960107785 1.100393631155306 1.1029867935409436 1.1289905235353186 1.116001949207846 1.0992480872952002 1.1279893660622582 1.1380474656930084 1.1444179349395542 1.1160916157994252 1.1277708723877213 1.1346456613786144 1.1291717813296074 1.1348256503172938 1.1441130351075566 1.1380553787184065 1.1319469215376303 1.133880769508048 1.1279712533174213 67.69 1e-06 0.001 512 resnet18
0.2908245681151324 1.004594936383082 1.0800006346976097 1.1028177007565156 1.10309401615765 1.0921466971937253 1.0912900557685057 1.1060718881579528 1.0889883151061452 1.116036431169421 1.1055773577705619 1.1128690952848237 1.1058060455477567 1.1166253000346915 1.1090843853305108 1.1086529579823279 1.1141559313134868 1.1256668025709369 1.105089142095518 1.1120750190884083 1.1189704879279647 67.59 1e-07 0.001 512 resnet18
0.2908245681151324 0.9350272570181297 1.1260559590631305 1.1943812643677474 1.2169727069472633 1.212656669295924 1.2284602096173634 1.2256292218396367 1.2298094137985371 1.227493449843226 1.2314626147259962 1.2355116656605736 1.2291246562403082 1.2361040580884057 1.2237342981672414 1.2361074635421603 1.2280388426547821 1.2332427081908088 1.2347515203259745 1.2308082097632167 1.23706930545666 64.52 1e-05 0.001 1024 resnet18
0.2908245681151324 0.978229231251386 1.1818190185202604 1.1223100594486648 1.1540780060788167 1.1537182728548572 1.1606064241138865 1.155320798653498 1.143621450690602 1.1508031734785549 1.1555826017954536 1.1596081398239064 1.1514558679798943 1.15831810723719 1.152220684883582 1.162663577546833 1.1540088193500713 1.1591992129088164 1.1586862293869227 1.153354940887063 1.158392062704651 64.57 1e-06 0.001 1024 resnet18
0.2908245681151324 0.9716126947494125 1.1360063018312099 1.1586089025411321 1.1690253164907052 1.1637148425590849 1.1953781257729212 1.1702292870714093 1.1912286271863117 1.1774593169189265 1.1858834633637987 1.1919225528071182 1.1979033438072226 1.1832980540924305 1.1793031267868839 1.1864657348420709 1.1791611489890101 1.1724254971981964 1.1836866553122527 1.1818673493164373 1.1784243016795473 64.84 1e-07 0.001 1024 resnet18
0.13003556678870062 0.8788342825707702 0.8585410847385642 0.8667160611354409 0.8792670185432148 0.8947084593197723 0.8882348173848702 0.897448231480057 0.8830600582862823 0.8830739246712892 0.8875528022149717 0.8930505874851246 0.8902496521941287 0.8954892413221613 0.8902408841747819 0.8908714649533235 0.8909209869151504 0.8937488249104565 0.8933223803567363 0.8843079091347775 0.8930333860545402 81.3 1e-05 0.5 256 resnet18
0.13003556678870062 0.8601210206419307 0.802791733728728 0.835838994747036 0.8133703909044805 0.85851676402329 0.8062031792546013 0.8024352483232527 0.7973456205133336 0.8094757897234284 0.8133452487821209 0.8117754745724458 0.8101644305696485 0.8186468791503629 0.8097530507718236 0.8124402764133805 0.8123084010957244 0.8070348081259412 0.8173929091364187 0.8130297339468519 0.8111197496369589 81.66 1e-06 0.5 256 resnet18
0.13003556678870062 0.8407574604620991 0.8416542919882376 0.8399123547923233 0.8680629050665634 0.8379970056050132 0.8329832586182276 0.8386766935737354 0.8321351745291099 0.8411028600288012 0.8322001416734185 0.8355989273357072 0.834415864391083 0.839990140150917 0.8331025065066708 0.8326032650197663 0.8298468463354122 0.8299139284497048 0.833020160080615 0.8299983157844018 0.8435699534729473 79.52 1e-07 0.5 256 resnet18
0.13003556678870062 0.8316447914021876 0.8441716411474642 0.9203036588352189 0.8869003188605805 0.8837933784476533 0.8876288099429576 0.8914551827537107 0.8869164193812586 0.8884351558333866 0.8894765121338456 0.8855436010710039 0.8888102671328666 0.8849317776617452 0.8859616582492335 0.8830603625597788 0.8909406233139272 0.8882541827195907 0.8890829849926234 0.8867141752686304 0.8926495706917709 77.22 1e-05 0.5 512 resnet18
0.13003556678870062 0.8174977378485778 0.889793058855005 0.9485687382273695 0.9029662659616976 0.9184997092514022 0.9164943332819021 0.9180022964454551 0.9199248777917464 0.9139732401041448 0.9132802983914476 0.9091198872105842 0.9131591896407092 0.921265029486863 0.9158860985311699 0.91690881388254 0.9154622682106671 0.9159670161568438 0.9106047937990831 0.9096439811955124 0.911503494643364 78.19 1e-06 0.5 512 resnet18
0.13003556678870062 0.862708244435571 0.8750693873998674 0.8846605157643121 0.8570169207774935 0.861280601116353 0.8628250313294998 0.8847028148219281 0.8849665721950092 0.8933587397742925 0.8949139294787832 0.8841531190234402 0.8861212285510135 0.897351224044605 0.8938158484167602 0.8787058202519625 0.8928411755712459 0.8893627395612248 0.8812142838032707 0.8889728933543388 0.8950677741622338 76.85 1e-07 0.5 512 resnet18
0.13003556678870062 0.9795361137244794 0.8050584815363315 0.8802118989915884 0.9224373928020277 0.9266885039823652 0.920864404114474 0.8992267834215916 0.9013984449659952 0.9143555142968031 0.908270118259718 0.9079509341875035 0.9033218193427064 0.8986588450211105 0.9031234702681872 0.8950579099795825 0.8987048261530943 0.8911627162774678 0.8990145317275717 0.8993971928458443 0.8985265638616572 79.52 1e-05 0.5 1024 resnet18
0.13003556678870062 0.8783107028475485 0.8951349290424687 0.9135241534517892 0.9076331451141785 0.9045261928803154 0.907219502908426 0.9071609020252989 0.9106306329811439 0.9000328164478598 0.902065375248435 0.9060245956146808 0.9076666347018576 0.909409526588468 0.9067739701708599 0.9058972904769788 0.9046782677012207 0.909133511852575 0.9049451269641824 0.9064741907335683 0.904720534020347 76.34 1e-06 0.5 1024 resnet18
0.13003556678870062 0.9470091092315274 0.866754738766514 0.8629715636974002 0.839126880819128 0.8724386084900996 0.8785489383858838 0.87746089981385 0.8799716309002403 0.8735663015407557 0.8760021957450445 0.8764518953261377 0.8735121078335061 0.8738701048657751 0.8637626143478714 0.8693852678732538 0.8689793973235773 0.8690884381932276 0.8668205931315672 0.8762161158460487 0.8807093684972466 77.98 1e-07 0.5 1024 resnet18
0.13003556678870062 0.8162288460635203 0.8393848346002467 0.8766863801382309 0.8597831748360801 0.8715466563037393 0.876347162712326 0.867457261338313 0.8659315108090455 0.8719768279036582 0.8686779935145459 0.8708777040728983 0.8792149505356445 0.872854530913498 0.8768181902126164 0.873570434657983 0.872707868716407 0.8665217091922065 0.8786246850270497 0.8751846616059256 0.8816771463882614 83.55 1e-05 0.1 256 resnet18
0.13003556678870062 0.8337563662081499 0.8353349360064629 0.7844627219189378 0.8258825826639956 0.8242278249048366 0.8452077295879239 0.835896963307905 0.8186894298072042 0.8229515435730289 0.8287963645005288 0.830719560857364 0.8178222972091617 0.8280112421603504 0.8224879607694513 0.8256879836237936 0.8233777065410939 0.8231776757622756 0.8249154835204959 0.8192549615907513 0.8288489330629942 84.54 1e-06 0.1 256 resnet18
0.13003556678870062 0.8527312192735046 0.8267720084647898 0.8264093171360881 0.8188609718276849 0.8314116540583082 0.8257685018623044 0.8320546098040364 0.8273962074528629 0.8276082906198715 0.8174625906430651 0.8247913308663705 0.8236716319018746 0.8188654411849996 0.8214815796148912 0.8210706520934713 0.8250618573416585 0.8198494083329235 0.8226060153895172 0.8226294212244452 0.821250076988001 84.79 1e-07 0.1 256 resnet18
0.13003556678870062 0.8213316800268751 0.8161642081714993 0.8130939982402535 0.8171449126488658 0.814146878900585 0.819071764467996 0.8109360665611698 0.8233137355224881 0.8225643071531248 0.8111745568440706 0.8193610820953857 0.8190836210001567 0.8204799865817052 0.815980805171507 0.8182355331961503 0.8185513799618205 0.8179001916758082 0.8210850842112759 0.8179518912386812 0.8234904487995514 82.71 1e-05 0.1 512 resnet18
0.13003556678870062 0.8483774408511298 0.8802192118905705 0.8434497574071069 0.8315810877783838 0.8386461655257317 0.8321232266703956 0.8351733897987339 0.8353030861527284 0.8356415126231791 0.8327040934300598 0.8365903743786132 0.8374066558336882 0.8328478671126095 0.8341409617590898 0.8328575026446086 0.8302125093239802 0.8361456454635752 0.8329585585113827 0.830012726779832 0.8332868631726444 81.36 1e-06 0.1 512 resnet18
0.13003556678870062 0.8185736747147448 0.8406088032027861 0.8176051329129044 0.8086436831896937 0.7943552701700688 0.7966211333831507 0.7979089668363736 0.8017193348160983 0.8002506164693909 0.7970451200337902 0.8093550315385001 0.8046981331299399 0.8044804750553162 0.8010802569001925 0.8035102526679906 0.8020575212961337 0.8069621322068103 0.8046329516169892 0.8007970172522205 0.8036108507553089 83.52 1e-07 0.1 512 resnet18
0.13003556678870062 0.8691584236295765 0.9055878482855326 0.8746752185813517 0.8726241843413941 0.8785284108290429 0.8656245724694426 0.8598807179360738 0.8633768247330775 0.8690410098755155 0.8669308688795744 0.8727380333391308 0.8721598294955447 0.8731824456757625 0.8680631116256725 0.8729319615590676 0.8686610619606264 0.8682413180544633 0.872347638393768 0.8730920930986789 0.8723945074361208 80.64 1e-05 0.1 1024 resnet18
0.13003556678870062 0.8263253091620892 0.8657971127539582 0.8308512894102384 0.8457487028130957 0.8346011714250778 0.8408866152652622 0.8412040257123604 0.8395024744142386 0.8377235377657641 0.837107849218306 0.8432553703151676 0.8335329881251868 0.8386559249742725 0.8390234092989632 0.8388953208740196 0.841809438196146 0.8394669507864532 0.8377949495772602 0.8335880044209157 0.8445922318298245 81.41 1e-06 0.1 1024 resnet18
0.13003556678870062 0.8471839181412025 0.8334751186409419 0.8471087208147848 0.8555102509984515 0.8557421530190933 0.858497629169165 0.8533955999748294 0.8539640661125507 0.8516424565135466 0.8584803457607119 0.8575451658263841 0.8491824164424284 0.8558263022119112 0.8508887455263608 0.853233661244551 0.8557728056891645 0.8498364266704073 0.8515315366887307 0.8512126127283824 0.8560669661421509 80.73 1e-07 0.1 1024 resnet18
0.13003556678870062 0.7396695378000157 0.7750036461101986 0.7628951114902595 0.7750343976993617 0.7669742395371525 0.7673887810140605 0.7630919707194633 0.7638708300418796 0.7829460652566462 0.7708523462360394 0.7687362386965098 0.7746267320641667 0.7793168186560021 0.7762914978573534 0.7857080556398772 0.78062365694157 0.7692673514894695 0.7857496093208133 0.7851329794351823 0.7851145309409244 85.7 1e-05 0.05 256 resnet18
0.13003556678870062 0.8435123863362948 0.7686975727592525 0.7827846375513685 0.7881155711761232 0.7833851784063319 0.7845664846603222 0.7833088053869912 0.7826353310518147 0.7841858809765294 0.7819817680004433 0.7830386983319443 0.7824230836588228 0.7878010175296537 0.7843927728621758 0.7840406035572918 0.7870258233440304 0.7837170519515823 0.7858679484816646 0.7839506141893312 0.782888360557862 85.41 1e-06 0.05 256 resnet18
0.13003556678870062 0.8242802262842932 0.7783760727204542 0.7939424582662682 0.7891045417345248 0.787218532217716 0.785028149889861 0.7882771608000154 0.7874716484440767 0.7871582571098346 0.787563596287389 0.7878069371053151 0.7880392834766821 0.7865777498991972 0.7870155790023096 0.7896528108519858 0.7905833860699114 0.7931166050896618 0.7880391210907398 0.7923833467880145 0.7892589556692318 85.48 1e-07 0.05 256 resnet18
0.13003556678870062 0.7966190557778415 0.8071694147316048 0.8027617025850772 0.8034874200455101 0.8077232529198289 0.8064683657614279 0.8052368687207424 0.7987435423283782 0.8035760657874943 0.8068862966325961 0.8093074825708506 0.8044844786020218 0.7980673134641656 0.8098999449285944 0.8111148069964342 0.8085068986034502 0.8137004122204273 0.8027039915720513 0.8072792328590874 0.7984633575964569 84.39 1e-05 0.05 512 resnet18
0.13003556678870062 0.8449114987507419 0.8337413213344261 0.8332845834958639 0.8384501763405473 0.8341193399191199 0.8326184136583155 0.8344118922431192 0.8304102358843373 0.8355338800841152 0.8324174037471486 0.8300857728356337 0.8330709467242192 0.8291726085743053 0.8366927947279419 0.8325626745464428 0.8336561856136743 0.8377312007391403 0.8317135786400814 0.8292799282005768 0.830460828190761 84.95 1e-06 0.05 512 resnet18
0.13003556678870062 0.7987449597683607 0.8216350684291792 0.8132179954552836 0.8102904289603301 0.8186674184766369 0.8105558057051322 0.8176582592569663 0.8165029946406099 0.8149447537890809 0.8068511077472601 0.820228071686435 0.8199140433849209 0.8128767811910916 0.8152685386306082 0.8119186640609296 0.8156198890344936 0.8114818714821607 0.8169654031055147 0.8056683969690382 0.8221873693371018 84.48 1e-07 0.05 512 resnet18
0.13003556678870062 0.8473123170590382 0.8433102179019896 0.8492709051629825 0.8465133604566405 0.8442479974193536 0.8419658671288234 0.8441303466602307 0.8425249479582707 0.8396654752729807 0.8465289122156018 0.8504721597697137 0.8509794497386673 0.848010240885138 0.8470967007578514 0.8461438878733434 0.8470735568817616 0.8487553031640257 0.8487666311508676 0.8505696156537426 0.8532225785446531 82.68 1e-05 0.05 1024 resnet18
0.13003556678870062 0.7978287746090098 0.7801790105426637 0.7838746507218621 0.7823695568540562 0.7817967036333523 0.7801347575882989 0.7815485418597597 0.7806349985392336 0.7803424060797692 0.7809804202776024 0.780199859153132 0.7800139750427709 0.7799100811313275 0.7778881394183412 0.7800339157577766 0.779999666630094 0.7794868459595926 0.7802798842296562 0.7792652324089338 0.7806251492270126 82.77 1e-06 0.05 1024 resnet18
0.13003556678870062 0.8181061322205864 0.8139900972557002 0.8177734897128305 0.8195107684717962 0.8193220215872133 0.8215118434379844 0.8193026429598322 0.8202041257961764 0.8224227703580793 0.8246102767486175 0.8234999158077398 0.8233485683571244 0.8254518247280348 0.8207299619543582 0.8257425234719133 0.8231103737465533 0.8232145028391676 0.8228857998283668 0.8240629716209906 0.8237742925263443 83.23 1e-07 0.05 1024 resnet18
0.13003556678870062 0.8020583020055906 0.8276351395154454 0.824653233622137 0.8194185076125816 0.8217807073435333 0.8278991386760614 0.8252201427919514 0.8330772698908564 0.8209742695000076 0.8233070108721421 0.8228094173087822 0.8233337124507382 0.8144904057370809 0.8236271739020609 0.8153116677305237 0.8198205807804452 0.8258336989417485 0.8222739319463621 0.827964331798421 0.8191921108337915 83.82 1e-05 0.01 256 resnet18
0.13003556678870062 0.8213185270467882 0.8127423704095207 0.8109991674780104 0.8151229962240407 0.8179849451096267 0.8181163129523646 0.8195164219353047 0.8082231960371942 0.805186364558156 0.807115346570965 0.8086373759318144 0.8033167538060364 0.8143821353675891 0.80606257204834 0.8037285241254334 0.7984647799377388 0.8003076842725737 0.8048852201750616 0.8128544259291703 0.8057862397494198 83.24 1e-06 0.01 256 resnet18
0.13003556678870062 0.826506222377345 0.8223084840088822 0.8077392366739197 0.8224993711453779 0.802046270314903 0.8209900035038544 0.8100178118408116 0.8101498659933003 0.8117579592024252 0.8025143278052065 0.8098244694384187 0.8039715046448894 0.8115861076426845 0.8126452390581272 0.8204099627411543 0.8156151491530542 0.8082963664611829 0.8144169297787522 0.813430879866879 0.81625310686366 83.21 1e-07 0.01 256 resnet18
0.13003556678870062 0.8756925542663145 0.8319647855270373 0.8224638102930831 0.8263090749174262 0.8234516045928072 0.8192705380421691 0.8198392850538369 0.819786702924751 0.82190361884408 0.8220717385694877 0.8247387732737163 0.8169856073455145 0.8199814500049939 0.8223246262852606 0.819375005267001 0.8181195852679545 0.8283458730578647 0.8186847035828775 0.81292874444199 0.8236524626253141 80.84 1e-05 0.01 512 resnet18
0.13003556678870062 0.8558538375349712 0.8419730272249215 0.8498675974057283 0.8512671583129907 0.8488195750173563 0.8470737061045089 0.8480187167279145 0.8466259075543742 0.8434294946049405 0.8575348204741197 0.85261332261059 0.8488732699168213 0.848072780707932 0.8535684388508161 0.8508408578104507 0.8531786486186725 0.8579595392076519 0.8554204182143796 0.8508332508936601 0.8461467920510707 80.62 1e-06 0.01 512 resnet18
0.13003556678870062 0.8220122758964332 0.8285093192231373 0.8320227712022258 0.8370016050605921 0.8321316926371596 0.8368146651561793 0.8348287994997962 0.8352842496151207 0.8274587612481697 0.8214745550095236 0.8326183580271013 0.8354096579530964 0.8354718995683866 0.8272308406512857 0.8284772922659102 0.8270111860407112 0.8381441252345195 0.8195344339235834 0.8315582265569164 0.8194813528832121 80.94 1e-07 0.01 512 resnet18
0.13003556678870062 0.9024464400545428 0.9035747145001096 0.9002250467433026 0.8959461083379173 0.8973060178625903 0.8998759891905631 0.8989150989538974 0.8995938228785382 0.9023518508481985 0.8971300595526395 0.8996808438576076 0.8973186202520849 0.9003808886278973 0.8990866132348476 0.900711173141584 0.8976031991923634 0.9042539978959061 0.9010552676640531 0.9019096075307105 0.8995271788903447 76.84 1e-05 0.01 1024 resnet18
0.13003556678870062 0.8582465405522752 0.848150953095825 0.8503091920419695 0.851821705370518 0.8586400760022744 0.8505122238061538 0.8608051080568839 0.8582776394352152 0.8632831431094999 0.8626013912630406 0.864200207108787 0.861009272909603 0.8592295997285256 0.8633964092461999 0.8637352757851537 0.8658389174090391 0.8594836309269311 0.8630404777763855 0.8625463862190265 0.8589884246997965 76.86 1e-06 0.01 1024 resnet18
0.13003556678870062 0.9034008342691928 0.903098873115771 0.8934466844298505 0.8989947563442787 0.8965472183619432 0.8883870499840698 0.8921185272639418 0.8909592375528962 0.8935471215259867 0.8934675693767968 0.8868159715739821 0.8869427540423576 0.89003025521905 0.8931443970287833 0.8891902004301461 0.8933009060563932 0.897234110431891 0.8871835984422727 0.8922277015277672 0.8898346985400333 76.22 1e-07 0.01 1024 resnet18
0.13003556678870062 0.804563218975086 0.8105300108885818 0.7992508382227413 0.8063236586328587 0.8109584251749027 0.8091915554168173 0.8162742230732765 0.8165261913416447 0.806961735565914 0.8145953917862953 0.8093299807228397 0.8096049965826811 0.808198442612192 0.8121889172630241 0.8135858007986273 0.8138394331649222 0.8123381416491234 0.8083755358529046 0.8070477801203899 0.804994198078904 80.61 1e-05 0.005 256 resnet18
0.13003556678870062 0.8061326103602853 0.8231525936988338 0.811969670526295 0.8277787466167801 0.835993357197816 0.8296982485864614 0.8233296766987881 0.8219290081936101 0.8342804058136919 0.8333940317269887 0.828966702871333 0.8200100223299949 0.8220990232046512 0.8209881848874783 0.8346274833537575 0.8330317374263078 0.8215898239978928 0.8400018141826018 0.82904950317262 0.8327644914151858 81.12 1e-06 0.005 256 resnet18
0.13003556678870062 0.8112796998214462 0.8242220575194956 0.8194497918647364 0.8226343912364119 0.8263903078598845 0.8249174640103084 0.8253242104242681 0.8271294422228279 0.8227518256288741 0.8344860657598878 0.8240074240334687 0.822472566085564 0.8228070262840518 0.8239864551000277 0.8284933045802321 0.8282255612684323 0.8266440872327491 0.8274468615026178 0.8304641835680766 0.8249166142683092 81.58 1e-07 0.005 256 resnet18
0.13003556678870062 0.8675013533423543 0.8724498133303112 0.8524973314195673 0.8639459102881698 0.8569929438536146 0.8734494183637317 0.8660089579937261 0.869188757203172 0.8556746355814033 0.8612257219681961 0.8664924223239859 0.8754329920865328 0.8755949073071219 0.8743542549657747 0.8709262680633523 0.8709692899362881 0.8618452951946576 0.8652684104432408 0.8695548868981475 0.868669586570218 77.3 1e-05 0.005 512 resnet18
0.13003556678870062 0.8757794664380874 0.8560478130600047 0.8546590632355908 0.8560654732747414 0.8431901207897732 0.8531899567334912 0.8544958499833166 0.8533219453006936 0.8528177699380366 0.8477835164348123 0.8536292372607245 0.8423686335037334 0.8502666965703973 0.8580017865641056 0.8508960024190655 0.8486908064658776 0.8503446873341113 0.8504894131486159 0.8371464900867863 0.846879978607956 76.92 1e-06 0.005 512 resnet18
0.13003556678870062 0.8543943381049006 0.8358923555990906 0.8247201105522932 0.8355630338653932 0.834129424986362 0.8322837876642314 0.8398882200175141 0.8428907290759401 0.8398284267751787 0.833922709559841 0.8366671279719862 0.8357245379883577 0.8340709841162787 0.8347637197483181 0.8323479739586829 0.8374725253680991 0.8327008120039356 0.8361911575162668 0.8445348612815251 0.8330358441918 77.56 1e-07 0.005 512 resnet18
0.13003556678870062 0.9527345030920031 0.9631750521714872 0.9503171440146579 0.9543140934129043 0.9555778737284105 0.9535483669835788 0.9613711296035877 0.9609235889021018 0.9582622945056037 0.960689498922173 0.9591362087743052 0.9615570622471438 0.9604437950526379 0.9555249506857472 0.9638021092323861 0.9603804790954669 0.9621107710510728 0.9585533923157007 0.9624589858051479 0.9628862584350454 71.91 1e-05 0.005 1024 resnet18
0.13003556678870062 0.92428370564512 0.9533651178752333 0.9533498967906747 0.9576069012608893 0.9637305459119919 0.9565708099526948 0.9721144449725689 0.9719385320949872 0.9603283962066811 0.9551088725712767 0.9699492633327629 0.9761388028562841 0.9672683175393011 0.969474206814512 0.9636029975239258 0.9647527817666435 0.974151881816889 0.9745308142469261 0.9673014852068988 0.9710731249468827 71.97 1e-06 0.005 1024 resnet18
0.13003556678870062 0.9570174737767797 0.9838936946616602 0.9874907928605654 0.9880846888028608 0.9976705855202236 0.9905816415166419 0.9888658929243255 0.9946788036021449 0.9928594452488162 0.9876713461906951 0.9885129468385585 0.9914487814839746 0.9979846980248225 0.9978222645027875 0.9893741567655345 0.9959423370086585 0.989979362767767 0.9965484246308458 0.9989738579317665 0.987834093934036 72.01 1e-07 0.005 1024 resnet18
0.13003556678870062 1.0005245217111693 1.0143576207978602 1.0393952362772378 1.034519425634008 1.0391219764029525 1.0510504128746523 1.0646210835112513 1.048019280558516 1.0370750589968676 1.041450188280583 1.0336791900244524 1.0483354190295946 1.0320367232692147 1.043128422884374 1.032313593711211 1.0486240936441156 1.0397323441581847 1.0378210094929166 1.0381629465871973 1.0463090352943285 72.3 1e-05 0.001 256 resnet18
0.13003556678870062 0.944866330229058 0.9321049618842188 0.9459298860681729 0.94642791172589 0.9342912660156069 0.9568146092831162 0.949640271917476 0.9555820523445577 0.9372677895841197 0.9447470893215559 0.9351709233996516 0.9476307704136093 0.9490946020407308 0.9473268067573758 0.9385815491805165 0.9436759252558676 0.9355221211777678 0.9491646459223972 0.9459919957097227 0.9326332801333881 71.81 1e-06 0.001 256 resnet18
0.13003556678870062 0.961008115315012 0.9766615414635192 0.954861781753565 0.9536625572644012 0.9615350869321779 0.9681886104259512 0.9615154949989803 0.9523499408494891 0.9738417013840447 0.9694663641611379 0.9563898589692351 0.9711805288149122 0.9549417133457903 0.966617668681224 0.9614013975240483 0.9620393735905018 0.9690184819716352 0.9710081843864949 0.9737735990360172 0.9759733849325201 71.89 1e-07 0.001 256 resnet18
0.13003556678870062 1.010909284882193 1.0513931502650207 1.0611660116047956 1.0661798597497376 1.067770083786506 1.0810024134765415 1.0853421988916725 1.0844080130862255 1.092524191578277 1.0732697446581039 1.0775980593032806 1.0953326481944732 1.087612607386836 1.0741535002651017 1.0923108363888863 1.075506031116407 1.083273844834625 1.0897462799645117 1.0778731510198396 1.0963132752260207 67.01 1e-05 0.001 512 resnet18
0.13003556678870062 1.0112701010672676 1.0352965999021022 1.0568232057286218 1.0522865842475035 1.0589702136284713 1.0638840081219336 1.0651984344192706 1.068508504420024 1.0629280931265384 1.051892002747617 1.0674331569115487 1.0595401626383618 1.0685331742648387 1.0631594904823773 1.0757451943971623 1.0629202220699545 1.062192115826066 1.0621531703910205 1.0523732705751232 1.05736996744655 67.25 1e-06 0.001 512 resnet18
0.13003556678870062 0.981855553755505 1.11659046669699 1.1336969643004344 1.1373541948932953 1.1354876152123243 1.1405189310898454 1.1423549523415029 1.1484644673822213 1.1361969637166127 1.126620646380974 1.1408752418482873 1.1388890870208415 1.1300988723864713 1.1336483585497759 1.134507285529344 1.1318344793203374 1.1374031005863114 1.1341121647929335 1.1182628202472729 1.1231977644566373 67.4 1e-07 0.001 512 resnet18
0.13003556678870062 0.9495397073629303 1.1071251776315165 1.1651817628981704 1.1845445807785007 1.176982890279796 1.1968631445840447 1.1826944079511579 1.189399596152273 1.1763670941036202 1.1797685789462908 1.1806041802589518 1.1743275979850858 1.1858706045322014 1.1752784570645383 1.1782247708954519 1.18070954534438 1.182257175918206 1.1858986484167098 1.170671296133707 1.1871372758790586 63.5 1e-05 0.001 1024 resnet18
0.13003556678870062 0.9684851743520655 1.1540910783478855 1.1581005456431692 1.1571171819232549 1.1579056875927238 1.1647820653324952 1.1599672817239004 1.1734316385731658 1.1677848868027905 1.1689737091089842 1.1707319944260106 1.1669848072137654 1.17332388939742 1.1695512850152152 1.172241895403878 1.1669924378939913 1.1730951416254631 1.1658509137723856 1.1703591106664868 1.1700911269437844 64.11 1e-06 0.001 1024 resnet18
0.13003556678870062 0.9941026035647212 1.0891115966569416 1.1602038334473024 1.1563692899419629 1.1409335447702162 1.1402077329158984 1.14451644803925 1.1404602842209528 1.1479266765680096 1.1409571536519376 1.1366063104004869 1.137812216901419 1.1452615086083626 1.1293543718282073 1.1232583605387283 1.139014413811619 1.1347565832954694 1.141626944815618 1.1406807076199974 1.1220596784021977 63.36 1e-07 0.001 1024 resnet18