0.0 0.9805902221766628 0.7998946943379159 0.8602360412924177 0.8742756171927983 0.8411430614235812 0.8092363415038782 0.8505701004678526 0.8295919342143445 0.8395749811470903 0.8384458354463658 0.8420061919163716 0.8411372932290635 0.8190372287285599 0.8226846072566362 0.8200188823839638 0.8276256547831343 0.8238773196252178 0.8185007069020732 0.8244728138115043 0.8241712635224733 85.5 1e-05 0.1 256 VGG19
0.0 0.9073875305664184 0.8891245930175935 0.8738774790571617 0.840386784502324 0.8920405382902498 0.8566203454840875 0.8184896875725801 0.8413276471946449 0.8294478118818458 0.8419037192852119 0.8304640007745827 0.83037888599763 0.8298705420738787 0.8242782301802989 0.8365245625445352 0.8415964145999605 0.8507289532650969 0.8442312528013306 0.8452208571581152 0.843693899029239 85.01 1e-06 0.1 256 VGG19
0.0 0.9246203882300368 0.884986632078722 0.8649192949566327 0.8766054303536275 0.8604280083639952 0.8606749501982656 0.827807064322816 0.8479200311745606 0.8905081525689751 0.8571016012906925 0.854584302658823 0.8558662196970437 0.855391712079976 0.8619834886499553 0.8598028550455722 0.8514053270925643 0.8570638788603087 0.8604412795643733 0.8507709002385093 0.8522529362048975 85.77 1e-07 0.1 256 VGG19
0.0 0.9626081151429439 0.9335921581788932 0.8734540375775743 0.915965453321627 0.8992626251333553 0.8698220722455815 0.8785279960426442 0.8966255856275651 0.9062947721412306 0.9055356775714707 0.8986271711271744 0.8995146344426194 0.8826807309205544 0.8779975398690371 0.8706391893645358 0.8827850667877334 0.8744324664674304 0.8705661114478543 0.8717440080705076 0.8678734906182187 83.45 1e-05 0.1 512 VGG19
0.0 0.9487663067400847 0.9413593686335027 0.8623059140743302 0.8492292791756271 0.9017993835390218 0.8674865302768278 0.8937541027120871 0.882273423016573 0.8828487972305723 0.8746112455778174 0.877243580354053 0.8690601261981825 0.8872026320435373 0.8768188866868456 0.8830097993043029 0.871193135408538 0.8710032048949607 0.8698553400003967 0.8680498920370487 0.8698654271308616 83.14 1e-06 0.1 512 VGG19
0.0 1.0816357130973493 0.8554615614554989 0.8933017520370866 0.9491418686017952 0.8720348535546562 0.8863251251258419 0.8755422762974671 0.8739489735476867 0.8795963510996959 0.8678846803961743 0.8666465467142186 0.8442309289197644 0.8431806419993696 0.8593691375372698 0.8584163215088196 0.8670128400031842 0.8577995496681377 0.8722093365110591 0.8685201816357018 0.8657137486714652 82.82 1e-07 0.1 512 VGG19
0.0 0.9655691975355516 1.1445654525655522 0.9018610036960955 0.8619740282748409 0.8939508991688794 0.8844018199145232 0.907044454423438 0.9045379439380165 0.905402441519486 0.8866925249386586 0.898086256481234 0.8971911861198787 0.8966919875380637 0.8970547105211 0.896158062800167 0.8982956304960217 0.8964549206401586 0.8979619367135929 0.897122959243566 0.8949759430891477 83.0 1e-05 0.1 1024 VGG19
0.0 0.9519267671504987 1.0402710508754651 0.9440622877906871 0.8854403007321927 0.8747788823750896 0.8125498407030486 0.8751114663487555 0.8668269424488584 0.8454792336356605 0.8507510572446947 0.8330898661961511 0.8343562217045372 0.8352519063512637 0.8443400363284667 0.8581243109465301 0.8544806449991539 0.8443958100299856 0.8448200655295396 0.8422074875567316 0.8477480148763575 82.85 1e-06 0.1 1024 VGG19
0.0 1.0116023748190661 0.9217372159443655 0.8779036131961359 0.8933539314511074 0.8717248832368024 0.8861964971237889 0.9013712413459087 0.9281667413835328 0.922340444942393 0.8956712381413672 0.910207177080728 0.9385008053505076 0.9169870851523072 0.9148307702859942 0.9130631578027614 0.9264251449210426 0.9205674311862588 0.9116253949236872 0.9232805520131993 0.9186073167189123 82.21 1e-07 0.1 1024 VGG19
0.0 0.7540208519121255 0.8199395876295555 0.8156402781262955 0.8117198828890959 0.7934280101369877 0.7985512303957671 0.7905710458693792 0.7769378549471087 0.7845682571028351 0.7899582486956152 0.7955065773845612 0.7856515666789207 0.789641325301863 0.7912584060959792 0.7889874407218521 0.7854670698880204 0.7891182108184799 0.7868995528735039 0.7876062063027933 0.7882869141486047 86.75 1e-05 0.01 256 VGG19
0.0 0.8381566952408629 0.8131469880797583 0.7601610094255155 0.794930104227309 0.7691321267758978 0.7751004522335012 0.79458873943258 0.7648216298738012 0.7853880459035113 0.7875283079621593 0.7759638035032523 0.770753192047291 0.7898365064723444 0.7850174881937417 0.7810491947100706 0.7947855796490557 0.7907421160395667 0.7896363095841396 0.7838896782020615 0.7954557970447325 86.18 1e-06 0.01 256 VGG19
0.0 0.8137181622344407 0.8097222513995187 0.8075685267445099 0.8053978758062251 0.8115619706120253 0.8005685577856674 0.8138719968833076 0.8133295631304811 0.8239988973135507 0.8242763800377017 0.8061438202186757 0.8138581736649141 0.8027496325588828 0.8082362174253115 0.8092230631028032 0.8159907411886396 0.8162668969520038 0.8114165856357889 0.8207186278435816 0.8131345462376476 86.6 1e-07 0.01 256 VGG19
0.0 0.7967322290856903 0.789287237573292 0.7953490247099154 0.7815871014341912 0.782618821010017 0.7870174416651489 0.7877151425783002 0.7828344948564495 0.7887762676637124 0.7885920150277766 0.7872965241593884 0.7909631422286735 0.7886288066682512 0.7916886507151459 0.7898261735399152 0.7842524853031421 0.7881828688078751 0.7861989492156937 0.7865566429940648 0.7911103633509522 84.87 1e-05 0.01 512 VGG19
0.0 0.784013720386932 0.8007711517795119 0.7772676354353291 0.791283931134534 0.7925211921190399 0.7988153547973917 0.7986298767277354 0.8009641979779657 0.7973711186648689 0.8006787968129155 0.7971202119236912 0.7937251839748635 0.7916420232110446 0.7968086157059209 0.8011777413954587 0.7951320083948977 0.7938488778279594 0.7980100326569839 0.7983549281747457 0.7935018780711546 84.85 1e-06 0.01 512 VGG19
0.0 0.8630047862928772 0.8120740572484435 0.7804159102403212 0.7818105106074574 0.7826957695922264 0.7767119613342629 0.7860619856262769 0.7766894456344517 0.7742190514483069 0.7862401128408959 0.7794124931063133 0.7703028355704802 0.7805388700532935 0.7720460942833834 0.7746684164135844 0.7743146266722554 0.7694369425362549 0.7786287973980778 0.7751980169156328 0.7735787332693076 84.81 1e-07 0.01 512 VGG19
0.0 0.8594938505664983 0.8303408355248858 0.8056341000456547 0.810449329507044 0.8057138214940208 0.8100254899436746 0.811206199973595 0.809865225544066 0.812662253081603 0.8126800379990426 0.8122159900378161 0.8105043057387534 0.8071718142416577 0.8076544694423766 0.8073893555211766 0.8066038235403122 0.8143718396513442 0.8113275548088106 0.8121387447043589 0.8067453943336536 82.02 1e-05 0.01 1024 VGG19
0.0 0.8443801776292402 0.8018467210203271 0.795402152085298 0.7814472848743982 0.7802424098296048 0.7760940295911085 0.7801389622691843 0.7762389987766467 0.7780529586388744 0.7757221021539447 0.7745057239650478 0.7750479258487226 0.7746860351997275 0.7740480462976085 0.7780231692652965 0.7786847109329087 0.776825523601144 0.7751523193138287 0.7767281257748075 0.7751082049935171 82.41 1e-06 0.01 1024 VGG19
0.0 0.8122410406556659 0.8586074906661162 0.7972357531557818 0.793218714614611 0.7958693719072868 0.8015459632822303 0.7978809727393846 0.8009234392908489 0.8003530563670752 0.8024541886827039 0.8008567088883362 0.7978123996422343 0.7959442168463282 0.8007535592866206 0.8038779413892224 0.8019839353715678 0.7962504342419499 0.7979568260310294 0.797852937859026 0.8041453345965576 81.79 1e-07 0.01 1024 VGG19
0.0 0.824366275527405 0.8996061370607226 0.883938829063202 0.8976100261962248 0.9083938485228381 0.8887805173682054 0.903297107708652 0.893544078199846 0.9095892289656744 0.9039971542205918 0.9034464260683922 0.9147599601653945 0.9033680586541508 0.8753558081475211 0.8941666457467725 0.9017167166670003 0.8984956452640006 0.9018521056987292 0.9048382289681192 0.899658648515024 78.22 1e-05 0.001 256 VGG19
0.0 0.8857106681878828 0.8799821116780001 0.8724550047690505 0.8667514615241305 0.8778813716162174 0.8712842017392028 0.8686610207477117 0.8839909307722883 0.8785821890144616 0.8756474063982438 0.8786021363451622 0.878519245086048 0.8758851838845136 0.880851330168887 0.8855064374696819 0.8758868849556243 0.8823521556466432 0.8751489454004122 0.8939227071768059 0.8784650503473757 77.78 1e-06 0.001 256 VGG19
0.0 0.8829308984498507 0.8684339577972543 0.8823666220376181 0.8819397956968514 0.8933342759190197 0.8953681049194615 0.892549251861649 0.8948396308343735 0.884632794230178 0.8934672966499513 0.8848886925957059 0.893421522590896 0.8746290581275538 0.8788890445373525 0.8963099280892091 0.8860725771918093 0.8999634038578954 0.8865033709163411 0.8871562499955745 0.8999063618125789 78.06 1e-07 0.001 256 VGG19
0.0 1.0136559094689106 0.9972737062943656 0.9781931661029856 0.9655029939262877 0.9767970468153009 0.9598680517049618 0.9819597051775234 0.9692273890774347 0.9769783959484145 0.9650340700292978 0.9659181425337993 0.976279092857644 0.9736874676762526 0.9744728573185172 0.96924317534376 0.9783603394103494 0.972080383241307 0.978096982349227 0.9677707556367454 0.9740859835609916 73.47 1e-05 0.001 512 VGG19
0.0 0.9973079178785311 0.9458621712476999 0.9489025283895002 0.9580729678962018 0.951457455149379 0.9343398142061838 0.9413793870293593 0.9482907158999319 0.9469944392860516 0.9550782117210541 0.9495829776733433 0.9572240063648744 0.9367167237961327 0.9540920149698348 0.9453524786771728 0.9513739906330754 0.9511852691830704 0.9456790842407767 0.9474124954530185 0.9465476557750719 73.81 1e-06 0.001 512 VGG19
0.0 0.9963375099957434 0.992831662870662 0.98245641913693 0.9777155849527426 0.9860536492526147 0.9911669769217127 0.9937462346849989 0.9891549570492016 0.9829373934823532 0.9873226989110607 0.9795366584871811 0.9616107835157476 0.983246147800448 0.9731549562055579 0.9848770605456632 0.9793018019676833 0.9669223745124995 0.9941609751042176 0.9891891534715431 0.9742684954999169 72.67 1e-07 0.001 512 VGG19
0.0 1.1550115470586653 1.1628345872047656 1.1784139637716524 1.1676793579450886 1.162051392579732 1.1793373594754946 1.1760896941025103 1.170319873110412 1.1748011213947456 1.1674000816140053 1.1800262800442507 1.1699560938970743 1.1702295425206612 1.1678378674786318 1.1751568596669677 1.1713000544729015 1.1729453254859117 1.172696250461962 1.1827079623759849 1.1694327047605748 65.15 1e-05 0.001 1024 VGG19
0.0 1.1436299259654714 1.1499611358545914 1.1374713111962231 1.1444153799394443 1.1480091779204729 1.1573930834245063 1.1493967431736367 1.1435612114570914 1.1530066041932274 1.1588702498235317 1.1528523078939628 1.1436465630875834 1.1522390666036808 1.1450663482899845 1.1534174682896177 1.1585524930421753 1.153088828522665 1.1563346393754568 1.160028896497814 1.1546774624204925 65.77 1e-06 0.001 1024 VGG19
0.0 1.1260395194800754 1.1237664433291572 1.1424074063314313 1.128106073285249 1.1413587788745012 1.1484215574578562 1.1323291363871986 1.1364920982640585 1.1403758191465847 1.1456487031419196 1.1383345791682657 1.134090868853006 1.1374133652538385 1.1441515820867956 1.1371063289480439 1.142723426140065 1.1517689387176013 1.1372273808831543 1.1462872016108292 1.140317652764855 65.89 1e-07 0.001 1024 VGG19
0.0 0.9523089981149218 0.8772368836653315 0.8612063084110337 0.905249693162832 0.8698044689642872 0.8367376288831404 0.872740801263011 0.8773682873856664 0.8754065525878774 0.8510725866559605 0.8473012088349086 0.8329406283438767 0.8412270858111561 0.8314691527093658 0.8462368958401469 0.8512130920796214 0.8476583523325617 0.8316751096854752 0.847753859967492 0.8341474718083772 86.37 1e-05 0.1 256 VGG19
0.0 1.0245568549737478 0.8947967692711157 0.8892929721392657 0.8978543661666191 0.8551095490250346 0.8876996883731276 0.8357368151988319 0.8405300436703448 0.8566167570235212 0.8551892280612282 0.8508759714182668 0.8460259065922525 0.8619250434173599 0.8625861748472492 0.8633694907703214 0.8680750618373817 0.8609192479321913 0.8649541265569347 0.8623186409081769 0.8653313546707304 85.61 1e-06 0.1 256 VGG19
0.0 1.0004534256025412 0.849356335626787 0.9083237443142624 0.9036692334493214 0.8441390943972082 0.8808230254778112 0.8632859218745625 0.8876185402033602 0.8969082743125848 0.8905198019936249 0.8768538959869508 0.8847811366234717 0.9023320090509657 0.8999062484851957 0.9042552411635901 0.8843887959535951 0.8868478423790188 0.898427977304479 0.8922737523258027 0.8937168132743111 85.48 1e-07 0.1 256 VGG19
0.0 0.9589652298943014 0.8963123846509501 0.8700339697606368 0.8298427360121694 0.8335272100715647 0.8579635970853814 0.880572388611121 0.8555886259566435 0.8872553815311232 0.8887543555608118 0.8897344223662625 0.8869676674970313 0.8858960927750336 0.8908052439929485 0.8829727607547387 0.8888754384027755 0.8979808818292585 0.8906584101464567 0.8904390476272123 0.8926801121834284 85.55 1e-05 0.1 512 VGG19
0.0 1.0119863710321633 0.9142223230847303 0.8913501282135072 0.8769640224410371 0.896704315805496 0.8688063019193266 0.8801743240486967 0.8471503915058156 0.8639592063898478 0.8519221603761438 0.8507150100318822 0.8560868335944661 0.8608600172946042 0.8498492014021183 0.8519037955011196 0.8584165028830357 0.8471093813248316 0.8523372498995293 0.849072449449271 0.8516987542947203 85.33 1e-06 0.1 512 VGG19
0.0 1.017586714193965 0.8510607889399192 0.8876636402660781 0.8584974280091232 0.879521959583263 0.8574514859740943 0.8433972879326113 0.8561276943722013 0.8647039175116774 0.8537659107103677 0.8537268685626773 0.8568513129696826 0.8559876577721784 0.8518060358104569 0.8527507707692651 0.8542178662032704 0.8528482508958458 0.8549023257434756 0.8572018262656562 0.8523863989727427 85.35 1e-07 0.1 512 VGG19
0.0 0.9519713709715137 0.9557281132461815 0.8931957907456974 0.8975458151924225 0.9183957501527695 0.8860598009220607 0.881344335294629 0.899036072691799 0.926208759631749 0.8968363588204151 0.9031783452817282 0.9178982319414737 0.9159787341755383 0.90957760173292 0.9114493067715957 0.9180533441217682 0.9131837625089148 0.9079128943988702 0.9144196011302873 0.9162705392402528 83.54 1e-05 0.1 1024 VGG19
0.0 0.9995911309398597 0.9891642688055142 0.8547957871836972 0.9389677134621269 0.9199161095350513 0.9493832171971079 0.9237238929604672 0.9295799407900656 0.9293541542070062 0.943262412277655 0.9399857754236942 0.9502735530564389 0.9447099226073276 0.9377498551806327 0.938760788325743 0.9432265923379035 0.9382127135844622 0.9369014647849068 0.9402525175091594 0.9353062503502777 82.23 1e-06 0.1 1024 VGG19
0.0 1.1129906069714715 0.9540004078330019 0.8274533338215222 0.8464410903230875 0.9252862642563338 0.9137032575672304 0.9155678574795805 0.8764375759530797 0.8534133735612613 0.8666697359331033 0.853373398398254 0.8571425793013344 0.860593007154841 0.8712035248268261 0.8630325428536978 0.8716883471315677 0.8646277362067194 0.8626795541452391 0.8653918305667847 0.8584849055177146 84.05 1e-07 0.1 1024 VGG19
0.0 0.8313455708036512 0.8395425683098382 0.7903311681050549 0.8162989819347247 0.7980212343212233 0.7968589680995892 0.7979806477623927 0.8043010650311504 0.7947170688277362 0.799752999758776 0.7980797559765176 0.7964575721229368 0.7939199330516135 0.7923060940972477 0.8007715541484363 0.7922842068932954 0.7958397613995204 0.7991932203401717 0.7927446041970275 0.7960766457854982 86.99 1e-05 0.01 256 VGG19
0.0 0.8348617904939539 0.7989989278513999 0.8332532678987112 0.8035438676871246 0.8095321812750798 0.7941750960191569 0.799219178632085 0.8186249259455617 0.8140180755094127 0.8092275557180959 0.8165290829900057 0.8074395516403857 0.8123748000055688 0.8086969473604323 0.8109961252008663 0.8099036383660743 0.8106501340120928 0.8095524007833949 0.8108432375869751 0.8090895512214408 86.55 1e-06 0.01 256 VGG19
0.0 0.7925993050387394 0.8296547356570124 0.8410998477413755 0.8061130977100646 0.8087953965031944 0.8033812755340132 0.7995962688660541 0.7958653998073644 0.8031298577589934 0.8033459802603347 0.8056365574332102 0.8100363184907637 0.8113822461102072 0.8108483874031946 0.8057812702899053 0.8087310917613781 0.8060996113630878 0.8171319056015414 0.8158198193590447 0.8152212011436126 86.91 1e-07 0.01 256 VGG19
0.0 0.8048732032384294 0.8534723774738037 0.8167880375907641 0.8126786234596115 0.809279270313823 0.8094935736207897 0.807279759763306 0.807568183081322 0.8095389200473888 0.8087140412302241 0.8037892393579769 0.8106617760144172 0.8051847987267972 0.807952219372052 0.8087560613430748 0.8074795557919724 0.807835112065219 0.8091408971739118 0.8098315584688811 0.8069998204849332 84.64 1e-05 0.01 512 VGG19
0.0 0.8251798131794033 0.8643107460490457 0.8102718876589204 0.8052822529885617 0.8024346063133498 0.806928931896007 0.8088143992798895 0.8079276192406772 0.7989714751256939 0.8050798728706456 0.7969415711411788 0.8027948315398045 0.7926213791178188 0.8025299614307292 0.8045228002231428 0.7940061080106205 0.805685771397546 0.7992683614282575 0.7968195055955767 0.8000324474300298 85.0 1e-06 0.01 512 VGG19
0.0 0.8445936939271658 0.8424170958168472 0.7865449115833957 0.8045379493879535 0.8075206859114769 0.8182334120731105 0.8266005811372864 0.8209889635946972 0.8269645985296422 0.8193766294535696 0.8264282357416741 0.8192712284320574 0.8248273044287978 0.8225038332523408 0.8336609002207891 0.8254007406396863 0.8268386326324982 0.8214069851343818 0.8224635319426571 0.8265613289481251 84.84 1e-07 0.01 512 VGG19
0.0 0.8880186395479093 0.8420026205371651 0.8653770883550593 0.8603486479941942 0.865149974581357 0.8670308058304452 0.8619659872295 0.8671991242216744 0.8638846677680039 0.8675874134741701 0.8677515515768459 0.8622508209354659 0.8630195665821928 0.8641797153748044 0.8660412585983611 0.8642432972333327 0.8610815989126159 0.8571796367550922 0.8633524246270889 0.868362587555721 81.82 1e-05 0.01 1024 VGG19
0.0 0.8983942949840384 0.8774085614668248 0.8586995833357896 0.8612470982554322 0.8597218072822105 0.8632568944908792 0.8670578479964608 0.8676205695870526 0.867480977584699 0.8677671240037286 0.8686569724425348 0.8705521798475223 0.8633307530795399 0.8707655201461401 0.8616378920934522 0.8687178299662425 0.8695503223519893 0.8750412130975446 0.8620297172670547 0.8663174904757743 81.89 1e-06 0.01 1024 VGG19
0.0 0.8543986535362997 0.9002677521342939 0.8634210091872931 0.8707243043059316 0.8655390637325656 0.8604396694794589 0.8619814030588359 0.8591422006628926 0.8422474075437695 0.8509987890186713 0.8524736358681423 0.851631379004052 0.8494052180033512 0.8518099096660717 0.8493153612375102 0.8501433062541226 0.8540485381003837 0.8557540266529873 0.8531157672429406 0.8524580650810356 81.95 1e-07 0.01 1024 VGG19
0.0 0.9616286503546327 0.9315234408334073 0.9238589106301909 0.9379147828497928 0.930285337096468 0.9569425618597107 0.9420611506165864 0.934639978735711 0.9297603249967574 0.9422163638216889 0.9291602016282274 0.9539434102734128 0.9564637782951848 0.9313106175895087 0.9338841249076115 0.9414533167467138 0.9394736814131914 0.9427087539416718 0.9476730156116375 0.9353597041377298 77.98 1e-05 0.001 256 VGG19
0.0 0.968233261765245 0.9452385499927998 0.9560997770781318 0.9556864143055168 0.9649597046855121 0.9486741680568461 0.9640729102226594 0.971048735672442 0.9678886669846158 0.9400769168131675 0.9504571265323203 0.9518307238755357 0.9533429104863304 0.9505934790198012 0.9624835110571456 0.9447200328072733 0.9673800505099855 0.9514456354913803 0.9622951927903527 0.9543032910230947 78.31 1e-06 0.001 256 VGG19
0.0 0.952226323066123 0.9096390918756698 0.8883959593103502 0.8843171922502073 0.8843614651210737 0.9041153004587292 0.8872031655562482 0.8930150169759447 0.895667228565978 0.9026033825790525 0.8852864091101134 0.8945858252720655 0.8992030736462295 0.891485635394425 0.8885062239440296 0.9083295420351605 0.9034834192180403 0.8893028458479857 0.8963540997959341 0.8991026142396668 77.63 1e-07 0.001 256 VGG19
0.0 1.0256963386754796 0.996775472650173 0.9864135018834324 0.9880997732022796 0.9763200294935583 0.9651593446299473 0.9669878340422187 0.9618667361516302 0.9587608896397128 0.9732000907046929 0.9655742619133294 0.9841116353314437 0.978522839167412 0.9721221953681848 0.9731568904172491 0.9746232848642208 0.9791883747360444 0.9723074191943142 0.9911756857579178 0.9742594314220726 72.92 1e-05 0.001 512 VGG19
0.0 1.035618227413253 1.065423254281355 1.0809880632897646 1.0552290879211403 1.0670078975814865 1.060279857142397 1.0616716617101374 1.0821861061420222 1.0627789155461742 1.062612422377556 1.0605980955824135 1.0634157987167787 1.0517797948538097 1.068742132540462 1.0705831445298555 1.0526467941697575 1.063506293876094 1.0611426169878668 1.0694431149646602 1.0763180786940736 72.2 1e-06 0.001 512 VGG19
0.0 0.9754905744826121 1.013560868973895 1.004454221862155 1.0105573640657395 1.006670559770826 1.0155044301278 1.0106517962775277 1.0145809510505162 1.0131893280498476 1.0151589598044408 1.0210064205037344 1.0135361211175238 1.0187746286222314 1.0130876469384669 1.0130881998559387 1.023754898798719 1.0104672026735633 1.010105670379461 1.0081519615170307 1.0193996439221846 72.4 1e-07 0.001 512 VGG19
0.0 1.2793742952030795 1.2526400330412195 1.2527992546573068 1.2449917312338217 1.2403680059468654 1.2514212965504634 1.2526918679801458 1.246084969903352 1.2425332884400488 1.2488306785335905 1.246865348009975 1.2534309092078437 1.2632881307361463 1.2494352861010598 1.2423817338020176 1.2464495539633031 1.2512178224893817 1.2509296437311144 1.2531935914955392 1.243788445652816 65.79 1e-05 0.001 1024 VGG19
0.0 1.1802367428724734 1.2112769079070902 1.2154575406791936 1.2203883736166568 1.222289594464829 1.2142367894773036 1.2216873575761857 1.2246782753799828 1.21253643741682 1.2291388602684374 1.220738153431272 1.226027183378628 1.215463629081696 1.2264767178374394 1.2250716569185585 1.2043488949725165 1.2209414409933412 1.221285290659415 1.2202253040343474 1.227340896596345 65.18 1e-06 0.001 1024 VGG19
0.0 1.1869877312723032 1.1803121022344794 1.170996000676878 1.1870370684475744 1.184581690396034 1.1785243237076317 1.1840681345598845 1.1804930669786529 1.173134018877004 1.1848282825391467 1.1858824607414165 1.1853852235086506 1.1905489033921424 1.1819889627606721 1.1877693583946105 1.172550113317771 1.1829007913366185 1.1694725105646266 1.1738641528962996 1.172062536406233 65.4 1e-07 0.001 1024 VGG19
0.0 0.959532033899559 0.8317984311435812 0.9162961983919096 0.8385057651211265 0.8333594763793851 0.8611999731383565 0.7990520576080149 0.8344012007253606 0.8542836545000989 0.8325255270346001 0.8199157348768331 0.8384235073999479 0.8236984328285886 0.8285111433693195 0.8310804067410038 0.8346996015772009 0.8288535926921229 0.8322624208331361 0.8433204546898532 0.835303008171203 86.56 1e-05 0.1 256 VGG19
0.0 1.105200052321151 0.8458580087761356 0.8486405747356516 0.8506860473494559 0.855630196502225 0.8787150593602359 0.8663740285721042 0.897530861158146 0.8524413438030801 0.854510435842038 0.8661747535119539 0.8628089110755003 0.8669330161246429 0.86281477245055 0.8841414849167011 0.878518977626416 0.8755727146458476 0.8808931454998908 0.8793781155543301 0.8692063477978684 85.94 1e-06 0.1 256 VGG19
0.0 1.0755907530719921 0.8881545438778811 0.859970439044657 0.8891953671674788 0.8779238054932027 0.8765628920172837 0.8496921567673686 0.8482156497190989 0.8417954477925074 0.8726683889233371 0.8744338040974733 0.8610321316817254 0.8579984188937485 0.8705986543972046 0.8577568282181025 0.857707424310528 0.8528823889789634 0.8554729535655405 0.8479971797826845 0.8638054143591098 86.4 1e-07 0.1 256 VGG19
0.0 0.9780231142911826 1.0045413219164496 0.8967025370249274 0.8333666535952585 0.8511647333388572 0.8498300063643148 0.8715162892827499 0.8547767128767684 0.8461942032047685 0.8678940351039287 0.8753703294504461 0.8712128522515628 0.8755329758189663 0.8799766480658694 0.8646069068334334 0.8685886479424664 0.8748717998335513 0.8628861429215425 0.8676624733168025 0.8680705014577115 84.02 1e-05 0.1 512 VGG19
0.0 1.0551843526350542 0.9066301927108488 0.8688716903159708 0.8756949000534467 0.8848927287725155 0.8630438339365574 0.8737656950344603 0.8567734664757785 0.8491461632454752 0.859194924637705 0.8375509455900315 0.852219842142707 0.8587562706561566 0.8590731551419668 0.8567211972922893 0.8499017026199445 0.8493186353843647 0.8621137277337867 0.8572926582948448 0.8587905957221004 84.85 1e-06 0.1 512 VGG19
0.0 1.0114840179307543 0.9246305875548508 0.8674808190655595 0.8868729124383011 0.8214731275898388 0.8581194549290686 0.8336465658242225 0.8550704069553794 0.8176121714830851 0.8094253030542948 0.8186845169812994 0.8152881762227802 0.8080797086490671 0.8094389584373671 0.8045706451446951 0.8074383504007524 0.8099270147469407 0.8065670495804598 0.8062720590071276 0.8069703889475249 84.77 1e-07 0.1 512 VGG19
0.0 0.8552152782475443 0.9980021941733223 0.9252176684476069 0.9297031003881121 0.8853957043718153 0.9187748230786787 0.9018827547851609 0.9031148820561793 0.9379476808248467 0.900371175974268 0.9047553604811428 0.8950597560417095 0.9002310959891332 0.9030703861341643 0.9103788705867174 0.9096291037048816 0.909847559556918 0.9065470632810937 0.9103876490796149 0.9084916102517647 82.92 1e-05 0.1 1024 VGG19
0.0 0.012988141779619197 0.0 0.7270869518616923 1.174117339573928 0.9411038412872861 0.9083470104893382 0.915778143955623 0.8904698824078549 0.9110670940851497 0.9769043500148107 0.9151889904424904 0.947876869081393 0.9390348090980905 0.95588557103171 0.9442770761516199 0.9419774035237194 0.9494117666303332 0.9542833101411939 0.9440594732243172 0.9459576655516756 82.27 1e-06 0.1 1024 VGG19
0.0 0.8097069302898028 1.0024085327748935 0.9352472693501249 0.8633146328259542 0.8175171110566406 0.8986473011883853 0.8742578868241475 0.8407652841580411 0.874417480366991 0.856901878822597 0.8563408953500843 0.8469021771666089 0.8614077038857136 0.8607994572907179 0.8572889675757884 0.8622968577429247 0.8605361267427822 0.8731618093781018 0.8749578137566728 0.8710688175855885 83.16 1e-07 0.1 1024 VGG19
0.0 0.8029113148331325 0.817754223526382 0.7918957952938183 0.7453139984645253 0.7617672803121255 0.7600005721412668 0.7644149754824745 0.7611510205672707 0.7552757652699609 0.7522763743552838 0.7611745843572649 0.7651326946026735 0.750836716510939 0.7633890183090142 0.7524936101802231 0.7592799588913318 0.7551968141281875 0.7590632457684419 0.753177554506093 0.7521398467772181 86.66 1e-05 0.01 256 VGG19
0.0 0.7852830426118892 0.7607298645812436 0.7363024973035384 0.7662655966707688 0.7619680086033405 0.7465878079440977 0.7601109865907096 0.7624366066431983 0.7635313198276004 0.7660200613528425 0.7585434741037276 0.7565450061765715 0.7540541109628153 0.7484042627441043 0.7608837876154838 0.7623579555876477 0.7586347601094627 0.7650626079635913 0.7606154064869084 0.7614189615848987 86.76 1e-06 0.01 256 VGG19
0.0 0.8413583839174339 0.7850012060438638 0.7914085687700423 0.8016165837316507 0.8135870460230017 0.8307977650227172 0.8258043420057521 0.8326029188645332 0.8294761553485713 0.8358338112806557 0.8299117729871192 0.8283330685482011 0.814460679496397 0.8281018416316661 0.8223975694676102 0.8281528945699891 0.8316975192567704 0.8330251360334424 0.8170858696964483 0.8310520866555894 87.27 1e-07 0.01 256 VGG19
0.0 0.7895067979929195 0.7777073825985128 0.7868869709645836 0.7958553821161091 0.8043666167356968 0.7950768708790846 0.7967307681409059 0.8095104749855088 0.7978613517477138 0.790776762184767 0.8005443020469651 0.7942973022190124 0.7964275163634311 0.8009764464571834 0.7910178531522313 0.8073770058324744 0.8087887517785621 0.7984142528816308 0.8005024857542544 0.791995884763644 85.09 1e-05 0.01 512 VGG19
0.0 0.8327752407274664 0.7925809400733179 0.8141679008667714 0.8155428723975965 0.8117321080763895 0.813611186332367 0.8091902834157932 0.8103541820427124 0.8114843071559876 0.807586130497471 0.8080560048932994 0.8107268427965383 0.8050519798965116 0.8097046328358435 0.8083862511005373 0.8063911840520032 0.8064756873846828 0.812152515815498 0.806871760175475 0.8072508935212277 85.39 1e-06 0.01 512 VGG19
0.0 0.8115498087621925 0.8240385914620952 0.8571287219004696 0.831120676528316 0.8292919625909838 0.8363870715489142 0.8337901485502551 0.8368629366412306 0.837954480138276 0.8367119457907362 0.8338531167102089 0.8355852895430118 0.8368599255482203 0.8382990993908583 0.8313842690474732 0.8353966261800285 0.8358654963448173 0.8369883593823338 0.83508855431808 0.8319893710298721 85.3 1e-07 0.01 512 VGG19
0.0 0.8337207452803187 0.8533931914050611 0.8534443805512703 0.8334874172153046 0.8333432163939278 0.8367977469201459 0.8343408719674201 0.8451290762506062 0.8387633697034625 0.8348884653961081 0.8380651734473852 0.8416599507334703 0.8396105667064165 0.8390147457989556 0.8396396221928153 0.8405287043728624 0.8387216388390901 0.8396155325400337 0.8392730736067988 0.8381292995160148 83.0 1e-05 0.01 1024 VGG19
0.0 0.8425021421695267 0.8309360745922111 0.7833276546870651 0.7965775555215562 0.8074230453271164 0.8015655713575391 0.8010305060822637 0.8022258258457655 0.8038111098461098 0.8035478852571422 0.8053610340294654 0.7993936369407835 0.8060606083190187 0.8020932356795276 0.8057666470368707 0.8033760247294129 0.80063915672354 0.805117684107066 0.8024987408345859 0.8066503208665954 82.66 1e-06 0.01 1024 VGG19
0.0 0.8432994445408624 0.808418336719346 0.8140776083155399 0.8145986097442294 0.8122950040336413 0.8161261653462956 0.8116454591004945 0.8125234262140981 0.8117317079644354 0.8137220819250085 0.809828527695269 0.8126689495948074 0.8164520510499494 0.8089859683103866 0.8173085940175945 0.818428369563903 0.8121451333344228 0.815833342505864 0.8089578875828742 0.8136156805522735 82.39 1e-07 0.01 1024 VGG19
0.0 0.8761374815956436 0.8509147620956454 0.8462171523630573 0.8484591919676454 0.8499150710043488 0.860259773368157 0.8442141436136937 0.8476340836432982 0.8473139111992526 0.8483520413613586 0.8483462033196776 0.8435039889720746 0.8406958308723799 0.8591960675238481 0.8384395470482522 0.8561261476451025 0.8479146467750082 0.848937016053222 0.8489663022168077 0.8416037428301665 78.8 1e-05 0.001 256 VGG19
0.0 0.946644848521722 0.8399142339287454 0.8688904588162326 0.866169068319272 0.8594787421591061 0.8592236367194411 0.8584545605195992 0.8593410460493383 0.8556108095985729 0.8586572168638721 0.8803331677648384 0.8603200045981603 0.8659536715622967 0.8696413546353942 0.8622645117691812 0.8631563760739256 0.8647579193010424 0.8588920504353856 0.8608302500271615 0.8614533542823318 78.64 1e-06 0.001 256 VGG19
0.0 0.9273778409680982 0.8813916052068583 0.8671725588292518 0.8702883966647542 0.8701290638363998 0.8718838727621468 0.8774613054581887 0.8860377251460174 0.8824461770056903 0.8746786775445793 0.8816020614226051 0.874640497970849 0.8885158288118697 0.8809527898544629 0.8970645158385544 0.8757256837196256 0.8795849019568223 0.876799940799244 0.8832761827937263 0.8797646263231336 78.49 1e-07 0.001 256 VGG19
0.0 0.9969357368846821 1.0078135150124055 1.0128305530670394 0.9845670354220988 0.9904472972817819 1.0000226085446322 0.9972434754581515 0.9936090609721236 0.9909975367529321 0.9975674163639774 0.9846372916728062 1.0053422856179892 0.9759895020789189 0.9875296467196474 1.0011271149452206 0.9918002484363491 0.9992173097438709 1.0220649031335696 0.9926418882958943 0.9953556019192018 73.44 1e-05 0.001 512 VGG19
0.0 0.9940854507823614 0.9729288652019993 0.983897853152762 0.972618581802498 0.9871541126698782 0.9918361308529339 0.9744918552667609 0.9803528367047939 0.9996022131602232 0.9849050669217649 0.9909201814992233 0.9847180691142177 0.9766140559327883 0.9931943791420352 0.9933507854653567 0.9780815652387114 0.9826965658008942 0.9804769917799016 0.9866644499109922 0.9843770966576685 73.25 1e-06 0.001 512 VGG19
0.0 0.9654936425325199 0.9351164534810728 0.947434474656927 0.9563460670013414 0.9395488163567957 0.9602254361088473 0.9448782966710191 0.970454647941328 0.9607803007721591 0.9580309051566681 0.9639688585012702 0.9529945398119968 0.959109613957325 0.9583956055650327 0.9532123644742075 0.962041590250835 0.9669981207070312 0.9515520556489439 0.9584195366966034 0.9521378483327374 73.12 1e-07 0.001 512 VGG19
0.0 1.212424384623555 1.2514127075729977 1.2507425531105356 1.2374751556257602 1.2437182893577816 1.244710398178869 1.2394848711143867 1.2368562747869254 1.2439301361096424 1.2385476848909915 1.2349555400379533 1.2505850776738248 1.2383571672636338 1.2466026355954964 1.2405270376789757 1.2465010613212648 1.249223982511588 1.2466629200910437 1.2336191698562837 1.2476072285765567 66.52 1e-05 0.001 1024 VGG19
0.0 1.2126076692786163 1.1513171297798623 1.1565729172817283 1.143259359788093 1.1554515936143768 1.1385239982547466 1.136957611714552 1.151800192335361 1.1599218514397847 1.1597708344189783 1.1564641572987235 1.1577639201993193 1.154318043616807 1.1553932462480088 1.1558634812745014 1.1644983353666112 1.1519755684470296 1.1557179154254216 1.1610344896249818 1.1478361241168245 66.25 1e-06 0.001 1024 VGG19
0.0 1.142079350749921 1.1311902612179854 1.1296642400534573 1.1345188913565454 1.1356761603100194 1.140521507696634 1.133111713129218 1.1391522954990152 1.143780406937271 1.1268446681977298 1.1414029686618619 1.1403870592451804 1.1317944429148867 1.1362285555263798 1.1391002860635442 1.1418360866660588 1.143078692652609 1.1371371492913729 1.1333634994462691 1.1349037452272046 66.01 1e-07 0.001 1024 VGG19
0.0 0.8301946680799257 0.865675151964288 0.8565793314240889 0.8699554774510523 0.8662390994218281 0.8724850314157689 0.8456379924667818 0.8539469419143376 0.8915123022878764 0.8713366361911556 0.8698689092965612 0.8551171078660775 0.873828163801545 0.8592679469494381 0.8654662768737207 0.859390302761729 0.8525562083143211 0.8709463559836366 0.8675602690190707 0.8513091988286786 83.6 1e-05 0.1 256 RegNetX_200MF
0.0 0.8065103156424897 0.8928137860236994 0.8811785318175458 0.8624637073114766 0.8630786263998776 0.8206322608780744 0.8096109725509376 0.842620620153173 0.8270517359815248 0.8486652762368654 0.8385209506693403 0.8227971986758165 0.8297659147198531 0.8318576509081865 0.8326339632599503 0.8224088920997252 0.8257589777724228 0.8303265835175203 0.829094286916823 0.8251675387917907 81.28 1e-06 0.1 256 RegNetX_200MF
0.0 0.8897386173339225 0.8368120565263416 0.9028490358551475 0.8323074767592743 0.8471175107111812 0.8462944336513687 0.8431449451061601 0.8387060554597354 0.8590545522953067 0.8351718320938671 0.8508104652495728 0.8330815443590741 0.8299161634559253 0.8368926544072185 0.8301524868418833 0.8288773220935959 0.8408608710354357 0.8289412554522434 0.8376108662570262 0.8378039801154982 82.35 1e-07 0.1 256 RegNetX_200MF
0.0 0.9180608431631385 0.8808166341350047 0.9042313803813228 0.8456697776064331 0.8791772766362985 0.8694311906346247 0.8662416955193778 0.8614471451666093 0.8495998823287291 0.859410844242972 0.8832974862826175 0.8759057937072623 0.8696892536103021 0.8774656248436259 0.865681234732927 0.8764016471606006 0.8793025544719362 0.8722920973533778 0.8585714169255135 0.8668414589842159 80.56 1e-05 0.1 512 RegNetX_200MF
0.0 0.8894436149305069 0.9532953313777002 0.9998414386235764 0.9776818837413047 1.000213888678499 0.9813368966997943 1.0018224703747338 1.0097789876989371 1.0101663024674206 1.016297952162346 0.9981571728365034 0.9969960715259532 1.0061282719548696 0.9927050257471312 0.9914450107772019 0.9872009420065057 0.9952881887810574 1.0007688458404862 0.9969390096394461 0.9841219115974537 76.21 1e-06 0.1 512 RegNetX_200MF
0.0 0.9589056124962506 0.8081646781302017 0.9334496298062568 0.9157851710421945 0.8838404920378118 0.8816828772226423 0.8878025640892805 0.8823061941826359 0.8874082776392112 0.8862203919596449 0.8928090245159074 0.8914355622759988 0.8849617038046205 0.8929885034062415 0.8898342334394349 0.8907836688118284 0.8874790155437356 0.888526139431721 0.883798858483584 0.8829745145683373 80.3 1e-07 0.1 512 RegNetX_200MF
0.0 0.911872228790212 0.9783234085353104 0.9268557130840688 0.9638480447753248 0.9148326924263783 0.9069438419269086 0.9019939840183033 0.9268660444849001 0.9146717187902256 0.9110038440329029 0.906004285293499 0.9135467580022961 0.9237701351489876 0.9196328097800037 0.9149976727726477 0.9196523548638119 0.9164045089707682 0.9193328003158588 0.9209200220810446 0.9228354633714456 76.68 1e-05 0.1 1024 RegNetX_200MF
0.0 0.9394289557383075 0.8894788101918002 0.8838268849463771 0.937834126422066 0.9241568724763825 0.9306316345165727 0.9430004627194671 0.9514104918186789 0.9474654207514547 0.9453197948351655 0.956749694796824 0.9454873880891838 0.9514664877836938 0.9554224093997948 0.9533014979767183 0.9539302121436117 0.9515492090223054 0.949654630988207 0.9521231283385084 0.9560016083925987 77.57 1e-06 0.1 1024 RegNetX_200MF
0.0 0.929316437806132 0.9363317459010101 0.9577087310056875 0.865518048082183 0.9073405998101803 0.9013366028707626 0.9089168634569592 0.9122219563458087 0.9142209075729092 0.9146558236432674 0.9189401440721535 0.9141041640967181 0.9134164245837575 0.9113041967408121 0.910728899063869 0.9140878683971302 0.9156342806783809 0.9152693721830226 0.9149760170641157 0.9180585210644233 75.37 1e-07 0.1 1024 RegNetX_200MF
0.0 0.9061094309900115 0.9171778506809578 0.9090340490238379 0.8772328860240378 0.8796442694927515 0.8763846002289728 0.8671719976729257 0.8802296237081905 0.8701437028272649 0.8877120877195191 0.8878749089629917 0.8824340969688894 0.892301966021669 0.8874314213147109 0.8727041636243961 0.878156284766913 0.8907182333805116 0.8933960207780791 0.8885894432321823 0.8741569369820968 80.48 1e-05 0.01 256 RegNetX_200MF
0.0 0.9401397728878625 0.8827644901609033 0.9271412729481915 0.9158107960915189 0.9239657559707087 0.9201995186222526 0.925906220278412 0.9118844276752401 0.9228108290704218 0.9174522674495553 0.9075153481223422 0.9081157457725331 0.9177854403174098 0.9143064610688976 0.9105489159659679 0.9077724175443567 0.895135197432831 0.9111754085104473 0.9243820309337519 0.9170701541842557 81.63 1e-06 0.01 256 RegNetX_200MF
0.0 0.9011045381571846 0.9169137353692488 0.9769976568625058 0.9569780278000326 0.9839955414472551 0.9624510797547259 0.9650178528122411 0.9630141286111423 0.951537479072726 0.9698514153679296 0.9784746103512341 0.9626329531908143 0.9461024880620701 0.9695269412187326 0.9515771183484241 0.9568969320895186 0.9678905762211021 0.9526867381798111 0.933225086909874 0.9500543369538178 81.18 1e-07 0.01 256 RegNetX_200MF
0.0 1.00551749832004 1.0082130613739961 1.010889311220312 0.9964127868049287 1.0053645361597865 0.9967730666668954 1.0066507968775793 0.992243896360412 0.9962397431743498 0.9949355395073595 0.9849022778172043 0.995310837656871 0.9994719092900932 1.0027194346140698 1.0007382430820975 1.0010753318544472 0.9970770924225676 0.9955525527793351 0.9961057653215868 0.9865327898676227 75.92 1e-05 0.01 512 RegNetX_200MF
0.0 1.114678812713912 1.0847319925256331 1.0295771943288414 1.0247593490565847 1.0190269029789423 1.0256190999623231 1.0062717829184047 1.017102080110513 1.0216629410287763 1.0167703203984337 1.016964936329188 1.0100855926493508 1.0198117632410622 1.011039737179243 1.012216537087273 1.0045995307036122 1.0154965857260536 1.0154628299545876 1.0219857324655388 1.0114048405760432 76.17 1e-06 0.01 512 RegNetX_200MF
0.0 0.9791661683940177 1.0683079473919856 1.0698250010794466 1.0828994041417603 1.072949654645203 1.0691420803624212 1.061163334274279 1.0804986000606633 1.0698253229458516 1.079862558316225 1.0671856874299332 1.0702186546280703 1.0661810002960344 1.079608061382489 1.0605387492659049 1.0723655922806519 1.0782437720217748 1.0694883890561624 1.0733171076593815 1.068412034272789 76.02 1e-07 0.01 512 RegNetX_200MF
0.0 1.0940189824175808 1.1304571637941685 1.191069083760989 1.1248229539427068 1.1286625015027938 1.1138987703842789 1.1261033632985986 1.1284777575151923 1.1245929546754 1.1284265553113202 1.1277138361098438 1.1196303487281853 1.1116945364995536 1.114690296062124 1.130510369729509 1.1225407203422373 1.1359310228993336 1.1144534571559321 1.1336950720382688 1.11773322988656 71.62 1e-05 0.01 1024 RegNetX_200MF
0.0 1.060797321492409 1.2077903513535941 1.1367571286685798 1.1769657605652524 1.175462130294566 1.1727779629689692 1.1750181078978423 1.1913975283434524 1.1739134336666985 1.172322236899139 1.1718087013210097 1.1732616385082377 1.1873421675913982 1.1785713473128947 1.1805382742136394 1.1760366786474774 1.1757343318392306 1.1658704758459737 1.1756563625704057 1.1782024736475794 70.87 1e-06 0.01 1024 RegNetX_200MF
0.0 1.0524374939954868 1.1544045726717207 1.1920944205626713 1.1727359224185034 1.1851389303805584 1.1822337843470998 1.1829625720937103 1.1772611741425703 1.1738188379939465 1.1781204087008865 1.174156359479298 1.1756135917819333 1.1753620401659282 1.1711891251025477 1.17160904353871 1.1808550243460783 1.1848276506537934 1.166510515090747 1.1668460232399158 1.1628355082624278 71.25 1e-07 0.01 1024 RegNetX_200MF
0.0 1.1942805720394407 1.2622761609326012 1.3763339053060322 1.3804441917384895 1.3834465993159961 1.3453252344531395 1.3520330495812778 1.3942051345990125 1.356426445248726 1.366415869152999 1.386763606093069 1.395826149640972 1.3615504560889682 1.3911900115938456 1.3688129030571254 1.382942533446338 1.379373193599731 1.3753946078216917 1.389960191951331 1.366438632667792 65.66 1e-05 0.001 256 RegNetX_200MF
0.0 1.103946892887589 1.3114866708757813 1.3587173106444814 1.3014156003372275 1.3450765601121588 1.3171425119529183 1.3289979700737502 1.3305419774681508 1.2888392278676517 1.3344560431580672 1.2927137363508925 1.3158946020198576 1.3128859596984555 1.3051188844344142 1.2930431207757602 1.3224671687213105 1.323305091651581 1.33617606735323 1.300805304671433 1.3174248444508647 66.31 1e-06 0.001 256 RegNetX_200MF
0.0 1.1610206221220196 1.2483285939653472 1.3000444870607648 1.4078842834703895 1.3388654840863046 1.4251937176538165 1.3411221843464534 1.3432891957749868 1.3423441753678815 1.3322434861121994 1.3550550766785778 1.3278783618097845 1.320115205158749 1.3469065325793508 1.3541755957648254 1.3115750982899739 1.329499935631039 1.3370652000592327 1.3236273303740598 1.3221932621814425 65.64 1e-07 0.001 256 RegNetX_200MF
0.0 1.1722027010383647 1.2772832297641277 1.4553713032136073 1.4924850587716292 1.5892206694786615 1.5987221457325627 1.6213463534307686 1.6255191032058798 1.6037786333527806 1.6237552232083567 1.618660431338239 1.6063222519308809 1.6247475094507684 1.6114276744385947 1.6103532101433444 1.621410301308965 1.643724073643589 1.626120769123785 1.6362921640706483 1.6307718453013613 59.17 1e-05 0.001 512 RegNetX_200MF
0.0 1.2690971293194768 1.2822157438448851 1.445780302758842 1.6210096477853049 1.6673616765717894 1.699375319599043 1.6936456123454975 1.6894210521371351 1.6868509392180786 1.6975775858374904 1.6743784875738918 1.677174649463752 1.6756323853802997 1.665237098261816 1.6650608679032843 1.6639188847700523 1.6765712331355707 1.666010665310247 1.6737908944654678 1.6700718945906607 59.06 1e-06 0.001 512 RegNetX_200MF
0.0 1.1396563233685362 1.27841024044977 1.436174396088467 1.5639413125743902 1.601932350471324 1.6450171646045222 1.6343903831612383 1.5912488710941053 1.639214240910099 1.635440958956837 1.657609116416684 1.6264385372788797 1.6583897190943109 1.6338024100147859 1.6252165656945738 1.624043525554956 1.638241631884422 1.6319505384988664 1.637681975009626 1.6364154666871442 59.04 1e-07 0.001 512 RegNetX_200MF
0.0 1.333118419898682 1.224569782743155 1.3859085608160169 1.5254368743491207 1.7550300444894722 1.8670119185011438 1.9451608029883294 1.8982799988629122 1.8834898482469555 1.8815310295106722 1.8857886454086898 1.9029546564909132 1.8891816758676065 1.8958080379749356 1.8778643830603758 1.882219884989357 1.8556883381143223 1.892009223602777 1.8880650701299926 1.8783130229602991 52.54 1e-05 0.001 1024 RegNetX_200MF
0.0 1.2406179030098168 1.2467001218342693 1.3727552064924256 1.542598295598236 1.6894684610493704 1.7846829943077682 1.8532600046967898 1.8364352089299272 1.8611635083421465 1.821472100135389 1.8032929302200507 1.8219749257673599 1.8208336807809251 1.8414464113869387 1.82113622742968 1.8484264650154487 1.8183396283670246 1.8378535086259487 1.8124979317576773 1.8370297170578669 52.67 1e-06 0.001 1024 RegNetX_200MF
0.0 1.361849634454566 1.2583820957003435 1.3587023049555762 1.5721174930752193 1.6766889148818438 1.8594332483752571 1.9184252375821518 1.9048332138216097 1.9162149087720415 1.9036313435112058 1.9360824114655037 1.9240328718496387 1.9276675677306452 1.9174152087443719 1.94444177425911 1.9186302297806908 1.9172702003097546 1.941336388051607 1.9382793140314547 1.934575351853388 52.86 1e-07 0.001 1024 RegNetX_200MF
0.001517144790378862 0.8957663366154711 0.9399016967724394 0.9513280706835531 0.898960090943762 0.8932249512688847 0.8954351809002822 0.8789604719384211 0.8926891955630468 0.8811981882612937 0.8880211734385755 0.8964123046901809 0.8775189571950311 0.8768286711997046 0.8733782188862584 0.8921822072318139 0.8825364008180695 0.8716127580189439 0.887267001284594 0.8848290328131522 0.8895017844940029 81.98 1e-05 0.1 256 RegNetX_200MF
0.001517144790378862 0.8871789697494598 0.9273603140094626 0.9283572609873567 0.9258878814368791 0.9334967454156444 0.9329875502185625 0.9311662399200705 0.9465921797736779 0.9483259142009851 0.9493188728143095 0.9451263574388963 0.9472420531353184 0.9544713426710963 0.960831035145668 0.9486738881644424 0.9591964094358564 0.9573981598377906 0.9519726830765316 0.9475276381780905 0.953881262154205 82.4 1e-06 0.1 256 RegNetX_200MF
0.001517144790378862 0.9001733747302668 0.9085103897283899 0.950809052503609 0.9159521850079578 0.8985545890167194 0.9175260707609028 0.9264066058240246 0.9136965069861144 0.9145397359034425 0.9167234933607675 0.9112088626138322 0.9149272571679125 0.9109321488379324 0.9146811628836431 0.9194108263121821 0.9168013821107579 0.9089299601257282 0.9033310592250139 0.9040450905181645 0.9137108462116577 81.84 1e-07 0.1 256 RegNetX_200MF
0.001517144790378862 0.835601995815619 0.9133242545378281 0.9288131830135999 0.9537980679111278 0.9106855307779271 0.9334311128211229 0.9266320530992772 0.9005987770913501 0.9041681292293369 0.9253133901077999 0.904202277009514 0.9136535136431335 0.9296231062591161 0.9185843718582529 0.9209856607493062 0.91416541781381 0.9202006183050195 0.9055061462562054 0.904976951180461 0.9116206119582523 80.31 1e-05 0.1 512 RegNetX_200MF
0.001517144790378862 0.8478916142306422 0.8926877743235936 0.9367942192850097 0.9033005080073165 0.9195865234075663 0.8984388687843555 0.9053835641212048 0.9159049791954912 0.9229881107735279 0.918245798543716 0.9190713148172633 0.9112168094109737 0.9204544489216749 0.9231737285109604 0.9089655836808912 0.922582428302172 0.9193676235176578 0.920038895888475 0.918963954100707 0.9247410966762785 74.09 1e-06 0.1 512 RegNetX_200MF
0.001517144790378862 0.8556731885387662 0.8967064595195605 0.9544230341938674 0.9610915556643556 0.9380733205079289 0.9591773405344705 0.9527205872099739 0.9506553700319789 0.9460397091451389 0.9473205507432693 0.938855215885882 0.9354295995497064 0.9549550390437418 0.9487947632233501 0.9441731574753763 0.9404749676846837 0.9566483954683902 0.9466120191010212 0.9465749438952606 0.9455438334545702 79.46 1e-07 0.1 512 RegNetX_200MF
0.001517144790378862 0.9207865373927665 0.8990699723358135 0.9910627312271536 1.0289271627205203 0.98661280754863 1.0002961931236158 1.0043270421703578 1.01365874833847 1.0142154344116023 0.999245514400656 1.013894413692772 1.0007453477348618 1.0083390023725984 1.0044960409030685 1.0048105973103119 1.0006981397259274 1.0092085948626646 1.0090460886148302 1.008740347503834 1.0099646649158875 79.69 1e-05 0.1 1024 RegNetX_200MF
0.001517144790378862 0.9484718660517529 0.8974949794109763 0.9683057865394775 0.9328781777817635 0.9487007939117366 0.9489159402599929 0.9490573905152195 0.9455011446439717 0.9341197216670281 0.9333836057963188 0.941055706331307 0.9349045251629714 0.9388668264691994 0.9397491269658543 0.9377536693517053 0.937693772271876 0.9374470114442999 0.9388743081326925 0.9431719227881501 0.9376400299915217 80.66 1e-06 0.1 1024 RegNetX_200MF
0.001517144790378862 0.9801243702509594 0.8672253670474983 0.8889309402404492 0.9422071072964939 0.9243421685683384 0.9047236924559604 0.9209503153834884 0.922175367668009 0.9085870184802971 0.9343370247517164 0.9271413154370894 0.9276694896815385 0.9291580467756075 0.9294210587914982 0.921815476847132 0.929824059486675 0.928411568293766 0.9299532091488971 0.921650656396961 0.9268409101651259 77.28 1e-07 0.1 1024 RegNetX_200MF
0.001517144790378862 0.9337760998410819 0.9462140159080465 0.8957999107878227 0.8861757416959287 0.8952370367936843 0.9039286040861702 0.893148934165917 0.8919002467848128 0.9009962356055832 0.9054282735091636 0.900739898781191 0.9154230542808313 0.8982948456264943 0.9034716572779512 0.9099086730518506 0.9085123348971936 0.9094436511587787 0.9007417959956462 0.8970456622120818 0.9084743063731302 81.54 1e-05 0.01 256 RegNetX_200MF
0.001517144790378862 0.9563987611278383 0.9588704480187267 0.9725826765007036 0.9432973825617459 0.9345236141263511 0.9441716821454097 0.9711459944428555 0.9602888189734667 0.9361297255863125 0.9526318541516801 0.9516234706673 0.9637930829076469 0.963959239580714 0.9658705191261209 0.9468309492323513 0.9491203490778797 0.9436037146870568 0.9556717702235261 0.9425437148983113 0.9439626547330442 81.39 1e-06 0.01 256 RegNetX_200MF
0.001517144790378862 0.9167681586615615 0.9162333669560964 0.9817799184473079 0.9808678520387452 0.967619857374467 0.9768138017187589 0.9713349389901587 0.9688599233993429 0.9609016944735117 0.9578968548352842 0.9591881115063436 0.9543730462447502 0.967034481217353 0.9639148406383478 0.9707640324462585 0.9537784835701817 0.9575618193662292 0.9530281103768528 0.9578209746374492 0.9519697515865921 81.29 1e-07 0.01 256 RegNetX_200MF
0.001517144790378862 1.0409310579340472 1.0023098276584188 0.9852031411625564 0.998369978404029 0.990816308551272 0.9911905855254388 1.0035516483092672 0.990381496503432 1.0011295209418145 0.9887276010446387 0.9992554486289649 0.9881300854892427 1.0054301966373118 0.9929970925181272 1.0034883772264223 1.0068280910993384 0.9942050878680664 1.0007333088718635 0.995797824947349 0.9914138855067693 76.77 1e-05 0.01 512 RegNetX_200MF
0.001517144790378862 1.030456861267816 1.0589030481797488 1.093079920274875 1.099007168944272 1.0895305392643113 1.0900526615760275 1.087105994737747 1.1003089825718095 1.0926235164098368 1.092438625806061 1.0928579603777875 1.098501532723372 1.0836258544376545 1.0862187018405642 1.1057135914745857 1.100871869253877 1.094440543422321 1.1002488002529758 1.0999063534225961 1.104170687111746 75.4 1e-06 0.01 512 RegNetX_200MF
0.001517144790378862 1.0229630191993972 1.0356065457776054 1.077048165442522 1.079357171280845 1.0624089612121443 1.0676188503328208 1.0679658250966997 1.0564465253954574 1.065922486768606 1.0796675740634774 1.0677522977277258 1.0725268293164263 1.0550801594695816 1.0601326082204594 1.0990784887473282 1.0584578744074542 1.053236276839445 1.0628730173821899 1.064959238685985 1.0691515362354194 76.38 1e-07 0.01 512 RegNetX_200MF
0.001517144790378862 1.1692087395014175 1.2140463721113683 1.1917271622738665 1.2001507368836861 1.20214827584632 1.192919601625083 1.2069871881975203 1.2002791425422998 1.1955800477536696 1.196058268558212 1.208157382007892 1.1964748874873652 1.2078668902127274 1.2050950612605487 1.1945518861932152 1.1936645546120943 1.2108472447622396 1.2072117377447784 1.2104724910040652 1.2035617202160471 71.99 1e-05 0.01 1024 RegNetX_200MF
0.001517144790378862 1.1121626702994534 1.2561619149687357 1.2262645778666832 1.2421598906516476 1.2470282484345638 1.2342840486599287 1.238213171292297 1.245445671278602 1.2244589930263343 1.2359663036302875 1.2427256575744723 1.2440023865395125 1.2361904458884196 1.243191151747208 1.2323574940555937 1.2402297187826523 1.2428936944559918 1.242614864149858 1.2436525060007741 1.2391778302364251 71.99 1e-06 0.01 1024 RegNetX_200MF
0.001517144790378862 1.0937783541021313 1.2171470527595167 1.1905877423821776 1.162147415385495 1.1607353921066759 1.1551791084196568 1.1702024809094236 1.1637056380242938 1.1703566684907118 1.166606219112631 1.1662497747836782 1.1618402607909997 1.1647589506768095 1.1658342077229213 1.1721321834578255 1.1628148401407692 1.1736629519002038 1.168325488601347 1.1689503903595644 1.1639849985329223 71.75 1e-07 0.01 1024 RegNetX_200MF
0.001517144790378862 1.1992788758068273 1.3109280805605326 1.5050855645772765 1.464273454473563 1.4553970691731553 1.4229566459455858 1.3666173804769748 1.386735064641676 1.3912555165815061 1.3478554121856883 1.401095660704643 1.413523170661995 1.427643521396481 1.3737430029833115 1.3863240617145316 1.4081436178799442 1.4028518392939002 1.3883007281731017 1.4027393490720421 1.3828419485923815 65.22 1e-05 0.001 256 RegNetX_200MF
0.001517144790378862 1.2450813741168056 1.3696419577974321 1.4654088694375036 1.4108331643672718 1.3753072333411895 1.3548344247397275 1.3502338377611027 1.37519573526834 1.387087172009555 1.417111889905587 1.402185845636261 1.3997389417026886 1.4193548124777369 1.4363875174102165 1.4086335793021356 1.4470448281349095 1.413374107934606 1.4078144144060962 1.3871287379620572 1.4075158105523429 65.66 1e-06 0.001 256 RegNetX_200MF
0.001517144790378862 1.2604982001543608 1.2881721869613738 1.4768999514720134 1.4194574103983828 1.429179012815969 1.4051981074526325 1.4156127585603397 1.394353822664648 1.444093189494424 1.439590933481353 1.4302145849839143 1.4527653773166926 1.4463501337251858 1.474647214289594 1.44744472465849 1.4284667927749535 1.4341436773331881 1.4223618564170453 1.4102187640680064 1.4177597101506743 65.61 1e-07 0.001 256 RegNetX_200MF
0.001517144790378862 1.2027349170023982 1.3480322359897223 1.6114568457622027 1.6789557916854523 1.7492349526899331 1.7322616466722054 1.7590008836739335 1.7230761375335455 1.7534632243187078 1.7594689179899314 1.74622005661183 1.7404188384868655 1.764651480287068 1.7572596699152172 1.7476162610768984 1.727631433052484 1.7423504429724945 1.7312089290511592 1.7340000143729697 1.750132000973633 59.0 1e-05 0.001 512 RegNetX_200MF
0.001517144790378862 1.3701284570069638 1.2865038545646652 1.4827944405700884 1.6042498954579407 1.6957979170211794 1.628087628543913 1.6975957689719232 1.6809188992500177 1.679520340154374 1.682305203011629 1.6514599382700033 1.6817087021586368 1.6687025026229092 1.6835473591603816 1.6374988929814154 1.6772295758760765 1.6773671515181043 1.673118593887712 1.6635296168551832 1.645786052173603 60.22 1e-06 0.001 512 RegNetX_200MF
0.001517144790378862 1.2874474164403267 1.3496422861388435 1.5711013269460332 1.699150852971024 1.7121332982973478 1.6476991754987733 1.6217513179806575 1.6465716318684094 1.674069416545901 1.6785699737126916 1.6627356929384478 1.637886198051768 1.6378310904585787 1.6740840445698155 1.666028611197363 1.6870228604655255 1.6733616862251737 1.6711800750053967 1.6845856288664294 1.6665337044364927 59.01 1e-07 0.001 512 RegNetX_200MF
0.001517144790378862 1.4647675872644248 1.3349255828686701 1.4444109572765802 1.5630569977723008 1.7406565528416755 1.9456207469340998 1.9370659187652743 1.963773897958126 2.0026239765342297 1.9726043149330836 1.9391677375063083 1.9644761839738905 1.971218671159743 1.9802002042696063 1.9798331973750947 1.9475702890684652 1.97876255357387 1.9733864762660434 1.9833666071479363 1.9705487893615428 51.01 1e-05 0.001 1024 RegNetX_200MF
0.001517144790378862 1.5038708848335807 1.3819161793660069 1.5586293758429057 1.6606305023652574 1.8626939410381902 1.9209313146309506 1.948551319379898 1.9628425080781275 1.9489463239767302 1.934564936422302 1.9403606391468537 1.9853671589008868 1.9626880603859447 1.992678763221854 1.9884544915512175 1.9820764930935473 1.9860746431083538 1.9935174600049257 2.0082444458999715 1.981743740554953 50.92 1e-06 0.001 1024 RegNetX_200MF
0.001517144790378862 1.5509157386374295 1.3606573002635498 1.5707529897226067 1.6762680789639188 1.9075144705054285 1.9865565875846503 2.044908416177528 2.0406745531272508 2.0000085865474078 2.0330552963743345 2.0399715824655957 2.0455647829833485 2.0348134239036524 2.0480408105397085 2.0319900777026105 2.0158857693375425 2.0225642969667232 2.037305547928911 2.041209726381437 2.0341718416623182 51.42 1e-07 0.001 1024 RegNetX_200MF
0.2674189507477816 0.8061834742378728 0.8344620411498108 0.8839239381946224 0.829091443317755 0.8412497070896847 0.8310704354833931 0.8366996042708899 0.8401267728745154 0.835571475270245 0.8676151064233127 0.8713257388054578 0.8485716801010578 0.8442948132993381 0.8434098710446645 0.8577718426307347 0.8499155960591976 0.8556629674013676 0.8521236499818641 0.8500928124934615 0.856718002369681 84.55 1e-05 0.1 256 RegNetX_200MF
0.2674189507477816 0.883939568893418 0.9045804277622993 0.8662184584810931 0.8283070471877602 0.8242516492093565 0.8269210803110504 0.8671567619958445 0.851409349820638 0.857709675810154 0.8713441083982897 0.8608872399371847 0.862839588214368 0.8397589094920405 0.8610571323809664 0.856739907416322 0.8603419386127542 0.8597072718160612 0.8602156057382376 0.857354621886571 0.8638064058088688 83.43 1e-06 0.1 256 RegNetX_200MF
0.2674189507477816 0.8562663567479802 0.8471963770757382 0.8867508188042355 0.9139393293718909 0.8921279846908554 0.88823153070599 0.8850269632999657 0.8929076499492661 0.88786179018654 0.8972553453973049 0.9003333495744861 0.9020047547145265 0.902785189427236 0.9031657623615675 0.9048273889201297 0.9111465164502758 0.8992207435407054 0.9110628435273008 0.909019029343857 0.9044201204174115 82.07 1e-07 0.1 256 RegNetX_200MF
0.2674189507477816 0.8758787018858402 0.8745819408157033 0.9127524345491986 0.8829455527600446 0.9352721859708908 0.9083133735160223 0.9329268689248754 0.9205083733706043 0.9328324874130436 0.9333374596124833 0.9260399839077346 0.9324409053668247 0.9253012528095778 0.9370652666697191 0.9336980669725751 0.9411762614767284 0.9377887093501136 0.9286021187592489 0.9371555614605149 0.9367115578458273 81.26 1e-05 0.1 512 RegNetX_200MF
0.2674189507477816 0.8083038346585579 0.9343148772396934 0.9318340157442485 0.952563335504189 0.954744469713756 0.9472236526687523 0.9391505356063771 0.9429447121240437 0.9527959955576363 0.9485373917020808 0.9397340919830002 0.9486326676867668 0.9549035969698509 0.9560278720236848 0.9533297245685752 0.9540296983666342 0.9594587356288493 0.9517416305789748 0.9520777080457612 0.9577828914545224 77.99 1e-06 0.1 512 RegNetX_200MF
0.2674189507477816 0.8581397938177082 0.9079380139997655 0.9131028395738519 0.9116454454054168 0.9065366337949046 0.9094580914000027 0.8869572863002776 0.8910261680673495 0.885598213074836 0.8929858930777509 0.8802589042303669 0.8993544680727252 0.8811993915215972 0.8811453380722821 0.8859736311435366 0.8893634438011014 0.893221322324296 0.8778922223341925 0.8783386500026273 0.8912596209155162 79.79 1e-07 0.1 512 RegNetX_200MF
0.2674189507477816 0.82841335855582 0.9070115386709157 0.9387182958538244 0.9076362895249163 0.8482494064808236 0.8489305947830501 0.8549789102649171 0.8712874069326172 0.8543630034065157 0.8529331216722476 0.8570800569566777 0.8639884520580283 0.8658807594161455 0.8583157045261522 0.8585211626296062 0.8638654926541155 0.8539571961483372 0.8631261853310498 0.861961677906148 0.8645348413584307 81.23 1e-05 0.1 1024 RegNetX_200MF
0.2674189507477816 0.923115960684952 0.9497189387359277 0.9123708211929413 0.9376865271470044 0.9272328686345134 0.9421430422957205 0.9441166826311792 0.9644896930420149 0.9543624918024238 0.9565865483762416 0.9523131584219112 0.9474731693339841 0.9534449104622007 0.9516128575931958 0.9549149010650818 0.9594043969999722 0.953339996551031 0.9559655575968848 0.9600813200669616 0.9599606641200457 78.62 1e-06 0.1 1024 RegNetX_200MF
0.2674189507477816 0.9790635694209354 0.9527958367320248 0.9676731179755654 0.9480519396237734 0.9318502532595062 0.9247487705365236 0.9269224865229779 0.9318770032950933 0.9122831471229752 0.9160019194200821 0.9001285824883251 0.9100448411044362 0.9266293748626001 0.9222077918490146 0.9187484533356028 0.914593474261416 0.9122195327910864 0.9095086300403069 0.9168525802306281 0.911679708250264 79.83 1e-07 0.1 1024 RegNetX_200MF
0.2674189507477816 0.9444381678498901 0.9868391746322558 0.9243799305426004 0.9398552921855525 0.9357327803135189 0.9557488891710875 0.9307638365890761 0.942910462059719 0.9374208439396357 0.9336876394012199 0.9342369234067764 0.9279218811294156 0.9419642110140936 0.9237874149486173 0.9279396704734022 0.927459973421725 0.9260499918400612 0.9280635679768184 0.9472218707830532 0.9399620558981379 81.26 1e-05 0.01 256 RegNetX_200MF
0.2674189507477816 0.8648286221375845 0.9314134188213175 0.9175779375907915 0.9160662390151038 0.9024124250881366 0.9169688871333753 0.9006298206584529 0.9101237023661736 0.9168806913062777 0.916329547631938 0.9038255776331888 0.9168960712892159 0.9102639827693454 0.9179283418747471 0.9214757159453333 0.9147016303779724 0.9063999706381578 0.9095128570496069 0.9095877204350277 0.914689007205172 80.97 1e-06 0.01 256 RegNetX_200MF
0.2674189507477816 0.9304461789945728 0.9554929816692664 0.8919446835563533 0.9234428502297302 0.9089379346083045 0.9081350344482192 0.9056980021571859 0.8958967837580066 0.8930985506184449 0.9124682815048475 0.9004805133730699 0.8952645745584294 0.9063538183162013 0.9011249741096882 0.8983465743860692 0.9046924237969953 0.9048385051558745 0.8917753744014155 0.9041773590177903 0.8992369203757841 80.89 1e-07 0.01 256 RegNetX_200MF
0.2674189507477816 1.0725717085976867 1.1217342909258137 1.049265146852745 1.0396689564908228 1.0611908120561557 1.0646008694545595 1.037933692442149 1.0546985714512038 1.0435195180452397 1.0562769629750226 1.0393397441890768 1.0352610257090482 1.0449113229830844 1.0556913520515259 1.0279599685362861 1.0334074887915792 1.022435175576945 1.0278960504990668 1.0486606834324252 1.0157405794497203 76.33 1e-05 0.01 512 RegNetX_200MF
0.2674189507477816 1.0053409634236863 1.0265905959605826 1.0347143173322295 1.0343203549111875 1.0355329431231033 1.035634025962778 1.0338158920243945 1.0276060921069838 1.0288152876186532 1.0174540134550702 1.0347131729965562 1.0328962549514034 1.025697568874445 1.0326744826480283 1.0328588022218226 1.0219283279380695 1.0190407277479379 1.031215040291357 1.0093181254330508 1.0241983707354745 76.83 1e-06 0.01 512 RegNetX_200MF
0.2674189507477816 1.0498547001392766 1.019257719187834 0.9983199078317387 1.0126506770408463 1.0191799107876254 1.0237417991197282 1.021166660596918 1.026162384167805 1.0251304030789212 1.0138284995503093 1.0289139032979753 1.0201230009570283 1.0285264579637863 1.0340500895708913 1.0248732361984798 1.0226851271271393 1.0303367759948088 1.0249845452805006 1.0297693538591508 1.0183383946950555 76.97 1e-07 0.01 512 RegNetX_200MF
0.2674189507477816 1.1419588240961105 1.1881816988604077 1.1691685722046286 1.1407502244446597 1.1392187015306379 1.1348833254364827 1.1314904924155527 1.1341103983657215 1.1355334127590087 1.1348296461485277 1.134858047419579 1.1375283369114333 1.1311115509996283 1.1306220174585153 1.1318910701029483 1.1418995706789998 1.1340492486145866 1.1408305144284936 1.138806750937541 1.1470780628294737 71.35 1e-05 0.01 1024 RegNetX_200MF
0.2674189507477816 1.0433462645653895 1.1222089431529445 1.1493254932696606 1.1736836900632397 1.1659265747235865 1.1505145182783507 1.1617496448619764 1.1621387474407265 1.1638579706860244 1.167557115740627 1.1802297731588327 1.1637066114368277 1.1692176750482437 1.174238371213241 1.1569694677355284 1.1711717495251655 1.1589669280913943 1.1556677227979113 1.177096177937415 1.1684571089794398 70.82 1e-06 0.01 1024 RegNetX_200MF
0.2674189507477816 1.1893082554614536 1.1910557008630605 1.081652961908296 1.1450457686865996 1.1432848357115148 1.1418573317479197 1.1442585801448826 1.1418913423514128 1.1496711835635058 1.1417394023794327 1.1478639308255474 1.1509476730372459 1.1532220011599263 1.147713636394534 1.1575179105959068 1.1466048092193402 1.1495052188848007 1.1500916992991916 1.1514994907761373 1.1557500932189215 71.92 1e-07 0.01 1024 RegNetX_200MF
0.2674189507477816 1.0873245798578066 1.266012383029044 1.4138460296437583 1.415692708058401 1.4598276706022477 1.4171080300134111 1.4278671373956981 1.3948243187572205 1.400088363445902 1.44281243958358 1.4132580879342924 1.4407255871317708 1.4019028882748674 1.4463985440665332 1.4424502577773755 1.4295872307112136 1.4201849847371093 1.4264603595575205 1.4281080220765534 1.4357765367832118 66.02 1e-05 0.001 256 RegNetX_200MF
0.2674189507477816 1.1525493892442595 1.294665552055863 1.3538426136897683 1.2652870177243818 1.2558348867147324 1.3234503368245267 1.3009066992748144 1.30756780763844 1.2935294993832174 1.3107923465926843 1.2859675776660413 1.2995850064318353 1.2889616093009937 1.2798630694167827 1.2822006232470513 1.2944974363357775 1.305354857415719 1.2832035195986455 1.2926213232149593 1.2971508742532907 65.74 1e-06 0.001 256 RegNetX_200MF
0.2674189507477816 1.1072620850866977 1.3655015817310894 1.4470787946576325 1.376117155592489 1.36766688925657 1.3987041749300124 1.395567202561941 1.4013661691910868 1.4197229619267302 1.41606796911891 1.416616439722744 1.3957061141366587 1.421028821059898 1.4138856252248244 1.4140335681555853 1.4096939476180566 1.3904911771650377 1.4240885607367035 1.4004216055276821 1.4207488797780004 65.64 1e-07 0.001 256 RegNetX_200MF
0.2674189507477816 1.1633294321439722 1.2839597137192786 1.4826230716878417 1.584906283326564 1.5255237437956066 1.601136711780384 1.6110897685676528 1.6130878547175769 1.609617336768018 1.6391737484721924 1.613135747341152 1.6053546240785166 1.6332928469793968 1.6256786246424781 1.6075118538725044 1.6349328560334604 1.6117891896680467 1.6235850288120648 1.5915305663626496 1.6257882342004804 59.96 1e-05 0.001 512 RegNetX_200MF
0.2674189507477816 1.3047749430677973 1.2173227030226341 1.4327527595691196 1.5559057008478867 1.583894177434293 1.5927693631407225 1.5730827867397614 1.5664154798864052 1.5611393344754922 1.5655787487438206 1.5741092821609897 1.5668853210637617 1.5708030340883474 1.581804715074693 1.5774645049582998 1.579799261902317 1.561913410616655 1.5472165119896082 1.5482934333326197 1.5628651035965564 59.72 1e-06 0.001 512 RegNetX_200MF
0.2674189507477816 1.2759844422690994 1.2494341326043368 1.531997586227414 1.5979864571036697 1.6228456496085144 1.6432817604242862 1.633552680344862 1.6285678842530782 1.6429397496841136 1.6536022619270665 1.6190953925910716 1.6461586484110726 1.6370537722762288 1.6337672046739482 1.6403510489507198 1.6343955981286191 1.6301610707801726 1.658699550596241 1.641009467451517 1.6190352931914611 59.77 1e-07 0.001 512 RegNetX_200MF
0.2674189507477816 1.3863558687941042 1.3012891101654638 1.357477252132761 1.554997779887474 1.7650168261385957 1.8641552319414427 1.8588794355199019 1.8977286657584043 1.921084488159351 1.911334220176292 1.8998164271326712 1.8944211026650728 1.8904286933768935 1.8743221335020877 1.8987462104752195 1.8885503913078634 1.878220919888543 1.8958816502507279 1.8957412519568613 1.8896573703112651 52.63 1e-05 0.001 1024 RegNetX_200MF
0.2674189507477816 1.2558807592609131 1.2802926266171588 1.3091624260061558 1.619372562977206 1.777465835654341 1.894838096663612 1.8828115331894208 1.8500535589164662 1.8535438832298923 1.8450753273977822 1.8753002080936685 1.892424269790692 1.8712271575640875 1.8795780312341157 1.8843732407697416 1.9000252007157192 1.8832616747455442 1.8875075472634146 1.8875940205477262 1.8922406362530908 53.47 1e-06 0.001 1024 RegNetX_200MF
0.2674189507477816 1.3034229274040177 1.266342451540855 1.3786782587511484 1.5993596990957635 1.7542083258191468 1.8906024773579135 1.8590209608788542 1.9123158472039463 1.9048570088448227 1.8694636452607338 1.9191601293342146 1.900784140000618 1.874360898618609 1.8978899474792783 1.8892508904081404 1.888932584980244 1.8895305112651375 1.892498057226716 1.8819009301089236 1.8798579962650916 52.72 1e-07 0.001 1024 RegNetX_200MF
