0.0 0.7912519787599502 0.823484722389691 0.7553823442981019 0.7297385962415188 0.7828085716470118 0.8166053648125642 0.8060340910859791 0.8143788647033081 0.7460463981547483 0.754370753266072 0.7724083814576832 0.8107324442921849 0.7331097692129169 0.7405132997578372 0.7525191591724371 0.7614253478663724 0.7629194518549263 0.7703900364995743 0.7625104274976339 0.772128417255563 92.3 0.0005 0.1 256 GoogLeNet
0.0 0.7639962007672154 0.8406530229144316 0.8241560387012302 0.867753763237891 0.8327968710863616 0.7819179053681944 0.7795220527343808 0.7627724852811739 0.7902668681375783 0.765954750905109 0.7735909587488013 0.7750563731550657 0.7679961514288846 0.7698679319579098 0.7843408110862495 0.7724933300613948 0.7772975071121924 0.7802063796365892 0.7819433097311598 0.7927305564610674 92.72 0.0005 0.09 256 GoogLeNet
0.0 0.8043560851383278 0.768631293888926 0.8591642774587239 0.794978269307595 0.8026022177843011 0.8160947179194358 0.8409566941126678 0.8315152453573847 0.7628225076570224 0.7940770374462841 0.79369420260275 0.782224201249576 0.7771120779595492 0.7772390365875989 0.7746531719060258 0.7810190117147165 0.7620688463937257 0.7671682868574424 0.7484023380781825 0.7582585965379984 93.13 0.0005 0.08 256 GoogLeNet
0.0 0.7982760874895379 0.8631735664629859 0.8318676349590933 0.8151449896027851 0.8357918044413559 0.7728112275020096 0.7923264646750312 0.8441998222474086 0.7470490656372868 0.833946023401975 0.7866300363571423 0.7669731764765143 0.7713115378123834 0.7361020695735607 0.7341757850008274 0.7255997156988357 0.7153061654463806 0.728986164818641 0.7278321147320309 0.7340815517127218 93.2 0.0005 0.06 256 GoogLeNet
0.0 0.7727139554354742 0.8111102197829811 0.8101802390927962 0.7876088637772444 0.8004256739318947 0.7715997644971317 0.822796884680244 0.8744419721124548 0.752725427351333 0.7847093680273189 0.7420307659494929 0.7673598598720157 0.7728889286677427 0.7694786110317936 0.7816514596933479 0.7776059440483957 0.7482576394087406 0.7593217407637303 0.7602545296321062 0.7641833920410938 93.1 0.0005 0.07 256 GoogLeNet
0.0 0.7959498467304862 0.7579892595184263 0.8016591350276162 0.8818094309169808 0.8156226221870688 0.8161757457429676 0.8788167718970651 0.8019955646307761 0.7733639226760387 0.7919561758659265 0.8338758922215365 0.7834375342671875 0.7961191463102036 0.7803930846437711 0.783703329924722 0.7988590792799234 0.8019448159833985 0.80067363570035 0.7925599225812674 0.795769284651453 92.24 0.0005 0.05 256 GoogLeNet
0.0 0.8289437969105106 0.827713587621248 0.7878877162089608 0.8620432874639217 0.78187321228116 0.8125817164065741 0.8373361069107572 0.8496550652237463 0.7794536400896453 0.7598695583206632 0.7748613188659549 0.7875388395234996 0.7832625670551809 0.752446999957461 0.7570345953098888 0.7535644492018407 0.7646885833425546 0.7578031914206944 0.7504811254377818 0.7549892096623817 92.85 0.0005 0.04 256 GoogLeNet
0.0 0.8332743649713459 0.7810446157392097 0.7747111987351594 0.7817253388669045 0.8185220264469918 0.8052594857148481 0.7952745815740506 0.7867110376120701 0.8489224859968804 0.7879455849955035 0.7841841014674762 0.7687158133477717 0.7775567980863041 0.7816846091336062 0.7727339339322593 0.7755173183141987 0.7891605079556332 0.7814288907313245 0.7675749664874875 0.7773125884653612 92.48 0.0005 0.03 256 GoogLeNet
0.0 0.7862678880525599 0.8223403107984533 0.8175590393710551 0.831718208029464 0.823846590636792 0.8361066121977784 0.8281397167576976 0.8447492060963079 0.8390967686012185 0.8214547102517019 0.835782474926716 0.8229043525858073 0.8261131263511569 0.8249607587023425 0.8198020831967372 0.8219045828603619 0.8288955144142887 0.8266435886289442 0.8239152548762574 0.8248194081885538 89.25 0.0005 0.009 256 GoogLeNet
0.0 0.8403022328073767 0.8091150641173656 0.8041431811443028 0.810271620724771 0.8071808426466851 0.8116947827184455 0.8069524273811224 0.8314410701582159 0.8090472359158934 0.8064232984981562 0.8056335290567 0.8118111030236654 0.8212105199318727 0.8155008569047303 0.8229204841250285 0.8160900960417675 0.8111467066397795 0.8169601373600339 0.8137748270900564 0.8187754445558727 89.07 0.0005 0.008 256 GoogLeNet
0.0 0.8055983258002398 0.7624953864149708 0.7918441509063474 0.7909374792304156 0.8023618344779245 0.7941738273599757 0.8004415587955279 0.6145906725049803 0.7588452785600224 0.78687893932129 0.7867968205244719 0.7789511394770301 0.7870929397269574 0.7921969671527925 0.7870816811218004 0.778616826543388 0.7838061292895441 0.7829653772469609 0.7839024047655593 0.7860154832737415 91.93 0.0005 0.02 256 GoogLeNet
0.0 0.8495747330013355 0.854387140038908 0.847617730617414 0.8551627475687392 0.846120445794567 0.8501291384122567 0.8714582010223505 0.8565625866529014 0.8583172851542524 0.8609332513991261 0.8612418907085835 0.8670919034364525 0.8593566048940602 0.8626445454388487 0.863572328835044 0.8468047691600766 0.8527900149689729 0.8608695253737859 0.8590452122108594 0.8661400947450987 88.13 0.0005 0.005 256 GoogLeNet
0.0 0.8073265508895747 0.7770738829295333 0.7693888821642184 0.767599610943494 0.7730393553622272 0.7719847494747484 0.7812965325890525 0.7905416633180464 0.777791190964439 0.772041489489888 0.7864161158651162 0.7921372849002772 0.807421637919668 0.8036448417680587 0.8000622056430993 0.7986625181510635 0.8050117006173805 0.8058944394818108 0.817906880344427 0.805512226725236 89.44 0.0005 0.01 256 GoogLeNet
0.0 0.8848534434469123 0.8546116456324231 0.8655305572995843 0.8705835262512971 0.8785939072319864 0.8749234475779022 0.8866390324586761 0.877829579950006 0.8840635939732988 0.8808179079646179 0.8739478136999419 0.8825938646559053 0.8899970228979229 0.8834909909193207 0.8851027306986246 0.8768776181776533 0.8751868215910192 0.8817734261908631 0.882299008619956 0.8837133029129126 87.08 0.0005 0.004 256 GoogLeNet
0.0 0.8739347049782993 0.885133553307981 0.9078764458149869 0.911773276064395 0.9064958485464186 0.9004572803924717 0.9121727566355586 0.9020914988665324 0.9037116858840817 0.9136095084781889 0.9076573927463483 0.9109199676818043 0.9119537150430881 0.9173972041715075 0.9171010079977913 0.907480663581893 0.9078698911391487 0.9135692861867649 0.9180507806288375 0.9200077203075636 85.48 0.0005 0.003 256 GoogLeNet
0.0 0.9409862680663903 0.899638499987641 0.8991842292141484 0.8912996416599118 0.8868611897419629 0.8940302705853642 0.8982115155290751 0.897224692636473 0.8955986143653007 0.8911960510639533 0.877702282468857 0.8864501418941494 0.904356946570098 0.8962446312058258 0.8856593794239985 0.8816417330143093 0.8935521251018456 0.8881439711447492 0.8838842332820097 0.8876105347967338 83.84 0.0005 0.002 256 GoogLeNet
0.0 0.8033438563427586 0.7925740252979798 0.7879381310104204 0.7881793067610616 0.7732720410292628 0.7798261950625545 0.7869906968475608 0.7813959601468682 0.7910394866347608 0.7950952064629848 0.7884443645726986 0.7907509555286236 0.814094433756701 0.8108985830756039 0.8087063918010352 0.789386001843773 0.8150658588565831 0.8165505131077642 0.8050069437590586 0.8202598176442675 88.99 0.0005 0.007 256 GoogLeNet
0.0 0.8003375601510831 0.7997396035708655 0.8161777735927207 0.8245115037947315 0.8139036931078145 0.8208282702831897 0.8339777367311352 0.83161439097828 0.8426270712160492 0.8435005816504421 0.8437787810701366 0.8401547831527272 0.8554392269899833 0.849887534506005 0.852693575596936 0.8420357805532273 0.8547866850851079 0.8536238721318715 0.8446816650605534 0.8542844431320602 88.18 0.0005 0.006 256 GoogLeNet
0.0 0.8502006630785769 0.8331125262801738 0.8616785164759116 0.850453184106809 0.8482301880339069 0.9489616634890927 0.8395148756385171 0.8330723028755646 0.863130953265776 0.7943399355914161 0.7877911789019807 0.8032129092219212 0.7913677566643669 0.7727724651559575 0.792243058023017 0.7475266152030285 0.7648703592748037 0.7700657108922851 0.7747540661677834 0.76849453975043 93.2 0.0005 0.09 256 GoogLeNet
0.0 0.8436382412347693 0.8454217752553679 0.8078934600702665 0.8418747331600052 0.8588188972637935 0.8545672867437432 0.775680316042014 0.8226752743185192 0.7800092245665833 0.7694079750725155 0.8003698774817076 0.7974927597910066 0.7980322346300184 0.8154820477031471 0.8192084965025138 0.8171836826380957 0.8050015937755187 0.7953017799255592 0.7919497940349861 0.791075257984716 93.15 0.0005 0.08 256 GoogLeNet
0.0 0.8620316598827736 0.8426061759235983 0.8519453244061084 0.8457580230042901 0.8195770409390035 0.8250694679979573 0.8254849438012876 0.8537876184346592 0.8200797012058255 0.7638552742098236 0.7618965254127867 0.8137645983092274 0.7884396167419772 0.7708077006487197 0.7733979620457012 0.7530475909307397 0.769713880827303 0.7658998860184104 0.7654855675654724 0.7619724985685968 92.74 0.0005 0.07 256 GoogLeNet
0.0 0.8463906380916907 0.8122609257985437 0.8631319039539287 0.8469473096172551 0.885786782906765 0.9182570378072057 0.7822126526595826 0.787267394009501 0.8327949414611325 0.7714021379158236 0.7641784888982266 0.7471278262465216 0.757189588466971 0.819920851253402 0.77747322956049 0.7688344845433066 0.7757837996824112 0.7684139537567259 0.7680419241303259 0.7639224415256498 93.09 0.0005 0.06 256 GoogLeNet
0.0 0.990032827975891 0.9476719677611216 0.9323059338770584 0.9640371431911633 0.9705648577528568 0.9734656165015477 0.9902151742250876 0.9823476444235234 0.9921451628479633 0.97944024972885 0.9758623183550682 0.9619804134850471 0.9809519638326896 0.9840475051057175 0.9807567363072711 0.979556575202782 0.9843467525078217 0.9697883677022962 0.9737717018129615 0.993464894231868 79.4 0.0005 0.001 256 GoogLeNet
0.0 0.812167987574269 0.8366011042774087 0.82015831150311 0.7887431927329115 0.8586315526942547 0.8848947658944895 0.8218910741744946 0.7765132945314517 0.8189863758835986 0.8451034450514233 0.7955824733824496 0.7913069656762168 0.7974199127536159 0.7988052697297431 0.7902752854282822 0.7886445973160066 0.8219808725910531 0.8090942578551662 0.8079581490157953 0.8028888169882687 92.68 0.0005 0.1 256 GoogLeNet
0.0 0.8581579315928216 0.8919122848212653 0.8336054695809163 0.904302058435615 0.9055082311801108 0.7734895195571866 0.7580692838956845 0.7766257193078797 0.8283402870714017 0.7992853991003207 0.7898293746802075 0.7959270542527201 0.8080915961009341 0.7984535434391562 0.7960648542056338 0.804546397471177 0.8098467752817506 0.8044405843343483 0.8122098086084102 0.81128515524434 92.44 0.0005 0.04 256 GoogLeNet
0.0 0.818616256652898 0.8516525142520253 0.8233091643672725 0.8322750864560367 0.8383607427239275 0.8385214413658955 0.8426841519995882 0.8623209778608282 0.8608095829564368 0.8702354465337387 0.8624768632552008 0.8639453565773623 0.861758466715367 0.8672825366866945 0.8787027654010438 0.8776265544471076 0.8833827687142874 0.8723078465393571 0.8771032096535357 0.867693428176541 88.8 0.0005 0.007 256 GoogLeNet
0.0 0.8562326309347535 0.8403074931946309 0.7815715254911129 0.8074608741017832 0.8899840761328002 0.8556013663957368 0.7895969372395413 0.8000024816947241 0.8080447333856364 0.8668293334678944 0.8065314973165114 0.8004220025042968 0.798835310847701 0.8098080482776686 0.8134341663367376 0.8167623336594667 0.8231221748084071 0.819134358717008 0.8078865130923752 0.82854239307927 92.14 0.0005 0.03 256 GoogLeNet
0.0 0.828410586716397 0.8264906950750809 0.8326012676394308 0.834834124246172 0.8214097528380875 0.8310074715722208 0.8471453326394157 0.8519713990086096 0.8523357733690052 0.8505259203170268 0.8537182210011202 0.860457885898101 0.8489893783484938 0.8561879536668617 0.8578101890946865 0.8570477838357516 0.8686482330058315 0.8668512023614074 0.8575994609146241 0.8565383567585821 89.25 0.0005 0.01 256 GoogLeNet
0.0 0.8509188991736366 0.8081576676978801 0.8164408275798034 0.8095238713392041 0.8246767491520237 0.8309885831314026 0.8259041460320969 0.8336080734225658 0.8227962918589746 0.8378027155198571 0.8425690337141925 0.8422248613995059 0.8327540214499669 0.8423291234503423 0.8357534747720937 0.8578907176128446 0.8444458772954982 0.8536264247522628 0.8566332803156661 0.8429587727173379 89.4 0.0005 0.009 256 GoogLeNet
0.0 0.832021547915265 0.8465724259719178 0.8373717372757139 0.8273228326403155 0.8311094478063876 0.8343165643900088 0.8432765412875756 0.8514412840331699 0.8473318801442778 0.8501574803847362 0.8573416977875897 0.8579506449827962 0.855183310186218 0.8531929426577052 0.852663274374072 0.8527019802604872 0.8601722137727295 0.859480827946493 0.8645197705171606 0.8665873832099595 89.02 0.0005 0.008 256 GoogLeNet
0.0 0.9560068764424265 0.9471270468987548 0.9191789202914297 0.9143526343426277 0.9162116030735389 0.9190222976006389 0.9152008412636665 0.9080469586162512 0.9031885830862669 0.9008354480416877 0.918647960314313 0.9205662626669051 0.9276616504990562 0.92954620484724 0.904679925093876 0.9241633237591148 0.9259325448341029 0.9425966024968981 0.925305339919479 0.9359815390227516 86.06 0.0005 0.003 256 GoogLeNet
0.0 0.9331997368716658 0.8638768830883177 0.8649659989553569 0.8755625303129648 0.8803150911538797 0.8949070130100456 0.8904385108104725 0.899350001969629 0.8857222755382479 0.8868310973004118 0.8830415124018421 0.8802877461769013 0.8827601966630215 0.8711599647499437 0.8842031764671089 0.8852452231752901 0.8953349036039788 0.8893454048894559 0.8993656715573844 0.883518485475592 86.67 0.0005 0.004 256 GoogLeNet
0.0 0.8684911416951537 0.8587220723926764 0.8543115716272509 0.8417999365659707 0.8529335357287241 0.8516944695226663 0.8578809620063568 0.8621806426364165 0.8672095358463641 0.856857300570405 0.859199620002551 0.8649249169819834 0.8697556492658356 0.8725283901249214 0.8690720940800862 0.8640821999390892 0.8706074352941675 0.8690356510165601 0.8630684263234099 0.8702750328629488 87.92 0.0005 0.006 256 GoogLeNet
0.0 0.8031369077786095 0.8546025964081619 0.8421371394705348 0.8497901408920883 0.8539286682356783 0.8559353444270892 0.8488063300241794 0.8628829368020967 0.8584449229413517 0.8616643416738364 0.867777020707565 0.8675174235150043 0.8630260619027823 0.8668099430124679 0.8698781761759982 0.837124259888891 0.8713994051685906 0.8562649209637806 0.8579865679040958 0.8578551776600033 87.98 0.0005 0.005 256 GoogLeNet
0.0 0.8338527970585875 0.8055021003196926 0.7815969227876858 0.7758326925346841 0.888565921432004 0.801240174264925 0.8072442065444215 0.7367568321814113 0.7559556269186549 0.7424946359681214 0.7689718731751488 0.7926507083341057 0.7963554042025888 0.7441424226779962 0.7634680293674164 0.7623398414459797 0.7646511448967162 0.7706486686777942 0.7622528769506842 0.770113522008802 93.19 0.0005 0.07 256 GoogLeNet
0.0 0.7984931785679987 0.7883977421782079 0.785451751297477 0.7973442819286608 0.8121160940177125 0.8241744468373122 0.7563614847856092 0.7911632934240638 0.7797613867088322 0.754590066233926 0.7793531966629685 0.7460055837936462 0.7657632204876529 0.7771694095445355 0.7548609359030236 0.7562865779810434 0.760937595551183 0.753923984986928 0.7629045347980185 0.7655825536164497 93.37 0.0005 0.1 256 GoogLeNet
0.0 0.7821517381680398 0.8207628987199572 0.8484340150929586 0.7646712234398005 0.8319714864902805 0.8038367423581159 0.7855320920091057 0.7491615018466957 0.7551879275952303 0.7720666758971335 0.8014832201353097 0.7589680335765874 0.7674035198488395 0.7764140079092176 0.7773577977028411 0.7795422780089055 0.7788572229197928 0.7712714655287097 0.7655697611384903 0.7803452762071447 92.66 0.0005 0.05 256 GoogLeNet
0.0 0.8712330826991357 0.8163383850476899 0.864036714134773 0.8307000584972726 0.7781764807867342 0.7643682183646087 0.742356267277359 0.8007660021127455 0.8062922167386158 0.8091575167870725 0.7715233135994847 0.7632385587481338 0.7652254846330421 0.7480102280080441 0.7527852925787961 0.7741483405346387 0.7871724166882664 0.7779442197864525 0.7645564876777212 0.7760256000187558 92.49 0.0005 0.09 256 GoogLeNet
0.0 0.8454257859247032 0.838961508606392 0.8221288464566737 0.8168426593841579 0.8129033228319272 0.7605698633348574 0.7789255554990712 0.7326587507760063 0.7439705577300296 0.7366128358577931 0.7332930093455481 0.7694305175340399 0.7421599370902134 0.7298040460561687 0.7497379862486838 0.7550962520849838 0.7517949568036026 0.7569697832738135 0.7492200656702606 0.7611283016393794 93.18 0.0005 0.08 256 GoogLeNet
0.0 0.8224820065690146 0.8497097915234842 0.7910510618518416 0.7850893280400264 0.8114260707465532 0.8373579779268343 0.8075703378500662 0.7969906291978769 0.8010073640947288 0.782506490133313 0.7841599879164999 0.7660724031814726 0.7725221741715346 0.7763255264907756 0.7822696126172332 0.7806469377154494 0.7776962788655954 0.7944510301607857 0.7784713677784993 0.7933244152208235 92.55 0.0005 0.06 256 GoogLeNet
0.0 0.8829634578095377 0.7784128250912389 0.7890115260355033 0.7867887879115404 0.7943035051753662 0.7926770574935869 0.8019930325265405 0.8066525193487003 0.806661261173875 0.7986437569626174 0.8018712498266867 0.8058969613986187 0.8097060884097718 0.8042574636349237 0.802080277661039 0.806443305360744 0.7953693355878607 0.8012562543842643 0.7967697830545712 0.8067113851789071 89.27 0.0005 0.008 256 GoogLeNet
0.0 0.8243007627248378 0.8424909418133538 0.8212007270913828 0.8203629625114931 0.8246272340110987 0.8402277357588652 0.8327517616841341 0.8408302768918258 0.8397308476642208 0.8354149230338932 0.8400679964812717 0.836473538654849 0.8398703433247475 0.8396710525247962 0.8400658867711296 0.8453225897987798 0.8366681918094518 0.8419848517746487 0.8391142699045488 0.8434102317749981 88.45 0.0005 0.007 256 GoogLeNet
0.0 0.9037920686260128 0.8515716196334633 0.8622124928233663 0.8521460498848568 0.8418015375772323 0.8434918501087348 0.8533768516427617 0.8540757126238817 0.840979631952994 0.8477003739625509 0.8519633194955958 0.844307537608734 0.8472457090546921 0.8530559963526986 0.859803058933824 0.8517512155918914 0.8617444988360181 0.8517534078530979 0.845481459846559 0.850289683277148 87.58 0.0005 0.005 256 GoogLeNet
0.0 0.8829000182464527 0.8134155128374785 0.8063686042912801 0.8104115507307619 0.8089164726493603 0.8184069819948003 0.8111304925706179 0.8178581414738619 0.8102692646929535 0.8144344181075144 0.8039339907432427 0.8189509787257585 0.8194705891052275 0.814865037572598 0.8254399415751174 0.8236778394352366 0.8299247246077576 0.8305973870283192 0.8136642701292112 0.8249847625602471 87.93 0.0005 0.006 256 GoogLeNet
0.0 1.007155812736815 1.0087773329124885 1.011345947115376 1.027825239826472 1.030904026122719 1.0271666776283115 1.0434759328346943 1.0334676042761055 1.0542328206145204 1.0368543116573619 1.0200769177363913 1.0433654696505554 1.033108647287888 1.0365143693318346 1.0350026829152201 1.0276441966679832 1.0323654842823726 1.0458779550369774 1.0297259783816533 1.043427434834243 78.89 0.0005 0.001 256 GoogLeNet
0.0 0.9513236655117534 0.9054935600557354 0.8948994541484978 0.8924928052618177 0.9040527475074522 0.9290515752746953 0.9209840130895788 0.9149259814006097 0.9191622732649185 0.9194769810757006 0.908957214404418 0.9270032805362335 0.9273058907942794 0.9400659036422716 0.9237511734630628 0.9428607270114787 0.940156581651501 0.9162219651267659 0.9237862392190169 0.9385716306417377 83.46 0.0005 0.002 256 GoogLeNet
0.0 0.8659658822081425 0.7945109296337348 0.8075619951820435 0.8043441065347556 0.8203363554054985 0.8079271633593188 0.8126951478787885 0.8187423199039121 0.8313619210894783 0.8197481835554649 0.8267940812133834 0.836051529625174 0.8183007918141518 0.8157306092070326 0.8273816252915708 0.8206726862405338 0.8397282927898714 0.8265927808976891 0.8369053013765851 0.8371010488509252 89.65 0.0005 0.01 256 GoogLeNet
0.0 0.821939217362851 0.7652605353057327 0.7795736222740659 0.7904421479475946 0.7946297350216011 0.7980276418442164 0.8136972869992016 0.8153693774992347 0.8190632131525531 0.8323640988895339 0.8201716207698913 0.8205119063750661 0.8180130714273437 0.8354401272813685 0.8346376827680373 0.8348161295188266 0.8353771728374001 0.8367372199522213 0.8352595256310181 0.841321975156903 89.38 0.0005 0.009 256 GoogLeNet
0.0 0.8769241715898071 0.8545104529392101 0.8603143226956966 0.8529925014618294 0.8576275374944002 0.8550007970020899 0.8442338646354243 0.8373663681414117 0.8418960125292849 0.8464742352975483 0.8410786164165848 0.8373471863877127 0.8456392060690239 0.8407601493849883 0.8431428433017061 0.8492565357528759 0.8352392438770336 0.845013165702177 0.8425098332792254 0.8334147751994239 86.57 0.0005 0.004 256 GoogLeNet
0.0 0.9035487853921392 0.9379736749162716 0.9118753558661388 0.9331466031683981 0.905155973213749 0.8948827224643351 0.8940846565323493 0.8954014115332493 0.8981960074798089 0.903146250501609 0.8935327334849663 0.9045605519817339 0.8960197526321052 0.9055814576621357 0.9048319678533561 0.8985350582013243 0.8942625610521466 0.9013094308803619 0.8934387508800279 0.9005876589860563 86.47 0.0005 0.003 256 GoogLeNet
0.15269270494716872 0.8069464133455447 0.8257349475800084 0.8020493524511704 0.8144244016454785 0.797527438667264 0.8253055236969662 0.7305909696275776 0.769042850369611 0.772967289110267 0.7920681502108049 0.7611448774589661 0.7955847066103895 0.7847828056865181 0.7945862293090892 0.7354224623598543 0.7355170217972252 0.7328858880300458 0.7469893093138341 0.7368303233765297 0.7294973758783989 91.87 0.0005 0.08 256 DenseNet121
0.15269270494716872 0.8094074925501693 0.7890860362176672 0.7655561990401649 0.8034949676470176 0.8216694336348952 0.7332783964306419 0.8307118090164264 0.7930687045022324 0.8403117248960519 0.7743994954020504 0.8266089988884084 0.792113725847634 0.7317249153187229 0.7674837816130285 0.7368518408943409 0.7255149103139114 0.7143379847116461 0.7176093909201465 0.7323342747541184 0.7185958796195376 91.43 0.0005 0.07 256 DenseNet121
0.15269270494716872 0.8134161380954779 0.7771400895162585 0.7540056312779422 0.8344128617730638 0.7971725653755735 0.7964669969826317 0.8105162993719869 0.7186175823363082 0.847318358628206 0.820883191923306 0.7697182642205993 0.746268864199526 0.7773156243775312 0.7810647728431848 0.7481899345975151 0.7543043710852466 0.7573032095039555 0.768037970547265 0.7560430486285188 0.743502938803789 91.73 0.0005 0.1 256 DenseNet121
0.15269270494716872 0.8023613196080845 0.8226119394464046 0.7633449810303368 0.782282544511944 0.8281100879988557 0.7826453433235306 0.7943748907886017 0.8267406904076227 0.8444996388612063 0.7677404437936428 0.7640471769484253 0.7506454877591655 0.7774452715939318 0.8151205827379466 0.7709900492726719 0.7543974709608311 0.7586002570971913 0.7689937019744534 0.766477753989847 0.7628526937552632 91.82 0.0005 0.09 256 DenseNet121
0.15269270494716872 0.7601749589609451 0.8141330279050584 0.7842061405624307 0.7970385467031015 0.7479250085053417 0.765645897004387 0.8171018793373906 0.7861563297797569 0.7971600693498955 0.7618281327708628 0.7672375987086059 0.751910836038457 0.7417186346629079 0.7787202853707125 0.7393843183167695 0.7334062147241031 0.7362000216892873 0.743441139020685 0.7360003887020099 0.735477473611336 91.68 0.0005 0.06 256 DenseNet121
0.15269270494716872 0.7567035029509391 0.7519335638554057 0.8205167289857266 0.8203888971397221 0.8435158998990901 0.7957272704072887 0.7714016657179951 0.8284500179019099 0.7387844766643796 0.8261408166421786 0.7488150613808372 0.785449225080676 0.7824974145533575 0.7925665340846494 0.7583416740730544 0.7511613581832755 0.7417029461612489 0.7565442904717739 0.7606274529409005 0.7463615546435881 91.36 0.0005 0.05 256 DenseNet121
0.15269270494716872 0.7758911191813934 0.7802079176091878 0.7298191508861308 0.7450318535264988 0.7567943829517665 0.7604050836254419 0.7915072580742735 0.7887619458291536 0.8467006347908632 0.792208087573731 0.7624897485278912 0.7613834856440301 0.7990394793382317 0.7520659668268475 0.7545298056528593 0.7536994336635651 0.751750862307907 0.7521270449034513 0.7503879885834541 0.7499910411594621 91.21 0.0005 0.04 256 DenseNet121
0.15269270494716872 0.7841601286042547 0.7864108668954215 0.7771487641818702 0.7749728067786563 0.7812980958484281 0.7830567175692971 0.8018594954860204 0.7646554936567851 0.7628152247672879 0.7630801820155986 0.7626001361135049 0.7590628153049213 0.7484916300383617 0.7724263928094574 0.7470666455472426 0.747785609392919 0.7450512854923295 0.7532359226616578 0.7467310303643919 0.7582176635966144 90.4 0.0005 0.01 256 DenseNet121
0.15269270494716872 0.8464725790180821 0.7974443464993377 0.8390889448192034 0.7754725018912367 0.7640448942919968 0.8026572005999837 0.7671865305560733 0.7113889785927033 0.7736104255686017 0.7600400528020088 0.751448381549274 0.7987464373707354 0.7700231103921976 0.7630911852887537 0.7745167110277782 0.7615277202162837 0.7676625283203077 0.7682984764164635 0.7669356880128604 0.7651109903259627 91.06 0.0005 0.03 256 DenseNet121
0.15269270494716872 0.821055675729841 0.8115926354700282 0.7921228092395676 0.822999078582312 0.7926315213713344 0.7822158769991173 0.7873220001859003 0.7795058414523575 0.7796073031067979 0.7860983488008446 0.8144420273844425 0.812154154108506 0.8078691790100706 0.8098721070626748 0.8077591126765725 0.8002966247289727 0.791084112207717 0.8090671531634038 0.805299686078484 0.8016918183910768 89.44 0.0005 0.008 256 DenseNet121
0.15269270494716872 0.8313711506282689 0.7844589671727554 0.7843659245456245 0.7906124018173866 0.7891925553910147 0.7862742466982489 0.7840260573051792 0.7868804065716627 0.7799664932245527 0.7706141434242224 0.7741977562950879 0.7929376865123793 0.7738828197458346 0.7889372991677865 0.8151073839667429 0.7857793188885712 0.7765516309668247 0.7842148520676973 0.793328317778889 0.7822235414906176 88.65 0.0005 0.006 256 DenseNet121
0.15269270494716872 0.8045413386249777 0.80116552469735 0.7711715255401949 0.7649349990002716 0.7749250467682762 0.7563530155433322 0.7603314163282461 0.7402233997175525 0.7828340409824451 0.7701042289794341 0.779041697267851 0.7648237937854231 0.7640118998562457 0.7628405488100378 0.7581590526129773 0.7654874261848557 0.7665827165306567 0.7688436951900844 0.7565477421917877 0.7516304721538143 89.15 0.0005 0.007 256 DenseNet121
0.15269270494716872 0.7881600474803679 0.7879202253360387 0.8261156325868132 0.8099604825859413 0.8173335355349597 0.8280347213332722 0.8354758865159212 0.8367867615500902 0.8266905234847386 0.8095226850190635 0.8263392582980648 0.8318772467359753 0.8210979663418015 0.8098332201573105 0.8312869417999882 0.8277747661321416 0.8318478204211837 0.8252105505238769 0.8262545115683766 0.8288466312148473 88.46 0.0005 0.005 256 DenseNet121
