0.0 0.9866502212247734 1.0053154585077422 0.9963040750382532 0.9713706724875507 0.9632097189975394 0.9559704072207538 0.9481734053393089 0.9530546234788747 0.94251043259019 0.9260022785617444 0.9282282024906496 0.9242874160818821 0.9272466175826749 0.9236196697934018 0.9198873863913475 0.9163204107631182 0.9307242736798839 0.9234985968008975 0.9191719715184762 0.9259400233181049 61.57 0.0005 0.01 1024 EfficientNetB0
0.0 0.9828773919081726 0.9393304513830768 0.9410864810026749 0.930449205594094 0.9240854806283519 0.9142580745820433 0.9095505580937956 0.9035016108460913 0.9133708751163553 0.9080743811887758 0.9147213701711138 0.908181925280956 0.9150525102169434 0.9235606956274351 0.9141047005797577 0.9231901557377685 0.9259312929540031 0.9244525427152718 0.9244122400082385 0.9282109546621364 68.43 0.0005 0.01 512 EfficientNetB0
0.0 0.827174262817485 0.8341473574489688 0.8386021806235873 0.8032628189565891 0.8029983215599718 0.8021337540902153 0.8020259197238587 0.8036349688103683 0.8442426407967681 0.7594347927407489 0.767058637374397 0.7588523939863282 0.7677821529814011 0.7644703483063451 0.7682652183758834 0.7671870893360161 0.769751689983599 0.7815035472014225 0.7645566235191033 0.7759385207036931 78.44 0.0005 0.01 256 EfficientNetB0
0.0 0.8031149406179889 0.8127020736638468 0.8603589970406078 0.8237792224729367 0.8003715035705496 0.7710408606168186 0.7929035553694629 0.8107430283790399 0.7387151588168339 0.7464937892752702 0.7741299079789046 0.7927321348140245 0.7833533240315245 0.7942509389060538 0.7863826599186682 0.7827806563512317 0.7792838489550649 0.7886692918435152 0.7898789652699536 0.788626544595616 82.51 0.0005 0.01 128 EfficientNetB0
0.0 0.8732156166266769 0.9262609391308562 0.8494220975765296 0.8465285350845343 0.8582857151202102 0.8635550210581582 0.8810816535803042 0.8692754998609175 0.8678325389689532 0.8751454256128112 0.8700505429180724 0.8729441541456079 0.8775707368519978 0.8929651192367636 0.8915563762865862 0.8880638403023069 0.8849601107920025 0.889485417886913 0.8796829037850196 0.8878145555745668 76.86 0.0005 0.01 256 EfficientNetB0
0.0 1.0116643930531213 1.0427627840073646 1.0383267097968227 1.0294745820519549 1.0338373979826243 1.027752985523783 1.0223877807731154 1.029132224041473 1.0228622345542961 1.0293245685493002 1.029526652957223 1.0295284629530308 1.025114957964438 1.0218672614355475 1.0212711585769287 1.025056430086282 1.0154149325486639 1.025485581677416 1.0191505877860583 1.0274401728858047 59.97 0.0005 0.01 1024 EfficientNetB0
0.0 0.9710459657109726 0.9322351535204567 0.9299144808770814 0.929061500332839 0.9289359268859563 0.9261707573865945 0.9269503849070516 0.9183047103227344 0.9299017475524335 0.9360092281760705 0.9179455929678972 0.9185547120361474 0.9223842573555752 0.9067059611679035 0.9105296328426791 0.9225541067027189 0.9187654125982703 0.9177579654505795 0.9195887679772238 0.9132653791958896 67.6 0.0005 0.01 512 EfficientNetB0
0.0 0.8641111917333801 0.896878615317774 0.8339558314146196 0.8329123242078886 0.8113415475830056 0.8152313711159863 0.8208473342696623 0.8094970423343574 0.7871256303071125 0.8174784716112691 0.8097990376669398 0.8088620506713798 0.7939653392324884 0.8047857941153975 0.8165969415988245 0.7981081610411203 0.8053862303677102 0.8015479878243223 0.8045342946803927 0.8061183199911198 81.95 0.0005 0.01 128 EfficientNetB0
0.0 1.035775000824425 1.0530879111571905 1.0291989157560975 1.0141560880710538 1.0163676942153166 1.000815859000722 1.0086466895121549 1.0000217651047782 0.9927289389013804 0.9971530312164956 1.0056753325297456 0.9918650269208826 1.0001182825335129 1.000446729863926 0.9982312208883927 1.0042394599582847 0.9990310917306489 1.0143107683378358 1.0102663505444105 1.0030269252830153 60.16 0.0005 0.01 1024 EfficientNetB0
0.0 0.8016050611536333 0.7924950327141893 0.7827893935136956 0.8585584133080091 0.7627001586024708 0.7221148267217878 0.8223636760737131 0.7744498796515983 0.7743978652006043 0.7781932127749346 0.8122655376716663 0.7652204291863387 0.801167138135823 0.7982357872355675 0.7783395687602704 0.8045622684108099 0.796633731357144 0.7862434271021272 0.8029878744580395 0.786757460294626 84.33 0.0005 0.01 64 EfficientNetB0
0.0 0.939062183371083 0.9488154721772689 0.9718973330109669 0.9616505539356466 0.9580483691047462 0.9552290606235769 0.9652210309075032 0.9611570920002653 0.9601865331061491 0.9530989418214962 0.9510659016582974 0.9467583915831966 0.9449379312654593 0.942684194664311 0.9402294913643676 0.9373605528145451 0.9426356864511466 0.9556014279188099 0.9360821567031204 0.9286588524401767 68.83 0.0005 0.01 512 EfficientNetB0
0.0 0.8382476715189314 0.81159748732536 0.8063427868207449 0.8384936381846702 0.8251103016525818 0.8292145945408547 0.8464986329723397 0.8107788681824349 0.8241502401469412 0.8271017209334843 0.8443523131574198 0.8375673197825309 0.8197837405142352 0.8110174911380487 0.8049452080056116 0.831338041619124 0.8208844646189607 0.8133999018468893 0.8255493723013905 0.8251524028198547 84.53 0.0005 0.01 64 EfficientNetB0
0.0 0.8144515938944877 0.8669518802387592 0.8517163474698082 0.827773455858145 0.854481945894033 0.8086735753374091 0.7652960717844707 0.8034787459052001 0.8080196431809625 0.821877470167945 0.7987778179284234 0.7822522649197531 0.7820228367833583 0.7996323868839813 0.7789070034873933 0.7956349717481056 0.791102693038605 0.773261465268222 0.7841027247683452 0.7953602700950354 82.37 0.0005 0.01 128 EfficientNetB0
0.0 0.8935620555298598 0.9305996147326729 0.8575546866872635 0.8566203798663677 0.8839103925022751 0.9060250320378448 0.9131639388602274 0.9070256104749598 0.9121496647922092 0.879088232681288 0.8640418844692931 0.8461565626327073 0.8521854323090075 0.840271085177728 0.846729797042982 0.843601699501209 0.8508758367135628 0.8465274208102688 0.844560755002135 0.8520126813062376 77.1 0.0005 0.01 256 EfficientNetB0
0.001517144790378862 1.0735424553469495 1.1003520092500618 1.0437308724010987 1.0342511392039728 1.038210716870057 1.034910731525536 1.0370716870660395 1.0325913323367752 1.0310299269021856 1.04362393412306 1.0420989567112624 1.0440271463504172 1.0544892406936295 1.0563584415573917 1.0578911985218382 1.0408816711647584 1.0537751663151944 1.0567933872478434 1.0474287182259387 1.0462981810246113 77.58 0.0005 0.01 512 RegNetX_200MF
0.0 0.8425607389740101 0.7839747413716073 0.7538431356096941 0.7952563343154923 0.7796237426958867 0.7929058529381094 0.7801438895592557 0.7398241369054656 0.7411011842396168 0.7420844639370442 0.744668574000015 0.74495492428149 0.8085545435368882 0.79998840925114 0.7731001461072896 0.7743672967227788 0.7876620269100211 0.7799770104347167 0.7806464882720987 0.7754529497613829 85.45 0.0005 0.01 32 EfficientNetB0
0.001517144790378862 1.1061393552169019 1.2237891864539876 1.2107191244083308 1.1586271607521113 1.1795207627031237 1.1748591726752136 1.1704148858524812 1.16572304748115 1.1754035599972301 1.1691158057670001 1.1669706880317599 1.1639443757932586 1.1736289289376258 1.179183784856001 1.1762748425691498 1.1775249563098031 1.174338239156341 1.1744854580962432 1.1738270352750373 1.1813211568257862 72.46 0.0005 0.01 1024 RegNetX_200MF
0.0 0.9486950879329434 0.9722616101592486 0.912252022820796 0.9103923942568383 0.8982825443416499 0.9149035222741148 0.9182671414556411 0.9276643873407663 0.9369886887091592 0.9267750748765907 0.9445276109632863 0.9394983612276816 0.9496431133213644 0.9535376747844261 0.955176048106584 0.96212364629928 0.9575803385864857 0.9560667506106519 0.970303357243421 0.9596081520924892 81.14 0.0005 0.01 256 RegNetX_200MF
0.0 1.0154816261534594 1.0044449565647942 0.9573453023211121 0.9557697711442583 0.9722953048973432 0.9780689894236343 0.9633875016245544 0.9757728287016312 0.9724840511693127 0.9801217764102427 0.987471186377959 0.9573055809052549 0.9739196708712565 0.9879683007855388 0.9771661661610923 0.9812995235713344 0.9997862958894461 0.9953683275764317 0.9859764483218136 1.000976196079822 76.34 0.0005 0.01 512 RegNetX_200MF
0.0 0.8854054424985793 0.8545963710739041 0.8883163277666354 0.8539224917277211 0.902953533159624 0.8662446940170494 0.8618166731975583 0.8322994089531538 0.8500186054483576 0.8682703277118623 0.8332435852177504 0.819595819126317 0.8334872378027441 0.813458376889505 0.8215972670465967 0.8101926692302132 0.8081144182772051 0.8400291745882467 0.8164656368494946 0.8160656224036934 87.19 0.0005 0.01 128 RegNetX_200MF
0.0 0.873982067788336 0.8590126532619162 0.83550363742458 0.8172704199205514 0.8559064201818799 0.8376314217891573 0.8799074586325749 0.8310763035540467 0.8547538284064393 0.8231965139762226 0.8598774276560635 0.8665465116109415 0.8283835728160498 0.8581261227986596 0.8330097770971889 0.861617990298351 0.8684233814045436 0.8467725081091233 0.855793344149037 0.870796543491035 85.73 0.0005 0.01 32 EfficientNetB0
0.0 0.8265528935966209 0.8113477835204822 0.76034856287195 0.8061111659317275 0.8047405033360444 0.757423391817577 0.7884903921922093 0.7661664185530664 0.7429261118615363 0.7854698354560763 0.7568412354178031 0.7445622540530148 0.7565399242654594 0.7535685802633835 0.7687213328998982 0.7467242183628189 0.7721501521489018 0.7474228327548239 0.7860565669435736 0.7542999416040773 84.49 0.0005 0.01 64 EfficientNetB0
0.2674189507477816 1.0864832736097245 1.1427174969971796 1.1724978908241184 1.161824897533861 1.153804192990173 1.1843791691148562 1.1799556996374243 1.1724630459958 1.1796184660499185 1.1825221729891853 1.1753788651887493 1.185504623942168 1.1578130747360242 1.1731283345837498 1.1584658386765445 1.1739624801023711 1.1658757551054137 1.160736072459161 1.1657051252414243 1.1728535906692645 72.97 0.0005 0.01 1024 RegNetX_200MF
0.0 0.8368419490245974 0.8167247507656735 0.8594588216277734 0.8176627913600447 0.8282744516844127 0.8173505089925632 0.8443269220370648 0.7996090121777948 0.8320432783626421 0.7977930799696686 0.8009238779923651 0.8049512760936447 0.8312427697241932 0.7839701337202994 0.7700066789026924 0.7672821676698166 0.770884694244848 0.7763024466558837 0.7892115472493839 0.7812246795707771 88.9 0.0005 0.01 64 RegNetX_200MF
0.001517144790378862 0.945087492215452 1.0234294034315417 0.9429037619608336 0.9160464122630931 0.9187659584490336 0.9476733517031412 0.96253182742432 0.9803106311491544 0.974856522177621 1.007696079051248 1.0050449416242453 1.021438372296665 1.008389930145412 1.0372613012422582 1.0113734399928438 1.013833484756239 1.021414041273551 1.017951819861891 1.0130498128631396 1.0102564391666835 81.0 0.0005 0.01 256 RegNetX_200MF
0.001517144790378862 0.9193041482522076 0.8464030638316713 0.9038024787589183 0.8844364268449663 0.8853486171999622 0.9018385759207816 0.9202500756772116 0.9255599556564594 0.936740654169218 0.9003550934774769 0.8829846200871303 0.8462723853234216 0.8519184711832676 0.8313356168911323 0.8457702773113098 0.8448377108901779 0.8324932602686717 0.8461530177452906 0.8316684871727615 0.8377217094873833 87.44 0.0005 0.01 128 RegNetX_200MF
0.0 0.7989970103282067 0.7834841477212765 0.7662440202743881 0.8154957738243601 0.7999171832041087 0.8171435225788665 0.8283721482885318 0.8355587346502398 0.8034960030045039 0.7685690988517766 0.7740776470923311 0.8020342590531253 0.7723278899647731 0.7801562213804413 0.775700737386624 0.7956684955351564 0.7875076478955836 0.7991492272766234 0.7955259817377125 0.7925423344105827 90.56 0.0005 0.01 32 RegNetX_200MF
0.2674189507477816 0.8794315190578945 0.9030784429183573 0.9276949392760188 0.9020028313923126 0.8980528677575635 0.9102090844282358 0.9346984264611291 0.9147517122023666 0.9288329093083136 0.9373625881224844 0.9473610517917338 0.9479487549570484 0.9564822237319792 0.9455165345642833 0.9701251662069378 0.9661528539111618 0.9607363807778968 0.9600403554629052 0.9641261858343415 0.9729991631135977 81.64 0.0005 0.01 256 RegNetX_200MF
0.0 0.8395872722906685 0.88442456731575 0.8593720620206211 0.8580510935537164 0.8594842040687106 0.851748645213741 0.8424557875099734 0.8737110263215677 0.8722327486960104 0.8619973486470353 0.8636585492982275 0.8604983041266042 0.8622603643719273 0.8593611667620539 0.8535584400013279 0.8585103763174228 0.8502283337105697 0.8608854427396981 0.858073513134491 0.8537220360284214 81.44 0.0005 0.01 512 SimpleDLA
0.0 0.9546108038913583 1.0106829001922193 1.0169584541329273 1.018724647276405 1.0155227096802006 1.010489881928996 1.0081088829364062 1.0288480664301463 1.0238288614181008 1.0218220350518736 1.022834277538999 1.024553092215096 1.0015105820140997 0.9926939810935045 1.0082743994835068 1.0042791266336992 0.9989233556049884 1.0006150240163112 0.9951623433128369 0.9921027159959346 76.54 0.0005 0.01 1024 SimpleDLA
0.2674189507477816 1.0659398380004574 1.0114774756734932 0.997458059915949 1.0004456643377229 0.9919811394291862 0.9922917797904478 0.9966806660323116 0.9910755310688273 0.9997464668063302 1.0106044019657106 1.0161615748099455 1.0199836336195929 1.0032205781064159 1.0072049006790893 0.9983063029711845 1.0221435545789312 1.0198471221825947 1.0109025013937079 1.012318575021041 1.0137039535611414 77.26 0.0005 0.01 512 RegNetX_200MF
0.2674189507477816 0.8755029686029832 0.8544393783094124 0.8612723595089998 0.83735110561686 0.8391053776440525 0.8361746570483406 0.8526098646854257 0.853489395130344 0.8576948219022595 0.8496311516428487 0.7763535149441352 0.7959544659357912 0.7839437453674742 0.7982862357745032 0.8094693105915671 0.8006848534548274 0.8048427985563635 0.7915055732648085 0.79925595320266 0.8130344000884508 87.74 0.0005 0.01 128 RegNetX_200MF
0.0 0.8066716908825984 0.79259102935549 0.7929613120128365 0.7619568141999659 0.8027318140082089 0.7874054365134758 0.7508158264657161 0.8023324383832282 0.7813485160203516 0.8141665556640916 0.7737281857950208 0.7988012776232353 0.7978024157438903 0.8155424555455721 0.7978247154897896 0.789458051156725 0.7959993776002432 0.7791125701030543 0.7837448842961308 0.7865662680973977 85.81 0.0005 0.01 32 EfficientNetB0
0.001517144790378862 0.8480535207857705 0.8548051179386915 0.8142601756274728 0.8790041585044145 0.8671763263153786 0.8848873380433848 0.8820291042578826 0.8548037787336689 0.8136374853186048 0.8091414865046761 0.8467004290963529 0.8208417820093264 0.828772261964975 0.8368113758022677 0.8394338246577132 0.8374007312488971 0.8205912263738233 0.8401756662108781 0.8270793068750695 0.8317509487963756 89.15 0.0005 0.01 64 RegNetX_200MF
0.2674189507477816 0.8570843349963978 0.8189214921691362 0.8280108567911119 0.8129568255721238 0.7935568535694543 0.8007023667355294 0.7861259668422127 0.7677395236221755 0.7322940190888225 0.7968262383734793 0.7965179370659285 0.7919517926000423 0.7943714204405911 0.7791950205857995 0.7795656709519847 0.7882861748152159 0.7907182809457057 0.7999933044426747 0.8028536594064102 0.7873380057483311 88.67 0.0005 0.01 64 RegNetX_200MF
0.0 0.8284173814848809 0.8333972900275901 0.8228455203859992 0.830248542084716 0.827400487116201 0.8249238940938268 0.8216988958450305 0.8164874300488526 0.8235987911999477 0.8294888368856114 0.8265734767260465 0.8255583679238556 0.8243851336286876 0.8373977994391872 0.8432693397890617 0.8225566147749851 0.8336208956476103 0.8395826032895514 0.8412249396163106 0.8487208620744008 84.32 0.0005 0.01 256 SimpleDLA
0.0 0.7817105961382762 0.81118237207695 0.764263025224211 0.8215954410283709 0.756895863043574 0.7873836614675248 0.7847118977509737 0.7763318057648974 0.7784207859874117 0.8398407279437623 0.730518909173731 0.801733176742523 0.7763212420999837 0.7526934074750471 0.7882155139147845 0.7735445797629248 0.7336551777074254 0.7374012843339081 0.7605134587004916 0.7501263132332882 92.18 0.0005 0.01 16 RegNetX_200MF
0.0 0.825690960790176 0.9356733978585318 0.9303865645431847 0.920462176984019 0.9135886793479944 0.9256212728392675 0.9196433181698835 0.9117265708280888 0.922790902268769 0.9407631338743997 0.9302388332606956 0.9391098447241688 0.9270216115367943 0.9268127576548673 0.935487919050511 0.9209576434614165 0.9306250273785142 0.925482810415939 0.9308724858159144 0.925997295972131 82.34 0.0005 0.01 512 SimpleDLA
0.0 0.9965748990524051 0.9739934094548481 0.9871733829188369 0.9890046454421357 0.9995048035043403 0.991217371325517 1.0004789332174928 0.9987985509518011 1.0101720900712863 1.009066417381236 1.0078709828059476 1.0109328331167766 1.010360591044461 1.0210316873146073 1.0150971972791607 1.0187158555645093 1.0160998930785867 1.0119427839095503 1.0130822484580353 1.013046959850601 76.98 0.0005 0.01 1024 SimpleDLA
0.0 0.8130294276449554 0.8142819102865966 0.8319718242945645 0.816442082168669 0.8817843099932666 0.8353347021295551 0.7927129800016937 0.8071233873834699 0.8250287329763776 0.7991746752690827 0.7934430532905132 0.7813935053941924 0.8224498320574658 0.81217310421774 0.8152071155332963 0.7863925540697578 0.7717150726007405 0.7842927534402038 0.8145167580718051 0.80652010238738 86.66 0.0005 0.01 16 EfficientNetB0
0.001517144790378862 0.8131339049491162 0.8723141781087159 0.8595667106803127 0.8604107063315821 0.8320985263277509 0.8228256156834434 0.8291149942471934 0.8905842634643379 0.8169260397631106 0.8664989236853438 0.8720959014138684 0.8571944738008341 0.8567070960040764 0.827794633514475 0.8263461571174016 0.8131654737420219 0.8107065543661918 0.8388432541026227 0.8207337560021489 0.8120151060387354 90.29 0.0005 0.01 32 RegNetX_200MF
0.2674189507477816 0.7850630746402348 0.7781816903882998 0.8009842692903204 0.8132548840951389 0.809288523742793 0.806807656215859 0.7743908156516146 0.7787822465761174 0.7457635879897869 0.7753427817087268 0.8007293057531244 0.7885722856411 0.7994216780759941 0.7417533965774722 0.7599541740140259 0.7700777863980908 0.7840911243461935 0.7612371898329359 0.7739622305979593 0.7774590954472815 90.91 0.0005 0.01 32 RegNetX_200MF
0.0 0.8004634053926047 0.7739596080713796 0.7503844734611991 0.785072362825871 0.7369299325232416 0.7629194145082039 0.7593673559230976 0.7167988004706561 0.73289861368365 0.7694177303438522 0.7467103596741351 0.7733103864348503 0.7659571851244061 0.7633590838757328 0.7608716243484572 0.7567302635147406 0.7639927597301517 0.7458998190768122 0.7529502334136002 0.748000173557288 86.29 0.0005 0.01 16 EfficientNetB0
0.0 0.8694329519603463 0.8491558761211582 0.8323105239050669 0.8274881502597436 0.8310499045566491 0.8388561746459167 0.8253050474519311 0.8048693849587047 0.8166001886578921 0.8183836808739844 0.8043444710121037 0.825141402647051 0.8295880113320706 0.8224905542003347 0.8223007707663861 0.8211059996212119 0.8240150605846209 0.8207648472190275 0.824593814706143 0.8197374924885955 84.44 0.0005 0.01 256 SimpleDLA
0.0 0.8122669735714502 0.8488352043805287 0.8069192648653383 0.8593847416312503 0.8733609178417541 0.8439957154179349 0.8149493107975637 0.8330864734065796 0.8399311146564499 0.8378782874035636 0.8769181632776204 0.8429774355728438 0.8301253214857607 0.8488864678611062 0.8121178560972626 0.7778532988760797 0.7839460870835282 0.7801241470264315 0.7878831543876348 0.7897194711793477 88.09 0.0005 0.01 16 SimpleDLA
0.0 0.8999140958019269 0.9191814798575719 0.9081672791884036 0.9121503385956189 0.9007724849014409 0.9033696377038037 0.8969989817629984 0.9052848198726999 0.9010218331908442 0.9042162162362968 0.9041759241168663 0.90711021808594 0.9117181161355578 0.8999960165867971 0.906803224892386 0.8981931530285401 0.9009036151280309 0.9070444307483069 0.9073295968403379 0.9113498280320768 81.44 0.0005 0.01 512 SimpleDLA
0.0 0.8644491795336983 0.834667184261065 0.78910808879804 0.8394909071119189 0.8056439581027612 0.8086688480414232 0.8019069407447589 0.8069122454087955 0.80062173056324 0.8131222217749179 0.7903989150019812 0.7881957453268608 0.785220897578965 0.7799254060941959 0.8086890736036476 0.7948484854245895 0.7995884002695556 0.7946386711545389 0.8071521782031761 0.7949942832334986 87.58 0.0005 0.01 64 SimpleDLA
0.0 0.8729217475435657 0.8227963145608587 0.8064993384335178 0.7928206383818334 0.7860368192817014 0.7902529535945267 0.7886571552325793 0.78952293730186 0.7910917147075813 0.7991902798783643 0.8095605893400512 0.7925742058774096 0.8024820907028808 0.7953862894818583 0.788998121935623 0.796883764643074 0.7965162433398596 0.7971014574646536 0.7864273398277898 0.7992938162046878 87.38 0.0005 0.01 128 SimpleDLA
0.0 0.8452495943064561 0.8797617840222628 0.8166797330145215 0.8395665802947606 0.8255000919602784 0.8385413456906494 0.81620063357081 0.8266034887510595 0.8285392386368298 0.8317016190980547 0.8302503396183796 0.8329949853900218 0.8375671262291273 0.8378666386659477 0.8493319053985715 0.8349199535622535 0.8416731115092233 0.8304512569528018 0.8379504659165213 0.8299646045551934 87.51 0.0005 0.01 128 SimpleDLA
0.0 0.9292607674487837 0.9269305318734282 0.9190350335446528 0.92150036212345 0.9107256504601982 0.9141549424299293 0.9153771544543132 0.9146399659165109 0.9268024185812803 0.9211630781789718 0.9152427892891944 0.9224094461019733 0.9235880539235002 0.9262489881073909 0.9270371801310684 0.9272569054502462 0.9265522189586587 0.9306481985478847 0.9282361310743713 0.9301050714297096 78.32 0.0005 0.01 1024 SimpleDLA
0.2674189507477816 0.7862677353202718 0.7826767300973556 0.8220170826890829 0.7707825788220444 0.7963885051979179 0.7783729912181446 0.7420223546047053 0.7236659350777209 0.7842628974413158 0.7854017799925785 0.7927750223733598 0.7938680531632241 0.758872385626552 0.7648194021129825 0.7589714775922232 0.7770245712555197 0.7698604968072401 0.7783139577714903 0.7791303916439041 0.7765344028590875 91.72 0.0005 0.01 16 RegNetX_200MF
0.0 0.8842127037503329 0.8311029161563077 0.8331357596813999 0.8163252252935643 0.8257369971046775 0.8245134527142197 0.8325407816402756 0.8243430826475372 0.8303369377046392 0.8188850730652933 0.8290717742966979 0.831634744881084 0.8294262270230449 0.8300322034320317 0.8407887456517509 0.8352030895009799 0.837858184183071 0.8362235286192246 0.8379256450764667 0.8271338277118352 83.77 0.0005 0.01 256 SimpleDLA
0.0 0.8177327879486523 0.7946299172135929 0.8370545895269937 0.8834731524394412 0.8061497745405627 0.7826575261695448 0.8615338566743851 0.8544491056228491 0.8318505177712403 0.8636677598546117 0.82771449734421 0.8127800395245275 0.8302558203301362 0.8204699459406841 0.8255761293531846 0.8216693243171089 0.8158564387369995 0.8110907332939103 0.8240900206849993 0.8162475497988555 87.92 0.0005 0.01 64 SimpleDLA
0.0 0.7575043900546635 0.7822549843655888 0.8149242138454593 0.7888044220373129 0.7832706823356748 0.7877050488025773 0.8151808047279233 0.7908470136215086 0.809174018405196 0.7588880730713266 0.810903641664908 0.7933088866703616 0.7990666919326653 0.769213393931569 0.7881583766493945 0.8179772519952501 0.7925780173949891 0.7786818531342251 0.7711724676891122 0.7693274149264151 86.64 0.0005 0.01 16 EfficientNetB0
0.0 0.8067389385836303 0.8342995304252213 0.8217236013435405 0.8267890269700513 0.8668982886605358 0.7841989164487125 0.7630708755368952 0.7907361853857835 0.7791625776329073 0.7710515942465734 0.7866012855786793 0.8015031577678946 0.7796244659888274 0.7950568849279154 0.7664815629729476 0.7847608561754273 0.7567913607626346 0.7698390285263632 0.7596450985218219 0.7747876773576595 88.13 0.0005 0.01 64 SimpleDLA
0.001517144790378862 0.868118758769745 0.8474014219387754 0.85467508982109 0.8226373192470006 0.8535843587145786 0.8557544374788857 0.8819622009207981 0.8255855463736466 0.8940117541841934 0.8432244175764054 0.8565157562814434 0.8164291236161111 0.8147994625301547 0.8058514903286779 0.7914268217056696 0.765346382533703 0.7922530945540092 0.7870076689061465 0.7775558530842409 0.7726863653551015 92.29 0.0005 0.01 16 RegNetX_200MF
0.001517144790378862 0.8500516479889729 0.8979177624098138 0.8093055584821268 0.8642034457967456 0.775515838696166 0.8124314192139088 0.8485691975717765 0.8422519712723363 0.8296789744079512 0.7700728965487309 0.8064952796248024 0.7925966608231065 0.7906924005495324 0.8048248681121964 0.8233959206507189 0.7961703611430897 0.7812273272638849 0.7646797422566908 0.7763292040725248 0.7707958736030437 92.71 0.0005 0.01 8 RegNetX_200MF
0.0 0.7721924772465317 0.7861715131324609 0.8500645482417718 0.8097191569591837 0.8383628560526436 0.8302607559121246 0.8408464107377054 0.8422073595444356 0.8375459553792928 0.8205868000894013 0.8282337477235562 0.8293090351584592 0.8214131506817296 0.8314560105734556 0.8315092138913515 0.8308145993603621 0.7994429962951892 0.8329734169943724 0.8165941245417007 0.8240840834157112 86.41 0.0005 0.01 128 SimpleDLA
0.0 0.8094628111260913 0.8372701859258078 0.8217671486387259 0.8478362257465756 0.8312986083506848 0.8186911129543158 0.7830521923864978 0.823223987038391 0.802332788126938 0.8510466096271522 0.8410919584423279 0.7896388962647883 0.7700291217483287 0.7749426465385979 0.7641912349987413 0.7670558078863019 0.7676052120217863 0.7904941217207271 0.7892128131355516 0.7838695096841873 89.05 0.0005 0.01 32 SimpleDLA
0.0 0.8227189228214123 0.8346839449096954 0.8295567838413941 0.799425523331799 0.8110049880186448 0.821650854988038 0.7852250003205306 0.8213939281632342 0.8437604697685059 0.8125887559579071 0.8173092503059213 0.8253511933202522 0.8131624541055206 0.8046166154332722 0.7987232030649399 0.8174882086294439 0.8031051583502843 0.7965066809668481 0.8064454504073025 0.8010414069529945 88.49 0.0005 0.01 32 SimpleDLA
0.0 0.8225862654789512 0.8873428259155266 0.8695996843978651 0.8674196981667509 0.8865704289598929 0.8636794013002828 0.8313297783192699 0.8884691164853704 0.8600858675171688 0.835885875996249 0.8479768579448367 0.7876088750107794 0.8774283520914322 0.8252404362647086 0.8344513332383877 0.8349462164815131 0.8284497692875838 0.824802283022395 0.8235671418251012 0.8192568426020044 88.15 0.0005 0.01 32 SimpleDLA
0.0 0.786357327794808 0.7751399572690564 0.7699412551464191 0.8005784602780812 0.8334090442276947 0.8336455267458835 0.8081800415285333 0.8205839299002732 0.7604182606913694 0.7930292884627999 0.7796650624021879 0.8119906720185692 0.812661099769834 0.7979174693529957 0.7944057805278081 0.7864769100275559 0.7726886214067192 0.7956473867778244 0.7715201086507261 0.7722812574744242 88.05 0.0005 0.01 16 SimpleDLA
0.0 0.7900361581299801 0.8276719708849698 0.8533090254458898 0.8411484938557112 0.8346442359940265 0.8540216374029319 0.8396804530934168 0.816384739641268 0.8019546364766934 0.7953701998412422 0.794576126663811 0.7822793118330792 0.7844317077790357 0.829078840383893 0.7903465489452914 0.7966312633233766 0.7982125832168332 0.7981918532452161 0.8075583874428486 0.7913666038196245 87.99 0.0005 0.01 16 SimpleDLA
0.0 0.8460559887631627 0.8542109547611072 0.8256028414683126 0.8563789086928978 0.7888374364186624 0.8123450033026464 0.8382063896380991 0.8635912594601324 0.8700691594212115 0.7967797930672265 0.8191832057959229 0.8507550715370723 0.8352326891520616 0.8274573972949747 0.8345150371049903 0.8306225475681178 0.8277574985702623 0.8435875440105448 0.811702859734925 0.8248342004708923 86.13 0.0005 0.01 8 EfficientNetB0
0.2674189507477816 0.7966267609908102 0.7648909092491661 0.8057578808621817 0.7736483277021128 0.7931147712638985 0.8300081478150056 0.770026480047163 0.7780538120490678 0.810075440330574 0.8098876436272344 0.8004524323100023 0.8043889900565376 0.7601497053967684 0.7975917159059871 0.7929486036481969 0.7775578723130674 0.7442514859525176 0.7921059086036394 0.788449714047204 0.7852540296287499 92.7 0.0005 0.01 8 RegNetX_200MF
0.0 0.8138021060247985 0.778816881102513 0.7883461403770062 0.7692218574464033 0.7511523598507089 0.7661407142552212 0.8157582079835567 0.7908426082813422 0.790314964121648 0.7673206396999427 0.7661009215615252 0.7541354397659896 0.7362156350629856 0.7722956593430937 0.7722394650995174 0.7676874886962021 0.7865955955789431 0.7854269436299791 0.803895607263718 0.7758159857522854 85.1 0.0005 0.01 8 EfficientNetB0
0.0 0.7916424463895447 0.7678906343780407 0.7932976711214758 0.8283388787300972 0.8376556713364818 0.8073681491766531 0.8052745471986086 0.7667115165058714 0.7718802767265981 0.8052453755477267 0.7809242997261839 0.7570664197412733 0.7603057092710881 0.7933937813942741 0.7442986534559449 0.8076220677182601 0.7761872231484603 0.7560252414708605 0.7806807453485018 0.7768577325645282 92.34 0.0005 0.01 8 RegNetX_200MF
0.0 0.8383563839797958 0.8138536550714458 0.8091725002262818 0.8431404044151074 0.8639467253153456 0.8032896456207979 0.7647504766642065 0.8672152967071532 0.7855778557725198 0.8004549589151175 0.8276149557305961 0.8478832480337105 0.8327632541973649 0.855559420914044 0.8158223212470783 0.8039978280136046 0.7716266911418346 0.7974786531147745 0.7799919942594975 0.7771513331339379 86.96 0.0005 0.01 8 SimpleDLA
0.0 0.7820483631226739 0.7811812156836321 0.7852393294178321 0.8243680283590942 0.8023670341865682 0.7843774756110103 0.771671461887457 0.7630267426381683 0.8200500625842067 0.8478901593552551 0.7729823015390908 0.797986469412213 0.7699145365319306 0.7572765600684958 0.7992651835285524 0.7969624191684153 0.7981756488571284 0.7710035393764411 0.772877889182714 0.7656018875459061 84.34 0.0005 0.01 8 EfficientNetB0
0.0 0.7766913000316351 0.8215429426801912 0.8191085037034443 0.7808143164120501 0.8341212802494268 0.7830236560667084 0.8504261978053473 0.7977742792116019 0.8009072040936401 0.8126013319139592 0.8590467671687683 0.8043166974626716 0.7613282113404007 0.7970509780032125 0.8082226535371028 0.8251202237353216 0.7595201720413067 0.7875942711563774 0.767213368181209 0.7850612298101295 87.33 0.0005 0.01 8 SimpleDLA
0.0 0.9310275803477539 0.83275677047352 0.8356966089348263 0.9044448907111424 0.7784507006375077 0.8426912324265617 0.8580848083218772 0.905649721911054 0.8461910356806228 0.8439633140476753 0.7975672967038783 0.8666000193433842 0.8577982966519038 0.84722850438359 0.8611036949934225 0.8344699302746812 0.8507265216937813 0.8464509551048394 0.832073634583229 0.8278450163437502 86.23 0.0005 0.01 8 SimpleDLA
