0.26017361821063817 1.184110242892515 1.247197900450504 1.1977206480404037 1.1990194765693876 1.199316309035724 1.19710839559815 1.1662800031196763 1.1721616281675267 1.1681468776419444 1.1781608405423254 1.166511498994855 1.1663820639248386 1.161980201227169 1.1533154132895707 1.153322660662586 1.163929870959719 1.1563563730978088 1.1643432095458097 1.1604654180494236 1.1663549098584474 72.79 1e-05 0.1 512 resnet34
0.26017361821063817 1.1980906574355257 1.1812004477614984 1.2028807829635908 1.1797981988766315 1.204163803452516 1.1681385127690747 1.1625218474002272 1.1907594227806841 1.1903760273946775 1.2129455891417087 1.184683511228057 1.175137637123899 1.169883818939861 1.1813854577671365 1.182018141838725 1.1763765802322135 1.1874869459592396 1.18554312495837 1.181503371085378 1.1843869241583727 73.16 1e-05 0.1 256 resnet34
0.26017361821063817 1.1769385886097696 1.2186235166100745 1.1779299299157848 1.2038883206479882 1.1862847300506898 1.1890515757238846 1.1734381858311644 1.1608778344906634 1.186571314678579 1.1641063177257422 1.1920225113012068 1.186431139743303 1.188917828475921 1.193560272479906 1.1907111079469268 1.1937076635762807 1.1801909708227523 1.1854883338537028 1.1736869394300975 1.1828305069737524 73.49 1e-06 0.1 512 resnet34
0.26017361821063817 1.1356895022524707 1.2270844011017377 1.220617753269432 1.1670753511086105 1.2023164115318499 1.222574314687157 1.2011855609123498 1.2216777275486 1.2134011608096322 1.1933406139373723 1.193305714898595 1.201361524432107 1.197549742541088 1.199424829797493 1.2016694481515804 1.1927040028957558 1.188863337938722 1.1864961574092177 1.1891837259052103 1.192670498292343 72.65 1e-07 0.1 512 resnet34
0.26017361821063817 1.1854960006692317 1.2126697380778007 1.1889516855512108 1.1889395077167106 1.1639201750404007 1.1813804496247913 1.2090975154510637 1.1913356811482683 1.1882672285813936 1.176241321685531 1.1616782888759125 1.1788585516386416 1.1648601294055094 1.1718372653187248 1.1676050558241788 1.1634855757385292 1.1694859562895428 1.1756279312938862 1.1711128941121007 1.174125110820779 72.94 1e-06 0.1 256 resnet34
0.26017361821063817 1.180254819008444 1.193366704043432 1.1717450688872457 1.1929191157745165 1.1820971369836826 1.1953740881468873 1.1879497251389481 1.1808121102830909 1.1699276063654849 1.1888330116068633 1.2019034450557413 1.1902014216896137 1.1864877107748806 1.1841227021132459 1.1863247571784412 1.178013669912199 1.1814312211732485 1.1853161777354528 1.187578339387542 1.1809638223599794 71.94 1e-05 0.1 1024 resnet34
0.26017361821063817 1.203625200338412 1.1851661741330255 1.2087021838892986 1.214905511465966 1.1903734525330605 1.18755862167713 1.1891698114126499 1.1907860606370753 1.1724393141579097 1.186752095018717 1.1853795312338222 1.180807684141014 1.1767141069641653 1.1841866469218039 1.1840015801883208 1.1800036756953058 1.1857380396659916 1.1727501645159288 1.1851853921781599 1.1692437921260557 72.8 1e-07 0.1 256 resnet34
0.26017361821063817 1.231032692358569 1.1730307471603696 1.2282770393468199 1.2132523319457007 1.2461239789943719 1.2304884955143813 1.2191082187455005 1.2272439639517285 1.253413947577544 1.2415831995210167 1.2372884879294042 1.243777934691881 1.2292893518426513 1.2427733163437973 1.2433196407210219 1.2422884713550526 1.2374542883772743 1.2373561363241967 1.2374794074969835 1.2370010262107518 71.91 1e-06 0.1 1024 resnet34
0.26017361821063817 1.1984356903661173 1.1597129689159291 1.1773138517500283 1.2277740078209045 1.208415347055512 1.1891276547891017 1.1657839497376417 1.1868334440448396 1.1844440846602804 1.1846148293668668 1.171817999264592 1.183068973639876 1.1731184232342715 1.17679894499987 1.167546970121176 1.175138334551438 1.1732434085832077 1.1728093347375532 1.172018613057887 1.1748717048224413 71.52 1e-07 0.1 1024 resnet34
0.26017361821063817 1.2570498993673376 1.1825983657194377 1.2442312147278678 1.1942255892929372 1.214169126389845 1.233585767941301 1.24555374786289 1.2403484338464974 1.2296074334107907 1.193930609108198 1.227953513793378 1.2103537254195824 1.2412757825061989 1.2386115122108652 1.2245856945662665 1.2308682733921383 1.2291901620070305 1.2355110412494348 1.2261300219306352 1.2279807881618376 69.38 1e-05 0.01 1024 resnet34
0.26017361821063817 1.2346996358460762 1.18791303941943 1.205754386679073 1.2345607050197513 1.2516157109034527 1.2281020299516923 1.2021579899676162 1.2222153952188877 1.2440108551276823 1.2339831375476225 1.235206954820426 1.2384872336355426 1.2036843854453785 1.2146005901974177 1.2104604755687187 1.216485249297301 1.2102956619922347 1.2181245751010925 1.2124828711531352 1.2116370413560738 69.1 1e-06 0.01 1024 resnet34
0.26017361821063817 1.1698068263635504 1.1938956825961287 1.19740641783352 1.2107008381572417 1.1990581795636472 1.2311924790530522 1.236198989592826 1.260283618623596 1.2770758231775643 1.267620181434312 1.2652326097206998 1.253802190359127 1.2613352779557243 1.2484143330426472 1.2660675966791488 1.2664403331574707 1.2627415886708464 1.26919019416429 1.2696941585423127 1.2558619454908553 69.13 1e-07 0.01 1024 resnet34
0.26017361821063817 1.2026733091795694 1.2641613587277016 1.1981419204553416 1.2060994627853425 1.186058199275793 1.1643876638580006 1.1957409686882294 1.1551078974884554 1.1457632223732557 1.1496953951981217 1.149992869478273 1.1618290412577874 1.17207114930703 1.164032578174585 1.1613196121305722 1.163161511214398 1.1690066962866152 1.1682158968064429 1.1806992664732365 1.1704289467744546 72.25 1e-06 0.01 512 resnet34
0.26017361821063817 1.1225542200497562 1.2458819301559283 1.291354551696092 1.2087635148741542 1.2279331979782235 1.2081505150927985 1.1929947060954744 1.1869533555908347 1.180151163097796 1.2171016389451883 1.1839667216781766 1.1839925984380644 1.177603381295098 1.18218221980653 1.183591703411871 1.1824968067414583 1.195340811526788 1.1932438457314731 1.1850976611432495 1.1853358734450512 72.24 1e-07 0.01 512 resnet34
0.26017361821063817 1.3506800274633386 1.36447748628665 1.3975064154028545 1.3621037033466612 1.3242467085212615 1.344787764055795 1.322099816560464 1.3452013929342785 1.3485904735013117 1.3719686771721689 1.4257080001394022 1.4127970719400165 1.449441954563045 1.4528981978105469 1.4487256848515866 1.4596350812628032 1.4838161407150474 1.4649085750966961 1.4570826820694804 1.4525933019284212 54.31 1e-06 0.001 1024 resnet34
0.26017361821063817 1.3850765332592143 1.3757464756291207 1.3208117580660599 1.3420733199668253 1.3177536984168616 1.35230755608563 1.3483921719838248 1.3131540071386825 1.345969225196288 1.4272752322913544 1.402978988174536 1.3932336550088216 1.4279508879798692 1.4084780535083814 1.386522208593764 1.4272302884551251 1.413468744313664 1.4374276897872442 1.4300913113102405 1.422700460620939 54.9 1e-07 0.001 1024 resnet34
0.26017361821063817 1.143842497213043 1.215369884433317 1.223950090865216 1.187185532233183 1.1743204850644375 1.2081493156934415 1.1854131402569401 1.180271039003503 1.179258973177643 1.1886979361362935 1.1859547757955267 1.1815450707853594 1.1802484272365155 1.1798425465303846 1.177812881256188 1.1784558593939334 1.178676623517646 1.181159046375373 1.1815727547964832 1.1807303893563812 71.79 1e-05 0.01 512 resnet34
0.26017361821063817 1.1785097308104526 1.1848760557784248 1.1690699448994717 1.14087189543407 1.1938701806220513 1.193188947627166 1.1835011420533679 1.1460666901114906 1.1527066408251363 1.156497436288741 1.1475581759108564 1.135057153482909 1.1466523767677028 1.1492528959680337 1.150197172194632 1.141116547808769 1.1608876176892222 1.1474476686460555 1.1435050114236167 1.1542558961468965 72.58 1e-06 0.01 256 resnet34
0.26017361821063817 1.2088897652949333 1.1892969592739369 1.164328712135348 1.1473159003843245 1.1570398123626828 1.1550738114037684 1.1554876444689985 1.1212384107518134 1.131349775439559 1.1362966955858738 1.131334094263006 1.1394286552241804 1.1339600327053874 1.1492645191976825 1.1480889918270352 1.1405736344831268 1.138857492838151 1.1456458303319172 1.1434859901770427 1.1419558029311117 72.92 1e-05 0.01 256 resnet34
0.26017361821063817 1.3204174041628747 1.2864989221609786 1.333691109865232 1.3488331537518148 1.326982055780059 1.353696576920213 1.3614889855378265 1.3415008516871185 1.406044738117575 1.394480487827567 1.382849420701957 1.4033590189839336 1.4105609119522324 1.408526078817892 1.41912269002703 1.4060603209327693 1.406917522482432 1.3926088896414675 1.4118582180255705 1.3994406546530471 60.75 1e-05 0.001 512 resnet34
0.26017361821063817 1.2438418028559477 1.2111031949773792 1.2796953529510262 1.2303063382525137 1.2667718315187917 1.278469228633341 1.3406525814196302 1.3004235307824634 1.3225187872205542 1.3226648721997052 1.2756289288391693 1.271395766537524 1.2861854530335972 1.2927733211342036 1.2788826736109709 1.2835612620289079 1.2757828213438598 1.2827866993429966 1.2847577009442332 1.2769950841694524 65.67 1e-06 0.001 256 resnet34
0.26017361821063817 1.3281384435584644 1.2592447348136364 1.3300617047780796 1.326914217278775 1.343842509528766 1.3091426966079411 1.3469008488440353 1.3900443933015314 1.3386206117417074 1.3454246623452701 1.3695386899716957 1.3911295061265525 1.364631120122449 1.3429042909618496 1.3728022272513842 1.3508195643512868 1.3727029379778783 1.3546012498836737 1.3552578825117163 1.3463370344110772 60.38 1e-06 0.001 512 resnet34
0.26017361821063817 1.2457484951860018 1.1886976298069158 1.1803586124073544 1.1901681205008372 1.1733480756586305 1.1427398452164288 1.1840593728740083 1.1330092560970675 1.1684363500312611 1.1529751479385404 1.1334034658922707 1.1641383586125083 1.1564220444943851 1.153716416528696 1.143694901376436 1.1477635836858129 1.1561209457352166 1.1514015253359147 1.1419740331568462 1.1498150100626838 72.96 1e-07 0.01 256 resnet34
0.26017361821063817 1.3792502922341663 1.3362481330347027 1.2994871843824414 1.3535446761817693 1.3475710830635688 1.3463773701492412 1.3350415321837965 1.354646299099269 1.3495214470364467 1.4143699041855395 1.3995582661061148 1.3696453986190995 1.4187103114452455 1.4058603111231407 1.4039880951990549 1.4237185222053037 1.419331255019459 1.441822717448918 1.4260364654359767 1.4199082716818978 54.66 1e-05 0.001 1024 resnet34
0.5241921767621086 1.2443083815809348 1.158035561775606 1.2093823707120621 1.173584194842644 1.1251916884373547 1.1661766921548589 1.1481572073121402 1.1544285090705073 1.1408640584171053 1.1320552235760735 1.138118311324361 1.13377710404593 1.1336600390337972 1.1469991193672668 1.1400972153118165 1.1422175232166873 1.1280539641620253 1.1301153615372501 1.131677234027159 1.1336579319043305 72.16 1e-06 0.1 1024 resnet34
0.26017361821063817 1.3450586885627613 1.3018928897439312 1.3238721514336038 1.3273896525307762 1.33701876360199 1.364701713339387 1.3639321683803554 1.3370207829841994 1.3984102558118283 1.3867046247368437 1.3848615228612837 1.40753699161504 1.4309849655468727 1.411498595510749 1.4109950307908874 1.4074273546980824 1.397847581389395 1.4062921913733337 1.3978940762093148 1.395082043325124 60.56 1e-07 0.001 512 resnet34
0.5241921767621086 1.2434193465522208 1.2027609413902167 1.1867771222163612 1.1718717306825424 1.1908137547097393 1.1950407976015358 1.1491206251083013 1.1532691153217034 1.126600662354776 1.13440095478067 1.129099856767769 1.1360719528763707 1.130179463703062 1.1327931013102088 1.1305455579981194 1.12846438148377 1.133508887462675 1.135226128994566 1.1302235211084533 1.1324255590461452 72.02 1e-05 0.1 1024 resnet34
0.26017361821063817 1.2359520173918357 1.2562918732332693 1.2966356223968296 1.2561468651568943 1.2666738403460562 1.2611538838506855 1.2952059487557466 1.2855263587064505 1.2889409470679225 1.3125498558351305 1.294642383448101 1.3080730448062963 1.3071118621924191 1.3029446337547774 1.2980611669401367 1.2809240962693444 1.2844062788778536 1.2972339805280666 1.3127513064779404 1.2909932673877045 66.46 1e-07 0.001 256 resnet34
0.26017361821063817 1.2873170913081409 1.2283906116797236 1.2852197299520967 1.3045325452022405 1.2659469680904794 1.2506615099686256 1.2987880954907793 1.316748836724615 1.297686399786973 1.3236683485714797 1.321794101622269 1.3306311794257717 1.3188894164378333 1.334270780735096 1.3222992620019276 1.3345398602238943 1.3273094210050003 1.3302748779950915 1.3312342265548345 1.3447067171943572 65.2 1e-05 0.001 256 resnet34
0.5241921767621086 1.1971834917452433 1.1932795492948511 1.18723715413257 1.2216458198681983 1.1723308068481635 1.1828173812629128 1.1602978159267618 1.1573470577935687 1.1695224465179168 1.1729045950896166 1.1559604974312494 1.1575724167388142 1.1627008638210392 1.1500669235912084 1.1770884478014496 1.175863476322387 1.1736099349513345 1.1738177347372558 1.1742449178458751 1.1720908012241926 72.04 1e-07 0.1 1024 resnet34
0.5241921767621086 1.2023132593808672 1.225230599598291 1.2394283175056757 1.2374794580486452 1.2223645809167336 1.192969766428679 1.2142562818129188 1.2285061267389705 1.1880306812155625 1.20278471350784 1.1884728775528246 1.209612711680825 1.2042292123366105 1.1985337224183399 1.2108898447598468 1.209476067305383 1.2055464434938505 1.2142634780147916 1.2131893061611814 1.2157811515547128 70.09 1e-05 0.01 1024 resnet34
0.5241921767621086 1.1871804868298843 1.1561228016302367 1.2301196652742907 1.192671912832253 1.1857704738311348 1.1718781227320654 1.2041742024777369 1.1919477215005008 1.1924700553743 1.1815620138456167 1.206923827829569 1.1803492909973943 1.1838601774822337 1.1839813338570528 1.192447294490462 1.1948120385505414 1.1915194861310556 1.190317859656928 1.1854299453230501 1.1805187609191128 71.47 1e-07 0.01 512 resnet34
0.5241921767621086 1.2706164405830862 1.175431213856135 1.1886062967166193 1.2176223717216155 1.197198016437369 1.1970065036276132 1.2080304331363478 1.189758947827436 1.182826490486502 1.1876692965901607 1.187814262873958 1.188554361645485 1.1788847124853428 1.1890424900308385 1.1947556139361624 1.2071707279533082 1.1889263880865002 1.1897031804754141 1.1893110301836516 1.1903965750189875 69.15 1e-06 0.01 1024 resnet34
0.5241921767621086 1.1633193359552723 1.1735456678243867 1.248436935315484 1.2039786391134124 1.1684238739776809 1.1592890797232767 1.170056196347654 1.160345120121839 1.1636950493993554 1.1700717005414583 1.1554315021411063 1.1551225291233016 1.1580974194750144 1.1588083990566156 1.1522512696896277 1.1554111569611114 1.1577754039379535 1.1525417872851185 1.1559816585585003 1.1575760992576916 71.31 1e-06 0.01 512 resnet34
0.5241921767621086 1.1514827682072393 1.1637813334538845 1.1705429207625426 1.1690081305572764 1.137257338857439 1.1391214543672608 1.166976327395656 1.1642159226306334 1.1418644657247965 1.1522974300974311 1.130102443961913 1.1343858639110316 1.1235882845311351 1.1346158783839884 1.1382717442494377 1.1277615459075705 1.1351831305252675 1.1363122091678024 1.1263303976427113 1.1295826828795184 73.1 1e-05 0.1 256 resnet34
0.5241921767621086 1.098612624928194 1.1997395269370823 1.2235923530620247 1.1780895307953372 1.2067588296707283 1.1780857008119647 1.1954844773378115 1.1733294496227027 1.1524241868471186 1.1757076841368086 1.1744920727676744 1.1554318088244118 1.165289062896155 1.1715611785444398 1.1691936538912662 1.172814499006353 1.164879490935511 1.163024960612842 1.165319868976616 1.1697967487540375 72.95 1e-06 0.1 512 resnet34
0.5241921767621086 1.1234413596026451 1.1592875098524937 1.1778707489915343 1.1684515024554931 1.137815052433002 1.1711839049810118 1.1833390146700695 1.1435906173820387 1.1554539894956606 1.1679260447209308 1.1762860687666439 1.162942201801738 1.1750509287113469 1.1629727991306242 1.1648510663846776 1.1712765719803606 1.1640962797226626 1.1648776336411242 1.1636745148752465 1.165012078334382 72.87 1e-07 0.1 512 resnet34
0.5241921767621086 1.2748954549518599 1.247572976770285 1.2720183560528155 1.2154414122677328 1.2761943330434677 1.2913349954790754 1.2750955702286497 1.2881633798701224 1.2651171696071497 1.281620066153343 1.2848120142448918 1.292559518404508 1.2569396245663516 1.2727885346649221 1.264823137870868 1.2744926497848479 1.2676214183039858 1.2689039372570632 1.2689339312424714 1.2686044052543455 65.93 1e-06 0.001 256 resnet34
0.5241921767621086 1.1266960516619966 1.165375637874726 1.1749588944704128 1.1716949658705706 1.1568877884659856 1.1889139658635859 1.1800680072460192 1.161174914882833 1.1629836178495596 1.1483998599568226 1.156727552912145 1.1710148631359107 1.1562174158146137 1.1653203819472062 1.1600117435965034 1.1594506939607114 1.1675427679011436 1.1610451521407885 1.1717134686093775 1.1678783135058337 73.39 1e-06 0.1 256 resnet34
0.5241921767621086 1.4018397700729954 1.3927062666484182 1.370976149931827 1.3338233079041257 1.330381264556061 1.3243725538517426 1.299048264548893 1.3372446745689022 1.3706437404870697 1.3410182709267193 1.3787562445565262 1.3620541010589795 1.4408850708612875 1.4251297503614038 1.4336063111173658 1.3982350101719143 1.4356177220649098 1.4371309807918358 1.418251570218934 1.4246438685357135 54.02 1e-05 0.001 1024 resnet34
0.5241921767621086 1.1306828456524602 1.1931551718961417 1.1457194797384125 1.1490565764259215 1.135060676368542 1.1706323996199202 1.1390331381840944 1.1546904127933912 1.1335388522568355 1.1513089183833514 1.1444344904408934 1.138693255465813 1.1573610757932178 1.143619291304207 1.157157587432196 1.150403117523849 1.14244675967595 1.1449013692491494 1.1513522566765015 1.1465259839501565 73.24 1e-05 0.1 512 resnet34
0.5241921767621086 1.1888651299236672 1.1285666420564018 1.1773182713939692 1.2010571426287846 1.1729758225614058 1.1787970635848775 1.164269688122146 1.211589460509415 1.192538031043635 1.1774988894001281 1.1764990239506896 1.1840030373434918 1.1804926563970612 1.195857975497841 1.1880221300335099 1.1874175492926202 1.1820853530414792 1.167784600855744 1.1885664799508298 1.1788653618002132 72.17 1e-05 0.01 256 resnet34
0.5241921767621086 1.1432892962045893 1.1855333563078922 1.1686239074594376 1.1684126008745723 1.1401965871088036 1.1710134387248 1.1641423442416126 1.1706909344443501 1.1483365416326778 1.1557613365753017 1.1784937312046813 1.1717223164136448 1.1669118009199366 1.162016451750708 1.1641014850705564 1.157201068692911 1.161921345566613 1.160549273373806 1.167427465980005 1.1601288492328408 72.31 1e-07 0.1 256 resnet34
0.5241921767621086 1.257685958588472 1.167779966051519 1.2399314514862056 1.2472476591141701 1.2103277422048153 1.2135918009066042 1.2697387001097775 1.2251235840318047 1.2313644404235904 1.2465981215259803 1.230874472560059 1.2248864174853207 1.2360372380495652 1.2211580962282351 1.2367752333302182 1.227052744154479 1.2262242503447613 1.2271596355045238 1.2292881348985762 1.2299649414448945 69.4 1e-07 0.01 1024 resnet34
0.5241921767621086 1.2015112201440146 1.1877226373821173 1.1851516394572563 1.1935544468576893 1.1915004267124427 1.170993712066288 1.1709558956747206 1.1964807187479207 1.179274899350659 1.1843030744797787 1.1829471421411792 1.1894962084416694 1.182133048516433 1.1837169192350396 1.182465474986282 1.1836427160813436 1.1770741906539133 1.1808889921069348 1.1812507527453073 1.1830608233242736 71.79 1e-05 0.01 512 resnet34
0.5241921767621086 1.4351263301434216 1.4017833499580366 1.2911870797136953 1.2402445346524003 1.320878998711186 1.3138707373655512 1.315020947038977 1.2755151755801986 1.327962566353325 1.3939393903070019 1.3983130622659499 1.3510808273268782 1.37150726378441 1.3200417055361402 1.3435064277753432 1.351749081442604 1.328443490080802 1.342567312697969 1.341050730231776 1.3455432912542384 60.0 1e-05 0.001 512 resnet34
0.39359574240078077 1.1773378460591564 1.1747833061963522 1.181986509985398 1.1487811711390135 1.1581526786706964 1.1444858183918816 1.1921019709066432 1.1580717732763768 1.1459422161343595 1.175081851287566 1.163025972490333 1.1902376138334614 1.160627744439463 1.1955688782506995 1.1735165723839343 1.1695696312432196 1.18328979984038 1.1756060331214393 1.1660268069964685 1.1708872474503205 71.45 1e-07 0.01 512 resnet34
0.5241921767621086 1.16804347635411 1.1447007224962333 1.193294288065409 1.1500297040802272 1.1971905241118 1.177068243381763 1.1459773574761045 1.198698338862051 1.1613590566637502 1.1569625040963523 1.1734278130898024 1.1659322860594863 1.1720965624191566 1.1741850130765434 1.1676701839678396 1.1691880670415982 1.1687228570358332 1.1634974838811711 1.1649443507674926 1.1641419531897303 72.65 1e-07 0.01 256 resnet34
0.5241921767621086 1.1298859285593437 1.1544173709890087 1.1907826176081522 1.1455958931065964 1.1716935457812032 1.205294550666941 1.1985175748206003 1.1468676784866476 1.1887131918797724 1.1871413134243611 1.1837364399515047 1.1924878828557857 1.194044035692044 1.2030748344345377 1.1945203265946371 1.2027531063828218 1.1929086391909016 1.1927865456780922 1.197694457923924 1.1953701593491524 73.1 1e-06 0.01 256 resnet34
0.5241921767621086 1.4122420744663784 1.3192525374377775 1.3077867198541535 1.2969098926097828 1.2937428704671579 1.3007228762320324 1.271418114294209 1.292060473014787 1.3063261794642855 1.329701147130377 1.3567452639275503 1.3139826318336796 1.3256724267282873 1.3602850603100305 1.3489168282411854 1.3339514752973227 1.3370063437928785 1.3311900080522805 1.3307630584593932 1.3368790643586517 60.58 1e-06 0.001 512 resnet34
0.39359574240078077 1.428891940060175 1.3226716970056887 1.324497224570094 1.2985657056122426 1.3070477848648778 1.3443711724268368 1.332551665528311 1.3529783674281273 1.3825421561597284 1.3875163911433177 1.3834780588023474 1.3688902018014155 1.3602346977572954 1.3769824757458284 1.381909808876286 1.360561642318147 1.362571962750304 1.3771572941405683 1.366841030205728 1.3651951454057782 59.72 1e-07 0.001 512 resnet34
0.39359574240078077 1.1464794809086256 1.2059714636593803 1.154952194349336 1.158793638281443 1.1777300263121488 1.1700017504452631 1.1499482110863488 1.1424017247732052 1.1433851565845738 1.0915016339889723 1.1234770463079047 1.1220408098478454 1.12641252765967 1.116849514982818 1.1241284425069231 1.1199006242722789 1.1306522242183057 1.1180767993406036 1.105716030585213 1.102378999627551 73.39 1e-05 0.1 256 resnet34
0.39359574240078077 1.2496140628412769 1.1663821575695397 1.2162347593676806 1.1709934419360073 1.1836581033883653 1.1942091287280858 1.1999293548252985 1.1890723357167154 1.198617589448865 1.2034663601791569 1.1989219851501085 1.210498008587 1.2039252365005304 1.1925863340088183 1.2018021133045074 1.2094239724285802 1.2111144636048938 1.2083879745667734 1.2056063337235206 1.2083157483628149 71.08 1e-05 0.1 1024 resnet34
0.5241921767621086 1.304007570951547 1.2183099922340608 1.2514423241427517 1.2470272674268592 1.2850196614228913 1.254418299077399 1.2711201843600444 1.2800493973459637 1.2774749932916705 1.2683054295360443 1.318267291924498 1.2769086668846183 1.2750260707297247 1.3006790813779032 1.2948967217824205 1.292681615350007 1.311654716341059 1.2943619662832722 1.3106142481193759 1.2982317983086498 65.66 1e-05 0.001 256 resnet34
0.39359574240078077 1.2452301881611745 1.1623957589281857 1.1402416965113071 1.167249413657355 1.1263927717233537 1.1895616463456742 1.174114843256926 1.1622084105715522 1.1507938458592901 1.1683496176897037 1.162847001086195 1.1729412875353808 1.1697066886087204 1.1658455523010114 1.186797350798226 1.182389309064047 1.1817818426689792 1.177592603105336 1.1720970737865857 1.1818402216064197 72.1 1e-05 0.1 512 resnet34
0.39359574240078077 1.1844807258257775 1.1508900566426112 1.1855228432140728 1.1707868569635516 1.1371799407756342 1.1353116104315972 1.1349302071666538 1.1767389930801466 1.155530654306289 1.1387650203826336 1.1241331441430769 1.1394133440680376 1.1469610571686386 1.1505980494463748 1.1555345369222318 1.1532288635237566 1.1495581891883468 1.1494310578615525 1.1462716895116736 1.1534488452868452 73.01 1e-05 0.01 256 resnet34
0.39359574240078077 1.2060499895743733 1.2109278842817506 1.1430942725191693 1.163634007847953 1.1512710268779263 1.1202919086526693 1.1520872764029617 1.1196156213977588 1.1427688139543744 1.1278004164416795 1.1297384699157402 1.1416614669230711 1.1382662397681178 1.1386506649167145 1.1291553167534234 1.129664000074063 1.131188467809978 1.1265191124351175 1.1295868680603651 1.1256842959154287 71.97 1e-05 0.01 512 resnet34
0.39359574240078077 1.1896197495664695 1.193519433089224 1.1204707420654423 1.1544733439126578 1.1653278150515907 1.1293047922674946 1.1327595522461837 1.1648194237049694 1.1806212245807302 1.161794688010542 1.1513415277202528 1.168389916627447 1.1683443064960004 1.1578962695046684 1.161668448910553 1.1594220531857526 1.1586327822177274 1.1620097537718106 1.1641372283209543 1.162699742542125 72.79 1e-06 0.01 256 resnet34
0.39359574240078077 1.1570586995942327 1.1466662606378875 1.1395747220268895 1.1124779804658784 1.1302275241609492 1.1264013029722812 1.15405873693007 1.1284469589678294 1.1284484325297404 1.1108622104696466 1.1023955919910515 1.134086150365816 1.1206953460775224 1.1400716124841421 1.132778773700575 1.1250748575113056 1.135716424523536 1.1416108862335146 1.1262109873187227 1.1297046488556035 72.25 1e-07 0.01 256 resnet34
0.39359574240078077 1.1870081010365936 1.1390481562593846 1.139695354773886 1.1192086475263827 1.2052620270671786 1.1996171725025084 1.1959474253311062 1.189149342163278 1.2033363337344243 1.1678496501603721 1.1762272144421353 1.1699958495029104 1.1792165037226119 1.1735526541908368 1.1789343227390048 1.1833766306851417 1.1806285493922468 1.187755869643899 1.1831389303919695 1.1876875913517195 72.49 1e-07 0.1 512 resnet34
0.39359574240078077 1.2263597204517525 1.2749553107839624 1.2211407375128096 1.1722499048570638 1.24214204348441 1.228948971988017 1.1992190623396441 1.2156928059974752 1.2434470656474885 1.2151109587219229 1.229136332715341 1.2682725993709327 1.256602307954152 1.2390516783918086 1.2483664116690538 1.257066154986667 1.2398084180964979 1.2450753316827032 1.2391656923337977 1.245704909071916 69.7 1e-05 0.01 1024 resnet34
0.39359574240078077 1.1774494575693741 1.1961737497202256 1.1589248251711677 1.1818804927377304 1.1454994475382063 1.1711128621981601 1.1307104427000185 1.148320546132771 1.1343872197890446 1.144234722944736 1.1245006166935678 1.1382903362764951 1.131960828699965 1.1215207376562026 1.1327793289709376 1.1351953345498011 1.132693353131036 1.1339062389860832 1.1357690075243467 1.1406393839691913 73.12 1e-07 0.1 256 resnet34
0.5241921767621086 1.422267983314174 1.3608545670892014 1.2905056923376765 1.2999665503901447 1.3022611214270068 1.336365975243969 1.3348995324085642 1.3834271713764899 1.3308102899219107 1.3594107624420582 1.3811339888567074 1.3842192412092627 1.3952053683387262 1.413230655879745 1.3773078384354167 1.3848806154268178 1.393103569195506 1.409444948242893 1.4141721817020994 1.4024569092651171 59.94 1e-07 0.001 512 resnet34
0.5241921767621086 1.2405154677966324 1.2719570281535917 1.2226026028986843 1.2325502033895344 1.2665995143455786 1.210351929699394 1.2660418035153465 1.2352237812009155 1.2377678439449933 1.2592205698425636 1.242569230794014 1.2671172300709632 1.2812448365804583 1.2752103365870162 1.2673598043348873 1.2490046555839447 1.2562763218345885 1.254162590694574 1.243722498526258 1.2453339566500836 65.45 1e-07 0.001 256 resnet34
0.39359574240078077 1.3054926665617281 1.2805173584125282 1.2585157777275517 1.264123408088646 1.247217553854411 1.276313054478525 1.2736616516390962 1.2784396105711842 1.2654651854053311 1.2812092860111444 1.2658992621101142 1.310748793047945 1.2754789741970274 1.2848252381905403 1.2789056605405653 1.2733099247931547 1.265964402182352 1.273639306084742 1.2568722624597677 1.2645232856950073 65.6 1e-05 0.001 256 resnet34
0.39359574240078077 1.3860133011281903 1.3600826256578873 1.3708185860564208 1.2708677625865192 1.309026442350524 1.3648272702797275 1.2759526510507808 1.3135721760440506 1.338024232463455 1.329661904506064 1.317780892609679 1.315848766158997 1.36398693256635 1.332215325105626 1.3164886433334788 1.3280729901567847 1.3248751552516118 1.3325604781285765 1.3339606372138717 1.3333171736637472 59.49 1e-06 0.001 512 resnet34
0.39359574240078077 1.4451758664982055 1.3352593565872135 1.30658138829353 1.3472013987127145 1.33947218716534 1.3493947457683304 1.27303638109472 1.3894040822050153 1.3389311130476407 1.3444667073348178 1.3525323913144682 1.3729467962307786 1.391465312805233 1.36212150344771 1.3678450606809034 1.3645408712879867 1.3662474624320051 1.3621412139264413 1.3516363339721251 1.352566821913812 59.97 1e-05 0.001 512 resnet34
0.39359574240078077 1.3679086214455298 1.2521805483041621 1.19973675113461 1.2432685113863622 1.2219413756304547 1.2698957586315054 1.281676042665028 1.2798550303158853 1.2705078979190503 1.2832212277330293 1.2820977462890855 1.2690970635804169 1.2930351003184704 1.2760350144326456 1.3006506641570172 1.286673543641684 1.2879394039865384 1.3009454589288891 1.295794150952513 1.283014486038233 65.66 1e-07 0.001 256 resnet34
0.39359574240078077 1.3242806383414782 1.2578663549544444 1.2039028700036845 1.1930745361098694 1.3305177922218865 1.283188502188008 1.267086268437507 1.2577806958764222 1.2845668555484286 1.2839067262982065 1.2634929616301542 1.2778145674250458 1.2726571667111533 1.2702543477284254 1.2817430710775182 1.2670911100762605 1.266442899079204 1.2694131757971037 1.257729265190928 1.2640752596593805 64.83 1e-06 0.001 256 resnet34
0.39359574240078077 1.1699296902945149 1.1744931417043458 1.1606756844357746 1.1342601052491244 1.1382637940598923 1.132343453199774 1.1345707045293927 1.1263476009315487 1.1170693353725074 1.1051830576218162 1.1384950409872205 1.138509352973719 1.1410779267018767 1.128002257411272 1.127000760314541 1.1296499714564354 1.134054963588888 1.1308822443118118 1.1296735196687495 1.1288042408049581 73.17 1e-06 0.1 512 resnet34
0.39359574240078077 1.196427920240482 1.1548783972036727 1.1555817222491458 1.1164371332209497 1.1585545281317444 1.1420632532346426 1.0919429463694443 1.12056067223225 1.1089059909776917 1.1136550591465753 1.1263114618551149 1.1189513130253446 1.1085606754727058 1.1115939964709647 1.1063708580097549 1.1004475824669633 1.1073317924340003 1.1064667993187935 1.1099159125131934 1.108538751009835 73.28 1e-06 0.1 256 resnet34
0.39359574240078077 1.2076274856614118 1.2135343534059195 1.1892906053171202 1.1641487093331417 1.2011583165923492 1.1823672480640501 1.143850973454367 1.1435577414155462 1.1685186896538875 1.1378162822757334 1.1406654017944022 1.1336956158660996 1.1265851654192434 1.1345122380467387 1.1451172208315301 1.1354476026614373 1.13807499852977 1.1347252562668515 1.1366561353341729 1.1415286045155444 71.67 1e-06 0.01 512 resnet34
