0.030779752630919442 0.007701810630340429 0.04471745883429387 0.029437638481699745 0.026569921499858217 0.02611056234903928 0.02165550228040276 0.015565947979249267 0.017944775005547347 0.01522519675879045 0.01684377696406757 0.01360867507624617 0.02147195410476044 0.023829640920047575 0.023271171235203402 0.023159609644193217 0.016739898527108804 0.02020462063132256 0.01876056273324195 0.018927789538886807 0.01955455482505077 82.49 1e-05 0.1 512 resnet18
0.030779752630919442 0.01716558518813853 0.00828573025772837 0.04213812381429639 0.014669724487688574 0.01087831533247532 0.027074574458324348 0.01958620958288882 0.015648198689426403 0.01029830250492832 0.005510799280869728 0.011836508501223898 0.015275245111322087 0.006923469670899614 0.018389028091863078 0.013532331386795158 0.014543656938631546 0.012115811787922006 0.012549115258622038 0.012112117708966287 0.013361930349703077 81.65 1e-07 0.1 512 resnet18
0.030779752630919442 0.028790832743479763 0.03148978956777557 0.02655251246394146 0.0327948995074028 0.020862623876720447 0.026423429633288763 0.01719246184548364 0.025929779467318063 0.02936482145757755 0.014289818540121313 0.027914818389883314 0.021994935624452126 0.019039812228923952 0.019559126769612627 0.024758695219082593 0.01895404579565721 0.021493857973612637 0.02852315752895323 0.015995211117219375 0.027382178615376923 82.54 1e-06 0.1 512 resnet18
0.030779752630919442 0.009220178315373964 0.0033593221435960154 0.026582985041390672 0.04241556764562552 0.02798925184669491 0.044698738432470735 0.030950346146240593 0.023488503707181755 0.03393912865646628 0.025371677994980458 0.02357142858179595 0.021745188103932472 0.03304064363767025 0.028575724320284036 0.02832949919035173 0.038152158177863715 0.01760456368564719 0.029041168255785996 0.0300710727372273 0.031573250266710574 84.32 1e-05 0.1 256 resnet18
0.030779752630919442 0.011791479101147362 0.053097620901577304 0.04496043644586728 0.05974397278562971 0.05682495833720275 0.04995357693592973 0.04601135262998438 0.04181371415603949 0.04211679573393406 0.046000335394671306 0.04386725192654372 0.04111118824616064 0.0466503753516482 0.03773520025119749 0.04663868982722038 0.03907855381204113 0.045859503561613814 0.04115628917290339 0.04270424022121876 0.03273058530986166 82.44 1e-05 0.1 1024 resnet18
0.030779752630919442 0.011701805925125599 0.013412749061674067 0.005269079614313803 0.009152021850796735 0.01893199242032151 0.021327546935784144 0.03227234078044082 0.029582891180257368 0.019025724496296748 0.029668619606431395 0.02724651420080175 0.019594628451254478 0.030334358575784356 0.026238319675281965 0.018221761404736983 0.013114476315155485 0.016421536726380498 0.019159812052073618 0.018691085085123446 0.02135912841437471 84.19 1e-06 0.1 256 resnet18
0.030779752630919442 0.006589556806830627 0.012128377616837532 0.014036767798021548 0.018556863803414727 0.016190761345996705 0.0 0.021321549653997605 0.016954923188252712 0.005541440047876715 0.007540413704598792 0.006410354778811555 0.01085929013278637 0.005510799280869728 0.006534181947937018 0.007827077946912297 0.009289973046809985 0.006756655409120238 0.0007788250941109637 0.01628440722876953 0.0053124550227590635 84.28 1e-07 0.1 256 resnet18
0.030779752630919442 0.010532901161920056 0.029389135663689656 0.01827036939950188 0.02459142791571204 0.019025563297263157 0.019558404687502487 0.02367880421645262 0.020015461798150103 0.02221161275392639 0.022942469493484483 0.026745933084949772 0.019072625030424208 0.020851806241810666 0.01444350945775744 0.021088288910940757 0.015661428344025608 0.015891614448150418 0.017194358307992475 0.01603984285185337 0.018283861805717116 82.12 1e-06 0.1 1024 resnet18
0.030779752630919442 0.017695377399623288 0.03397609057687457 0.03210226678315088 0.03629799484065977 0.03602997538032 0.026180889809191664 0.025205920516097855 0.026253914559042232 0.026137836375426077 0.02501482305209884 0.023928894268441126 0.02552212958292659 0.025412023079327318 0.027331933673346066 0.02498395132438459 0.024976568293028495 0.02502024530994518 0.02374088040659942 0.025826288688892012 0.024543902496492614 82.21 1e-07 0.1 1024 resnet18
0.030779752630919442 0.04023348309731811 0.047420928639855614 0.053921990141839925 0.041724563087896786 0.0399172864035593 0.034776226924761254 0.03289901901103982 0.033466405167424926 0.03284117502386015 0.032617472792969456 0.04306006287218281 0.030907737462569588 0.036490966185744156 0.035619934591728415 0.030249270110148364 0.039547372606904344 0.034189142846978736 0.029351537966381666 0.034561904721569406 0.03426859007839148 76.58 1e-07 0.01 1024 resnet18
0.030779752630919442 0.02093316626009029 0.037101324493018166 0.017535715408766667 0.017548368798810342 0.015910983665354685 0.016095931786734134 0.021697426711522177 0.020220303059540992 0.02446701640358505 0.02322133313638467 0.01894007452119676 0.023139481833037802 0.027407358611909585 0.02374969496236817 0.026059161548830288 0.017912211972574598 0.02327245863136621 0.02028322766130522 0.024158087823208524 0.02309856131589303 80.43 1e-07 0.01 512 resnet18
0.030779752630919442 0.010367833569508307 0.0007788250941109637 0.008493457528947024 0.00832913376556259 0.00672220863513385 0.014178454975460532 0.0026898373166761164 0.004772846151144599 0.011318623691973624 0.02414813224275097 0.018960838154901308 0.005870244384726644 0.009610909025393695 0.006632181893599891 0.010252737692638602 0.004049634850639385 0.0024050910155399823 0.0019942321368133977 0.007767373015202258 0.007222706762952788 81.35 1e-06 0.01 512 resnet18
0.030779752630919442 0.03972010458548304 0.0484643251842636 0.045974923827518374 0.043255894705237455 0.040240058958303584 0.042211034423402384 0.038777718214870235 0.0385881252214211 0.027775195627168035 0.030529562573624592 0.044467193454124254 0.0474488775667147 0.04691681720944194 0.04843544882086667 0.0472963070361088 0.04489004331037713 0.04640030362894313 0.041501328519463365 0.0441615635110319 0.0456769649459431 76.84 1e-06 0.01 1024 resnet18
0.030779752630919442 0.014874775174230423 0.005397056532437053 0.011867834068902851 0.018890599709005924 0.0140900394750191 0.008187782088346364 0.019783586892537536 0.012625309414464238 0.012940796970692779 0.01755219472992099 0.005927252220002399 0.016099874990014813 0.0122234048115912 0.013429041233594228 0.01845304201261857 0.017053290479662243 0.013935789500427141 0.013783290781440614 0.023584033093853915 0.014533749861974905 83.59 1e-06 0.01 256 resnet18
0.030779752630919442 0.0626382170102985 0.040515914227795775 0.02970144080675664 0.03527325234320451 0.04253161269080942 0.042725617828910024 0.03247891704078152 0.029551165928799698 0.05126546812369478 0.040132467793783204 0.03395182862662415 0.04717485290076122 0.029275444947733688 0.03376704726656745 0.03230327237948903 0.03348166285945662 0.04202648991826703 0.03934775324538476 0.04779264720396517 0.05094267041009738 83.25 1e-07 0.01 256 resnet18
0.030779752630919442 0.04851230827367361 0.04214100476248252 0.0412597732904257 0.044078186950959705 0.043811198758164666 0.0435086930085832 0.04548054198876386 0.042922581346983624 0.04577422811661425 0.0492661774420985 0.046208926304954615 0.050165491837300465 0.04921777318995071 0.046934203420202936 0.05228603060895251 0.04672827197763433 0.05373020017985461 0.053225355345400516 0.04326730733844061 0.048693760317104304 76.21 1e-05 0.01 1024 resnet18
0.030779752630919442 0.033950822575828356 0.014630634218828462 0.02836609039226528 0.02156719690678983 0.02906271725880018 0.01793722787978225 0.025854456438612426 0.01921361789376934 0.028859868946617243 0.015716822015923768 0.031658250185988286 0.016022320167101888 0.016288332786191878 0.015040086324757031 0.019701490112610767 0.022681385846973066 0.014541183405924158 0.017554233250935178 0.011241004811644447 0.01721641666633375 83.73 1e-05 0.01 256 resnet18
0.030779752630919442 0.046947781456057595 0.09934792463160295 0.09310178297045324 0.12467295150280375 0.13658082544787248 0.12166516845243422 0.11397504806387879 0.09926468059329017 0.09710617571241315 0.1153959187136571 0.12119402395308562 0.10244607142956756 0.09571925915420841 0.10182012477967861 0.10930820845395997 0.08620712752074872 0.11051047808956721 0.10368995875341454 0.1038133847643879 0.10768818472717287 64.45 1e-05 0.001 1024 resnet18
0.030779752630919442 0.015934707265875824 0.0522138123289075 0.029596264733224215 0.030109175386498363 0.026881914587395906 0.027466630560587273 0.024822082388995595 0.02713337016611799 0.031627020745059894 0.03144196306034111 0.028564553823306662 0.029979925160547104 0.032680685942988924 0.02676400225731861 0.03635319787049294 0.03505048755202319 0.02811659287946048 0.03022143978666861 0.0277760416169369 0.03321236936379371 81.21 1e-05 0.01 512 resnet18
0.030779752630919442 0.06386224519928624 0.1110467909456092 0.10759795194532075 0.11652772963006264 0.10771696400871439 0.10844958112802233 0.11220124173805594 0.11056638034979763 0.11192343021692568 0.09821455723311802 0.09784438830257099 0.11165631640637866 0.100185879002356 0.10046278707364113 0.10916693923795011 0.10013225038928068 0.10892501248246261 0.10311474183827549 0.10362837807799458 0.10605423127079465 67.09 1e-07 0.001 512 resnet18
0.030779752630919442 0.0452350223236568 0.06194076898203629 0.14045657135231795 0.12098403875298491 0.11712757961036818 0.13063703123191847 0.13284759717339958 0.1141975099673759 0.12052132396610948 0.12886735565432736 0.1333328061209549 0.13179871324062514 0.12459411637241413 0.14485909919992784 0.12030791742136186 0.13357978054780872 0.14084011500574736 0.1386683934938377 0.15081853384056806 0.13984251333478093 64.25 1e-06 0.001 1024 resnet18
0.030779752630919442 0.07918933996919686 0.08449002596970823 0.07380298441448976 0.08045929981652084 0.06580918811864313 0.06914487760140832 0.06254839034237512 0.06393416577997935 0.07316714341220056 0.0721309120003161 0.04437307166147989 0.09905238290004992 0.069350363829173 0.07956538136114599 0.08500242482288989 0.10165152678173993 0.0659427944000662 0.06665524736508555 0.10605425081662417 0.09036688064805137 72.13 1e-07 0.001 256 resnet18
0.030779752630919442 0.075204547717726 0.08680612604703931 0.06893608172490813 0.08085477027361854 0.05486459970485418 0.08190495380633653 0.06881724285382218 0.08490842402119796 0.08176085783432814 0.07730205024118669 0.07298418638825913 0.07634085522228058 0.07984023819315389 0.09066013807855892 0.07591505996160888 0.1022408349668364 0.08110077415765278 0.08150917749273877 0.08887062331705646 0.0874981502636264 67.17 1e-06 0.001 512 resnet18
0.030779752630919442 0.04680760743118492 0.07186570502358823 0.0892777101849041 0.12468670169452765 0.13602056898279025 0.14662025563179415 0.1388213786069765 0.1487072493726045 0.13231363419182576 0.14732891925309333 0.14541190416557748 0.1438460622536634 0.13992701037715297 0.14348183609046333 0.1465273300424243 0.14297967313986418 0.14289027668987841 0.1499713094273804 0.1464301796714368 0.15103513619565864 63.82 1e-07 0.001 1024 resnet18
0.030779752630919442 0.10253565074653355 0.075858808861697 0.10100301466790192 0.11885883430075406 0.09491621407508849 0.10755051082214034 0.09464346475373515 0.08737454596353768 0.07746187087441292 0.09533823615223308 0.09430407494561276 0.08326475312216411 0.07763621962301004 0.09906071434933111 0.08650417774062735 0.0935599699534188 0.10423183066445574 0.08778544716915546 0.08233150145068066 0.09516662602438021 71.99 1e-05 0.001 256 resnet18
0.030779752630919442 0.0659490775156834 0.06621935109240676 0.04666772222318837 0.05603962089434779 0.059594209839339024 0.06717431935619639 0.05584436227177437 0.05517010620161173 0.051698010620782185 0.058750278708463034 0.04168225384519305 0.05309115894378 0.05387077598260925 0.05756201027203435 0.056866330833965896 0.058286515797265306 0.05010933657320381 0.041420010048435894 0.06170379308521223 0.06424269389421271 71.02 1e-06 0.001 256 resnet18
0.005929533174474744 0.02810057352768077 0.024406842617742272 0.0045215419026756395 0.0022696752250060447 0.0 0.0016794414773417298 0.005730569171314204 0.006859298002523728 0.005205063844754989 0.0 0.0 0.0 0.0 0.0 0.0 0.0015576501882219275 0.010582335061554515 0.006929471672244783 0.007145206937168872 0.004419898225289793 84.62 1e-05 0.1 256 resnet18
0.005929533174474744 0.02195846308944666 0.03277846098411411 0.030138588617120644 0.027144968960472658 0.046801808194329976 0.03552556427975564 0.0406240167601056 0.039790982567758475 0.04779472937096051 0.0484918854544911 0.04111504049024426 0.041291922908024976 0.04064705951779905 0.04108055066816279 0.04073339357821126 0.04866178737519856 0.05036768991192303 0.0468409362627532 0.0401883257346465 0.04111708770025323 79.41 1e-07 0.1 1024 resnet18
0.030779752630919442 0.11847041155787721 0.10653436115503029 0.09609872133802913 0.10208365690694925 0.10169117220904055 0.1137967031776352 0.07259885314485853 0.09145343923116822 0.07633539465552862 0.09445166280121761 0.0835249529510166 0.08030003783085143 0.08695466685289789 0.07566753574122848 0.07559543837677181 0.10841078668019488 0.06905566911460442 0.09002940000565694 0.09606912729723117 0.09815351664101915 66.63 1e-05 0.001 512 resnet18
0.005929533174474744 0.007577851617222049 0.02268096406784435 0.018442522276930343 0.03180228604011736 0.028285557879618162 0.0268278583578625 0.024885476623882404 0.03416337690141043 0.024159586733834382 0.017812105080244486 0.019914714560369372 0.02536338870081166 0.026280704529824134 0.025706662525446945 0.017279260565383016 0.022391751745527523 0.026697904528887654 0.024297579365289465 0.02335622147764663 0.02062158936485138 80.86 1e-05 0.1 1024 resnet18
0.005929533174474744 0.020319708004719828 0.0 0.009694645475632403 0.0007788250941109637 0.0 0.0 0.0 0.0 0.0 0.0 0.0 0.0 0.0 0.0 0.0 0.0 0.0 0.0 0.0 0.0 80.96 1e-06 0.1 1024 resnet18
0.005929533174474744 0.027635093113842414 0.02575870974186547 0.029940430078203066 0.0351797661385009 0.02867562695758706 0.011061287799816745 0.033134499973323135 0.015625217681760305 0.015518296640017809 0.024405767770964336 0.03822012425875007 0.011487000165172718 0.011489301969958041 0.02484326782584832 0.02468766139378509 0.025240534747174567 0.026537452707362127 0.020865049460122406 0.0077655947069960604 0.014740232739371608 83.87 1e-06 0.1 256 resnet18
0.005929533174474744 0.01660822623671435 0.042404499311991334 0.028598619958756157 0.03703880925712774 0.030715318594366305 0.02550540861979303 0.028897776716827823 0.033797692541472045 0.019147695062336868 0.032740755702369444 0.03205344448153952 0.03175220222205944 0.031134208362139787 0.03471493349279107 0.02325073721906131 0.024970906766173053 0.031033829440408767 0.02614563865606266 0.04294523908208592 0.031126415481035483 81.34 1e-06 0.01 512 resnet18
0.005929533174474744 0.015988030241271822 0.02470615570724697 0.011653756768533228 0.014452268597908206 0.015315904651322966 0.020632222331261038 0.02399820783599492 0.011485833260629921 0.023468164262988967 0.022173650643592183 0.018780887032671098 0.011387134203237493 0.019623386179319684 0.014509221366827524 0.013400311218105032 0.014142993190485604 0.014359223415038787 0.023369483020731285 0.013904386747649196 0.01981588538688697 79.36 1e-07 0.1 512 resnet18
0.005929533174474744 0.0 0.0183910612866473 0.016048233246649047 0.021916779274052587 0.03263632783039605 0.022878039482444316 0.015965877649693417 0.034887650024764676 0.024535154706407027 0.020849811732385298 0.028256879635449178 0.017575264954282212 0.009697234787039113 0.015052880404914966 0.0143370798925414 0.016396822808943404 0.02256557426268112 0.022454063534770835 0.025518778522769146 0.024202247742569707 79.14 1e-05 0.1 512 resnet18
0.005929533174474744 0.0239592682371313 0.017684801797213674 0.009378346218094273 0.020539821986374305 0.02925546654072483 0.02869763090631389 0.043490943634954426 0.022970912478592384 0.030742819269129803 0.038523862790958846 0.034946990282520816 0.039875565933039696 0.03504354890199376 0.02670849514135454 0.03663068665011027 0.026242528367161667 0.03239465958482425 0.03563479581102038 0.03510659262529908 0.040180480793162804 80.13 1e-06 0.1 512 resnet18
0.005929533174474744 0.03389703444963008 0.06891534098125676 0.05039223482793562 0.051736819044828596 0.047721043570321246 0.04242504818335486 0.0370630121682974 0.03716390186459502 0.049860601486757465 0.04803613073571048 0.038754950629531555 0.04629778453499332 0.03779253257915567 0.04740734986925573 0.05016752025853934 0.04585323275745377 0.04852004229341106 0.04095101725972858 0.0397379784231836 0.04714290605319731 76.81 1e-05 0.01 1024 resnet18
0.005929533174474744 0.03149110217452525 0.02964125679437885 0.023693829837728785 0.012834266446141916 0.023053162017361576 0.019060036722950018 0.016861425931024288 0.01741641987371548 0.02109888074355458 0.007233757251522466 0.006899437584583995 0.012021487694454776 0.016875079323159604 0.006881388137135885 0.02077217839837253 0.01687251540116938 0.009020738925807507 0.015671634798025066 0.019367013612936388 0.018477696518567833 84.22 1e-07 0.1 256 resnet18
0.005929533174474744 0.11686385322624933 0.0960355825639874 0.08687514966924922 0.1238872481261527 0.10916408061025576 0.11439676875315984 0.11410055861690022 0.11050717376956175 0.10227280969719446 0.1201874113093154 0.1264902850084042 0.09845422916554475 0.12260803656292653 0.13502399236423568 0.10532462157647388 0.1107643267783972 0.11136034667513053 0.11540466726211729 0.11214900762300982 0.11208784886681088 68.37 1e-05 0.001 512 resnet18
0.005929533174474744 0.05396546784719438 0.041205220180433336 0.09751009650227493 0.0809290979414384 0.08847955710494498 0.11683343789896783 0.11148254301411985 0.09716331418377294 0.11333397669660729 0.11430481452237853 0.1151380737958159 0.10550726254977998 0.10603799143367602 0.112980035949444 0.12241942198716453 0.11421287262511949 0.11325571001270907 0.10938835092986395 0.11784549775894018 0.11421408526979074 64.42 1e-05 0.001 1024 resnet18
0.005929533174474744 0.05731324847747252 0.1042579141582608 0.07289755385686783 0.09737424473275368 0.09176142454173578 0.11300200940846733 0.11905936004854617 0.10927514945458966 0.115743799585832 0.12149160389192876 0.11404808857552261 0.11944681746133012 0.10858562576473911 0.10874024111631542 0.11077694686757678 0.1107676697576624 0.11998424367681365 0.11428463246286626 0.13952514043694791 0.11564706547682489 64.63 1e-06 0.001 1024 resnet18
0.005929533174474744 0.08224762600304009 0.012679049354535819 0.020069240409487755 0.018620209360667765 0.011213211753917863 0.01074407790901175 0.025764461927896186 0.020539965976303077 0.013953074179899404 0.023138095257095807 0.016532233476239194 0.018738875189456848 0.019740135977189904 0.017432300590527514 0.017399529550386456 0.01673536109892579 0.015212351601820849 0.01465566745370685 0.021308498358289713 0.01767051689182131 76.7 1e-06 0.01 1024 resnet18
0.005929533174474744 0.03734008358403305 0.04911307935618237 0.05583325569032234 0.03783754170736355 0.048100301713633956 0.04757367740476817 0.048134865225317264 0.05335159996951183 0.04614540471570667 0.047234436755745596 0.04789872964968782 0.04731167219531114 0.049911971573366916 0.048661222165616136 0.04089620172206602 0.04780594396467884 0.05058992583120411 0.046801874777070186 0.04954531431056394 0.0466009395629544 76.57 1e-07 0.01 1024 resnet18
0.005929533174474744 0.07547461889066603 0.052307863528061105 0.03718557245676391 0.03429218427241279 0.030330743909261795 0.041641308128806315 0.03834394352117068 0.03281127645761894 0.029129197729605955 0.03246058059206145 0.04306073971652601 0.05644842331888412 0.04614342911247368 0.04514752221763516 0.05731542307301035 0.049736234740048776 0.05064829596793861 0.04783140845227015 0.04704202379918346 0.04756727881954543 73.08 1e-06 0.001 256 resnet18
0.005929533174474744 0.06466180242566383 0.09190494197239538 0.05893977176473515 0.06676556693579239 0.05376627709258407 0.06331025408115132 0.06928523504929511 0.05591220599700659 0.06464728980873963 0.06716615128131552 0.07098944683274228 0.0666224465522752 0.054020961639149656 0.05483071140700659 0.05652369421523991 0.05391527564072419 0.07212744954095948 0.07077502119479112 0.06249179703770646 0.06251185481679414 63.98 1e-07 0.001 1024 resnet18
0.005929533174474744 0.05374425578954223 0.08848315926655465 0.08907542323904316 0.07341645489851877 0.09524165225206044 0.09106168710063642 0.09283376256720445 0.07265929598765027 0.1028953660442042 0.09094491054098235 0.09372475738377674 0.09342999595539898 0.09629489112333339 0.09424396248700453 0.08148830358613683 0.08990377991399995 0.06801823759156478 0.09183721221926139 0.08853904465883534 0.11303441490839469 68.64 1e-07 0.001 512 resnet18
0.0 0.054452491077165883 0.011254068100702756 0.031240953429579114 0.03162202584090826 0.019647640516174722 0.05077535975807337 0.053206772166038904 0.02624512053243438 0.03541661488226194 0.033130727248547175 0.028875572845943272 0.033517921160314115 0.022743446105666587 0.018424324187842258 0.018798042795123385 0.020700578666314123 0.041115859345536646 0.02289752813558132 0.0207347603159314 0.026449915139254473 76.32 1e-06 0.1 256 MobileNet
0.0 0.02383360166542075 0.028245688505150968 0.01626188266113582 0.0295444618870307 0.000874806003020141 0.03347676877447729 0.0180997214781532 0.013556008661490326 0.0252508453764446 0.025079487820375876 0.019507418598805684 0.003568430183883457 0.016629913988959317 0.022583743979916172 0.02378073274268607 0.018575726993089844 0.012749595861581163 0.01735738538200715 0.014761373658374705 0.017511847464427306 71.72 1e-06 0.1 512 MobileNet
0.0 0.04049210042307722 0.05221530753833394 0.05892510105881733 0.03628509097276133 0.050098708145920066 0.04217846126161752 0.026791753891346356 0.04137311870681641 0.03551785551316564 0.03293921587586398 0.03932189420286218 0.05987808126649577 0.040618913874484706 0.03833354257658533 0.04323181979213585 0.0516844133143827 0.0481549293078352 0.047479349213635745 0.04030812247485203 0.05064112189339711 74.07 1e-05 0.1 512 MobileNet
0.005929533174474744 0.03473927441715967 0.06576360997740276 0.10175067148658776 0.07700012756857716 0.07373376921224567 0.08635706894591558 0.09638502580104599 0.07595482156911529 0.07365786743362476 0.08525225938401182 0.0711602848148096 0.09215890619752466 0.08348153203031611 0.0909572244621511 0.08600980583234545 0.09974763864555204 0.08086093605572596 0.10872776115114967 0.0794395011587276 0.09244804357294333 68.06 1e-06 0.001 512 resnet18
0.00622374532605555 0.011537774190038066 0.0015404064763457933 0.016411636461961775 0.03127188460921904 0.02333889830264873 0.029432114870288396 0.01998350985233924 0.017097396202201312 0.00664064126564108 0.008987423961448488 0.013771086753770043 0.011549710515136015 0.01800754033702989 0.016735791097634723 0.015053937132836037 0.020866095653398028 0.019188860560694986 0.018012275251967608 0.0197058096994526 0.01662227303622171 84.85 1e-06 0.1 256 resnet18
0.0 0.02099489798029579 0.0770274209907037 0.02668789221664089 0.03436068074852971 0.01933990737528034 0.01658028402027866 0.019588825968883946 0.016360133247416874 0.015000228142053294 0.026705202322333307 0.017723062236942564 0.017925183470848975 0.023202631854740988 0.014555687290965685 0.017147164642340108 0.011728855118566538 0.018150606017904546 0.0153078747940108 0.022941252346554517 0.013837421233343063 66.63 1e-05 0.1 1024 MobileNet
0.005929533174474744 0.05860935683412314 0.1040726368112674 0.09490704274432214 0.10117994732542603 0.11272440787471251 0.11724426903463174 0.11832238409427229 0.12489194407948626 0.09758066637437089 0.13483334788683485 0.12137920527621267 0.1114220480526703 0.1383114364367129 0.1399335864531659 0.1147552789576095 0.13952656504892194 0.11676900899762767 0.13143680202810618 0.11064754723739434 0.11679567536871724 73.09 1e-07 0.001 256 resnet18
0.00622374532605555 0.013774690245242527 0.045726977081614224 0.04208475619933921 0.022528295585594087 0.041771622584970525 0.04777195864929228 0.021087001129863944 0.03590063359520279 0.029857570303903857 0.04126621240276899 0.03883286791800007 0.04051048360149041 0.038637242076877125 0.04539708606072559 0.03687850926920149 0.034784260938917566 0.04076760796582406 0.03648946748870721 0.038433767619980345 0.039012916035001316 81.08 1e-05 0.1 1024 resnet18
0.0 0.03157311690070241 0.054553138203719244 0.02251805187710168 0.024232916860553715 0.028722028116953888 0.012559406149745848 0.01754337055359467 0.022714876425410244 0.022089338416347148 0.01536055851761539 0.008766819404641295 0.013136636791733354 0.012288915527437454 0.014848779734605876 0.015772422099218662 0.014912080741447087 0.018789453813862676 0.024480711129480956 0.01433821932275613 0.01027456746436794 67.96 1e-07 0.1 1024 MobileNet
0.0 0.033068089427418984 0.042721638785590516 0.058213691212550725 0.041380672293171064 0.04465622704680122 0.05640249342989449 0.056067774261885556 0.042819753826183894 0.03686096522019271 0.05186191900488799 0.046282986740913294 0.03272459990162409 0.05448360750675159 0.04985081850013211 0.05073745446753772 0.05373853786049569 0.05258726043361772 0.041295466884658544 0.05335062584865586 0.0485109412110862 72.73 1e-07 0.1 512 MobileNet
0.0 0.03984911797857042 0.027049097027130445 0.04005896703275571 0.03170066735709705 0.023048955600135056 0.04787179903901082 0.04895220603614618 0.048599318741449134 0.027866843265916326 0.05701299438476792 0.02940069744279359 0.04067829876975935 0.025148720314287658 0.0423810746814336 0.031030568279052664 0.03742811120892799 0.055858890261497735 0.02534705089739986 0.028016477730321277 0.028673236267903884 74.97 1e-05 0.1 256 MobileNet
0.00622374532605555 0.020096786997539685 0.015007435213827143 0.010126613297430238 0.013161401732690169 0.006881388137135885 0.00439669879401343 0.0 0.006899437584583995 0.006230429935424382 0.005331638407372986 0.006534181947937018 0.006870849202888889 0.006870849202888889 0.006918966592050799 0.006918966592050799 0.006786267624557613 0.006899437584583995 0.006846732173608203 0.006930971797265786 0.006881388137135885 81.64 1e-06 0.1 1024 resnet18
0.005929533174474744 0.02359662209466822 0.021564579425326098 0.027021574494516205 0.014775133796584123 0.02396579120646274 0.019475269383514376 0.025174645862448906 0.016478412386629303 0.02629175093332583 0.02661209855586621 0.01728136566875609 0.02500807877253969 0.019116789183289812 0.02755347918899634 0.025205604659474367 0.02700302532123322 0.028081893580912096 0.01857269325903957 0.019619714898621975 0.02023875280242136 83.64 1e-05 0.01 256 resnet18
0.005929533174474744 0.015861863163396252 0.023536632903598965 0.020414724869532632 0.020014765161583226 0.019110372666929543 0.01849947141128439 0.013058596139232099 0.01804023742860107 0.019237648290753674 0.013448854809354356 0.0179710218205207 0.015297057658694433 0.013999453861016389 0.014414732898893015 0.013705234216608414 0.013677184577237479 0.016347582542001495 0.013380954793584521 0.013545104053824603 0.013168132160308259 80.5 1e-05 0.01 512 resnet18
0.00622374532605555 0.04841702528937034 0.03503018119498525 0.03721480984523885 0.04186660566858717 0.03476040857519281 0.04215246168920386 0.03840331497133543 0.038458841870651156 0.04151290469538574 0.04011401420921082 0.03955332710380266 0.03616030251158238 0.033461542877823006 0.041235563102039935 0.04153687785513026 0.04128527250770798 0.04109336639050407 0.04106763842138381 0.039768051765034944 0.04416474703723349 80.42 1e-07 0.01 512 resnet18
0.0 0.08971438476715375 0.0300012397782161 0.07718338991523824 0.05608380641683268 0.0537977060357635 0.04217944418853009 0.05343230880752256 0.03705303395354058 0.05488626519052243 0.04334682554508028 0.02720844729788871 0.028626632586914193 0.06150496896148152 0.034903520592821174 0.06877287646897225 0.051030837056813855 0.02784386535287183 0.03941499220850396 0.03571145986468403 0.025327146930806555 65.11 1e-07 0.01 512 MobileNet
0.00622374532605555 0.019881675767738208 0.0315605124032682 0.03216066331251926 0.03775075176125701 0.03891815783978929 0.03821402357565201 0.027978379337045407 0.024322585998792317 0.03867470193564599 0.02889731422961848 0.02785488540546907 0.024803517099460954 0.03763107066659624 0.025472301124551094 0.033867408037811055 0.0243651349794012 0.0375362975805747 0.02506833922259772 0.03450604308091577 0.024199632985957592 76.06 1e-06 0.01 1024 resnet18
0.0 0.12467462397278166 0.09337859634027873 0.07727234931752636 0.09654260832303165 0.12427556483630738 0.11584407249930143 0.09737602613354028 0.08134193948598564 0.10250858635696591 0.11836410315628638 0.11646704704077582 0.08103538698062486 0.08684671783184203 0.10593977451147057 0.1143228372962433 0.10468578473996903 0.10233012202432804 0.10397505435748922 0.09858473289210626 0.10417863611967473 59.36 1e-05 0.01 1024 MobileNet
0.005929533174474744 0.012896333691816243 0.013434178468887654 0.013106907931641465 0.02086672562775535 0.02368061850522491 0.021921273707666115 0.027262054340339806 0.024365048871766888 0.02723041061137775 0.01459921371903561 0.020554854600229572 0.02004996281655014 0.017163126727963475 0.020168856166845578 0.020113629525810257 0.019585686112172457 0.018405646580168206 0.018717717643925675 0.018892516430178623 0.01882191231841808 83.42 1e-06 0.01 256 resnet18
0.005929533174474744 0.01555466228524486 0.0150228912513228 0.020424070975412975 0.012042033509640225 0.013762620807986443 0.012837895413011552 0.01814204770116052 0.013328122134159175 0.017450399020878433 0.013765698765659003 0.013601734603091166 0.015832295277831854 0.013728120310744087 0.01458604680148125 0.016075487206267718 0.018611957758137634 0.01739853136053142 0.017866294626285608 0.015023947041383566 0.0157438184705565 80.6 1e-07 0.01 512 resnet18
0.005929533174474744 0.022612011514590108 0.01665707564988195 0.017002290215424466 0.010151087551039627 0.017962657362779667 0.004227090878059909 0.013596893256593625 0.012325760338563972 0.014836785794902312 0.013688324303945478 0.013649307389627384 0.010356662557670093 0.013429515529188443 0.02131710089814022 0.019796036555743912 0.016308901120250515 0.022184512784683457 0.019167387212871444 0.022511102467162418 0.016830022089677668 83.44 1e-07 0.01 256 resnet18
0.0 0.08516811991623197 0.1123683098047085 0.059411846844812 0.09416865110930789 0.04597157758502101 0.05253407965666867 0.0638239484400572 0.04821013661231996 0.05277776145089755 0.04632487307519947 0.047757956838731366 0.04098254623963731 0.06033253887789023 0.04714847520673133 0.04562601585398072 0.04421485928881551 0.04274383783413347 0.04618214664305229 0.051918126909629214 0.042820449184461574 58.58 1e-07 0.01 1024 MobileNet
0.0 0.03272094995265495 0.050973801852076665 0.08053188260783811 0.01271096345233031 0.023642555727799656 0.040524382273258455 0.041062985325095926 0.050629313344686094 0.04091214180978756 0.02781761921767117 0.03991601136095328 0.031647846057480014 0.037797742204613606 0.035345968829575324 0.03398795507828556 0.03140906282826417 0.03081569030718129 0.034678898043738124 0.03670986666200665 0.028893461819364995 68.03 1e-06 0.1 1024 MobileNet
0.00622374532605555 0.02112585840109926 0.0 0.026439320163649596 0.01710850897856664 0.018023958803174117 0.023545064902702646 0.025341321751087626 0.025230656132737027 0.02487147559478034 0.019489141032166625 0.017622877924590684 0.01514128776820241 0.024098930847617203 0.024216798686815918 0.014174467342422906 0.022462750916355814 0.022183794468094032 0.02250213009880385 0.01997230329443911 0.017690759116722334 83.15 1e-07 0.1 512 resnet18
0.00622374532605555 0.023171925012670593 0.04638176733468379 0.05213108735076144 0.06181772599897532 0.06119947835653477 0.06490272221937063 0.06249491270485689 0.05067518901212416 0.05269079025456426 0.05337337421325285 0.05492546577502174 0.05651785277706679 0.049003348844849234 0.05396027992944865 0.052954620017208354 0.05408454680847532 0.05371465964772751 0.05459858341841266 0.052741580097862825 0.05038941186964206 76.34 1e-05 0.01 1024 resnet18
0.00622374532605555 0.03861511517490015 0.030671134418527507 0.007002979101200751 0.010290793949195466 0.010816689239221713 0.0022696752250060447 0.005492759962211906 0.002129821973127643 0.0 0.0007788250941109637 0.0013474216817976675 0.001517144790378862 0.0013474216817976675 0.00431284935742842 0.004637264398194103 0.003250829733914482 0.0030253782309749805 0.003568430183883457 0.003139558502316525 0.003669249912727096 81.5 1e-07 0.1 1024 resnet18
0.00622374532605555 0.02699925130424747 0.031041076506167862 0.03832955593542311 0.02915435491626207 0.03298940092441266 0.0443158616377674 0.03648878192576576 0.036803268943409115 0.035919002121093134 0.04507339596097909 0.03417904478773257 0.03356764902111466 0.044844055604870245 0.033393527361417714 0.03297793260017798 0.03852700768398181 0.03868919401544607 0.030010643400344574 0.02741832038174698 0.0284665176271755 84.58 1e-07 0.1 256 resnet18
0.0 0.01909650411362514 0.04113264220844241 0.037044623881941574 0.06335869074185392 0.018586022084498742 0.04291639413848708 0.028642893239574873 0.01701445315178303 0.03599744220871544 0.06107027267150533 0.04585408399037155 0.06739184987535751 0.05218366931233266 0.046706456037366714 0.043961678894083464 0.047002035769659 0.01901880950817864 0.02546056542715836 0.06060708203767581 0.05157828041549426 75.83 1e-07 0.1 256 MobileNet
0.0 0.09122726696620288 0.09729754325577716 0.14122353080689895 0.06793304558690805 0.060088398784551265 0.07453105778961197 0.08345658553283643 0.07119007148761516 0.09684103841218078 0.06987531212978627 0.0987295154376816 0.09370251960176511 0.09112609681034803 0.08167885409562509 0.08153560019341846 0.1066295554160779 0.08455956197206312 0.09690420378607512 0.0895566978064477 0.10274913077644467 60.78 1e-06 0.01 1024 MobileNet
0.0 0.3765223646931971 0.2540805176782519 0.22645518327050812 0.3247029754684459 0.22161354940950168 0.2800765912586578 0.2527812461928299 0.27312603499667665 0.27956010288703204 0.22621125844158693 0.2580267291316205 0.23642533725901813 0.2613344594579555 0.29880088979143693 0.28356213771350225 0.2838530330547617 0.3055953015290779 0.2648474872657701 0.30133000436855556 0.28632274177520484 50.06 1e-07 0.001 512 MobileNet
0.0 0.4379681443089796 0.2499035218709653 0.33052002174107814 0.3127936433038317 0.2902192544318693 0.30022831395914634 0.2723234163148966 0.26905368291209997 0.28402816624607735 0.3599812174488815 0.28671651068588916 0.3058999444668444 0.304187437323419 0.29896527038849624 0.3007163493953087 0.27917374344599166 0.2677929434950399 0.2695425356855936 0.3046681971320942 0.3139892858629274 51.36 1e-06 0.001 512 MobileNet
0.00622374532605555 0.047015651269423364 0.03551029760535558 0.03687846521301105 0.03550061369497594 0.035875925759218 0.031127537732025493 0.03561246596037448 0.03723134530652945 0.03470457806304989 0.03373671474760729 0.03503281215445668 0.03605947046799774 0.03106694737710875 0.03223769896465022 0.03403240446147019 0.031115867521897864 0.033819848306607024 0.031148818237520377 0.033993493404556395 0.03023483297762059 80.68 1e-05 0.01 512 resnet18
0.00622374532605555 0.03360521568548121 0.021671892619535175 0.019341089357116016 0.01071800233426256 0.008151338799054443 0.016599523662263554 0.011160206098182072 0.019246546549308047 0.015578424697781599 0.0029081440245335814 0.015210292075264831 0.019085314166266618 0.017163436239775953 0.0003147906594716675 0.022356059775718248 0.012020977475800644 0.01656678239953402 0.006881388137135885 0.0 0.0 85.56 1e-05 0.1 256 resnet18
0.0 0.20334583516702515 0.21123936326084256 0.1696536372770513 0.1652378773741114 0.18008268211607623 0.24761467335735957 0.19797341333212315 0.15566217835182936 0.25960516166603603 0.14908932417866883 0.1466982603954791 0.13157569237401318 0.13795321273961783 0.14866603130592598 0.17284858388671823 0.14458630177865026 0.14126076787178105 0.1729268968634296 0.14569576480820381 0.13898316585174558 57.42 1e-07 0.001 256 MobileNet
0.00622374532605555 0.02669311105402032 0.012472351643456165 0.034699082581574225 0.015011542906393026 0.011097940080948799 0.026101971736264887 0.0170428073090471 0.019333941055981234 0.0029081440245335814 0.012399750634423647 0.006847382080076648 0.007871308085477185 0.0300971238491843 0.012924978981316136 0.015616959570691948 0.008734232983500465 0.012053027696189648 0.012293178345271156 0.0180640306511149 0.009088338049568628 82.82 1e-06 0.1 512 resnet18
0.0 0.081276067369982 0.044241989283523415 0.023475892679383357 0.059959591576486504 0.03062724649739969 0.05523180373936388 0.025495350099575154 0.0544287389000175 0.03319346330126298 0.041804692687260836 0.019031953534743688 0.025517796220556742 0.03779835033216221 0.046706219130301055 0.039911030016430926 0.045581487300164696 0.05938968502672588 0.04669923111348719 0.049128898278506083 0.03682046271499637 67.31 1e-06 0.01 256 MobileNet
0.005929533174474744 0.06647581721045086 0.04755710697623156 0.03631505673973958 0.060237093514138626 0.03586498475974312 0.054646093773049645 0.04974507128450299 0.03705561739736324 0.03758165616414564 0.035605202116108334 0.043399741476452806 0.03315818919286027 0.0277472995810867 0.027740869061551945 0.028794087235521203 0.032533154600081125 0.03449663558794218 0.02801008584862539 0.034015080985896014 0.03114670801977681 72.99 1e-05 0.001 256 resnet18
0.0 0.10318936262148344 0.0635886743049121 0.028324703511342166 0.050169311437766595 0.056593513519326934 0.041126829847011874 0.07026669947371272 0.06776182170759201 0.0622879816584502 0.06264644326736642 0.06330297654319333 0.07371552966545494 0.04735675982937132 0.056171593169877944 0.06431788536481385 0.057338480673409006 0.0449964758802057 0.06116866803876045 0.0628133908347924 0.04930035378051603 67.15 1e-05 0.01 256 MobileNet
0.0 0.7738170612697853 0.4937339576338482 0.4259271190544029 0.4503674772528178 0.534807137782596 0.46997523253830387 0.5278004356699972 0.5142718721633066 0.5237607777344864 0.49070781527551655 0.513513934539823 0.5006258953810321 0.5056142992993538 0.49455824834075357 0.5158199383912939 0.48255375384824506 0.48178701798201906 0.4678727845614137 0.4619845735223959 0.4888438408097319 43.38 1e-06 0.001 1024 MobileNet
0.0 0.7792242468677978 0.4641714268581854 0.40589481038421765 0.4377496009512975 0.43545644644053083 0.46024879011442976 0.44310540876420346 0.3810746235101913 0.4731443312475116 0.4982553875719175 0.43380815387700955 0.4909606586320536 0.4868667570574041 0.5058449244696803 0.48278287537145304 0.5067787449006587 0.4800802878421839 0.46998786743722865 0.4870986923534186 0.4678206129343991 42.71 1e-05 0.001 1024 MobileNet
0.0 0.7997986931347016 0.4876527024737108 0.42393695464092424 0.3709488115875967 0.5372878394243745 0.5459388676502716 0.5437585756012848 0.5726517088712191 0.5894417166375309 0.5873197803939803 0.5498087993190813 0.5525841160314127 0.5509368861841824 0.5455863995732271 0.5350789808970938 0.5335799157206736 0.5270106908581366 0.5465001996161233 0.5563255231573317 0.5677685613572241 44.4 1e-07 0.001 1024 MobileNet
0.00622374532605555 0.01984727252767152 0.028921257675149713 0.011461138342628407 0.016015844983198243 0.019355376910052888 0.020458456187041323 0.022659721177676177 0.024577814696873874 0.025378801268150477 0.023038655767625774 0.023566250702682385 0.022924119281437897 0.026133734859913417 0.025317966885228974 0.02331363670483741 0.018318583731354143 0.018709711140124003 0.020698332910629436 0.01974322387782472 0.021003646275786218 81.31 1e-05 0.1 512 resnet18
0.0 0.022370038900935172 0.03568689374969036 0.01544508742802279 0.025197919217526624 0.04842187731494442 0.039240962239151495 0.043192771259322645 0.04367224605362683 0.04955096259038439 0.0353024218456738 0.04588472463079354 0.0402711140981519 0.049254658421506524 0.036270472306269744 0.03972643539008571 0.03252573545832273 0.04193985949913246 0.04383084439077546 0.050952272981300034 0.037728153278563575 67.18 1e-06 0.1 1024 MobileNet
0.0 0.16543050076028679 0.16777210578202825 0.12825989966357898 0.16814219248205217 0.15570770297224673 0.14378365338835392 0.17186332615110117 0.17096417054720592 0.18780737022529717 0.1823762189135065 0.1984482034600985 0.22197243198564087 0.18007094977090618 0.20005008407499086 0.22147462971230528 0.2318202636352053 0.18783729518968856 0.23109137556579562 0.22071074824962053 0.20236135652160528 57.68 1e-05 0.001 256 MobileNet
0.0 0.05674666359096998 0.03944977537827053 0.044019979516816014 0.049619416842528706 0.06657729067629481 0.029282699819285742 0.05019122742727635 0.0669297563721078 0.05204659279969234 0.0585204025306271 0.05959038430175591 0.060514531574708846 0.05314099061008636 0.03807248492717713 0.04972341399783882 0.054138786624402774 0.03984353377851584 0.04957835695542548 0.0379225299101271 0.0666514877435342 68.89 1e-07 0.01 256 MobileNet
0.00622374532605555 0.05635311290003239 0.08037287460551029 0.0661493928268352 0.08685418420672322 0.06372551842539009 0.084908678694423 0.08816749666360213 0.09240520459697614 0.09144486784076511 0.09841036148430948 0.09260062110963288 0.08999329023536895 0.08615696523878281 0.10142268683704746 0.09972037172457959 0.10582011564513599 0.10472483005125914 0.10158874295187498 0.10336286965260033 0.09624106553571536 66.96 1e-06 0.001 512 resnet18
0.0 0.07142181505011522 0.048784074717540385 0.026876854701999516 0.02374419697678394 0.01834926941073733 0.024482942794158347 0.01976407306023451 0.023995473008022728 0.04075036006455652 0.02605182439233177 0.025288080564988134 0.025609889439018003 0.03106259744635758 0.017591163355999383 0.024007415854126548 0.028141477258868734 0.025130240574748074 0.02938280051885377 0.025732581771674548 0.03946128764623895 64.49 1e-07 0.01 512 MobileNet
0.00622374532605555 0.09225200133505272 0.09764521088837273 0.11233946711217684 0.08478017178515669 0.09520884763191764 0.11595549549363503 0.13316502887611095 0.1337525244972863 0.12655744049115716 0.10632761384885364 0.1240065507413333 0.12734199957067957 0.11317952955351719 0.12673370775686346 0.13508865491139319 0.12954878439973208 0.13709854448720601 0.13569683504926516 0.09719402748776403 0.10669206014094126 67.6 1e-07 0.001 512 resnet18
0.00622374532605555 0.02441259639520733 0.042181424515967854 0.042864611334401184 0.04286226860104701 0.040063064708387566 0.047903123151704745 0.04979786939114298 0.045624551312851154 0.04351909243640076 0.06161212349186877 0.05159642958549901 0.05852398654981086 0.054843900955501255 0.0532154432426234 0.05390641560928998 0.0516289754758173 0.061284953952536136 0.05567255495348501 0.040880531462608706 0.05067658230156678 83.46 1e-06 0.01 256 resnet18
0.0 0.04728651069068729 0.01797084303103857 0.020835304650150013 0.041387959942385935 0.05391650065010547 0.037979921489332095 0.04388914491211044 0.04443204615186211 0.0470379083046983 0.049477281661669516 0.04778937267661521 0.031104055625977293 0.03285104587387283 0.03611080067401126 0.03817903981926002 0.04262905831798058 0.02822026069736502 0.04430295895818102 0.03064503485127894 0.049525959910462485 69.37 1e-05 0.1 1024 MobileNet
0.00622374532605555 0.07672634386830099 0.09259448041242614 0.09397809558840371 0.09514889278152865 0.1073282373527339 0.08246707273237815 0.10908857425462531 0.09559441034223598 0.10109767892472726 0.1071406405961421 0.11678389125778789 0.12005608474655877 0.10518291014099652 0.12408406569516929 0.1251492044611446 0.09743613104231934 0.1312573440644031 0.12592676759405405 0.11931701461929074 0.10616001007925213 72.02 1e-07 0.001 256 resnet18
0.0 0.03228188498872624 0.04744659657906478 0.013957708022863747 0.044375399477691584 0.01851998000748484 0.0413536158486405 0.0030253782309749805 0.029312733903818455 0.012138398685146117 0.015044177884482614 0.018827432652256504 0.00431284935742842 0.027110318060988445 0.03385958733100175 0.020749515017833432 0.004933923317402628 0.02153262368632017 0.00979615296402055 0.016101019747217806 0.0419805525919468 76.8 1e-07 0.1 256 MobileNet
0.0 0.12764880937717188 0.10189760723192415 0.07123006340199244 0.06980856713069822 0.06525872654588999 0.0813230505860181 0.07092951213807946 0.07273613927156773 0.09374493368429052 0.0720303530659602 0.07446590986219764 0.07551321188315609 0.08154155164057136 0.06597153764893876 0.06523738582655664 0.08046129571568189 0.062120333960530336 0.06942249177749579 0.07436979648067811 0.09143128257159666 60.07 1e-05 0.01 1024 MobileNet
0.0 0.020622600632286978 0.02950154786931807 0.027327271944130455 0.029277520046419685 0.03350536029066494 0.030771665021550387 0.033206250243236514 0.03129195028023406 0.028952620806368064 0.024972972260262224 0.034192538091048746 0.031848510753849084 0.030718047447345808 0.03589731791104243 0.02989264840926177 0.035137718257420646 0.027853478803506436 0.025278023179043037 0.02468344773148988 0.02785017602848285 67.96 1e-07 0.1 1024 MobileNet
0.0 0.08457925742099569 0.05331052982484698 0.12444640110963137 0.07863643941131984 0.06792959736832277 0.08889045603422259 0.0843030741732731 0.09030875000694133 0.0930585717998234 0.07607162356336175 0.08867294587818413 0.12026903637079008 0.0997692311579743 0.10828195034024063 0.098314727814701 0.10876310274225293 0.12381828367276848 0.08312253860147276 0.08800575467668352 0.09725929561798562 60.38 1e-06 0.01 1024 MobileNet
0.0 0.11676975232324317 0.09363073585871806 0.09640780838590424 0.052896204244105724 0.05712733276022923 0.05989957987973345 0.0677236673436544 0.08142817819829883 0.07405181127562288 0.07390484681497157 0.07539478380693393 0.06909589262374716 0.09411899942978788 0.08988194394773441 0.07355728439057979 0.07428586594012404 0.066542281008584 0.07749859196188696 0.06904764409973527 0.07657419235422788 60.67 1e-07 0.01 1024 MobileNet
0.00622374532605555 0.10110834048224585 0.07899997320195672 0.08445100908709263 0.07089378383229092 0.11053412830741076 0.06792332729833135 0.09348408353795679 0.09697166249364007 0.06915306389951263 0.08255637733433352 0.06369425121618319 0.07649418459408908 0.08656238172742753 0.06902243283518875 0.07625965058335822 0.06839167985908694 0.08159393226614033 0.0710042985747089 0.08908331127219898 0.081236534580449 67.66 1e-05 0.001 512 resnet18
0.0 0.4894000261839284 0.19590383291908853 0.2534263168273608 0.221291320885339 0.2778581708903813 0.24246754102814375 0.29279211317938586 0.27712689200978086 0.3035757296063009 0.304809475050831 0.26741720794471624 0.29894871450493515 0.26203898471628767 0.31096922406994176 0.29894024312038714 0.2926400686291719 0.31204946431678826 0.28439461461642573 0.3096441559115426 0.30125230855965146 50.08 1e-05 0.001 512 MobileNet
0.00622374532605555 0.019183448293912938 0.01134632373118448 0.017182388694442826 0.031155862915615132 0.019155118942198495 0.02558055543930032 0.03147665759547452 0.03803613925741231 0.03233101568043609 0.03337557922333209 0.033400823085982745 0.03389771215126882 0.021020404501282536 0.03280286826639438 0.03323184086261591 0.030156571535433597 0.0348943524490861 0.034833122368384185 0.028546864562537976 0.03385410880435228 80.84 1e-06 0.01 512 resnet18
0.0 0.07110464636249819 0.01331620990416008 0.0719348985043961 0.02595497857321062 0.01812190632610423 0.05247672572746089 0.04047134126562331 0.0178138213546709 0.020316344609483065 0.01881189880982377 0.03710133127296624 0.021240147536360013 0.027637807689162807 0.0058765583596635616 0.007283190601054343 0.024535653168310956 0.014430502719673657 0.017784793435117442 0.032058444195606606 0.03514523705902907 69.07 1e-05 0.01 256 MobileNet
0.00622374532605555 0.01661378663947567 0.009041259563067824 0.020972285957502442 0.0163062522623449 0.01870719956305967 0.017801553720283216 0.01528020815329175 0.028064784190497752 0.02696667724508962 0.015484896537792205 0.028912507090029172 0.02077755035328611 0.022513210261218587 0.02690375975678493 0.02030833011463232 0.030253295754538313 0.02789244561180076 0.035190540006742876 0.028287901322961422 0.024554132585271324 82.83 1e-05 0.01 256 resnet18
0.00622374532605555 0.04827688674852342 0.04718161371870064 0.06527486395174785 0.05691856442989782 0.057136568855340776 0.04995621033694359 0.056280750216305006 0.04752821392247775 0.05145207901426985 0.05650062860765436 0.05608991978537791 0.050656179131285395 0.050319240642544553 0.05269994543711535 0.05015171701525365 0.05232760942567273 0.053475850392494174 0.05071158978620459 0.05319924835866706 0.04995968950109125 76.52 1e-07 0.01 1024 resnet18
0.00622374532605555 0.02578800551408575 0.022915158713823106 0.014911158779939537 0.005881687773541907 0.010426266538485354 0.005727930621648895 0.0003147906594716675 0.0165566953610071 0.011685564926693356 0.0075362572963299556 0.005567736484624402 0.00766755933487232 0.006047904708424767 0.002787693717685874 0.007689208038919724 0.0061318592274990326 0.008298492998555602 0.003468159368082055 0.005331638407372986 0.006305810283860147 83.26 1e-07 0.01 256 resnet18
0.0 0.2614099616262359 0.19730743643780205 0.13538106767257788 0.16050205668746617 0.13969331275136912 0.11444771038091993 0.15305164123308337 0.1630852713508587 0.10217487669468074 0.1575538884620428 0.14076743500828345 0.1707963875277964 0.13290057044029485 0.12639349334377234 0.14561120739759706 0.14356455536327256 0.1495326614797787 0.1255108152837322 0.15322222374550237 0.14876079734598016 57.39 1e-06 0.001 256 MobileNet
0.00622374532605555 0.07844444314820435 0.06141455237562113 0.0693219826784472 0.06267516565015435 0.059260653523202755 0.06278784221989095 0.06564444395477569 0.06162551558632129 0.06530211677178306 0.07764432867312497 0.05290538538103481 0.053365443460421075 0.06558623893277021 0.046958682853114116 0.07076774961742316 0.052858682649038695 0.06900711372466724 0.062410170124241694 0.065961217848453 0.06169247898624217 71.58 1e-05 0.001 256 resnet18
0.0 0.056638865860126925 0.08183864293172377 0.03485245110180609 0.035948905044664345 0.04608400385934667 0.052704283032509354 0.04452445603240136 0.043024733190368626 0.05637482186364192 0.036585577299074676 0.05326737685923035 0.03580823196017957 0.051448795922639255 0.04384997408704665 0.04008206109210104 0.042423566331310274 0.04019076336311876 0.06262711784842499 0.03423107848232812 0.0590061597079576 64.71 1e-06 0.01 512 MobileNet
0.0 0.040227462737309344 0.029616654235277994 0.031796469457845734 0.040706035778824055 0.03811846007937053 0.02265496249038267 0.06356136037948644 0.027733116142462065 0.030176068171586835 0.012424260270887121 0.02436367800099555 0.04173471254544966 0.028377874247019656 0.026193882502255468 0.026285481886670833 0.028201168277783305 0.015440231127727237 0.03932058305848397 0.025338476137482528 0.024281140194865835 76.49 1e-06 0.1 256 MobileNet
0.0 0.02696433573795544 0.03989243808300825 0.021315238332361153 0.028005824403596096 0.02071329080498898 0.03346620670219773 0.03938931788625912 0.026897505657063565 0.02972934284297991 0.025186167166934215 0.032322694504832855 0.0060026410739672945 0.025768879270768583 0.020895676323701408 0.009661184512726038 0.036789149038524885 0.02028696524067665 0.014958534677333511 0.02280790315640786 0.024857008845441588 77.13 1e-05 0.1 256 MobileNet
0.0 0.15470619020873794 0.1493258446879633 0.19844867759254703 0.08332611142791199 0.2040565031717017 0.09015749948338204 0.10704008535752252 0.12344550239108575 0.10580874273439896 0.11904011090038379 0.14419929309735818 0.09435852545239437 0.12411856317141985 0.13834277328676375 0.14903894560170186 0.09805024018384144 0.0980523343083359 0.14570439164148724 0.04913103483954852 0.09115218945460463 57.99 1e-06 0.001 256 MobileNet
0.0 0.8749389043628846 0.4370523501807877 0.29971817622638747 0.32740943841786657 0.4944938416847695 0.4446335412592897 0.42132397760446855 0.45569747610102984 0.4727266715717654 0.4947474316232385 0.4444903947337478 0.42007125163574777 0.4460804291813277 0.45435193914618 0.4723714478470095 0.45952564563188036 0.4468415249185457 0.4778400257061527 0.4362615237634161 0.46744385882518297 45.4 1e-06 0.001 1024 MobileNet
0.0 0.7069828386277078 0.4398601721225805 0.3543291520226297 0.29944971163920436 0.44354422704875385 0.44422934686147386 0.40134188971536666 0.45124932082218855 0.40137089781969115 0.4018335578376197 0.4012229558067451 0.4277520032575566 0.41804937987495194 0.3835442227031156 0.3807997781909191 0.3785141701074008 0.4159962800338958 0.4212653093488226 0.43105462339781153 0.4433121888912907 44.92 1e-07 0.001 1024 MobileNet
0.0 0.04617776923126876 0.06357325770573607 0.0450801461082418 0.07788939898530499 0.0711413956942249 0.04893905327098482 0.06323360487690836 0.04265766117295982 0.04222965281666363 0.04271833210777338 0.03686887500801167 0.0577029282247834 0.06426422901166166 0.07349393931809865 0.04571556585642896 0.053096017675459656 0.05701387995490799 0.033444520783535055 0.04897602240367551 0.04901803321743313 63.62 1e-05 0.01 512 MobileNet
0.0 0.21152366983258308 0.15854402322307318 0.23050082608432096 0.19325385296719585 0.1266539757904689 0.13225005573072215 0.18154432265786255 0.13586600888439132 0.14534285774807085 0.129590031931391 0.10696134641807972 0.14952532643499192 0.1741091105945604 0.18261215271487163 0.13958792247611732 0.11941581759439748 0.11676249519624435 0.14917683077913804 0.13624332161315467 0.13830418466258076 59.13 1e-05 0.001 256 MobileNet
0.0 0.03493712615542553 0.05525142228842601 0.016438330957743996 0.03984056409350405 0.040969446395812896 0.034285487825972176 0.027832068499526862 0.05414204524778873 0.029466587624064237 0.018626743168698494 0.025587124865017897 0.0026862132817541727 0.029157367312535758 0.004366579492983272 0.02062789090176052 0.0074194663597520446 0.018765343069191344 0.014949121739739092 0.02603427845259674 0.015337379002215917 68.81 1e-06 0.01 256 MobileNet
0.0 0.036120381950433336 0.04396326648529643 0.026009647239517614 0.047139153893798455 0.04324128872569284 0.02984309232311852 0.03754843678251354 0.02941644182032263 0.02157413591927361 0.01526432801073196 0.03373317912166078 0.026924912011554752 0.03680589862369782 0.02263633281734129 0.017754179103377028 0.024616656220271392 0.024401787910419182 0.014123388905854845 0.024401295391140124 0.020421576100916782 72.51 1e-06 0.1 512 MobileNet
0.0 0.07343426272762471 0.07808754881925957 0.05447604286478664 0.044696615974113174 0.05051839621410732 0.05251202193961491 0.07446251246487812 0.061412610708757205 0.0483644455965944 0.07024766604334153 0.06221708004230652 0.04507841387028317 0.0709505382726563 0.04193563621481648 0.05137667595031315 0.06781334565937884 0.0737948474512262 0.053463974386997265 0.05853300449101445 0.060627976293716926 69.62 1e-07 0.01 256 MobileNet
0.00622374532605555 0.07003806114149459 0.07380689667431463 0.08046662040516765 0.08211312031178367 0.09344805601735086 0.07756220407899107 0.08181302223959015 0.073351275896566 0.07830046029883324 0.0845412667249075 0.0999309123131085 0.08429806030413477 0.10199280311525548 0.09252122881359182 0.09189977995392683 0.08708350305384815 0.07996100769610849 0.09015648364750212 0.08197508135199083 0.0867150157281155 72.53 1e-06 0.001 256 resnet18
0.0 0.42852525091789234 0.3384255596193541 0.2817296704499027 0.3253463256254075 0.2931812477749598 0.3162397735436513 0.2950635382814444 0.24252700103588865 0.2259996271367128 0.2369832041930085 0.22927701712403054 0.3000615408812942 0.23626183005465465 0.24083743908682703 0.2520492622950777 0.23687929172195893 0.22599817994786722 0.2683678131986998 0.28366423579439676 0.2504106023413185 51.61 1e-06 0.001 512 MobileNet
0.0 0.044845164139831147 0.045536574075088196 0.03935778173227507 0.04477136555981702 0.02922742879680545 0.030431134486667 0.027032219953798165 0.011921195214203616 0.02539028581376506 0.02027339624766219 0.02997074981867919 0.034904062099867926 0.014038856629570495 0.016667748057046225 0.04573104023686278 0.03246373194823205 0.02265343807692882 0.035685881776394604 0.03470000820520859 0.03746427620998179 73.2 1e-05 0.1 512 MobileNet
0.0 0.3663282249307451 0.1858706604367382 0.19873291825887518 0.2549008431928532 0.24535211060069373 0.2602719778391757 0.2094422451617026 0.22780954217822305 0.2150316245435432 0.15238065831012135 0.12910434207228738 0.18385411308964358 0.2296623612937286 0.20443491825625645 0.1855113231702974 0.2178232875441033 0.1618200851827203 0.185924732770887 0.1650240584537405 0.17271059032483616 50.25 1e-07 0.001 512 MobileNet
0.0 0.8069402895252676 0.5218579094960615 0.3951302349634676 0.423983756510031 0.4563432671467572 0.37471042457392983 0.36739054647840214 0.43660274141302985 0.3502124852798067 0.38142863441792607 0.3670107013004251 0.41549394646038507 0.34273285686488786 0.35458739318708077 0.36710154071812845 0.33963847626007804 0.3715049179563089 0.34036710472078563 0.3464463518189408 0.34680240197494894 43.97 1e-05 0.001 1024 MobileNet
0.0 0.39067304463100005 0.1931424005888146 0.30403752403683004 0.23987177008569036 0.28057494714011494 0.2615082888783836 0.2647247404806494 0.2959403166479824 0.29157728904349045 0.2669737414709347 0.27176587584828593 0.1891140871177609 0.2388914779411533 0.23098069963455498 0.252249296717867 0.26825361861383906 0.24519005229467988 0.2522489575168536 0.2455218229254353 0.2868024278693323 51.36 1e-05 0.001 512 MobileNet
0.0 0.021615238636674697 0.03758565699200744 0.029929583047460115 0.028088741669463613 0.029478851833337743 0.02850689835157412 0.019413683153698423 0.010568687497311092 0.020308276091812245 0.011976122064200297 0.017193212669519627 0.014761617532535591 0.01748430511890363 0.019291592917165326 0.014535143173384833 0.017978323755300077 0.017977948356595445 0.014431693690892628 0.018349608623596178 0.009508350705582575 67.72 1e-05 0.1 1024 MobileNet
0.0 0.1969533165047187 0.18223863907103988 0.15125714738675597 0.1134883685775193 0.1372069035382664 0.07617682307445377 0.1363816290040011 0.1344256959024141 0.10810215322035573 0.07508405088490265 0.11095943032091479 0.08744416128391984 0.10975411704083778 0.14684955111941206 0.11053743854806923 0.14243543701940628 0.13131524102584016 0.15490450834762373 0.11636167489882815 0.1194036776425069 57.01 1e-07 0.001 256 MobileNet
0.0 0.08449642595866902 0.07981362990900229 0.025274238905549293 0.03024070750273892 0.05592935325070469 0.05186525805489391 0.050864289001081885 0.05018956957728559 0.04829202991580095 0.05316179627309019 0.059384618533913344 0.06738287128120704 0.052587139000665084 0.05434151332737937 0.05260076850013165 0.045112908557197906 0.0549814265292664 0.055820062891010595 0.05915885405802126 0.055909248345526665 66.62 1e-06 0.1 1024 MobileNet
0.0 0.03622226338004163 0.016193033469979877 0.04026607797792975 0.025842124502317418 0.027524108419003986 0.013679506941660584 0.019076376542371026 0.031357219360112584 0.01223028321331975 0.033776590563488036 0.01594721918946196 0.035368547868835476 0.03264549611910158 0.037923843858195375 0.011999533651442032 0.009937947552784508 0.02020830199544583 0.01717899011611227 0.024221257838097 0.010993014448726485 74.56 1e-05 0.1 256 MobileNet
0.0 0.034892025623513415 0.06888033235105119 0.04995246311713949 0.021138689879903 0.0291960345359525 0.02688317597376726 0.047012370148824735 0.04632299316348859 0.005913843584392292 0.03446010391349821 0.03287917021102664 0.04074930270914741 0.0328109584318017 0.0347309592062495 0.018863985348775023 0.017607864904543115 0.01667069357330722 0.022796783054927622 0.023648903338602124 0.022476121324041462 75.15 1e-07 0.1 256 MobileNet
0.0 0.015639686912159324 0.01885326465641046 0.03461363254536914 0.03666492716133336 0.024795948985924982 0.04080203880610633 0.03162852719153858 0.04491112358899715 0.026016501032189634 0.032077662415224195 0.04026520508253155 0.05594527294462874 0.0864286694973501 0.07260638382144056 0.05850860953435324 0.050453153642352346 0.04443185409016742 0.06826147992330721 0.05536178309566647 0.05386434144376121 74.16 1e-06 0.1 256 MobileNet
0.0 0.03357577179762337 0.028426204798376428 0.038327280942077324 0.029987455897554388 0.026784194292232735 0.027565113133201605 0.02283672318710427 0.031743529086131025 0.02053341859092523 0.010736090960562715 0.006730116670092565 0.012107099347391076 0.02219739710631469 0.01563309673556645 0.00825384700918299 0.005832588401285969 0.020714134765769474 0.005767267362281264 0.019036517285770643 0.008135566977952185 71.55 1e-07 0.1 512 MobileNet
0.0 0.03290285954066503 0.03635212388231132 0.07285915434651472 0.04552800226728812 0.04626071060847891 0.05927914905622821 0.03513352094946145 0.03387212679242095 0.047316951671677605 0.039579641751246834 0.04346984745443083 0.04420357301115341 0.05420606468690472 0.05333282775875969 0.03300110704607533 0.0441866139707359 0.042404386162910514 0.04816959707690155 0.04113021326985694 0.02850722134817537 68.2 1e-07 0.1 1024 MobileNet
0.0 0.0764057961390694 0.12591593345031662 0.05373720373857419 0.06986645587426646 0.06032012875186053 0.05202149049941616 0.05857135167414818 0.08543462261759024 0.07567830717609783 0.06440553763324995 0.07158572880936671 0.08664126872482163 0.06149175583651259 0.08764036960001398 0.07776001999203494 0.08041841447298119 0.0796460796238825 0.07761635808476468 0.0748898039510089 0.08034246431487752 63.43 1e-06 0.01 512 MobileNet
0.0 0.11720954958640953 0.11354184503618214 0.09187143767887321 0.09905886855859444 0.10580506523381596 0.11405339901791618 0.10158660128233205 0.08303671694326759 0.09220541067683305 0.0922577492400027 0.09051027805095192 0.11066198768873348 0.11817627325995048 0.12359979959490325 0.10061587856829693 0.112686327095622 0.12772852947322824 0.09245073636637705 0.0958433613781928 0.08277376288612551 60.45 1e-05 0.01 1024 MobileNet
0.0 0.06173648279384507 0.06138912808815847 0.07259331927347906 0.04574588807698043 0.05910620281721398 0.07517781861307204 0.10244310760232275 0.08211577837011122 0.07173291529178391 0.07204113081512661 0.09089117972938954 0.10048849562843952 0.08068694390421761 0.08718624959804169 0.07769377725412002 0.09127504257178773 0.08723978870086575 0.0914525259345939 0.0759254741203371 0.09080615197399557 63.49 1e-05 0.01 512 MobileNet
0.0 0.047885532512270255 0.04400681700258233 0.05567335714942738 0.0806983704339493 0.051132600570869914 0.06766471487793568 0.08863533295840631 0.03438460132782565 0.08264991761381438 0.07562509888210803 0.053773694267662896 0.05077488281446772 0.0603931029638578 0.08668893333737064 0.041324235496451305 0.060809486837056156 0.06250627173726304 0.06327808048933853 0.05317437008143207 0.075426205070207 65.2 1e-07 0.01 512 MobileNet
0.0 0.1337126220786596 0.08712443813352057 0.12688903007274444 0.10404755876694609 0.12050740707839619 0.11301358914744447 0.09235881442578352 0.11672885657676196 0.12407193774671336 0.09104719857406841 0.11279858838734137 0.10250692094414682 0.107019673526017 0.09700497381053523 0.11303106066671142 0.10079574822210645 0.10128314774205568 0.11467685055852776 0.10131567695353418 0.10154645317316251 58.57 1e-06 0.01 1024 MobileNet
0.0 0.0266026504599415 0.075733773947863 0.014175443854300685 0.04023515124340686 0.04905076061724106 0.050282295430323636 0.05050367531305233 0.03263078808055747 0.02358067252288579 0.04518608745292907 0.04024595634860022 0.05339840451809307 0.030823965087163493 0.04274809183370415 0.0320919859087873 0.034814542789757374 0.03982026299601734 0.03279983499202903 0.03666970097048855 0.04531314400389877 67.21 1e-05 0.01 256 MobileNet
0.0 0.19921723899977642 0.1058681467056505 0.07165921955758926 0.07135782020036645 0.10456108937954513 0.1095293074549702 0.10240423600705965 0.08761210560966312 0.10959448173456574 0.11313005080965899 0.10969693555476762 0.10714357667015882 0.11919075589719327 0.12108526269871732 0.11164971790171213 0.11987308268210757 0.13603102285765087 0.11308373393357314 0.12159564110955878 0.10923541102336433 58.08 1e-07 0.01 1024 MobileNet
0.0 0.055865933510805856 0.08527993867837731 0.05898311771836401 0.027843628377561727 0.012183350538673955 0.050476891730611824 0.0720462541317441 0.0432191986847001 0.05728475271402131 0.03404726760288621 0.024412226364757875 0.04376471703286433 0.03372862762145665 0.028824642991384687 0.03560444560290312 0.06025723220356145 0.04835083946275022 0.0269068643285385 0.032930898690097375 0.03382344191126055 68.53 1e-06 0.01 256 MobileNet
0.0 0.041334767429556114 0.037695013238557194 0.05652828307675398 0.04514634521412729 0.06646255821678637 0.04547647660528491 0.016611401871699467 0.0064744663903463255 0.03375417102066196 0.02742776684219124 0.03074001312866347 0.03508678070876324 0.031318537281774875 0.044940053168187076 0.03375894047690067 0.03979341702217702 0.03910001386494615 0.04053450638071835 0.06069639703462925 0.032285546702472245 69.67 1e-07 0.01 256 MobileNet
0.0 0.2479596376709207 0.19849102215258183 0.19568777880288002 0.22131340627399754 0.21759241790399045 0.1537003043401808 0.1827634303910076 0.21271234212770587 0.21716330390059038 0.1950720377214858 0.19670273633893878 0.19419923329039956 0.1877421683228681 0.16246946262031428 0.2311231814921259 0.1711624882674145 0.18427824623027536 0.19202903525500759 0.16099109411121135 0.17568985968754255 59.51 1e-05 0.001 256 MobileNet
0.0 0.24432529262105868 0.20194503084347978 0.21126134319651865 0.18105503653110644 0.1895501514316223 0.11308091021498697 0.17254815362028036 0.18863046475245032 0.144625170591054 0.1456633465455396 0.1242543109527713 0.120669855369729 0.19111625417774356 0.16429389878549153 0.18558684988678473 0.16249928002061131 0.1303095186486486 0.16956637313936807 0.19361743716545934 0.11658054087761663 57.53 1e-06 0.001 256 MobileNet
0.0 0.21667118842356373 0.19941375014109697 0.16162211186024794 0.14240721837960058 0.22229387343713772 0.2120845613527711 0.16676935214319008 0.17229599172650117 0.15594780974713507 0.19152850830749343 0.17771403936195726 0.20287233373472083 0.21479531653486944 0.15907751644377524 0.15408875531402144 0.16595309466410804 0.20004818177931852 0.16206811921374326 0.17613009627045592 0.18352312487866954 57.7 1e-07 0.001 256 MobileNet
0.0 0.490114422850965 0.42729398809152774 0.3312847196765696 0.31410452084947355 0.3526763023190127 0.2741318090040832 0.2843530849950563 0.3134340539204824 0.31503544074453677 0.3298313227914688 0.24521838812318614 0.21954799289653654 0.2536839690297159 0.2963873290654972 0.2845009677965129 0.26208977833113434 0.33077199175805333 0.33779265343207937 0.2850440067216008 0.250037046336854 51.48 1e-05 0.001 512 MobileNet
0.0 0.47370629588087354 0.30216685897240253 0.33492210813280904 0.36494904102410125 0.27932242806662755 0.2975379053420055 0.2854578163855929 0.2801785706870033 0.22967140128366556 0.2841880980917626 0.25990101008220606 0.2644582726264556 0.26028196457273123 0.2885046079372978 0.2867670582512623 0.24731974052966657 0.25997707729249586 0.24378659374382397 0.2742009217267109 0.27227171393574784 51.97 1e-06 0.001 512 MobileNet
0.0 0.5947787991030363 0.34917835418072024 0.32163798889637774 0.4090752863689321 0.42863808740796844 0.3259386848947837 0.3836718476287835 0.3740218576095879 0.3917415855994757 0.3541885535047696 0.33230874836062996 0.3397941224660432 0.3661408821271954 0.32186056970428056 0.3583214579404242 0.3671498576678311 0.35158630426375176 0.35511729625172705 0.37551065359545105 0.38893990932113165 52.55 1e-07 0.001 512 MobileNet
0.0 1.0780447213028426 0.56312237462539 0.5273610182137727 0.5693928752994142 0.5957760887511858 0.6189462596363066 0.5756682571149239 0.6234903499867833 0.5815755167740888 0.54249323366202 0.577929812397514 0.606126756995589 0.5895250237614689 0.5485341482009871 0.6025036082594158 0.6052964090596545 0.613681743995294 0.6044729077902761 0.5999377612063842 0.5445702756664036 44.37 1e-05 0.001 1024 MobileNet
0.0 1.14829111329181 0.6623611636046068 0.4556109444689412 0.43985506055681783 0.5339728856200765 0.5346630346286169 0.5340748593711774 0.6006205572726624 0.5129525995982083 0.5450415960317598 0.5975123713465506 0.5669180907009248 0.5696931642016275 0.5819916699512673 0.6108121066802871 0.6261419580592669 0.5856073381111344 0.5828982143571776 0.5903522588536307 0.5875606325957501 45.73 1e-06 0.001 1024 MobileNet
0.0 0.8928693646847364 0.5334419953852215 0.447249226658307 0.385272418651411 0.48502764625347794 0.5336790925443731 0.4514920722314837 0.5479207401842924 0.4732440962392147 0.49473053264712985 0.5214101742894868 0.5354691723725655 0.5203295058634559 0.5245316598112256 0.5679289086837747 0.505745458155034 0.570372821574813 0.5528104241556087 0.5455445659962669 0.548228389444825 45.12 1e-07 0.001 1024 MobileNet
0.0 0.026487675258430404 0.02325784132391474 0.029005428845342657 0.01711249454989972 0.014306743284852262 0.020961854285777237 0.01142582508744116 0.01562261279190349 0.01148214620187959 0.012103994173272735 0.018312656199585914 0.009183136215023438 0.015007734936200985 0.00916911280959004 0.008750422916459458 0.014505314890262475 0.01306933209599025 0.013679348922826701 0.016800105804089905 0.021459706902124023 81.51 1e-05 0.1 1024 SimpleDLA
0.0 0.03790548788266756 0.03010620623072913 0.024820842369296665 0.029708628294341403 0.027390096287126006 0.02680805833108721 0.03138267533978174 0.03439281551852444 0.03368927955204577 0.03210455648385085 0.03748189333907293 0.03339456265462217 0.03809260900921443 0.04375005457706993 0.03582287468714413 0.02834529339984161 0.03163273899248565 0.042296843595443126 0.037859435853369504 0.027726097276227372 82.47 1e-06 0.1 1024 SimpleDLA
0.0 0.06351828588057659 0.04656890249578087 0.03143802975228633 0.027673435506712717 0.02614942460993789 0.033904100045780164 0.02360105040262789 0.04227009132198143 0.024302602912919365 0.02829066693820254 0.024043857323066842 0.028279708137511506 0.026240854070115772 0.02287866240647519 0.022433974711139157 0.022950861339124547 0.024014254416443687 0.025911039480705486 0.024701344567601327 0.021158065994541602 85.08 1e-05 0.1 256 SimpleDLA
0.0 0.030357790205439023 0.02871662209949033 0.019399406263965684 0.033685567865585055 0.03362260079607325 0.034369019412275395 0.03372740023250813 0.027027438715860247 0.030953714176437552 0.028685818514823436 0.03214334983669459 0.02569041575811009 0.030522826743486223 0.03518091523453973 0.032347195452886314 0.02868965983421609 0.03186925791606227 0.03524939550147282 0.03012847453888872 0.028786468921160296 84.27 1e-06 0.1 512 SimpleDLA
0.0 0.02239975735234923 0.02471884196626408 0.0 0.0003147906594716675 0.001517144790378862 0.0068892452938610176 0.006034787284098111 0.011178803685317292 0.010712491792999743 0.010148173250828443 0.009969503458438089 0.011886844386475328 0.013550885128803238 0.008636392812460543 0.014406365631884577 0.014366164482174182 0.012697824978207784 0.010535990515746179 0.01433505989110331 0.012761503181088702 84.34 1e-05 0.1 512 SimpleDLA
0.0 0.04000257209851371 0.040042718936592135 0.03887239073113515 0.05419948227524934 0.04391999720565773 0.04668678553948249 0.053266296168343004 0.026304057365783402 0.03871203319957539 0.04311790056346842 0.038290297346030504 0.052988769490072175 0.04170075909443128 0.04284067962789868 0.04153362492361493 0.03535774013829112 0.0578998259212805 0.06409453325834841 0.05121304995973411 0.039807433443498345 84.91 1e-06 0.1 256 SimpleDLA
0.0 0.03791951459472487 0.02103643903805717 0.023339300939439655 0.030148141841420038 0.023208196752111086 0.038494972539102806 0.026906204518835974 0.028129269789338336 0.029812693062843384 0.027644970796141588 0.027191203094159615 0.03228101176348828 0.039098309556196004 0.02661437925029535 0.039747166721683165 0.03180893737063763 0.025643483476049053 0.026494465099222334 0.04012300490702244 0.041925981467491644 84.2 1e-07 0.1 512 SimpleDLA
0.0 0.025979029957022632 0.03863130349534718 0.016990311663769964 0.018990617450728164 0.014326506893010802 0.008858523103555645 0.018053007190633786 0.009687376026792267 0.017193877402431893 0.01500502643686611 0.01527659721990962 0.016371849424342954 0.00927211386810001 0.016000436942927285 0.019026552470508672 0.015818323677798504 0.01838837867638858 0.017364667984313843 0.018455852129580407 0.014236330708748093 82.35 1e-07 0.1 1024 SimpleDLA
0.0 0.024731435858670752 0.03588257318679782 0.02606368782339089 0.014303354902094126 0.022526313422324848 0.015042982458600435 0.015324696256589405 0.01638969320870709 0.01396500461782007 0.025581186025457166 0.026494899901478908 0.01770953748903812 0.013164282644642462 0.011699135148666466 0.01379373032841308 0.015007807215737246 0.012627512885138224 0.011803737407670333 0.015661833877717402 0.012220117689337421 83.49 1e-07 0.1 256 SimpleDLA
0.0 0.07107380153402264 0.035634480627549585 0.04653937150143231 0.058122022486759024 0.060253498684003565 0.04617316851186465 0.05709108464670867 0.04183305745066448 0.06477772432108644 0.05352489545059907 0.05583361720630643 0.06057600877772729 0.057861609758071066 0.06931803009312996 0.04402067397886239 0.054279911047855754 0.046765258345715974 0.04847722628341819 0.054153788771595025 0.03714055098816732 77.31 1e-07 0.01 1024 SimpleDLA
0.0 0.055918925899392624 0.13419108313902411 0.06774560662365327 0.07905358147544274 0.057466795400841965 0.08532701675704363 0.057191170749458065 0.05853432274801044 0.05012046615249576 0.060554143139167155 0.048951641861007984 0.049779173498253254 0.0692564301503072 0.06767692378812773 0.07197366421969743 0.055588326984492724 0.06144013363833411 0.07862391239313066 0.06407506377910197 0.08883019973632017 72.32 1e-05 0.001 256 SimpleDLA
0.0 0.0529052858485577 0.048401584217918146 0.017901482238334588 0.021350965448214305 0.010701557268406235 0.016950859711413618 0.014853971016057352 0.01612314599726211 0.020529623252330938 0.023989709262057853 0.018514963373887618 0.015328473573487246 0.02241346370761133 0.03131668939233156 0.019958584699685127 0.0233275942222416 0.019066776914452247 0.029368213741892385 0.010770818820832567 0.03160786689497682 84.34 1e-06 0.01 256 SimpleDLA
0.0 0.08789446183581856 0.06956742684997849 0.05712656666088988 0.07173640432733112 0.06613002033220682 0.06407423785553754 0.07415284657473835 0.07230354590427593 0.06404355556634897 0.06579063970923987 0.06917728026516597 0.074695092804288 0.06746377642667825 0.07851703753514166 0.08988352885857383 0.07438005426805265 0.08612041611732069 0.07476808431825006 0.08834763765058579 0.08776374180093388 77.81 1e-05 0.01 1024 SimpleDLA
0.0 0.06036243379178439 0.05167759431787656 0.05244412801806046 0.0484028619374324 0.04750666674662917 0.04712361813216693 0.045326038262300174 0.06408508021495045 0.06434533126448494 0.05789184971545789 0.047104602602213094 0.06487951528709107 0.05445041112709693 0.04813626704115029 0.04479608563420056 0.05188986165253159 0.05037811693880716 0.05940084157996482 0.05764136669267675 0.054136424082045845 81.37 1e-05 0.01 512 SimpleDLA
0.0 0.01795874256033952 0.0480031107146945 0.031549647517456446 0.03994636693541944 0.04216285324929211 0.03892290349483725 0.051344247538217674 0.04129249573925264 0.04183798595960736 0.052291230450770075 0.05124227846086007 0.04970607796592277 0.037495477234597396 0.04642682012333349 0.043292842934598674 0.03370982227619883 0.04519940130460329 0.052578155555360516 0.0390083490609527 0.04682693869526127 83.76 1e-05 0.01 256 SimpleDLA
0.0 0.037955238853344044 0.06709700436795778 0.06335737349577952 0.0630082230380715 0.054641028095278925 0.03209955276047863 0.03612546020767202 0.043841022448208776 0.023198547654754847 0.05797243293151917 0.0517711317318115 0.0464909395577291 0.0640887553748179 0.03230513578368454 0.04202006967706377 0.0505763326494092 0.03877890941715848 0.05358239933369577 0.04099605003172206 0.047461356725350096 76.31 1e-06 0.01 1024 SimpleDLA
0.0 0.017076284259752626 0.040898293587169586 0.011021598561739456 0.01161086597143586 0.023701586091947537 0.027755000334559767 0.011290596440240603 0.02300377280719753 0.014641452613580203 0.024014081934773678 0.013247480890734858 0.012833075104696598 0.022793323443672735 0.014946954057787716 0.0121588522695895 0.01206631520384036 0.013569761139926313 0.023361785088409723 0.013820383364594483 0.011796250150106612 83.89 1e-07 0.01 256 SimpleDLA
0.0 0.03760944998006321 0.039619735023069834 0.02887082057206839 0.029773078395916145 0.047189545017838744 0.041463419286432206 0.04478742444262195 0.036397921732270494 0.049728502773281245 0.0536619111241278 0.03523230274190192 0.04401296302108566 0.0546590735607389 0.035365685715146304 0.042548320438972186 0.048841683096711615 0.04303468816864257 0.03647890176656039 0.041924781956205075 0.05428881162267876 81.6 1e-07 0.01 512 SimpleDLA
0.0 0.025229070790484323 0.032861536156802026 0.01199663292853168 0.03245830932393532 0.006589556806830627 0.025885577010035212 0.01920770420423787 0.025226895092373493 0.028116030813868403 0.038744172593679994 0.03735137198814963 0.02023347778284955 0.05119690227928969 0.029430956257640684 0.022570379056063395 0.026861706708625907 0.024993124266252983 0.026597490516845238 0.027736620682665483 0.018403187615473944 83.85 1e-06 0.1 256 SimpleDLA
0.0 0.016736266503948292 0.010170909380556061 0.014058316170403252 0.014853157794198315 0.01856141260997006 0.022141067658162355 0.024685802766819594 0.03068864991928601 0.02446990542027928 0.02378485351804471 0.032275539116938964 0.023804521697207565 0.03113750064498582 0.031771903532612944 0.03536369317219779 0.03351225009109116 0.028778955037902926 0.0211155337218967 0.020345540442810065 0.02921611342575382 82.7 1e-05 0.1 1024 SimpleDLA
0.0 0.03318498113771078 0.03341922623084845 0.022628826931122763 0.027709178557087558 0.027314017595669017 0.020907979597012596 0.012822999774655482 0.019238054006102775 0.018377191268178033 0.02153550412672375 0.013954344051438961 0.01564506010229588 0.022167600335911607 0.029081599124873923 0.02103037778737158 0.019026621888670756 0.018179614878577905 0.014368716065026894 0.024042701640213507 0.012211800270676684 84.3 1e-06 0.1 512 SimpleDLA
0.0 0.10895409830100769 0.1112525652681114 0.0772228602441487 0.06357350805346268 0.06515104131891045 0.04497851170429316 0.06525289306825532 0.06790718597144058 0.06309832749579193 0.04567427573579781 0.05946971840505208 0.07293809225655755 0.05684204892772595 0.05747105913991482 0.09887580005894106 0.0862930639885159 0.07553616824592979 0.06846405887217022 0.09170320388127946 0.06981572681580155 72.83 1e-06 0.001 256 SimpleDLA
0.0 0.08574405420408653 0.1481609252486912 0.10632886256488625 0.1157812961083092 0.10685285375591956 0.11420180185302647 0.1263057492593345 0.13076799588515406 0.13178909123934113 0.1371834197030952 0.1104153650147917 0.1311801037147243 0.16358515508085433 0.11629283032336271 0.12238257740381311 0.13031680912680169 0.1277265135076392 0.14366609298281183 0.12502610516244045 0.14454491844293996 64.62 1e-07 0.001 512 SimpleDLA
0.0 0.028747141679668287 0.026032013214754304 0.033784042315392004 0.03210762772272686 0.0224480076672028 0.024185774868809733 0.032906735600771675 0.032285819355020055 0.02671210529199663 0.03506232739119488 0.022571359291925063 0.029720073057438998 0.03075004458842523 0.031594447112158836 0.029209011566723394 0.027658607132929943 0.028438677862727076 0.02280554214509236 0.02881752347641203 0.03450641608044614 82.61 1e-06 0.01 512 SimpleDLA
0.0 0.14107706222477462 0.14504667834116325 0.11711198548753832 0.12919037973855432 0.14068343092912267 0.13478259515988403 0.12068818392901125 0.08643607963205845 0.11744968347626114 0.11726860137495265 0.13781542146641163 0.11494406007076163 0.113086393081407 0.1331425678345615 0.1414380606455211 0.1345662410406742 0.1263229330550425 0.13739665040283916 0.13513882881431585 0.10595290933521034 62.85 1e-06 0.001 512 SimpleDLA
0.0 0.029067161905206352 0.006929471672244783 0.015035249609466686 0.01574721589159659 0.014338586923166642 0.012462722933970518 0.011874873438270768 0.01122984792975509 0.011297233942688605 0.014664182126892493 0.012549115258622038 0.012176031372260332 0.0132930989281811 0.01736463981708609 0.01726229973444844 0.014703944176775388 0.012299715172917032 0.012134535516999771 0.014919494224477626 0.012723505353965834 84.08 1e-07 0.1 512 SimpleDLA
0.0 0.09038932491358516 0.18313091249160712 0.20341629441487602 0.2072962065752266 0.2015879309527059 0.18351744423809724 0.16030194290294866 0.19909666797727066 0.20791958942789102 0.20193673547085678 0.17580359739404355 0.18313202007216997 0.20971925596438026 0.19073024451802315 0.19253517429514524 0.17901227800751457 0.18524469918381578 0.21195075651013842 0.1749300868030446 0.18169499622940102 62.61 1e-05 0.001 512 SimpleDLA
0.0 0.012462763558902414 0.020060767892842276 0.04713090432952233 0.04361889086089892 0.041695210988043616 0.03538366112800179 0.007610771608465691 0.009676028019131849 0.018665404587305357 0.011465813888220114 0.025028949320486587 0.031178875680943303 0.023038559889908123 0.018742741369802866 0.03185903833113987 0.01999292166273922 0.01811176298051385 0.014883104506976653 0.028752679624357427 0.021431599224264238 83.56 1e-06 0.01 256 SimpleDLA
0.0 0.07239345251003805 0.10641762355226339 0.12363970512791718 0.09949069404587345 0.06953688110851589 0.08216481899296219 0.08475411148834261 0.1114904089131917 0.08729817500283434 0.09419145445788665 0.08658774529277993 0.07772300572427661 0.08977192810626818 0.10134728767855362 0.10298236620184349 0.09077402964019982 0.08940371456323665 0.10526420484274274 0.099025107798341 0.10564421772368564 63.96 1e-07 0.001 512 SimpleDLA
0.0 0.07219966499180519 0.019179405467171635 0.03117052249976843 0.01900648776102259 0.014838470969922558 0.04260084529468266 0.03209120419298701 0.050436584960323924 0.041683368560944165 0.04192969484898506 0.02859147213379758 0.028572129158269517 0.032790624146991784 0.03056283380480858 0.030748703903648932 0.027964022547581104 0.03502672557426159 0.03869303152831828 0.032922152034258495 0.03570184757123616 83.52 1e-07 0.01 256 SimpleDLA
0.0 0.021162259264411006 0.051595737879629816 0.04480783972932101 0.04594931831819833 0.04198567007809429 0.03861273493936123 0.044571023585939236 0.043787697576591296 0.033556273003432155 0.02884412872208457 0.030328847484081205 0.03848388652315901 0.03783480977155545 0.03843572967153409 0.042343844335687365 0.0385874683038907 0.038895111116196736 0.03362054788159321 0.03893833865429591 0.035850471863937486 84.08 1e-05 0.01 256 SimpleDLA
0.0 0.08666552974901735 0.047837724319056286 0.09392845346238175 0.08672761515838832 0.11578462397799028 0.07771956142924602 0.08832305887660258 0.0968000302609104 0.06860103495984572 0.0811768896741518 0.08137952716229771 0.10409677802129207 0.09061762737326466 0.10874763103414828 0.0765802680640178 0.11258663891806 0.10731061478425248 0.09219091578992725 0.09033621302246464 0.10121869474132848 71.16 1e-07 0.001 256 SimpleDLA
0.0 0.030434500788170275 0.008673274148108975 0.013833343617769495 0.02262467317671877 0.017842914520319428 0.019558125536312403 0.027984620935997687 0.027405102623816315 0.009667782408757972 0.01071600886965886 0.016485563129514606 0.003250829733914482 0.018880622360313248 0.005504461280560849 0.014674458369588406 0.007921640748584272 0.013470008040260786 0.013549747971834437 0.005115123294362035 0.018749758200615214 84.34 1e-06 0.01 256 SimpleDLA
0.0 0.0099483279857832 0.020997029549696712 0.031510765625005106 0.03684214416733791 0.04231137472152329 0.036539299295698595 0.041385994152400817 0.03567127236554671 0.04467894389547514 0.025763271258713614 0.052813871433335456 0.04036119289033342 0.056488952273785094 0.05562780687663951 0.05129538254516569 0.04619046018311893 0.05682770627013216 0.044017244991844666 0.052081766918274354 0.052205614022435926 83.55 1e-05 0.1 256 SimpleDLA
0.0 0.05057491321716914 0.02427594002079312 0.015393140378544718 0.04166920259611686 0.03576017877706933 0.03263441630711008 0.03848263234915947 0.04756898927193008 0.04448014809660271 0.04389348281029842 0.029669143202315285 0.022745308331505013 0.03263113730438469 0.032599796342488385 0.043663608551496313 0.033628907038105525 0.02934016837634369 0.04143559909440482 0.03272081119889935 0.0366214927470881 80.71 1e-05 0.01 512 SimpleDLA
0.0 0.07097762138131589 0.020758383070714523 0.03341450149735758 0.030299193116312774 0.026023801062691677 0.03568157556750022 0.028059446177957574 0.021513169489672503 0.028266749794868477 0.031711836283027865 0.03690051604778128 0.03144185822806194 0.029880978852749703 0.04247184473755365 0.030213870329480037 0.03754908925094223 0.026134402719427394 0.03415473331599744 0.026948079102469758 0.02522647148785844 84.01 1e-07 0.01 256 SimpleDLA
0.0 0.07335801371612206 0.07030309234579855 0.09734309920195124 0.07664809386899994 0.10673514834079142 0.08126020625890545 0.06276374267906791 0.09028063244112804 0.09057006396403164 0.08709475788577872 0.07966412745978774 0.09437272117447129 0.07486995968682014 0.07638976155877536 0.0843513968246859 0.07793674166797242 0.068107249520748 0.08493262911980612 0.0893560434351073 0.07535658433731073 73.51 1e-07 0.001 256 SimpleDLA
0.0 0.06076325537442687 0.09694030185123198 0.06705965946213067 0.07857310240986948 0.08071077333704894 0.06313425951337176 0.07555187068491082 0.06484936276821723 0.06585812970754935 0.08143184647920368 0.0692552499589019 0.09888324517708998 0.06882185326987997 0.08268704709681493 0.0931694747984183 0.104637484086824 0.08508960514694913 0.07879143529172686 0.09409867275076549 0.09584206733516958 72.88 1e-06 0.001 256 SimpleDLA
0.0 0.02762835064825898 0.0025164901731729783 0.02892937647627876 0.020050646897167033 0.02429133695476845 0.027837448554552512 0.021083842177181476 0.015934996992442663 0.018268927339755974 0.02249002220036746 0.03428679949332466 0.011565683193225894 0.018491317366760775 0.03224231920065567 0.0374348624135152 0.03205171141749804 0.020627939787403408 0.019006893445831438 0.028241416093248196 0.029604739757206903 84.01 1e-07 0.1 256 SimpleDLA
0.0 0.053828238285744005 0.03790096871326674 0.044731473906615714 0.03228581073062556 0.028348171809502686 0.026889425120686674 0.0291912834352091 0.03133680642879605 0.02091149867074138 0.034175075196839266 0.04724192867077931 0.027361928866180222 0.030265347603296435 0.02500305069343791 0.02808955377749469 0.04161987056768513 0.019630408734531195 0.02878334636570063 0.025773404883315962 0.03975548146844248 81.31 1e-06 0.01 512 SimpleDLA
0.0 0.09868626391748178 0.10315569310862607 0.10586302840882501 0.09838773089578566 0.06315855592972865 0.07575889351980758 0.06951162219926603 0.06415617094963505 0.07564170794881363 0.07313664352726476 0.08981193853809112 0.0537663006926439 0.07661528702545252 0.061984565405227246 0.06459615447914743 0.07759403485495422 0.06674470215100087 0.08628726842858532 0.05572689117158248 0.06639664505240157 73.75 1e-05 0.001 256 SimpleDLA
0.0 0.1659415218527675 0.3157068570488038 0.2941922445560371 0.2923081738730311 0.2869301979640624 0.266876305017145 0.30160608032636677 0.30508940885538854 0.3125912871222023 0.28141284654638715 0.27608399982701176 0.29469404667618104 0.270127324846406 0.2945422093492307 0.2834530394225463 0.2808179370952184 0.2885009702203525 0.2874141095330788 0.27019655762890094 0.2972201642059289 55.57 1e-05 0.001 1024 SimpleDLA
0.0 0.14584046585854504 0.14670694333389245 0.11908922073468009 0.1495279188037847 0.1554978762919384 0.1460659382744831 0.13008499216769656 0.14577655465603187 0.14806249443056055 0.1264331923525246 0.170815028536589 0.19006334645294656 0.1617595112875961 0.14682074271668033 0.14048614878085947 0.13690138687358233 0.1610726962998047 0.15783286316929193 0.16449990733659883 0.13750635239170136 65.39 1e-07 0.001 512 SimpleDLA
0.0 0.06373094138589935 0.052389649557970853 0.05573148518703853 0.059598888193840495 0.07010136101238423 0.056461651698472434 0.04550775582498615 0.06428467574424246 0.05865862859246755 0.031967862723798146 0.050472073678254625 0.0382151089506009 0.056466024717153215 0.04006882496645007 0.03823961391442752 0.05795227722695154 0.04817178137671263 0.042824074076718066 0.0830349387707437 0.024075471063405084 72.87 1e-05 0.001 256 SimpleDLA
0.0 0.03393343909198227 0.046715313180672985 0.027646671052539748 0.04053690611069964 0.0316286058484735 0.02617513349546263 0.03380321285800532 0.035140125478175965 0.03252439808580351 0.047743245821238546 0.02582999305836168 0.020629487924433514 0.03952786182328129 0.02520916436807094 0.026614854362005023 0.04861037263408808 0.0380907062522926 0.028628529635218322 0.044257672812298754 0.023171091633713926 84.48 1e-07 0.1 256 SimpleDLA
0.0 0.0340801860031922 0.03729216805464211 0.03214131260833636 0.02756297183531168 0.03164000617330641 0.03660654186866624 0.014853199732204905 0.02343609737593813 0.03807031945832295 0.025359413828111372 0.03387225027217562 0.018957102534030917 0.02586745568661153 0.022731544085480247 0.022615689129839456 0.02425828956765248 0.01779430736641686 0.012453871009122321 0.024913657585915922 0.010221602861900232 85.19 1e-05 0.1 256 SimpleDLA
0.0 0.030004045163150295 0.0 0.02062947031348174 0.030378197439329915 0.024651533861760094 0.022319309869832722 0.011841587004220347 0.019846741433044823 0.031253545477940375 0.011458188934070081 0.023202069457220822 0.038497794863692814 0.03204358851555185 0.020448787180481785 0.031959659582968404 0.017860830840873948 0.022327177955068413 0.025594983120624328 0.026240738964884592 0.03194530849619852 84.68 1e-06 0.1 256 SimpleDLA
0.0 0.029067306183369855 0.03473781698523048 0.03272260456407134 0.037835588333105206 0.025209831910239018 0.031578072999602774 0.033584093122044134 0.039073342680157594 0.038951787175119164 0.030624495164096866 0.04987391258803094 0.038697552883787505 0.04643585409257911 0.03800503511855219 0.02624705482026525 0.02317380897237986 0.030362840749684504 0.020154516397309377 0.04945013984589526 0.027309346046629778 83.65 1e-05 0.01 256 SimpleDLA
