0.0 0.7312029269103506 0.7651046200130778 0.7934755485812331 0.7432509675346252 0.7602421478591261 0.7810554961400697 0.7541353059767687 0.7733878194432758 0.8419617576843926 0.7625994184897205 0.760073874501102 0.8006500731082029 0.8055575803713456 0.7671561254239674 0.7871645558151945 0.7904918971639947 0.7827620663670263 0.7734843473305858 0.7840781810329769 0.7729068487093645 84.55 0.0005 0.1 256 EfficientNetB0
0.0 0.8230320949334404 0.8199569500789262 0.8039873772101411 0.813614992606256 0.8023966600976149 0.7992509318627582 0.7945979843698907 0.7344018812156062 0.7665701005426455 0.7942388466899198 0.8196510155323702 0.8016601091801547 0.8314216699358606 0.8101885616165369 0.8119317745453414 0.7905555980800009 0.793445141814284 0.7985086619825909 0.7939240834335984 0.7975568076763713 84.72 0.0005 0.09 256 EfficientNetB0
0.0 0.7820574114357245 0.7896904687634897 0.8046002099117008 0.80034080980636 0.8186648047134264 0.773372049240196 0.8131371730757756 0.8241352642038455 0.8245286074360194 0.8038123959083844 0.7634718002542321 0.8054457451635372 0.7606637949513151 0.7519839553453509 0.7628989658924299 0.7555645779367608 0.7766777285992638 0.7650313419080763 0.7687278744925617 0.7563254836770154 84.75 0.0005 0.08 256 EfficientNetB0
0.0 0.8047776471807379 0.8285938823617047 0.780557331150997 0.8126543991038564 0.8184000357125868 0.7817717688731346 0.8172558527887044 0.8123786662692862 0.7760672069830784 0.8132882015499667 0.8000478742995161 0.7901726849541048 0.7982626594192845 0.787101146401522 0.7930881738729283 0.7917033010326194 0.7930726616125974 0.7867930167151852 0.7748680450791811 0.7778982954166596 83.8 0.0005 0.07 256 EfficientNetB0
0.0 0.8048246359838237 0.8443085818356508 0.8074264707933563 0.7499194360338075 0.7953092165423183 0.808655204346408 0.7905884573684903 0.7766099047908397 0.8398739702884019 0.789949876516141 0.7517325947427844 0.7704691339050297 0.7871752225419641 0.7747130969290444 0.8095160529384167 0.79704250039856 0.8026191873900029 0.806892914861439 0.8013679323510796 0.7994462552957177 84.85 0.0005 0.06 256 EfficientNetB0
0.0 0.819117236714233 0.7993539312577107 0.8152061189371942 0.7852695664005394 0.7932376109435809 0.8028267959514153 0.8060211623523437 0.79584453683092 0.8069242016749382 0.8410974699799487 0.7887065745968265 0.8062858425337401 0.8050717603808127 0.8138479384866681 0.807334862678146 0.8077965844903082 0.8071054259937182 0.8107144021492012 0.8133030993655754 0.8158977970177904 83.18 0.0005 0.05 256 EfficientNetB0
0.0 0.8506350962423018 0.7746100034233103 0.8024611015710729 0.8271975116533014 0.8047170671571733 0.8605296639785509 0.8440414934063878 0.7750456580884781 0.7864304546237209 0.8024858642292082 0.7906634850522477 0.8176206459148463 0.8271577312504113 0.8278511016317283 0.8483359414385809 0.8356110972377189 0.8502730939344539 0.8499579707578364 0.8489573587602738 0.8444949216184056 83.59 0.0005 0.04 256 EfficientNetB0
0.0 0.8223963148282825 0.7953597384702721 0.7948512268872541 0.7837213163039846 0.8085398064581382 0.7705490885041664 0.7904096197540271 0.7731436169556305 0.7881605752376339 0.7670363665379409 0.7522877311661559 0.7544820649280028 0.7805102564089978 0.7912601765923007 0.7979500235374836 0.7951922935045682 0.789227602727477 0.79898128012723 0.7948082092145511 0.7994818524924351 83.57 0.0005 0.03 256 EfficientNetB0
0.0 0.827174262817485 0.8341473574489688 0.8386021806235873 0.8032628189565891 0.8029983215599718 0.8021337540902153 0.8020259197238587 0.8036349688103683 0.8442426407967681 0.7594347927407489 0.767058637374397 0.7588523939863282 0.7677821529814011 0.7644703483063451 0.7682652183758834 0.7671870893360161 0.769751689983599 0.7815035472014225 0.7645566235191033 0.7759385207036931 78.44 0.0005 0.01 256 EfficientNetB0
0.0 0.8846954346010399 0.8440523646962768 0.8566989496601617 0.8628546476063353 0.8525261070051485 0.8666269137420254 0.8702034155524028 0.8455864361889377 0.860249136942289 0.884951279350911 0.8523065433473745 0.8587733229556025 0.8797595838359245 0.8673458189768369 0.8525532453634216 0.8699505684449133 0.8669492361667867 0.8715937623531889 0.863537264622046 0.85093844616764 74.99 0.0005 0.008 256 EfficientNetB0
0.0 0.8784626460658447 0.8544979041637559 0.8612470523808108 0.8449708734119656 0.8222924976414574 0.8156030311780671 0.8097553587875957 0.8095756391103268 0.8054152820775871 0.8081931699551583 0.7837794854297564 0.8317260544747197 0.8277320405599408 0.8385969380570834 0.8387520816344152 0.8400659446298512 0.8333296989257761 0.8315284128079427 0.8338743441761506 0.8297618216776077 77.48 0.0005 0.009 256 EfficientNetB0
0.0 0.8881902416200641 0.889525337740496 0.8855546146815051 0.8859116006710329 0.8764905208650379 0.8821963720954128 0.9007141176683282 0.8934198560153704 0.888353414860714 0.8783302595068073 0.8834856725974214 0.8876555608849495 0.9038376696423548 0.8785326091394141 0.8794890584246446 0.8782597713321469 0.8891511835023956 0.8751927194685613 0.8815936792355835 0.8813101573401628 72.99 0.0005 0.006 256 EfficientNetB0
0.0 0.8411414272357479 0.8509866189565649 0.8042966957098763 0.8425485580225173 0.8625003476005284 0.8227808835044264 0.8347048820493039 0.8454338566749473 0.8060446687363924 0.788630182124992 0.783195721738068 0.7849628912247647 0.7854974991392031 0.7845276304049418 0.7894973504919283 0.7891963400831221 0.7817637550807816 0.7880495819531026 0.7853215803575302 0.7797002374012376 81.9 0.0005 0.02 256 EfficientNetB0
0.0 0.9697151821482156 0.9844162206176703 0.9481797672536999 0.9340106344149917 0.9437192189623714 0.9342349663945596 0.9384041899410523 0.9388524087484166 0.9325046278792897 0.9332242046877264 0.9150816514595239 0.919816528466051 0.9091267042908364 0.9047785387483267 0.907098198356546 0.9126906318025294 0.9098350524939742 0.9114544073360367 0.914416686957493 0.918478702906709 68.64 0.0005 0.004 256 EfficientNetB0
0.0 0.9105241494358559 0.8770607435100586 0.8763352161103183 0.8717691460416274 0.8598553680505284 0.8632652281326761 0.8685231860278059 0.8785739293785817 0.884516940301443 0.8785209956164073 0.8813514880540388 0.8887816496496781 0.8885674545561538 0.891091951670025 0.8900032698214444 0.8989305221921993 0.8876905878264084 0.899988675595683 0.9004787501595473 0.8969047234647501 74.56 0.0005 0.007 256 EfficientNetB0
0.0 0.8909272656559282 0.8584185990132192 0.8933924287006105 0.8682648166896861 0.8779304483859656 0.8736057494188186 0.8819722029928981 0.8783699854365917 0.8936517080345948 0.8653575421403016 0.8677709662315685 0.8767133452292619 0.8737203915741624 0.8578587894440044 0.861794039876398 0.8593762707173276 0.8534918621725787 0.8743141451702678 0.8639779344798753 0.8619802766335235 71.28 0.0005 0.005 256 EfficientNetB0
0.0 1.1095874950272009 1.182391996544089 1.182705230318807 1.1740959736104684 1.1968279400202426 1.2025205779386647 1.2055472123835187 1.2025274000936692 1.1788322746809556 1.2060635218031572 1.209537625899373 1.2024044394957258 1.2038237991325393 1.2061889376070751 1.1865135411969214 1.1859288882192296 1.2055104359980888 1.187641705540355 1.2030555473397262 1.2010078299373304 51.14 0.0005 0.001 256 EfficientNetB0
0.0 0.896996655325934 0.8057472690207886 0.8425152781350469 0.8326295027638451 0.8179392052723657 0.8076657428055732 0.8147274378703561 0.8358491991199775 0.7966475677317445 0.8196491624389205 0.7988812484206851 0.8234958566922731 0.8126766909263344 0.8853797632216502 0.8105472341167211 0.8087136347190164 0.8218737280494665 0.8206872952522819 0.8178495899589068 0.8197882054149963 84.04 0.0005 0.06 256 EfficientNetB0
0.0 1.039587992867229 1.0769009360784125 1.0698935616828549 1.0924514419422535 1.0765481774914065 1.0982999781647085 1.0993161684333697 1.09947331261621 1.0931084505307525 1.088845030875504 1.0854637239189606 1.0748117281380218 1.0749323500196277 1.0783276493890361 1.0717716163607334 1.0827131185089316 1.0792961866666198 1.0973816228133426 1.0983941738521283 1.0967438406063947 60.14 0.0005 0.002 256 EfficientNetB0
0.0 1.031731011463786 0.9991037050811482 1.0037578756545722 0.9860126866235507 0.9658642159499863 0.9803695323637863 0.964994959772003 0.9690141077224017 0.9915492109867313 0.9827482428668604 0.9738890807602496 0.9780420251493556 0.9891921865255858 0.9890464062633542 0.9789785746048502 0.9915226160932795 0.9900161686633275 0.9731597583024797 0.9824434811478501 0.9715300476773403 65.01 0.0005 0.003 256 EfficientNetB0
0.0 0.8379395369414229 0.8376297831978258 0.852987112257415 0.8241819907370632 0.8584715767040391 0.7648494713094953 0.7916839969207898 0.8306066258400305 0.8617253611157465 0.8472568756104226 0.8263133766966355 0.7929087267241784 0.8041547466179858 0.81883195256705 0.8346055567066827 0.8292201871504089 0.8297311705092847 0.8445011139163711 0.8353645391085849 0.8408087308613539 83.38 0.0005 0.09 256 EfficientNetB0
0.0 0.869496298813646 0.8086737729443041 0.8242532913038769 0.8232240324848145 0.8036752630694393 0.7871223671559804 0.8542395936609908 0.8258537207578956 0.8193829996090181 0.8241721380555453 0.8309793029531808 0.8284588515050285 0.8228134041233729 0.8413895578600308 0.8426021562667643 0.8376139249580435 0.8217213046152011 0.8134582229616423 0.81936240838884 0.8167590289809068 85.07 0.0005 0.1 256 EfficientNetB0
0.0 0.8303673947269938 0.8286412396688512 0.8623165158841901 0.8445390500836397 0.8365310511203503 0.8288305199836314 0.821951551380602 0.8567060523234278 0.8067489822193629 0.8403751561636332 0.8145929160089951 0.8162234098494524 0.8377079600765882 0.8358566049143898 0.8341892345414667 0.8391785280339774 0.8513567948923287 0.8440299582457795 0.848716168001948 0.8607772225116364 84.6 0.0005 0.07 256 EfficientNetB0
0.0 0.8376456360449638 0.856437321244697 0.81569486790906 0.8343003631578857 0.8080590235426436 0.8283232731159622 0.8659115433341198 0.8055951221242627 0.828385268539767 0.7720444702400076 0.806338939761106 0.7862246331322365 0.8145613463593296 0.8082900980137003 0.8065382892632462 0.8061798645369115 0.8137689493884261 0.810816735727507 0.8123553750872357 0.8110174994275106 84.65 0.0005 0.08 256 EfficientNetB0
0.0 0.7924143172048158 0.8241852266846078 0.8357175104812973 0.8199279977363929 0.840962476369108 0.8088927331571056 0.8234983130177504 0.8710416049788181 0.7840834493769117 0.8054927696349727 0.8370820311771509 0.8260077881782654 0.8414989862921773 0.8416659419258132 0.8472385622987669 0.8405443247961414 0.8349812043506207 0.84025539131428 0.8301955692520265 0.8421877501247601 84.84 0.0005 0.05 256 EfficientNetB0
0.0 0.8834248222915281 0.8636887696225005 0.8238371738208567 0.8439121050861977 0.8443198689591047 0.8339874503261042 0.7931512060775908 0.8686424521924646 0.8692969887754833 0.8279007800807507 0.8412582093174382 0.8493383543521539 0.7923162759679739 0.842198041723529 0.8582800413519531 0.8535792699729349 0.8512087235510906 0.8553360996001058 0.8508129138712319 0.8509299935034903 83.64 0.0005 0.03 256 EfficientNetB0
0.0 0.8656198620885571 0.7969911198110193 0.8473524721055941 0.8746589929195929 0.8412149050975747 0.8101471479879875 0.8329670174684543 0.8478349133924801 0.8302230483606269 0.803100110709475 0.8138969074637958 0.8334167629895233 0.7918850439185108 0.7946239144880072 0.798140753416201 0.8167501839999332 0.8189406541122828 0.8126080181103812 0.8093359030716729 0.80155326052997 83.71 0.0005 0.04 256 EfficientNetB0
0.0 0.9188437295871352 0.8825509149106796 0.8662370411989698 0.8687261811636623 0.8443738632914932 0.8607669938346212 0.8256343969655885 0.8060184878455956 0.8137221356788459 0.8288354235183207 0.7993815367461912 0.8142197193645195 0.8141383039109842 0.8059665365969678 0.8209747069657723 0.8123795849008169 0.8196227295280133 0.8237728754596685 0.8016716208029131 0.8153728162311552 81.91 0.0005 0.02 256 EfficientNetB0
0.0 1.0109231642887555 0.982501293423182 0.9842853586582275 0.9753503282487549 1.0124874234110055 0.9763544461274012 0.9982650360760833 0.989771952819165 0.9735517500608285 0.9821306845815034 0.9747849526018614 0.978154787353597 0.9709857931470184 0.970626493897057 0.9729459445168729 0.9952143018308688 0.9559396180762048 0.9775225986216166 0.9779927540862148 0.9736217105526014 62.87 0.0005 0.003 256 EfficientNetB0
0.0 0.8732156166266769 0.9262609391308562 0.8494220975765296 0.8465285350845343 0.8582857151202102 0.8635550210581582 0.8810816535803042 0.8692754998609175 0.8678325389689532 0.8751454256128112 0.8700505429180724 0.8729441541456079 0.8775707368519978 0.8929651192367636 0.8915563762865862 0.8880638403023069 0.8849601107920025 0.889485417886913 0.8796829037850196 0.8878145555745668 76.86 0.0005 0.01 256 EfficientNetB0
0.0 0.9479763692763968 0.9303737054748411 0.9424070160690016 0.8895878701575209 0.8994022770309339 0.8994390654321223 0.8905459507930906 0.8945727633424169 0.8813526693368756 0.9117493377488454 0.9026512029976614 0.8980644068010365 0.9025754911233534 0.9033655216555051 0.9011792383626411 0.8938231400526252 0.8973632732635898 0.8985556665565645 0.90362890271238 0.897024520949072 76.52 0.0005 0.009 256 EfficientNetB0
0.0 0.975949066685809 0.9201375044084834 0.8483326068469041 0.8863645025994518 0.8937218580397364 0.8717520612341824 0.8909687819152681 0.8784235348987601 0.8719089287422551 0.874437251747637 0.8936840541924232 0.8822863892305999 0.8757436010450454 0.8889939361266316 0.8831059400073801 0.8888666704694497 0.8937536727274765 0.8881700048836092 0.8815931173037639 0.8809935047201093 73.63 0.0005 0.008 256 EfficientNetB0
0.0 0.9487435878635534 0.9151781498989757 0.9517801242813946 0.938824297366003 0.9426154301852797 0.9405197984307619 0.9304457840924387 0.9278242318327529 0.9216185624750264 0.9218756448975527 0.9443646179292037 0.9257340715184713 0.9325767259872286 0.9385817014090989 0.932240379529508 0.9249413449848377 0.9170147064252363 0.9124750182054282 0.9112308572633262 0.9428264836708458 73.02 0.0005 0.007 256 EfficientNetB0
0.0 0.982904793784066 0.978389219267384 0.9897781135515581 0.9699455634484309 0.9791988389831634 0.97443961820754 0.96749358486553 0.9598425151719654 0.95401515042924 0.9685988978835899 0.9653435213913524 0.9668435095138733 0.9753757736993398 0.9737396048980872 0.9581030041252835 0.9611523290758818 0.9578706377837898 0.9683149486751619 0.9594813249395052 0.9647050461427853 68.67 0.0005 0.005 256 EfficientNetB0
0.0 0.9737599496054536 0.922035298147645 0.9457114786218461 0.9170767252035009 0.9395444065766987 0.9311558384186317 0.9214189401158029 0.9105695467766282 0.9039047853667757 0.9048811622387396 0.9152535801465178 0.9189071085652158 0.9222154104202335 0.9195821278090043 0.912973014936397 0.9298102413680855 0.9280716772853066 0.9276130756530437 0.9220791338645085 0.9180825184692096 71.93 0.0005 0.006 256 EfficientNetB0
0.0 0.9702260409883071 0.9875867318109205 0.9581374756645049 0.958212555364312 0.9379426920911719 0.9405621053512793 0.9381606939130767 0.939328578773595 0.9406590001399819 0.9277778884388684 0.9273676276217871 0.9358705917169811 0.9322595296967175 0.9285979835445946 0.9375885055211021 0.9374604955968082 0.9206582056708125 0.9259535969965467 0.9159552723477268 0.930151399132863 68.3 0.0005 0.004 256 EfficientNetB0
0.0 0.8410445384188787 0.7881636818111071 0.8094049460019359 0.8015118332524942 0.7992948081681597 0.8112025455515445 0.8332032115870984 0.8586600319874448 0.7786749463152287 0.81737465436055 0.8216635825506328 0.8147177974918323 0.8112078446668388 0.7951552770770239 0.8034110108978916 0.8208305363864425 0.818775283438255 0.8186564649464309 0.8239201537743207 0.822190685927749 84.86 0.0005 0.09 256 EfficientNetB0
0.0 0.8367778878254015 0.8114169927876861 0.7630856180495426 0.8434786897648435 0.7942224138397153 0.8203680078708905 0.8135466193642091 0.7636188924804991 0.8012246646622831 0.7904631606354724 0.812491111663042 0.7846791884842971 0.7467719191570318 0.772788794492492 0.7862638529768805 0.77277149159712 0.7800784420846328 0.7749089207136458 0.7847098255451921 0.7736158729169001 85.04 0.0005 0.1 256 EfficientNetB0
0.0 1.087736819629874 1.1714839924695264 1.1519744311459466 1.1441269146439945 1.1808123444491792 1.1624571623673845 1.1528232985864293 1.1518751436772796 1.1655374112103898 1.146922540432895 1.1603090011067192 1.1394745459281914 1.1683172060580285 1.1828523033324017 1.1599859584618866 1.1566441985704803 1.15406182697116 1.1534884429361587 1.1708387182323445 1.158003149790224 52.77 0.0005 0.001 256 EfficientNetB0
0.0 1.0418452531797804 1.0215829434064312 1.0293174976634103 1.0239042387623996 1.0298046147496498 1.029425216974613 1.0129378877124446 0.9938385503183806 1.0165628505029065 1.0290999588304859 1.027696479434322 1.0422470922001283 1.0270809829459175 1.0247017745630693 1.019706947462412 1.0052666381697326 1.0260384966751392 1.022324082598579 1.0124338708798843 1.0194983838333576 59.88 0.0005 0.002 256 EfficientNetB0
0.0 0.8376802324217947 0.8009764788893499 0.763816670914966 0.7588295150573607 0.7825709196621321 0.8290214945669847 0.7943373879579625 0.7985771189527954 0.767505303968591 0.7970082536486351 0.7712713699145719 0.7669499225380055 0.7912459677955442 0.786927804282041 0.7843842963016292 0.7699129362164482 0.7653822074085835 0.7687847423384643 0.7741116050820033 0.7806137705140097 84.8 0.0005 0.07 256 EfficientNetB0
0.0 0.9167963187564153 0.8497948665272367 0.8578411969465323 0.8855189692138716 0.8143989215011439 0.8200682863903164 0.8215911047014605 0.8105909756710128 0.8205739206614335 0.8298136732232159 0.8330108793728277 0.8332101819705657 0.830006581615757 0.8293675403689508 0.8159914022083591 0.8149240691779422 0.8283215304272394 0.8267380764911673 0.8157547477836884 0.8365083706467386 75.46 0.0005 0.009 256 EfficientNetB0
0.0 0.8146933663765491 0.7803503103566654 0.7999872356009324 0.7863668345911169 0.8236235072604217 0.8298777806578166 0.8204589107885423 0.7935575154553491 0.747370382698622 0.8007213836462458 0.8104424934344026 0.8126167199124457 0.7796968089636889 0.7958045886454621 0.819969218103172 0.8081751517073842 0.8068948479799051 0.8195935004378615 0.816399959576239 0.8186876784081855 84.6 0.0005 0.06 256 EfficientNetB0
0.0 0.8858002359386034 0.8287313461828125 0.8312789276561707 0.8055779892889453 0.7933049891773299 0.8027954360335783 0.7883246685543565 0.8500078265491939 0.8141449914517649 0.7790781679870392 0.8071819226718637 0.797854154348678 0.8032259745487788 0.8190110226756755 0.8136382665882167 0.8058625236217375 0.8189781192503663 0.8174732501778729 0.808435761675553 0.8148647680040976 82.01 0.0005 0.02 256 EfficientNetB0
0.0 0.8086933319393426 0.8106834491753361 0.8118444716179337 0.8353275202748169 0.7925337004432513 0.8320762852635216 0.7831818483319197 0.8084990912587259 0.7612405309776955 0.8194087729215075 0.8239959156150256 0.7574248562637491 0.7617376535997855 0.7768823388630628 0.8008668710312147 0.7913000090852347 0.8011558029974846 0.8089906553489024 0.8046125638268714 0.807385488381215 84.83 0.0005 0.08 256 EfficientNetB0
0.0 0.82680920983047 0.8128906212555855 0.7865026998031879 0.8081328328982904 0.8106049455692347 0.7653589397631373 0.8365143990683042 0.7518662330273473 0.8277158681774356 0.7920526693710301 0.7618552132092146 0.7857836927173364 0.7732298135851708 0.7740163366676572 0.7872053430055902 0.7815466695979291 0.7798901440278051 0.7802997152728356 0.7788010912287731 0.7878846745815248 82.99 0.0005 0.03 256 EfficientNetB0
0.0 0.8090594608768172 0.7733832910814527 0.792057914041842 0.8081975384389278 0.7865833733678909 0.8125410853767028 0.8228623382660457 0.7926768511323478 0.7974041509132919 0.7758833278848255 0.7573585093457166 0.7722300640991293 0.7739424815914656 0.7961030139770571 0.8050489713067712 0.8124582108912929 0.8221694698607886 0.816050039536565 0.8144846214751003 0.8173365872820487 84.56 0.0005 0.05 256 EfficientNetB0
0.0 0.8113741756485905 0.8363845828450355 0.805228841139881 0.779775672732673 0.8055154502762985 0.7903626589693645 0.7827898666810988 0.7549105078603876 0.7715582399867301 0.7947435751148241 0.7873445083457288 0.7974224492559153 0.7705624771302472 0.7385438696315887 0.7543319030251583 0.762470971516226 0.7543975210325081 0.76257430590603 0.7633299134778205 0.7700287468347033 83.5 0.0005 0.04 256 EfficientNetB0
0.0 0.8935620555298598 0.9305996147326729 0.8575546866872635 0.8566203798663677 0.8839103925022751 0.9060250320378448 0.9131639388602274 0.9070256104749598 0.9121496647922092 0.879088232681288 0.8640418844692931 0.8461565626327073 0.8521854323090075 0.840271085177728 0.846729797042982 0.843601699501209 0.8508758367135628 0.8465274208102688 0.844560755002135 0.8520126813062376 77.1 0.0005 0.01 256 EfficientNetB0
0.0 0.9831842586041294 0.9895034265806774 0.9701456543395649 0.9225153608882014 0.9391615133913048 0.9505321193771197 0.9525825190919 0.9434622640376622 0.9505157910591566 0.9307586153086623 0.9286574041981747 0.9344792076226486 0.9280261139442354 0.9363893905571621 0.9151518690447858 0.9308058004919847 0.9349141990570027 0.9269168927601988 0.9418362831285941 0.9340992556693797 68.46 0.0005 0.004 256 EfficientNetB0
0.0 0.8634969754606712 0.8531172498595337 0.8981551561612171 0.846981577357369 0.8653337208727062 0.865434697420697 0.8502417013726687 0.8601096377865318 0.8657109811230183 0.8420322920561785 0.8592308580450443 0.859027516458077 0.8293845354831878 0.8434478298284952 0.8381583457601502 0.8394021573997538 0.8412837764286657 0.850025457904391 0.8395755143068806 0.8299322026466024 73.94 0.0005 0.008 256 EfficientNetB0
0.0 0.8920575471811705 0.9104684676606639 0.8380393845871213 0.8403867641288856 0.8442114459986277 0.8408547693885572 0.8267116707522366 0.8256003699348347 0.8328715924373786 0.8329741705763297 0.8180351304248613 0.8203392835819563 0.8100500383477044 0.8154167657402125 0.8149839395689411 0.8124129445281885 0.8087585786649534 0.8088372103002383 0.8188941000053022 0.8103777582947705 73.35 0.0005 0.006 256 EfficientNetB0
0.0 1.0830093859042464 1.0247577060742619 1.049547807579028 1.0000318735532938 1.011710491315375 1.0281607047273733 1.014062040134951 1.01503776106392 0.9942205443243666 0.9764135075216549 0.9940469071766422 0.9821044645188681 0.9905050480056096 0.9845209936686982 0.9784669041675328 0.9716507924352916 0.9650366554866376 1.0000252077264324 0.9720086580943719 0.9884441890968547 59.0 0.0005 0.002 256 EfficientNetB0
0.0 0.9263661486829495 0.8775021366788462 0.8531844804671735 0.8509958873688952 0.8278808379519093 0.8501899512574345 0.846643081349906 0.8581637629815492 0.8624124130982942 0.8687738792210211 0.8965839694255654 0.8862955239509555 0.8667929689394733 0.8803427067942639 0.8733580817632476 0.8675886821650607 0.8753666593762685 0.8790667084160886 0.8806100694131399 0.8860941483414295 72.42 0.0005 0.007 256 EfficientNetB0
0.0 0.9846701026891707 1.0446861734491282 0.9607398145311155 0.9803770209501395 0.9582199608947626 0.9621174831776692 0.9633512527073284 0.9637549973642298 0.9683768374703621 0.9645671542582851 0.9672232361841037 0.9540372193932167 0.9692094682800988 0.9652151224562314 0.96841958252186 0.9590237998066644 0.9625664093541915 0.967811766013388 0.9679725578020145 0.9651622212120049 64.98 0.0005 0.003 256 EfficientNetB0
0.0 0.900899069385469 0.87965132302756 0.8970058902487134 0.8878303374640159 0.8706262243808064 0.8824564013325173 0.8679941030942437 0.8848383132061953 0.8866937745519293 0.9014345677734232 0.8923258681812167 0.8926119334607218 0.8909262451115167 0.8883300512429737 0.8736603997145077 0.8743881322323581 0.8753977338320502 0.8812348937669617 0.8789995798170329 0.8818466959133179 70.19 0.0005 0.005 256 EfficientNetB0
0.0 1.0950814847543353 1.1673978522306796 1.1235511926597395 1.14111882979669 1.104909383757687 1.1126940241357766 1.103170454009146 1.0913476275676364 1.0804159739282964 1.096282248019333 1.098798556324054 1.075880433716892 1.0800650531947282 1.0812511786604673 1.0973935559883146 1.0881409943511289 1.1060043588975332 1.0771117100368495 1.0904232745617437 1.077522794701587 51.54 0.0005 0.001 256 EfficientNetB0
0.0 0.8364923798416022 0.7993438345666063 0.8651298582871894 0.8383049351081943 0.8712477198863918 0.8152531869278703 0.8011596379041761 0.8080968275595423 0.7703188989381128 0.7955924859659603 0.7638595123997081 0.8356783465258754 0.8006323964081871 0.8173866957575333 0.7989988406918624 0.7946150792238998 0.8121240552002484 0.7997275856017626 0.8103717937630587 0.7899591291981828 89.73 0.0005 0.06 256 RegNetX_200MF
0.0 0.8755372786335447 0.8265311647168838 0.8346012287800769 0.8130895910867193 0.8443778402686394 0.7691352904052315 0.7855867494226548 0.8037784898290228 0.8076314520297678 0.8285536448930736 0.8026627695582846 0.7652935611479728 0.765982670541792 0.7699975979828386 0.8320333896500338 0.7909956758653602 0.7803313900461446 0.7903019096205008 0.7809339581652543 0.7883692998177031 89.44 0.0005 0.08 256 RegNetX_200MF
0.0 0.9126631057361162 0.7144750900218778 0.7999196230332757 0.8752425824311872 0.7914474421384822 0.7946178389742806 0.8426474575331945 0.83725761154625 0.84531256181246 0.765694941644401 0.7790195007760202 0.7736854007403307 0.7955438086812385 0.802114024884085 0.8108207434439069 0.7881106153027052 0.7957562404399101 0.7931190761874702 0.7957051082512527 0.7937710838599075 90.41 0.0005 0.09 256 RegNetX_200MF
0.0 0.8161713826358161 0.7443659478407612 0.8325307798770685 0.8333334798411574 0.8312981396719066 0.8862228086812146 0.850680099715987 0.8416618854341797 0.8353582314226888 0.8035407904028831 0.7687480872663177 0.7655637807374237 0.7921271727644791 0.7703733754085477 0.7806535920328228 0.7831957195192389 0.7925151106128542 0.7851133650041678 0.7803139901313423 0.769735174655444 90.24 0.0005 0.1 256 RegNetX_200MF
0.0 1.0211984995238585 1.0187839121649696 0.9554359743998233 0.9540418112539318 0.9465340376052782 0.9499106276752479 0.9652119990092135 0.9581150397497207 0.9582737422018995 0.9778280325662071 0.9642518857273291 0.9627742238252667 0.982798013207105 0.9807926244352209 0.9827123989751106 0.9638723753867423 0.9933713222012382 0.9829315222037337 0.9716189800058664 0.9760148849660087 77.5 0.0005 0.005 256 RegNetX_200MF
0.0 0.76903078868488 0.796128071259908 0.8029120297984381 0.7819098547901011 0.8454627402921485 0.8127937747530993 0.8201325647606582 0.8552413784948097 0.7638020100846349 0.7639448671821389 0.7819303172220294 0.7829434791888196 0.844054397733626 0.8006191800530854 0.8052428243049848 0.8044868562439871 0.8085337565036491 0.8060712976451295 0.806715707912867 0.8226605808644911 89.45 0.0005 0.07 256 RegNetX_200MF
0.0 0.8299348604226249 0.7965505364076058 0.8090741816734541 0.821207084910702 0.8482811293455436 0.8211453108121388 0.853458623719481 0.8142188865317007 0.8549398889842135 0.8260901148080967 0.8316319311691813 0.8290104018594036 0.8391711967419782 0.787480183200526 0.7856173287952463 0.7972295215560625 0.8058328629774217 0.7978588948172789 0.8163089902705605 0.804259861240515 89.54 0.0005 0.05 256 RegNetX_200MF
0.0 0.8385714488638303 0.7996942522663355 0.7720934054611897 0.8742308738301763 0.8144406924221169 0.794446790045711 0.8038468003131242 0.8459995278561061 0.8039744835786564 0.8002609662363858 0.8061812916514353 0.8115157877495106 0.8083022981923381 0.8062733583508921 0.814051189321803 0.8030956458293933 0.8139121402878495 0.8021914212776966 0.7941508733448783 0.8156759671629975 88.05 0.0005 0.03 256 RegNetX_200MF
0.0 0.8544488668347627 0.7944845003958944 0.848825533808937 0.8765245195698224 0.837200326707712 0.8384583411450863 0.8300016123440301 0.8319159623575149 0.8321990685993426 0.849990078506302 0.8591639092085189 0.8704128213854035 0.7925853283461405 0.7993116659841921 0.7962469510401294 0.790074672258464 0.7987298300762815 0.8050047230934722 0.8133307433079799 0.8039269486734218 86.55 0.0005 0.02 256 RegNetX_200MF
0.001517144790378862 0.8803312292188799 0.8686987162548373 0.8903905207397382 0.8409822123361124 0.8385683284707723 0.8771850828784757 0.8904730334954973 0.8645132303610553 0.8722158961225359 0.8427487430068921 0.8364103573067105 0.8551416629366422 0.8446782865329001 0.8372003197131751 0.854169953611907 0.8480131672645213 0.8476487624307184 0.8507119876362539 0.8542104342487046 0.8519227325498739 90.13 0.0005 0.09 256 RegNetX_200MF
0.0 0.9146083846837315 0.7933692803167905 0.7942288151962784 0.8078156698627115 0.8414583998719478 0.7893180572247673 0.8352496644881342 0.7849386260812753 0.8198077525283862 0.77833742104954 0.7787361803910839 0.794393473684177 0.7818617724435143 0.7934263876872101 0.7898386461779381 0.7710416177766714 0.7953979088655815 0.7996000388461142 0.8011863775872997 0.7862139652477498 88.5 0.0005 0.04 256 RegNetX_200MF
0.0 0.9486950879329434 0.9722616101592486 0.912252022820796 0.9103923942568383 0.8982825443416499 0.9149035222741148 0.9182671414556411 0.9276643873407663 0.9369886887091592 0.9267750748765907 0.9445276109632863 0.9394983612276816 0.9496431133213644 0.9535376747844261 0.955176048106584 0.96212364629928 0.9575803385864857 0.9560667506106519 0.970303357243421 0.9596081520924892 81.14 0.0005 0.01 256 RegNetX_200MF
0.0 0.9586030139160158 0.9130961719759213 0.9140639880364606 0.9131629204940985 0.9451261148195128 0.9366915111121967 0.9369685900831045 0.9346457917662773 0.9578469522388972 0.9457004798226984 0.9480484142682459 0.9473757658610082 0.9567564359256068 0.9462276740877429 0.9472556414378249 0.9456827415456159 0.9604821205764577 0.9590284442994512 0.9614548274501803 0.9607351200884199 79.33 0.0005 0.007 256 RegNetX_200MF
0.0 1.0554751886844058 1.0540918581625423 1.0866338239156668 1.0315531232776523 1.0766270710065513 1.032472300447581 1.0430415286253052 1.0473264178212778 1.0316783477461389 1.0296580933614052 1.0518624636555098 1.0366548447686226 1.023711554004998 1.0444666273299863 1.0378568753703703 1.0382946304921503 1.0519484596789617 1.0492654801906043 1.0516586147785145 1.0277238306728302 76.03 0.0005 0.004 256 RegNetX_200MF
0.0 0.9160211908315914 0.9535930780189448 0.9137016387198956 0.8984382332437584 0.9082455146001187 0.9133673389844119 0.9033828805279087 0.9119767857253587 0.9084349291244282 0.9090029658455611 0.9080826001320003 0.912113200691902 0.9108523990421067 0.9179815967143378 0.9323738644119531 0.8923392923579698 0.9164940930003123 0.9120026617894446 0.925510685875611 0.9233419915221829 80.6 0.0005 0.008 256 RegNetX_200MF
0.0 0.9151947268599373 0.9617575377441002 0.995665296708763 0.9870137682011432 0.9911615912671732 1.004716265276263 1.0024125821723167 0.9930131677608657 1.0025182792157665 1.0038501191380473 1.009701875751739 1.0037347657240228 1.003560662332296 0.9848032413817819 1.0130741915594326 1.0117740851671901 1.005346610411759 1.018058289413546 1.0221663208526655 1.0080566396209105 78.86 0.0005 0.006 256 RegNetX_200MF
0.0 0.8845138174677549 0.8783905841820722 0.898648244894067 0.8732647090075605 0.875712852718446 0.8778034320514908 0.905234647257398 0.8938113569483356 0.906294250020629 0.9207512876697116 0.9268102010608361 0.92075258038939 0.9282535910123386 0.9204616213567237 0.9194104223294378 0.916404048171028 0.9047773535975593 0.926067779533001 0.9312618809428783 0.9313102631777157 80.63 0.0005 0.009 256 RegNetX_200MF
0.0 1.0872230652083343 1.268052149911425 1.2308404210265795 1.2221077594516025 1.2087969024435095 1.2115857356526913 1.2134145836638752 1.185338804808516 1.217753856916871 1.223085425192849 1.2167654715796197 1.2216253045131977 1.226072940082379 1.2393304978625281 1.2219539749493333 1.230135857716875 1.231155790253103 1.2113134942821684 1.1971118698435623 1.224915784438562 70.78 0.0005 0.002 256 RegNetX_200MF
0.001517144790378862 0.8653036927950799 0.8459000607546966 0.8456371112036968 0.8741939630227887 0.858439952448096 0.8651177104874977 0.9060921110317878 0.8848526307472102 0.879674851754713 0.907197678883278 0.8386876110839431 0.8625165870836561 0.8469036031443268 0.8539335837187307 0.8488383208490669 0.8496512348239544 0.8586720904420649 0.855337879665377 0.8604781705800719 0.866837546094496 87.83 0.0005 0.03 256 RegNetX_200MF
0.0 1.1487965482820344 1.165833189722326 1.3769096720006815 1.313544995549928 1.3896394493337294 1.3911782511679862 1.3936874461156759 1.3637643491888327 1.3972220047523092 1.4222784619659847 1.3934109244472401 1.3933427978915116 1.39794156443521 1.3827427746311651 1.3896275789846952 1.3940629791529506 1.3918468024508597 1.396242297263238 1.3993210146791224 1.3903450838256814 67.09 0.0005 0.001 256 RegNetX_200MF
0.001517144790378862 0.8653489708170491 0.8257664466428559 0.8805554200312448 0.8750253439959975 0.9017725429437884 0.8545376237050472 0.8068184425831756 0.8682766984762665 0.8058285518996924 0.8627045328394745 0.8498993352884884 0.8805210863697017 0.8391291757184061 0.8164479602536393 0.8197742287839632 0.8231969075176124 0.8169540151679319 0.8132512043754209 0.8188500875851268 0.8204384492794167 89.62 0.0005 0.08 256 RegNetX_200MF
0.0 1.0259462412058884 1.1312725868485853 1.1035678720630395 1.1219220506757066 1.139376363664717 1.137018918446748 1.1205663889498425 1.13176875858734 1.1327373312437647 1.1189408657602187 1.1336983429438146 1.1319399184468326 1.1383487460344979 1.1312477615126733 1.1324305606867653 1.1303278155663061 1.1551314714986793 1.1433927458333508 1.1345350925004158 1.1279953849393067 73.66 0.0005 0.003 256 RegNetX_200MF
0.001517144790378862 0.89748491711175 0.8389308209923881 0.8495666474277874 0.8249198845871776 0.9161852873625534 0.8900256408420065 0.8318494605026623 0.8231031523012023 0.8175230938880008 0.8035878218396393 0.8293312295113102 0.8468734763823366 0.872218638200065 0.8636857336872329 0.8632189005248079 0.8697963819850427 0.8632730360614639 0.8554625427431525 0.8552111409123335 0.869306910196896 89.12 0.0005 0.07 256 RegNetX_200MF
0.001517144790378862 0.8195339355128133 0.8904017515385891 0.8096450706126613 0.833837847892545 0.8514175603485862 0.9021435839827805 0.8632844736646191 0.8428905525502118 0.8180675821113378 0.8894755192129016 0.8475528531137416 0.8161488171560458 0.8384064385843375 0.8327922223378853 0.8547639494306816 0.8564210194716381 0.8745639915394237 0.8705065556838708 0.8679250453153132 0.8784746369040539 89.5 0.0005 0.1 256 RegNetX_200MF
0.001517144790378862 0.8931848597678418 0.8041993944127409 0.8572607395768495 0.8648458819144402 0.8415603825117438 0.852170333631475 0.8273208616628449 0.8625967488454408 0.8570276325840811 0.8620665960031144 0.8466544661109574 0.8412533089883574 0.82847690887066 0.8227434538599439 0.8258732295499596 0.8161584257602097 0.8131249295248526 0.8062822880927618 0.810589409788505 0.8180002995930543 89.86 0.0005 0.06 256 RegNetX_200MF
0.001517144790378862 0.945087492215452 1.0234294034315417 0.9429037619608336 0.9160464122630931 0.9187659584490336 0.9476733517031412 0.96253182742432 0.9803106311491544 0.974856522177621 1.007696079051248 1.0050449416242453 1.021438372296665 1.008389930145412 1.0372613012422582 1.0113734399928438 1.013833484756239 1.021414041273551 1.017951819861891 1.0130498128631396 1.0102564391666835 81.0 0.0005 0.01 256 RegNetX_200MF
0.001517144790378862 0.8893295566079701 0.8524139239244124 0.8163854164785862 0.8390543393209374 0.8468255380187568 0.8382968850515056 0.8144423116554768 0.8155084251588556 0.8582608549945678 0.8614254471637157 0.792084301711332 0.8083125977187515 0.8103687580153371 0.7939792730845245 0.8277408154987549 0.813238167078978 0.8034829799034834 0.8087821150015236 0.8104000726921586 0.8115097405604093 88.84 0.0005 0.05 256 RegNetX_200MF
0.001517144790378862 0.9151327628274238 0.8744091143317347 0.8595897654060743 0.8841775717717241 0.8359780932759431 0.8307128165926236 0.830523596271375 0.828760638793005 0.838264761900195 0.8465488535631154 0.8741500129699656 0.7946008020192261 0.833979042022699 0.8344010160982258 0.8548158000400414 0.8512402234996523 0.8616009666448784 0.8529800863778523 0.8451319967778284 0.8425801222244327 87.03 0.0005 0.02 256 RegNetX_200MF
0.001517144790378862 0.8948670965015542 0.8749552475153224 0.834405260521543 0.8884479920546888 0.8582636874902133 0.8443806114056539 0.8382744686639547 0.8239384023350901 0.864143027703771 0.8301252293102408 0.8247603955091526 0.8204424923656269 0.8362042197397999 0.8448243506419019 0.8419578205612401 0.8247577267342946 0.8250957590598655 0.8215446575721728 0.8166562188194981 0.8106129817691381 88.13 0.0005 0.04 256 RegNetX_200MF
0.001517144790378862 0.9473974003971041 1.0319911900865322 0.9982800948815925 0.9945104001195476 0.9937639720184263 0.9857856709412942 0.9886788275946452 0.9904232854334011 1.0121155522277658 0.9987905591470541 1.0019805286759502 1.009057398603093 1.0015750556004892 1.0024243401538306 0.9964416239623884 1.0074594485676114 1.0025667054294776 1.00401152145502 1.0119463391674324 0.9896788857137822 79.08 0.0005 0.007 256 RegNetX_200MF
0.2674189507477816 0.8587020601037558 0.8343563739441144 0.8790069079584663 0.8251072367913105 0.8615055131573301 0.8748409851163659 0.855460593549665 0.8260767705896819 0.7932047215901302 0.7860234432553302 0.8064569657224047 0.7939742467517011 0.8254228540375194 0.8012234764831123 0.8098305458046055 0.8222282209579863 0.8216855020969146 0.8196039035909566 0.8191828706363599 0.8208155055008214 90.46 0.0005 0.08 256 RegNetX_200MF
0.001517144790378862 1.1193386761669004 1.1581559512954582 1.1833552273887544 1.1646293556077436 1.146355802742874 1.1454675003804957 1.1583278709061964 1.157429338078589 1.1620303888370618 1.1683989324060298 1.1915687344154333 1.162232100862097 1.192525589627044 1.2082863178376109 1.1916354235759736 1.1640141889616276 1.1863955314103347 1.1767739795834442 1.1759854326197443 1.1895267820183082 70.42 0.0005 0.002 256 RegNetX_200MF
0.2674189507477816 0.8848390370264313 0.7973822631938403 0.8655268280430986 0.8256414325843212 0.8026251764421193 0.8636118573885401 0.8185730942208994 0.7995926617389031 0.7676903428304714 0.7947778574107082 0.7903897917123551 0.8096453078984784 0.774761400801462 0.7781921674515894 0.7711725024554262 0.7741432401408526 0.7654642324871221 0.7865162815984894 0.7971899000178927 0.7944850826764402 89.21 0.0005 0.05 256 RegNetX_200MF
0.2674189507477816 0.9634327087311152 0.962427472555672 0.9660127721379576 0.9652177531059629 0.9556828372549685 0.948433977251186 0.9381217886712356 0.9383007225950686 0.9413803205274774 0.9595094781092688 0.9574051577053375 0.9525979808012095 0.9521884742170994 0.9731955296945752 0.9675170536542745 0.9477264715405207 0.9580383528664715 0.9414373558594896 0.9597889959103295 0.9595609460226342 79.11 0.0005 0.006 256 RegNetX_200MF
0.2674189507477816 0.8809939839919252 0.8416203659739826 0.8097447795032319 0.8283034336044939 0.8644145665058933 0.8863253390967736 0.7960550249290615 0.8486149346866769 0.8305805706215992 0.8265151412912516 0.8112412384433226 0.8498931644346301 0.8447811341302507 0.8349131358561306 0.8277677301030889 0.8314213408170255 0.8137626974445525 0.8207164489752575 0.8298113171309701 0.8220010679978651 88.72 0.0005 0.04 256 RegNetX_200MF
0.001517144790378862 1.0812398190580021 1.1401976317857332 1.1126971069410267 1.1594490735578806 1.1365798813100116 1.1383405069029953 1.1277475543827906 1.141989892809948 1.1539644177814932 1.1354319088788474 1.1241011728838075 1.146072961856573 1.1206100653659483 1.1349998018667296 1.1669295843276988 1.166133737404319 1.15306670541217 1.1491889908881694 1.1423163438218331 1.1447210504074634 74.19 0.0005 0.003 256 RegNetX_200MF
0.2674189507477816 0.8358369647923376 0.8569198126476273 0.8200251911501567 0.7649302275300923 0.8854851974321578 0.8211243753709005 0.8138113911371205 0.8275571249191 0.8440002810840264 0.8457359558719449 0.8138302870168606 0.7940067457406255 0.7909647313744241 0.7905805767022336 0.7919142023223357 0.805046474827696 0.7998252635738595 0.7925727607294438 0.7942550779778225 0.7989584820280562 88.5 0.0005 0.03 256 RegNetX_200MF
0.2674189507477816 0.8374773218540734 0.794853947279607 0.8079929299921268 0.8616571301605065 0.8598331243716413 0.8557023870142488 0.8249197038349222 0.827048941941767 0.8104829171327121 0.7880392261393063 0.7965345445239248 0.8103614180690257 0.8511119967448925 0.796521368314409 0.8038017309905935 0.8139513948817254 0.8161766024951302 0.8288733590449588 0.8365987868911938 0.8261096661137488 89.8 0.0005 0.06 256 RegNetX_200MF
0.2674189507477816 0.9448154450799753 0.988873686967915 0.9778875209675084 0.9949341724962337 0.9835082437777355 0.9895554875416285 0.9777842665800552 0.974037766956792 0.9945836280424476 0.9688842052835439 0.9746143029513243 0.9826830909486769 1.0024398923808797 0.9927877096319631 0.9908597136135171 0.9939394019354225 0.9878794602597197 0.9852714805091675 0.9873314282003713 0.9893047412555712 77.17 0.0005 0.005 256 RegNetX_200MF
0.0 0.8213160258377096 0.8028156376566206 0.8530676626577709 0.8417479301643415 0.8003505805927976 0.8050175501791762 0.8288902932223262 0.8892770572108223 0.8041567052032526 0.8242063342057762 0.7853815034790097 0.7979735000686285 0.8112907331708082 0.8146391071057166 0.8040864739157888 0.8031973272312272 0.8023520834659535 0.8001011085187651 0.7869267917905544 0.7984961477930282 88.05 0.0005 0.08 256 SimpleDLA
0.0 0.8232921996343925 0.8427977077237243 0.7863571570684006 0.8238313676680461 0.8388857231461373 0.7614702285940436 0.8086417919427715 0.8063178397457296 0.8287367605384592 0.8245123309107345 0.7683496675569623 0.7653203517251866 0.7730688422253448 0.7640534946575741 0.7740198887111953 0.7555571914408317 0.7617380620168587 0.7549792548186122 0.7503300453531946 0.7548500442707227 87.99 0.0005 0.06 256 SimpleDLA
0.0 0.8438830054773735 0.82744390422568 0.7894753631468536 0.8610695528728546 0.8153747119024135 0.8310286691956569 0.8265746425489019 0.8188520527698863 0.8119622905896002 0.8210586960733334 0.8074764392470101 0.8245513895732046 0.801530882971072 0.7776209864945214 0.8137944638600534 0.7882918306351745 0.8019174800185688 0.792605891453176 0.8034525341040439 0.7994600894747697 88.38 0.0005 0.09 256 SimpleDLA
0.0 0.8569205661613133 0.7780196654764403 0.799791820484471 0.8267237363903795 0.8124554185242782 0.8138622806755236 0.81270414077926 0.8428905066032449 0.7654927783180864 0.8212251796698502 0.7988094854351238 0.764847370026278 0.7721008389736113 0.764693674095957 0.7745661354734953 0.7633426794140251 0.7705629119801932 0.7579126685969346 0.7652467776584114 0.7684136975464034 88.11 0.0005 0.1 256 SimpleDLA
0.0 0.7823852048403849 0.7594103393758901 0.8561714683312103 0.8463067932785812 0.8593633920898567 0.8465456074444497 0.8368493435188725 0.8419706516516879 0.862122726551301 0.8393462489240285 0.8210305050790722 0.8228425448602512 0.8137015537464031 0.8065418326831865 0.8171138634556391 0.8011464705008119 0.7995637150812894 0.7876658440460197 0.8041859375102166 0.791121950896147 87.12 0.0005 0.07 256 SimpleDLA
0.0 0.8085272589334968 0.7855164325025232 0.8067770266836435 0.8811837870154022 0.8298226918134256 0.8076217179349272 0.8440097550289856 0.8426966202569669 0.800762044898441 0.800467421346513 0.7976225093643631 0.8110540223637901 0.8153674413288331 0.8085722066322796 0.814814381976231 0.8066679380408398 0.8153954635019691 0.8005474111804318 0.7949766355768833 0.8021026861199887 87.69 0.0005 0.04 256 SimpleDLA
0.0 0.8107603004805655 0.7654103183023598 0.8363291055868537 0.8664080826251815 0.7748092382854597 0.8272254357882929 0.8009927712268449 0.8155998330372572 0.8330139797355064 0.8074837353369863 0.8027037013170016 0.8103684497795064 0.8144022457809806 0.8034555743109445 0.8105225793738642 0.7957160548443183 0.7891019840172457 0.7853722470731711 0.7894629159084243 0.78204884569314 88.03 0.0005 0.05 256 SimpleDLA
0.0 0.8078626840281349 0.8026865558708292 0.8446751173426863 0.8042958425417958 0.8537762097345463 0.8175959047930891 0.8122160500603087 0.7797249215656563 0.7977209710914991 0.8141080483525438 0.7707388743563895 0.801681436534451 0.7953448676102944 0.8002297527486985 0.7997680566002523 0.7855756534536641 0.8022785834166438 0.7979338266652825 0.8115358989098758 0.805684118665901 87.74 0.0005 0.03 256 SimpleDLA
0.0 0.9208752812485532 0.898415658893977 0.8782847266056865 0.870678207291834 0.8841769869205774 0.8955290623707092 0.8978900361091854 0.893271776477862 0.9031229577687206 0.8953159560869862 0.8925079809374487 0.8917283025799467 0.8939240704635572 0.9014666645592299 0.8959433203808291 0.9034998806489084 0.900098873071466 0.900715339573583 0.9023979225783026 0.904512069366903 83.45 0.0005 0.007 256 SimpleDLA
0.0 0.9503585819803654 0.9253685903451329 0.9036347148903198 0.895321132913291 0.899649390412581 0.8889958765901272 0.90973682592679 0.9073680465329983 0.8986665195882518 0.902376629616835 0.9001500229384386 0.8981589720600698 0.8953204064635052 0.9088784011358506 0.8953317594430698 0.8977104218795448 0.9061251272658774 0.9019037664983155 0.9056038287933775 0.906356673873841 83.27 0.0005 0.006 256 SimpleDLA
0.0 0.8659901072186054 0.8449549342587632 0.8397772247484346 0.7961999248293723 0.8258711802217107 0.8265123471605184 0.8231019780291071 0.8299961334290671 0.8218790017310024 0.8363211496082489 0.8194784632564186 0.8160094551904271 0.8245048318887853 0.8290271425369155 0.8344430370802796 0.8433244572747826 0.8250271931909906 0.8345197560278023 0.8227145053774888 0.8232044107624619 86.3 0.0005 0.03 256 SimpleDLA
0.0 0.833319055885751 0.8143305401622146 0.8338449602020706 0.9111201368100343 0.8243154714131911 0.7943624583435885 0.7893842297400817 0.8371958563266528 0.8064918258254289 0.8143110630018694 0.8067340339626783 0.7684354293942482 0.7706974785230494 0.7621642443276312 0.7735132172439451 0.7681280836087417 0.7643265408948059 0.7623730404889834 0.7611729336430488 0.762598706563015 87.77 0.0005 0.08 256 SimpleDLA
0.0 0.7853656476834284 0.8102798824822939 0.8518813731130273 0.8057086939791848 0.8028088362121251 0.8408039773861 0.8070819850913676 0.8223614877768531 0.8212704432405465 0.8476082067857995 0.8163886535968894 0.7920026296682297 0.791407488122747 0.7965726394298676 0.801495543038329 0.8000941334302304 0.7968980936552036 0.7996376803715353 0.7951603736963474 0.795412807333649 88.01 0.0005 0.06 256 SimpleDLA
0.0 1.0255300986570832 0.9880222427806078 0.9875457183717308 0.9710241461747674 0.9713665718579737 0.9735640466285963 0.9689403916377103 0.9638611715014572 0.9916216371385886 0.9949552698146802 0.9834585746626137 0.9911055681552295 0.9692703410586369 0.9898659475778735 0.9884850060875238 0.9774950863453351 0.9868876955083761 0.9869030333027041 0.9762493210672614 0.9868668368512107 77.69 0.0005 0.002 256 SimpleDLA
0.0 0.836897773503096 0.7484079359657351 0.788012343036901 0.8249886861779255 0.7506514664898485 0.8483944219623142 0.8528155108799598 0.8078647669934472 0.8047781884170567 0.7811803098486126 0.8132880226531384 0.7844327263451474 0.8090433010171499 0.8167310584857264 0.8218062080176094 0.839531809839339 0.8324049122575389 0.819742452831177 0.8205276683038843 0.8348523580790927 87.78 0.0005 0.05 256 SimpleDLA
0.0 0.8499049006021486 0.8240370973859495 0.8162820554729283 0.7998615318837398 0.8155477847540767 0.8095333273643203 0.8071479955556952 0.8080643510748531 0.8035527422732842 0.81105446228887 0.80114603791246 0.7893880745585959 0.7994226774890686 0.8012948319728408 0.8066488956019042 0.8070554186170951 0.8052270816110029 0.8184571071340404 0.8039706887503961 0.8055188404848385 87.36 0.0005 0.02 256 SimpleDLA
0.0 0.8742337760360526 0.8648133223296044 0.8584615203769623 0.8485824783485241 0.8727321222741626 0.8538345057276946 0.8625061338936382 0.8620539586323096 0.8565906329688553 0.866054806728867 0.8563464641417318 0.8683423784920007 0.8669509256550065 0.8678360673552534 0.8644461916336423 0.8737871237623943 0.860864954673378 0.8734346392475482 0.864844126503055 0.8616339707237597 83.6 0.0005 0.008 256 SimpleDLA
0.0 0.8698562824312073 0.808295204152236 0.7800913679568389 0.825879081243329 0.782429467400555 0.778390596876789 0.8043632395108398 0.831790329649023 0.835619775100117 0.810729119974476 0.8375753847583295 0.7687155933098337 0.7914249631545851 0.7794410633056056 0.7754094719244479 0.7944737648877621 0.7787805619386242 0.7850402616880133 0.7856109511740513 0.7910111887511501 88.12 0.0005 0.07 256 SimpleDLA
0.0 0.9940400919318536 1.0414637182790139 1.056480887505212 1.03346445100939 1.060056238944428 1.0579947563831678 1.058651775021829 1.0540984755113403 1.044895395130144 1.0601126195727335 1.0695359212567266 1.0629542437710524 1.0722582966831946 1.0390511978151107 1.058687502530968 1.05995150071309 1.0552596429792387 1.058686868726491 1.0540324636886722 1.05946446539129 73.24 0.0005 0.001 256 SimpleDLA
0.0 0.8842127037503329 0.8311029161563077 0.8331357596813999 0.8163252252935643 0.8257369971046775 0.8245134527142197 0.8325407816402756 0.8243430826475372 0.8303369377046392 0.8188850730652933 0.8290717742966979 0.831634744881084 0.8294262270230449 0.8300322034320317 0.8407887456517509 0.8352030895009799 0.837858184183071 0.8362235286192246 0.8379256450764667 0.8271338277118352 83.77 0.0005 0.01 256 SimpleDLA
0.0 0.9365483984707456 0.8976450219114289 0.8881895801196742 0.8871310925415626 0.9011959653275187 0.9101374452423974 0.9058389366281507 0.9046294890984211 0.8949799571539849 0.9091742110228538 0.9073517517569261 0.9068645647816987 0.9156370872367608 0.9061951208160963 0.9142617954600347 0.9149516604250656 0.8922936111530404 0.9120600361992054 0.903795563280848 0.8965085320669872 79.69 0.0005 0.003 256 SimpleDLA
0.0 0.8458267282784445 0.8302060892227271 0.8245069485571331 0.8183924442028149 0.8169015181932211 0.8213526876337515 0.8209244733598459 0.8224879733478535 0.8227287108279928 0.8387196448627448 0.8302351171570465 0.8479840481749992 0.8426453739850264 0.8405172573191568 0.8464215818791194 0.8376090741010622 0.8425407482058604 0.8470704184720641 0.8427574982400323 0.8510809283212063 83.01 0.0005 0.007 256 SimpleDLA
0.0 0.8742940118144653 0.8607723281873008 0.8573539326439505 0.8437220834858742 0.8386843309187527 0.8580584170486654 0.8581196072904944 0.8680342580133609 0.8642966433723803 0.8702572025587333 0.8669999126179708 0.8669577060531473 0.8752525067770669 0.8716637497365858 0.8803071770986328 0.8670833354693719 0.8775528089724318 0.8678497892237967 0.8896704569514203 0.872233510325125 81.6 0.0005 0.005 256 SimpleDLA
0.0 0.9077870308810913 0.8607797720389143 0.8356639769420201 0.8299021767093993 0.8306790572921937 0.8390256870284309 0.8328031372420993 0.8405623094609684 0.8449998415383475 0.8325486251868925 0.8368854163618651 0.8428269735339814 0.8424014167162595 0.8348880477310833 0.8424133973639004 0.84458510855607 0.8405815881344726 0.8384339766044789 0.8419067948600647 0.8399192799650999 80.98 0.0005 0.004 256 SimpleDLA
0.0 0.8469852201391959 0.8348527785440377 0.8458414782704176 0.8325249634707845 0.8570336932699584 0.8452694969982539 0.8470356921183207 0.8562149452426638 0.8702540736629082 0.8620241832936021 0.8652094610140053 0.8506350097893308 0.8514766466024922 0.8618711706194491 0.842164842491961 0.8561271743759474 0.8499165203673376 0.8915266162615377 0.8685009450987341 0.8679161055264228 82.15 0.0005 0.006 256 SimpleDLA
