0.0 0.808722776546711 0.7762244036065263 0.7715601388643226 0.721818356549101 0.7812681014190543 0.7725577902153159 0.755705894853884 0.7503827065979864 0.7789302837339404 0.7759222498210755 0.7792608191637136 0.7675787824451432 0.7745282266144161 0.7634473303221461 0.7626106659780522 0.7701137283449642 0.7609627273305513 0.7677422441600137 0.7595659799718953 0.7604043818656118 95.78979717271051 1e-05 0.1 1024 resnet18
0.0 0.7710524880771998 0.7795022008482131 0.7551148008505948 0.7897834219242417 0.7609035429631185 0.7526001288430774 0.7583899142350274 0.7731515751701927 0.7699895236329961 0.7553723302357749 0.762178040097963 0.7555403973867384 0.7567325563858457 0.756783872001406 0.7586737190690863 0.7570378112366111 0.7605890136522766 0.7613308346834355 0.759663682827913 0.7612724653662184 95.79363859864782 1e-05 0.1 256 resnet18
0.0 0.8120669445454274 0.7626088265214003 0.7589653845526055 0.8011421792118774 0.7736986658450242 0.8006693615228019 0.8037626929214627 0.778345907291511 0.7707932446554624 0.7898105052597496 0.768873173290377 0.7895882731451593 0.7594392115389885 0.7860848121680484 0.7783661902605042 0.7775840317364002 0.777897425489811 0.7821053980126783 0.7844809224824758 0.7822360688893586 95.75522433927473 1e-06 0.1 512 resnet18
0.0 0.8474121323978011 0.764183832718134 0.7522094090986652 0.7701845154416469 0.7851723244313524 0.7933316852782041 0.782960336463822 0.7588792430128973 0.7844066004452764 0.8018679699977989 0.78289566452583 0.7843610506096899 0.7837580625234944 0.7699368079835556 0.7672431587586607 0.7583410764630756 0.7576898611600508 0.7611438800618251 0.7621274264228703 0.7581385574994778 95.76290719114935 1e-07 0.1 512 resnet18
0.0 0.8346851593639528 0.813179184493973 0.7848855313692663 0.7902961620516225 0.7782287049271129 0.8128618987379467 0.7974233127381115 0.8066061022721628 0.8172541303331994 0.7906815560364059 0.8024907160022761 0.823512883730919 0.8217431923706985 0.8023185080462482 0.8126734091803464 0.8105309322469968 0.8066503370979811 0.8061577918312233 0.8093270958815679 0.8122098312870807 95.79748002458513 1e-05 0.1 512 resnet18
0.0 0.7573389681979691 0.7685548082125042 0.736082128889568 0.7824057376704002 0.7620910210798388 0.7482030607407482 0.7670041232367997 0.7470094031292405 0.7433210007835969 0.7697000129554297 0.7570819281043351 0.7444700145093343 0.7551359664162394 0.7500224236695162 0.7441365068649357 0.7462152269739843 0.7544478509245173 0.743595632908803 0.7392023798092101 0.7526982667719126 95.87814996926859 1e-06 0.1 256 resnet18
0.0 0.7872656347674781 0.792350161074804 0.772897966779441 0.7516749295732553 0.783134927173804 0.8021446718604004 0.8019557168144548 0.7907357938373213 0.7830845147354886 0.7688461389845618 0.7854289685464221 0.7737145453387235 0.7710863276499489 0.777669292053536 0.7767513710518916 0.7709628240241964 0.7721742495406891 0.7721087228975227 0.7706982197740062 0.7719086861266089 95.65150583896742 1e-07 0.1 1024 resnet18
0.0 0.8046334847138218 0.7868008693445318 0.7758952432974594 0.7573542220206381 0.8230084257023289 0.8107311029099484 0.7874924558351166 0.8048436074540688 0.8193527027800711 0.7802339999736609 0.7907994199669223 0.789027533643279 0.7873580889091762 0.7898419293330448 0.7827324004919828 0.7840541605020442 0.7847007336994026 0.7821097879238051 0.7832317646096668 0.7840960508688305 95.58236017209589 1e-06 0.1 1024 resnet18
0.0 0.7502361801310465 0.7728573591876292 0.7812454930114293 0.771030414464171 0.7805496282915982 0.8067217985643654 0.768180897843083 0.7874113399918865 0.7792159309502144 0.7539608244505946 0.755896413580084 0.7603716457639744 0.7741749091012169 0.7558590092536511 0.7680359254155235 0.7531736549152545 0.7486325110572548 0.7574185134619108 0.7605688804061675 0.7445400192546012 95.92424708051628 1e-07 0.1 256 resnet18
0.0 0.7266139744373913 0.7607832711545057 0.751867270422719 0.7526269680816007 0.7955600802923266 0.8036479500937277 0.7874097828984401 0.8110073973988977 0.7913745813229408 0.8058354873638638 0.7994638406267973 0.7895070327525211 0.782420187202148 0.791884761138165 0.7858074332693336 0.7687812092899358 0.774523830337977 0.7765250731394393 0.7796058277141406 0.7748229297310334 95.61309157959434 1e-06 0.01 512 resnet18
0.0 0.7785688631046379 0.7849376729090675 0.7642611182402175 0.7892899402367805 0.7766808083038506 0.7695169009056332 0.7907150990511889 0.7734454395234488 0.7750234374567146 0.7644942078432571 0.764523902806498 0.7754216645367207 0.7625408664905804 0.7691736147795798 0.7712280491864969 0.7565237448615028 0.768574008095422 0.7687083206394902 0.7699500898045799 0.7614269071834358 95.72065150583897 1e-07 0.01 256 resnet18
0.0 0.8012176258525052 0.8292278825629542 0.8051999624441971 0.7958834523788955 0.7741373256288536 0.8086442107043403 0.7997590195039588 0.803429641489031 0.808976274282509 0.7773382525855355 0.7971482379843217 0.8050408892620414 0.8133829451308202 0.8271327953250791 0.8079098534379335 0.8190101115218107 0.8119562504571866 0.808000673706637 0.8114749738795846 0.8094860791200519 95.009987707437 1e-05 0.01 1024 resnet18
0.0 0.821749750507118 0.8042948662435685 0.8450739629598216 0.8414924372707757 0.7897304212450277 0.8019828740870794 0.8081642105625457 0.7920785237514149 0.8005158901213185 0.8104614252016344 0.8042329501815066 0.7863998058610658 0.801765180885902 0.8188434669205426 0.8087799262434264 0.8014882442829395 0.8112032773258826 0.8101745301127308 0.8113797118707834 0.8128108800237819 95.20974185617702 1e-07 0.01 1024 resnet18
0.0 0.7571103759967431 0.7944375497332398 0.7804761006909058 0.786352594990396 0.7998351129036742 0.7822263379811784 0.7588443678068554 0.7986807114775466 0.779477852795424 0.7810840750021275 0.7629821247901439 0.769244845865853 0.7872520084004339 0.7776027619253231 0.7801782909271266 0.7784477088551666 0.7808340000202789 0.7765146041048685 0.7721281392961816 0.7814429393169751 95.55931161647203 1e-05 0.01 512 resnet18
0.0 0.842245661476499 0.8148177630028945 0.823042361244903 0.8451101350868244 0.8266234111545471 0.8235191469530548 0.8628437193368717 0.7944534567052363 0.8125384861385995 0.8025872290237699 0.8127851146966705 0.8002218783447624 0.8142338794549225 0.8147410962529713 0.8216540275137558 0.80967035806299 0.7961086122878837 0.7997280334355402 0.7990902071638198 0.8001565027070312 92.99323909035034 1e-07 0.001 1024 resnet18
0.0 0.8122913124339852 0.8115837723588846 0.8319472042994879 0.773254669166111 0.7779716722863015 0.8078984758082267 0.8045924274171508 0.7598312723347072 0.7780074224063921 0.7730021451884938 0.7700339990477874 0.7778807365208169 0.7708253974900693 0.7694717927329029 0.7716710700899648 0.7707742015419147 0.7708169343057162 0.7691154665510841 0.7715738970209566 0.7723912265068865 94.9638905961893 1e-06 0.01 1024 resnet18
0.0 0.8283558216700725 0.8144626857200528 0.8385376381408589 0.8288556277061686 0.8065202250298584 0.8247958589120837 0.8351304131696865 0.8200025287783874 0.8057702151569762 0.8239161335039961 0.8257839202023014 0.8410451593460374 0.8291556428323673 0.8085240715990498 0.8276111416716937 0.8501729102837777 0.8360439000633637 0.8241822027403909 0.8381801660639513 0.8469818267963987 93.00860479409957 1e-06 0.001 1024 resnet18
0.0 0.8253252781666046 0.8299096380716371 0.8247734961456936 0.817392793409547 0.8176702587797066 0.8032380416970273 0.8240824299739038 0.7942147813186079 0.8294798052568316 0.798930794538105 0.7946226745236906 0.8442593697799025 0.8225401618786762 0.819587348763093 0.8310732170664363 0.8426380505527773 0.8233426828507925 0.8342340027726484 0.8434432295163576 0.8361433700480358 92.83574062692071 1e-05 0.001 1024 resnet18
0.0 0.8113620277598819 0.8216857476553622 0.7703020637861633 0.8253212200627443 0.7941828116695614 0.819103367068914 0.8138154190212297 0.8366710258450577 0.8147760709903414 0.8345138902521821 0.8499686106802338 0.8325240554693917 0.8525290344434743 0.8527834714327736 0.8537137774145472 0.8305933316239308 0.8338417606610352 0.8394506338969695 0.8457362532284707 0.8351068490192707 94.39535955746773 1e-07 0.001 256 resnet18
0.14915239964385815 0.8009875441327082 0.7539310875044711 0.7969134465349286 0.7770965343622216 0.8171541345658254 0.7729051916596305 0.7880225344786181 0.7497326041929487 0.7653422982299257 0.7677610687372549 0.788725249652986 0.7578893771603361 0.7709648674378216 0.7798462639735253 0.7575100364356817 0.7683145329170781 0.7705143682200031 0.7724659031473372 0.7671725579024268 0.7539857305641788 95.3979717271051 1e-06 0.1 512 resnet18
0.14915239964385815 0.7480812227217719 0.7812703804855352 0.7545304041999349 0.7506284398067486 0.7661323344486862 0.7542302663053103 0.7825927809449899 0.7822467137628152 0.7552819917311558 0.7743337910812361 0.7753085036670234 0.7562236666613255 0.7540878528480138 0.7647430844748078 0.7668178008582983 0.7631947050191715 0.758022350401212 0.7577419395019421 0.7602616983219203 0.7555778688726498 95.14059618930547 1e-05 0.1 512 resnet18
0.0 0.8046116458488605 0.8257088064207934 0.7984813796000673 0.7709864135808259 0.7968064667850514 0.8086574145143811 0.7998621389627322 0.7965635692592619 0.7919172700907421 0.828513374180349 0.8380664007258727 0.8324084627912076 0.8263243819855446 0.8225223761167999 0.8228307599149249 0.8346412250798122 0.8279230232069581 0.8266766536105004 0.8215895361155647 0.8191516216234757 94.59127228027043 1e-05 0.001 256 resnet18
0.14915239964385815 0.7674002274576108 0.7744686522852777 0.7738910171415455 0.8124598662935439 0.7931577354868321 0.7803609962661053 0.8003111412135476 0.7713935511218081 0.7937373640091648 0.770422765817811 0.7619305927626143 0.7781835461300673 0.7712214789587613 0.7721546574215519 0.7650536840527734 0.7674205572834254 0.7750121934916663 0.7751338165241234 0.7625358542931353 0.7711944527855494 95.52858020897357 1e-06 0.1 1024 resnet18
0.0 0.8182238497228796 0.8083609522650158 0.8255872909055577 0.79427730807242 0.82849185171059 0.8239948528012873 0.8000351727123082 0.8129366568753283 0.7976202618213635 0.8341747907045495 0.8109398812107191 0.8139977694344579 0.8166961490068695 0.8084216856615987 0.8061504634094764 0.8087889169497092 0.8083654270745569 0.8034349458504703 0.7999180943134313 0.8024774372861713 93.72695144437616 1e-05 0.001 512 resnet18
0.14915239964385815 0.8598621620231478 0.7537540411101561 0.7886071172491893 0.7501521981164844 0.7932976471452128 0.7706224713568172 0.7537473192541644 0.7754929827156931 0.7798482020801157 0.7755592396401692 0.7640930211527425 0.7433118742755032 0.7623598873172106 0.7638309328531895 0.7549466876556618 0.7460313624771987 0.7530951820872764 0.7540091984422083 0.7615680906770901 0.7604677074209455 95.40565457897972 1e-07 0.1 1024 resnet18
