0.3323559494667531 0.8056191029339026 0.8332689879063992 0.823122360770155 0.8160112664003861 0.8015557275922227 0.8060637927095669 0.8075938417800874 0.8055340740091943 0.80966359073176 0.8222581317642369 0.8007519543070062 0.8081489976703411 0.8010640174508604 0.8169193518279905 0.8069215727963376 0.8049494091482933 0.8110801835912889 0.8096425916849905 0.8116851167069242 0.8010205122072958 83.18 1e-05 0.1 256 resnet18
0.3323559494667531 0.8463119620751408 0.8205520744582965 0.8294501574186137 0.8284059330811072 0.8302896668658526 0.835858706319267 0.8401734112830447 0.8378049867210295 0.8311662048960479 0.8288802372807917 0.8342071754153102 0.8443516966656621 0.8398560004722755 0.8339931724375839 0.8346785121867124 0.8346005203618566 0.834044241702112 0.8352327892041843 0.8402751217359584 0.8357034421299494 83.78 1e-06 0.1 256 resnet18
0.3323559494667531 0.8457584284473952 0.8475607327069635 0.8213737674500697 0.8115379870391318 0.7980309706268442 0.7929211228700572 0.7903735852713202 0.7872716428623527 0.7889250863598687 0.7898438255912292 0.7912161674024247 0.7891187367803922 0.7905691877758565 0.787459166938938 0.7946026476495274 0.7935931889063528 0.7942547066994488 0.7971305525066222 0.7940601831395183 0.7852847498092308 82.15 1e-05 0.1 512 resnet18
0.3323559494667531 0.8188474460877866 0.7825679534095334 0.8112400716578346 0.7687236857353565 0.785748937952031 0.7774593226170535 0.7640332998362586 0.7937573238129295 0.7674281866695462 0.7969902008219946 0.7754677290036084 0.7711543533470607 0.7717837529007983 0.7718453987545583 0.7643105994261501 0.768055343913243 0.7686251270578209 0.7770664332277681 0.7824400279060596 0.7715334925431024 84.45 1e-07 0.1 256 resnet18
0.3323559494667531 0.86489296045227 0.8564470599123455 0.837772484283536 0.829842090206419 0.8231031319909451 0.8332758418505286 0.8231228076172039 0.8268994552680365 0.8402575714931676 0.8330541464705604 0.8306840115397321 0.8362286596329009 0.8261831181671206 0.8370188109235694 0.8314187749568202 0.8304249062065133 0.8292224178374752 0.8436818725333118 0.8285257344595319 0.8283115529747485 79.07 1e-06 0.1 512 resnet18
0.3323559494667531 0.814909322680246 0.8070521349342598 0.7898853152310636 0.7921453034359996 0.7923445624649064 0.7976303215254161 0.8027428540001726 0.7894993765916545 0.7910648330720267 0.7917406387895782 0.7982316840503202 0.7939372186341302 0.7984789008189028 0.7873632626061021 0.793039599742866 0.7955263082494376 0.7970598979197452 0.7973486231775732 0.7957839432117427 0.7937277478111909 81.82 1e-07 0.1 512 resnet18
0.3323559494667531 0.8172837362783713 0.8521765686911081 0.8570283701854885 0.8713597456444492 0.8631426040178161 0.849645254003238 0.8408752205210174 0.8490339451987146 0.8475230148443805 0.8530678378989197 0.8501340880530465 0.8482809805570901 0.8634994615109638 0.8411263508259549 0.8536357354727896 0.8505930044251545 0.8496037612578544 0.8628970665964596 0.8426641494862835 0.8391098864483876 79.32 1e-05 0.1 1024 resnet18
0.3323559494667531 0.7914122038998391 0.8384084136959358 0.8231250692562854 0.8091888434622427 0.8133787083537343 0.815151543516712 0.8134154590799505 0.8126878398920373 0.8229926609948932 0.8173732318273186 0.8155782900989698 0.8195396151444945 0.817751339921047 0.8146281050843655 0.8180046632375819 0.8162132207843062 0.81533075113819 0.8151479592468494 0.8160067327172605 0.8165931351198245 79.32 1e-06 0.1 1024 resnet18
0.3323559494667531 0.825590307697968 0.8596276489014434 0.881137270838979 0.8656902151229859 0.8769970967199747 0.8534107475929872 0.8750296580611616 0.8619662269698064 0.8655886547165323 0.8602590008006424 0.8577191936268328 0.8680611003139117 0.861992419165981 0.8604679440574666 0.8578217219062063 0.8606185378801507 0.8603626209944956 0.8615940831443196 0.8566018384107944 0.8590683491846256 77.64 1e-07 0.1 1024 resnet18
0.3323559494667531 0.8249929930657993 0.841226160762128 0.8418632668243622 0.8398641336318772 0.8329426685811778 0.8339032537054527 0.8349021873523939 0.8355759678650387 0.8379641374817635 0.8363804007901069 0.8405832111365001 0.8370922541902472 0.8351430310872786 0.8341818975692858 0.8419571858803182 0.8349516713429902 0.8351554956891357 0.841431004723609 0.8344720877552214 0.8261369146575908 81.23 1e-05 0.01 512 resnet18
0.3323559494667531 0.8160826166793312 0.810394232787859 0.8127270428573959 0.8217911524177275 0.8215199148465802 0.8221854970028634 0.8178168425275741 0.8225093438721245 0.8224366285804144 0.8245771535968176 0.8180418625433785 0.8142466642260451 0.8239422673259048 0.8230721128359487 0.8235977362372318 0.8233653745055983 0.8227672066616722 0.8268871352680077 0.821666082877546 0.8124702890581531 80.55 1e-06 0.01 512 resnet18
0.3323559494667531 0.8133095345190844 0.8064234269326814 0.8167569615204927 0.8168387292566845 0.8228708450819202 0.8146480140310014 0.8217214504136389 0.8191551423465533 0.8139246376010186 0.819772802216286 0.8149582144755052 0.8193385337524484 0.8202558442074088 0.8198259678042176 0.8204102092790052 0.820589950370572 0.8161511866970786 0.8246712424644292 0.8164512694331231 0.8176927002682268 81.28 1e-07 0.01 512 resnet18
0.3323559494667531 0.7805854334969875 0.7836882354664354 0.7937045281533726 0.7963986828457305 0.796015740339989 0.7890453481833265 0.7934298969864476 0.7957002158878065 0.7915038395190861 0.7892262057697162 0.7951927219126885 0.7987800820382759 0.7970477262454755 0.7953257549400625 0.7949612055117974 0.7975915620044048 0.7877891218078628 0.7922078512852682 0.7945573182401318 0.7910485734828038 83.55 1e-07 0.01 256 resnet18
0.3323559494667531 0.8283581406964438 0.8197450284169914 0.8198779619263467 0.8153972054247954 0.8206862030970805 0.8161959590687984 0.824210301242462 0.8193013902474459 0.8245607873233525 0.8207571132069498 0.8223661545797709 0.8225779955365407 0.82298784937578 0.8188479609280053 0.8198606023036835 0.8166708816717745 0.820920052566552 0.8232245038876498 0.8169069020169722 0.817586325697481 76.89 1e-06 0.01 1024 resnet18
0.3323559494667531 0.8102947091309163 0.8501736984568978 0.8504804450687139 0.85415910222924 0.8505334985067821 0.8542555403848765 0.8524436312398084 0.8507707272544132 0.8478146899776923 0.8454214493986146 0.8518015553437328 0.8568739267137013 0.8521929773092478 0.8593144108261356 0.8585366518601856 0.8504714439797629 0.8582086756157236 0.8533655613220859 0.8474875735958931 0.8578320706064778 77.22 1e-07 0.01 1024 resnet18
0.3323559494667531 0.8862200862964158 0.8488411864245446 0.8520212962569491 0.851426352206747 0.8521771995749495 0.8556831500428824 0.8591052321583029 0.8592113363989974 0.8595905995250306 0.8628470766853318 0.8628453798328277 0.8616850312706736 0.8580772688601113 0.86390946474087 0.8576245816234715 0.866463017503553 0.8643190820560355 0.8629311220022257 0.8624081592019093 0.8600132508639642 76.81 1e-05 0.01 1024 resnet18
0.3323559494667531 0.9607283156819758 1.038203648637331 1.0599441981675202 1.065073868273882 1.0791550182063383 1.0626313190379038 1.0665911794499672 1.0584705548306945 1.0648992621027367 1.0779264555216481 1.0661371088422333 1.0579992751077878 1.0740717860122522 1.0639023639774192 1.0734896675468923 1.077408794554856 1.0667915785750157 1.0752127950349106 1.071303325272847 1.0568154672762475 66.58 1e-05 0.001 512 resnet18
0.3323559494667531 0.7788799725132911 0.8057513098047554 0.793711347605546 0.8027889713823109 0.8082864795642187 0.8000704258451288 0.8068357724869644 0.8030529843097703 0.7946480066051614 0.787502960490799 0.8040463607564718 0.8076790613984318 0.8026282771715583 0.8033830603155176 0.797764631975064 0.8038355647710631 0.8190473528370336 0.8051913803154126 0.80717144081411 0.7970789977266124 83.82 1e-05 0.01 256 resnet18
0.3323559494667531 0.9146606102717527 0.946108988303529 0.9469196379335352 0.9591697044991723 0.9579251017653259 0.9687267204692438 0.9687061356367437 0.9765397194423295 0.9584946446464584 0.963457275457942 0.9775610086494408 0.9542126437214732 0.9616688953938478 0.9761834939510959 0.9734407600814954 0.9882577406194157 0.965483668608654 0.984180580341419 0.9701301649236419 0.9602428233913894 72.29 1e-07 0.001 256 resnet18
0.3323559494667531 0.9830166125667965 1.067494837135384 1.0623875064781843 1.081335143673185 1.0723753153592595 1.0881803527679996 1.069953232077585 1.0636790167338923 1.0773903130572164 1.067239683531486 1.080646565986495 1.0682106599681054 1.0722171260133226 1.077447782144636 1.0822023678747792 1.0694888633385753 1.055690204448566 1.0779391826343963 1.089759627460581 1.0729473119769108 67.13 1e-06 0.001 512 resnet18
0.3323559494667531 0.7828654027786268 0.7947502747528097 0.7943177043985817 0.7927412470222075 0.7931820582296215 0.7798133299561201 0.796904671959864 0.7895389407652651 0.7827981604857074 0.7815469801449193 0.7896641057471783 0.7848958196290107 0.7963563689730359 0.7915189247566558 0.7837832640953437 0.7923123361325527 0.7987636269466029 0.7895667176498535 0.7920070495917646 0.7962675661055598 83.51 1e-06 0.01 256 resnet18
0.3323559494667531 0.9645401186540167 1.1051686904540732 1.1263673125446367 1.1210708157327882 1.1302463199980373 1.1197787587642345 1.129978331402039 1.1254753789967562 1.1183486783727847 1.1283151832841718 1.1335447880476879 1.1343939613829581 1.1316510468540615 1.1304168175210543 1.1367543020392012 1.1328483308392472 1.1287668246716973 1.1323725168865972 1.1337310501562405 1.124011883560491 63.48 1e-05 0.001 1024 resnet18
0.3323559494667531 0.9594650431841155 0.9785852142114166 0.9951648512189523 1.0034767283697006 1.0165970041297308 1.013942356613507 0.9911422198560806 0.9953548898610785 1.0152657064358994 0.9880645966337305 0.9982337889336094 1.0209426987477634 1.018574070303981 1.0176587056244784 1.0093896885525178 1.021335406122534 1.0117236834708807 1.018189392265466 0.9857977760250772 1.0160613183295317 71.55 1e-06 0.001 256 resnet18
0.3323559494667531 0.9406548808158067 1.0851935136884834 1.1289027514980314 1.1441845911923711 1.1337546365034294 1.1229092213861243 1.1416840148615817 1.1384444863798393 1.1582393721903967 1.151732790805259 1.1392299023665848 1.1439780418500443 1.1452936752976999 1.158159212430172 1.154199911878913 1.1528787967084706 1.1565746566669781 1.1615422638871284 1.1541715080753532 1.150324711028714 63.94 1e-06 0.001 1024 resnet18
0.3323559494667531 0.9657265629213113 1.0803811754288626 1.1618912389108746 1.1699779482237367 1.168035062009325 1.166504128319787 1.1603858717153852 1.1691455049035178 1.1622140609171838 1.162387619610265 1.161522359135806 1.149296257900952 1.1536757629410506 1.1705614535871016 1.1690713321755875 1.161743937487963 1.16924864945546 1.1591989009026122 1.1564423038103926 1.1664003736303905 63.66 1e-07 0.001 1024 resnet18
0.3323559494667531 0.9887814175547074 1.0916743007617757 1.0940566456026664 1.0757076853528231 1.0797826099832362 1.0913523093809963 1.0769040897709212 1.082288899098421 1.0993224709945322 1.0871516561649968 1.0954090988496792 1.0873669696610728 1.0942201483340603 1.080759973528416 1.0992799615145359 1.0928798010159804 1.0862462574507499 1.0880905341528513 1.08780450634844 1.0860136291966476 66.97 1e-07 0.001 512 resnet18
0.3323559494667531 0.9235374768156452 0.9605421926431493 0.968068859284211 0.9837380758801479 0.9760126662104355 0.9733050164023809 0.9554448037865524 0.9855201324483255 0.9970991931130364 0.9791581589224058 0.9767057926069207 0.9832995807614283 0.9877864643111911 0.985092116845184 0.9706163908703316 0.9653024801431355 0.961900562534058 0.9578892821551384 0.9697087113045785 0.9780225214675953 72.48 1e-05 0.001 256 resnet18
0.2908245681151324 0.8736092348748317 0.8445896732737984 0.8459442405267013 0.8788832670234636 0.8644104101685481 0.8664078665347615 0.8645670945738643 0.8676943776563426 0.8739872404558884 0.8718972284684758 0.8770381145760424 0.8687764496746354 0.8784671691390453 0.8754393339432731 0.8694624672390876 0.8625530503184549 0.8732427342414658 0.8681674119762575 0.8662279504385323 0.8747838574573007 83.53 1e-05 0.1 512 resnet18
0.2908245681151324 0.8585207051665779 0.8418335529131 0.8447551948788123 0.8368810443113355 0.8438948551638222 0.8482581221196984 0.8364148069983836 0.8528422615804154 0.834181634588285 0.8425752908729841 0.8403837578049407 0.8372776744376652 0.8463442291064806 0.8327655897954145 0.8347004150259955 0.8395922580107786 0.8393139151520369 0.8452221264254498 0.8372843992187552 0.8240160714632218 83.77 1e-07 0.1 512 resnet18
0.2908245681151324 0.8480854716273752 0.8723970561819465 0.8513926839819459 0.839848746961015 0.8191043342723313 0.8180938898700173 0.8136504429376804 0.8122492912948808 0.8225783470349819 0.8090299777232718 0.8128856886835452 0.8150380148172474 0.8126083710334088 0.8128916426145659 0.8095438229065904 0.8157304854418354 0.8188686877453363 0.8101156533760603 0.8111406106984634 0.8168227169566786 83.65 1e-07 0.1 256 resnet18
0.2908245681151324 0.8586935592703416 0.8988698688472515 0.918265369741594 0.9217098929093374 0.9189894012384291 0.9177078164516346 0.9258692448294349 0.915838743665924 0.9171564628479093 0.9189425705196599 0.9166746162403016 0.917420473504081 0.9202625224968277 0.9166143663758497 0.9193651734221525 0.908852448815995 0.9204880963238945 0.9166937676453945 0.9169981058077125 0.9153025042224417 82.25 1e-05 0.1 1024 resnet18
0.2908245681151324 0.8828138763023605 0.9019856456278481 0.8957046658669987 0.8901830907817821 0.8892077405660701 0.8852148755392903 0.8933812449881242 0.8913180057695353 0.890919653190292 0.8894851686592312 0.8858513794493321 0.8917050033905284 0.8905460528907062 0.8921279962790204 0.8801750656319366 0.8925818484710293 0.8741416965611398 0.8922501329076927 0.8834866406941502 0.8927178520167705 82.16 1e-06 0.1 512 resnet18
0.2908245681151324 0.844039109224891 0.8205762733477721 0.8511903242110326 0.8397772835214161 0.8496187670541469 0.8473752770345331 0.851349903918799 0.8453829094862063 0.8509966951704132 0.8446535721287992 0.834930251084825 0.8354505173003385 0.8527220217391629 0.8443182546929485 0.8411302504480862 0.8453498361495936 0.8457701529269793 0.8345665022092494 0.8367544186624286 0.8424377431078005 83.68 1e-05 0.1 256 resnet18
0.2908245681151324 0.8814182496608837 0.8697437190186021 0.8859957977961997 0.8835597620278951 0.8881353441207104 0.8726620133199422 0.8887449704543391 0.8816747310559773 0.8870884508025667 0.8870056443115889 0.8866562340986942 0.8866568524103886 0.8823435712544159 0.8906089160234807 0.8874192157984439 0.888341504624664 0.8915085091006206 0.8871284177676497 0.8882368205464224 0.8847558338235666 82.58 1e-07 0.1 1024 resnet18
0.2908245681151324 0.8458860113298466 0.8520360012706525 0.8282004642613308 0.8360261121529349 0.8367348782227961 0.8397948575223885 0.840142251431085 0.8357636775344645 0.8369770140497808 0.8474447958411649 0.8372132044475202 0.83070072943284 0.8274216994940832 0.8303413457498158 0.8331321020887594 0.8356479734253586 0.8345780575942175 0.8369630751887931 0.8424119950708255 0.8384977711703399 83.77 1e-06 0.1 256 resnet18
0.2908245681151324 0.8236681913689562 0.8587949603769549 0.8839924362569933 0.8764629686773455 0.8709161425824122 0.8760991873207739 0.8777607053600608 0.8733285033772346 0.8755741237765641 0.8741923436193165 0.8782687093789417 0.8761942045595374 0.8765323137843523 0.8775621407474701 0.8737595142536567 0.8786299957693552 0.874512986906383 0.8794650976641486 0.8784125326402992 0.8777502704681344 81.9 1e-06 0.1 1024 resnet18
0.2908245681151324 0.8661499701750188 0.8614986708092219 0.8612721347671757 0.8662090002460238 0.8597742461885828 0.8637441096608801 0.8695885469182184 0.8665476629659018 0.8654656060048181 0.8693526033695212 0.8734744390235791 0.8599397185006761 0.8696088715353045 0.8682756662785484 0.8682868579639269 0.8718459584871695 0.8686339174706756 0.8701986744666256 0.8641780276897488 0.869601795291628 80.4 1e-06 0.01 512 resnet18
0.2908245681151324 0.8849834387782317 0.8956715139383489 0.8931416570446348 0.8953487231119917 0.8937164433542797 0.8851480387646865 0.8885257646659203 0.8909625557773255 0.8850167562462486 0.8843731833030029 0.8800885626613524 0.8890508348813401 0.8845739679641895 0.8890019518930592 0.8858140999977131 0.8838433309330646 0.8913514444273923 0.88204899997976 0.8873897754855564 0.8829511311221527 80.24 1e-07 0.01 512 resnet18
0.2908245681151324 0.9166078673711737 0.9281311192038899 0.9193504443220771 0.9210715806464224 0.9200991572340343 0.9173900455476861 0.9154386688901637 0.9214602583943003 0.9182213179590193 0.9207854036970392 0.9229554732050302 0.9178791271374459 0.9193300812908922 0.9179756723629121 0.9172562576204141 0.9173319734681749 0.9249737640096525 0.9194512700434707 0.9175598942784293 0.9156707197787274 76.69 1e-05 0.01 1024 resnet18
0.2908245681151324 0.8701487675222401 0.8575537441794892 0.8743412010581741 0.8663126062022285 0.8659122911613808 0.8697491404536318 0.8540787460360789 0.8636916012615126 0.8589457896229142 0.8679290172783142 0.8687150160707584 0.8623332599397302 0.8576396822173306 0.8614801896011945 0.8711960696389671 0.8698323163190673 0.8648222119597325 0.8550024387770192 0.8554805934599963 0.863956184082849 83.53 1e-05 0.01 256 resnet18
0.2908245681151324 0.9321446816531013 0.930476061378537 0.9274760296225091 0.918247185430221 0.9123441682947583 0.9189675254975215 0.9121311962051056 0.9307308875058787 0.9254184142456231 0.913934704199115 0.9243807291395244 0.9154776461921605 0.924535180374737 0.9195724439979739 0.9142203096553508 0.9180462336907692 0.923462070661797 0.920790285126275 0.9146463230912584 0.9149612342306529 77.38 1e-06 0.01 1024 resnet18
0.2908245681151324 0.8091135023253178 0.8350729143037512 0.8353290277404298 0.8288521203302218 0.8221838823077036 0.8244238964542367 0.8218480550228324 0.8219389939263807 0.8290095054939792 0.835452171706891 0.8391779361259996 0.828591807926146 0.8266058045929583 0.8302023878420414 0.8188569443897944 0.8226348629429936 0.823811399924628 0.8300628934456437 0.8132221414104626 0.8248864030597863 83.69 1e-06 0.01 256 resnet18
0.2908245681151324 0.9080895793834114 0.8969071777158227 0.8849508167725202 0.8919468340727937 0.8909359839005729 0.8857936177156047 0.8940320081181935 0.8923046869571403 0.8925390009364055 0.889396961509043 0.8936553544379271 0.8916343403118324 0.8957447014773001 0.8972621034847909 0.8919261177169089 0.8895001463382414 0.8947964745011313 0.892437051773756 0.8971142376640937 0.8911126672594937 77.1 1e-07 0.01 1024 resnet18
0.2908245681151324 0.8673497357894745 0.8374968018750324 0.8341861512912964 0.8389006154896884 0.8386238911418299 0.8420379615102482 0.835679387914493 0.8380820182370827 0.83280502611621 0.8382822654784517 0.8405479036627335 0.8360211751725792 0.838742836224973 0.8355633365499128 0.8339431126500808 0.8377427731573114 0.8426960965715606 0.8354237419567248 0.8341800491325173 0.8390707822122552 83.76 1e-07 0.01 256 resnet18
0.2908245681151324 0.8720521253161939 0.8732748128737944 0.8689072379478782 0.8725515453919903 0.8758002588313475 0.8818449356160113 0.8757480648250943 0.8719891201449343 0.875184944588963 0.8747087706438886 0.880279424457305 0.8706005597360352 0.8701808454455271 0.8747987393669715 0.881905841444715 0.8728475254347936 0.8776321603202193 0.8685185104466054 0.872546172612251 0.8682681076089206 81.05 1e-05 0.01 512 resnet18
0.2908245681151324 1.0288946357553865 1.1162452960107785 1.100393631155306 1.1029867935409436 1.1289905235353186 1.116001949207846 1.0992480872952002 1.1279893660622582 1.1380474656930084 1.1444179349395542 1.1160916157994252 1.1277708723877213 1.1346456613786144 1.1291717813296074 1.1348256503172938 1.1441130351075566 1.1380553787184065 1.1319469215376303 1.133880769508048 1.1279712533174213 67.69 1e-06 0.001 512 resnet18
0.2908245681151324 1.004594936383082 1.0800006346976097 1.1028177007565156 1.10309401615765 1.0921466971937253 1.0912900557685057 1.1060718881579528 1.0889883151061452 1.116036431169421 1.1055773577705619 1.1128690952848237 1.1058060455477567 1.1166253000346915 1.1090843853305108 1.1086529579823279 1.1141559313134868 1.1256668025709369 1.105089142095518 1.1120750190884083 1.1189704879279647 67.59 1e-07 0.001 512 resnet18
0.2908245681151324 0.9350272570181297 1.1260559590631305 1.1943812643677474 1.2169727069472633 1.212656669295924 1.2284602096173634 1.2256292218396367 1.2298094137985371 1.227493449843226 1.2314626147259962 1.2355116656605736 1.2291246562403082 1.2361040580884057 1.2237342981672414 1.2361074635421603 1.2280388426547821 1.2332427081908088 1.2347515203259745 1.2308082097632167 1.23706930545666 64.52 1e-05 0.001 1024 resnet18
0.2908245681151324 0.978229231251386 1.1818190185202604 1.1223100594486648 1.1540780060788167 1.1537182728548572 1.1606064241138865 1.155320798653498 1.143621450690602 1.1508031734785549 1.1555826017954536 1.1596081398239064 1.1514558679798943 1.15831810723719 1.152220684883582 1.162663577546833 1.1540088193500713 1.1591992129088164 1.1586862293869227 1.153354940887063 1.158392062704651 64.57 1e-06 0.001 1024 resnet18
0.2908245681151324 1.0697910092958518 1.025781876343349 1.0464480456302163 1.0427873444183131 1.0442732033930249 1.0553938962361702 1.0531489388425839 1.0630491431895386 1.049103300809352 1.0762060673909288 1.0716082443944583 1.0560974660256892 1.048381175180233 1.0693677556286472 1.045764745636916 1.067735734360891 1.0442839376580446 1.065331243580435 1.0718193415327268 1.073744094308 73.04 1e-05 0.001 256 resnet18
0.2908245681151324 0.9716126947494125 1.1360063018312099 1.1586089025411321 1.1690253164907052 1.1637148425590849 1.1953781257729212 1.1702292870714093 1.1912286271863117 1.1774593169189265 1.1858834633637987 1.1919225528071182 1.1979033438072226 1.1832980540924305 1.1793031267868839 1.1864657348420709 1.1791611489890101 1.1724254971981964 1.1836866553122527 1.1818673493164373 1.1784243016795473 64.84 1e-07 0.001 1024 resnet18
0.2908245681151324 1.0413768751506387 1.0817463383108745 1.087304071927645 1.0914551312595597 1.0990258113314912 1.085125130409848 1.0860419867475715 1.0875719314734824 1.0992910815617898 1.1082376601516406 1.0997809759017394 1.1002699913455587 1.0927696596829004 1.089672884331622 1.1069119984494675 1.1072235833270014 1.0984657906940856 1.0956972355045218 1.1047622001919035 1.1132272652185842 72.71 1e-06 0.001 256 resnet18
0.2908245681151324 0.996920066856686 1.0411989811771436 1.0346772881556847 1.0286490200839227 1.0396385310558558 1.0260907601664406 1.0195985599633386 1.0234736485669749 1.0223024738373718 1.0576920883401797 1.0276919155009583 1.0306370063077805 1.0466201142546405 1.0382760278347924 1.0450290955733084 1.0367640953446502 1.0497907701671594 1.0124438766540353 1.0358218838640896 1.0439070815314289 72.12 1e-07 0.001 256 resnet18
0.2908245681151324 0.9897354805272586 1.103018706616282 1.1269948309791546 1.1362367869125425 1.1410445137716263 1.142385700108145 1.1533751431316275 1.151835944182725 1.1435899504558145 1.1437763442442002 1.1485054494663094 1.1382452982235345 1.149379527146057 1.1423098873933322 1.1472266488585547 1.1543896888411012 1.1439689353624414 1.1424154472493815 1.143764158512803 1.1489064215695124 67.84 1e-05 0.001 512 resnet18
0.13003556678870062 0.8483774408511298 0.8802192118905705 0.8434497574071069 0.8315810877783838 0.8386461655257317 0.8321232266703956 0.8351733897987339 0.8353030861527284 0.8356415126231791 0.8327040934300598 0.8365903743786132 0.8374066558336882 0.8328478671126095 0.8341409617590898 0.8328575026446086 0.8302125093239802 0.8361456454635752 0.8329585585113827 0.830012726779832 0.8332868631726444 81.36 1e-06 0.1 512 resnet18
0.13003556678870062 0.8185736747147448 0.8406088032027861 0.8176051329129044 0.8086436831896937 0.7943552701700688 0.7966211333831507 0.7979089668363736 0.8017193348160983 0.8002506164693909 0.7970451200337902 0.8093550315385001 0.8046981331299399 0.8044804750553162 0.8010802569001925 0.8035102526679906 0.8020575212961337 0.8069621322068103 0.8046329516169892 0.8007970172522205 0.8036108507553089 83.52 1e-07 0.1 512 resnet18
0.13003556678870062 0.8691584236295765 0.9055878482855326 0.8746752185813517 0.8726241843413941 0.8785284108290429 0.8656245724694426 0.8598807179360738 0.8633768247330775 0.8690410098755155 0.8669308688795744 0.8727380333391308 0.8721598294955447 0.8731824456757625 0.8680631116256725 0.8729319615590676 0.8686610619606264 0.8682413180544633 0.872347638393768 0.8730920930986789 0.8723945074361208 80.64 1e-05 0.1 1024 resnet18
0.13003556678870062 0.8263253091620892 0.8657971127539582 0.8308512894102384 0.8457487028130957 0.8346011714250778 0.8408866152652622 0.8412040257123604 0.8395024744142386 0.8377235377657641 0.837107849218306 0.8432553703151676 0.8335329881251868 0.8386559249742725 0.8390234092989632 0.8388953208740196 0.841809438196146 0.8394669507864532 0.8377949495772602 0.8335880044209157 0.8445922318298245 81.41 1e-06 0.1 1024 resnet18
0.13003556678870062 0.8162288460635203 0.8393848346002467 0.8766863801382309 0.8597831748360801 0.8715466563037393 0.876347162712326 0.867457261338313 0.8659315108090455 0.8719768279036582 0.8686779935145459 0.8708777040728983 0.8792149505356445 0.872854530913498 0.8768181902126164 0.873570434657983 0.872707868716407 0.8665217091922065 0.8786246850270497 0.8751846616059256 0.8816771463882614 83.55 1e-05 0.1 256 resnet18
0.13003556678870062 0.8471839181412025 0.8334751186409419 0.8471087208147848 0.8555102509984515 0.8557421530190933 0.858497629169165 0.8533955999748294 0.8539640661125507 0.8516424565135466 0.8584803457607119 0.8575451658263841 0.8491824164424284 0.8558263022119112 0.8508887455263608 0.853233661244551 0.8557728056891645 0.8498364266704073 0.8515315366887307 0.8512126127283824 0.8560669661421509 80.73 1e-07 0.1 1024 resnet18
0.13003556678870062 0.8337563662081499 0.8353349360064629 0.7844627219189378 0.8258825826639956 0.8242278249048366 0.8452077295879239 0.835896963307905 0.8186894298072042 0.8229515435730289 0.8287963645005288 0.830719560857364 0.8178222972091617 0.8280112421603504 0.8224879607694513 0.8256879836237936 0.8233777065410939 0.8231776757622756 0.8249154835204959 0.8192549615907513 0.8288489330629942 84.54 1e-06 0.1 256 resnet18
0.13003556678870062 0.8527312192735046 0.8267720084647898 0.8264093171360881 0.8188609718276849 0.8314116540583082 0.8257685018623044 0.8320546098040364 0.8273962074528629 0.8276082906198715 0.8174625906430651 0.8247913308663705 0.8236716319018746 0.8188654411849996 0.8214815796148912 0.8210706520934713 0.8250618573416585 0.8198494083329235 0.8226060153895172 0.8226294212244452 0.821250076988001 84.79 1e-07 0.1 256 resnet18
0.13003556678870062 0.8213316800268751 0.8161642081714993 0.8130939982402535 0.8171449126488658 0.814146878900585 0.819071764467996 0.8109360665611698 0.8233137355224881 0.8225643071531248 0.8111745568440706 0.8193610820953857 0.8190836210001567 0.8204799865817052 0.815980805171507 0.8182355331961503 0.8185513799618205 0.8179001916758082 0.8210850842112759 0.8179518912386812 0.8234904487995514 82.71 1e-05 0.1 512 resnet18
0.13003556678870062 0.8558538375349712 0.8419730272249215 0.8498675974057283 0.8512671583129907 0.8488195750173563 0.8470737061045089 0.8480187167279145 0.8466259075543742 0.8434294946049405 0.8575348204741197 0.85261332261059 0.8488732699168213 0.848072780707932 0.8535684388508161 0.8508408578104507 0.8531786486186725 0.8579595392076519 0.8554204182143796 0.8508332508936601 0.8461467920510707 80.62 1e-06 0.01 512 resnet18
0.13003556678870062 0.8756925542663145 0.8319647855270373 0.8224638102930831 0.8263090749174262 0.8234516045928072 0.8192705380421691 0.8198392850538369 0.819786702924751 0.82190361884408 0.8220717385694877 0.8247387732737163 0.8169856073455145 0.8199814500049939 0.8223246262852606 0.819375005267001 0.8181195852679545 0.8283458730578647 0.8186847035828775 0.81292874444199 0.8236524626253141 80.84 1e-05 0.01 512 resnet18
0.13003556678870062 0.8220122758964332 0.8285093192231373 0.8320227712022258 0.8370016050605921 0.8321316926371596 0.8368146651561793 0.8348287994997962 0.8352842496151207 0.8274587612481697 0.8214745550095236 0.8326183580271013 0.8354096579530964 0.8354718995683866 0.8272308406512857 0.8284772922659102 0.8270111860407112 0.8381441252345195 0.8195344339235834 0.8315582265569164 0.8194813528832121 80.94 1e-07 0.01 512 resnet18
0.13003556678870062 0.9024464400545428 0.9035747145001096 0.9002250467433026 0.8959461083379173 0.8973060178625903 0.8998759891905631 0.8989150989538974 0.8995938228785382 0.9023518508481985 0.8971300595526395 0.8996808438576076 0.8973186202520849 0.9003808886278973 0.8990866132348476 0.900711173141584 0.8976031991923634 0.9042539978959061 0.9010552676640531 0.9019096075307105 0.8995271788903447 76.84 1e-05 0.01 1024 resnet18
0.13003556678870062 0.8582465405522752 0.848150953095825 0.8503091920419695 0.851821705370518 0.8586400760022744 0.8505122238061538 0.8608051080568839 0.8582776394352152 0.8632831431094999 0.8626013912630406 0.864200207108787 0.861009272909603 0.8592295997285256 0.8633964092461999 0.8637352757851537 0.8658389174090391 0.8594836309269311 0.8630404777763855 0.8625463862190265 0.8589884246997965 76.86 1e-06 0.01 1024 resnet18
0.13003556678870062 0.9034008342691928 0.903098873115771 0.8934466844298505 0.8989947563442787 0.8965472183619432 0.8883870499840698 0.8921185272639418 0.8909592375528962 0.8935471215259867 0.8934675693767968 0.8868159715739821 0.8869427540423576 0.89003025521905 0.8931443970287833 0.8891902004301461 0.8933009060563932 0.897234110431891 0.8871835984422727 0.8922277015277672 0.8898346985400333 76.22 1e-07 0.01 1024 resnet18
0.13003556678870062 1.010909284882193 1.0513931502650207 1.0611660116047956 1.0661798597497376 1.067770083786506 1.0810024134765415 1.0853421988916725 1.0844080130862255 1.092524191578277 1.0732697446581039 1.0775980593032806 1.0953326481944732 1.087612607386836 1.0741535002651017 1.0923108363888863 1.075506031116407 1.083273844834625 1.0897462799645117 1.0778731510198396 1.0963132752260207 67.01 1e-05 0.001 512 resnet18
0.13003556678870062 1.0005245217111693 1.0143576207978602 1.0393952362772378 1.034519425634008 1.0391219764029525 1.0510504128746523 1.0646210835112513 1.048019280558516 1.0370750589968676 1.041450188280583 1.0336791900244524 1.0483354190295946 1.0320367232692147 1.043128422884374 1.032313593711211 1.0486240936441156 1.0397323441581847 1.0378210094929166 1.0381629465871973 1.0463090352943285 72.3 1e-05 0.001 256 resnet18
0.13003556678870062 1.0112701010672676 1.0352965999021022 1.0568232057286218 1.0522865842475035 1.0589702136284713 1.0638840081219336 1.0651984344192706 1.068508504420024 1.0629280931265384 1.051892002747617 1.0674331569115487 1.0595401626383618 1.0685331742648387 1.0631594904823773 1.0757451943971623 1.0629202220699545 1.062192115826066 1.0621531703910205 1.0523732705751232 1.05736996744655 67.25 1e-06 0.001 512 resnet18
0.13003556678870062 0.8020583020055906 0.8276351395154454 0.824653233622137 0.8194185076125816 0.8217807073435333 0.8278991386760614 0.8252201427919514 0.8330772698908564 0.8209742695000076 0.8233070108721421 0.8228094173087822 0.8233337124507382 0.8144904057370809 0.8236271739020609 0.8153116677305237 0.8198205807804452 0.8258336989417485 0.8222739319463621 0.827964331798421 0.8191921108337915 83.82 1e-05 0.01 256 resnet18
0.13003556678870062 0.981855553755505 1.11659046669699 1.1336969643004344 1.1373541948932953 1.1354876152123243 1.1405189310898454 1.1423549523415029 1.1484644673822213 1.1361969637166127 1.126620646380974 1.1408752418482873 1.1388890870208415 1.1300988723864713 1.1336483585497759 1.134507285529344 1.1318344793203374 1.1374031005863114 1.1341121647929335 1.1182628202472729 1.1231977644566373 67.4 1e-07 0.001 512 resnet18
0.13003556678870062 0.9495397073629303 1.1071251776315165 1.1651817628981704 1.1845445807785007 1.176982890279796 1.1968631445840447 1.1826944079511579 1.189399596152273 1.1763670941036202 1.1797685789462908 1.1806041802589518 1.1743275979850858 1.1858706045322014 1.1752784570645383 1.1782247708954519 1.18070954534438 1.182257175918206 1.1858986484167098 1.170671296133707 1.1871372758790586 63.5 1e-05 0.001 1024 resnet18
0.13003556678870062 0.8213185270467882 0.8127423704095207 0.8109991674780104 0.8151229962240407 0.8179849451096267 0.8181163129523646 0.8195164219353047 0.8082231960371942 0.805186364558156 0.807115346570965 0.8086373759318144 0.8033167538060364 0.8143821353675891 0.80606257204834 0.8037285241254334 0.7984647799377388 0.8003076842725737 0.8048852201750616 0.8128544259291703 0.8057862397494198 83.24 1e-06 0.01 256 resnet18
0.13003556678870062 0.826506222377345 0.8223084840088822 0.8077392366739197 0.8224993711453779 0.802046270314903 0.8209900035038544 0.8100178118408116 0.8101498659933003 0.8117579592024252 0.8025143278052065 0.8098244694384187 0.8039715046448894 0.8115861076426845 0.8126452390581272 0.8204099627411543 0.8156151491530542 0.8082963664611829 0.8144169297787522 0.813430879866879 0.81625310686366 83.21 1e-07 0.01 256 resnet18
0.13003556678870062 0.9684851743520655 1.1540910783478855 1.1581005456431692 1.1571171819232549 1.1579056875927238 1.1647820653324952 1.1599672817239004 1.1734316385731658 1.1677848868027905 1.1689737091089842 1.1707319944260106 1.1669848072137654 1.17332388939742 1.1695512850152152 1.172241895403878 1.1669924378939913 1.1730951416254631 1.1658509137723856 1.1703591106664868 1.1700911269437844 64.11 1e-06 0.001 1024 resnet18
0.13003556678870062 0.944866330229058 0.9321049618842188 0.9459298860681729 0.94642791172589 0.9342912660156069 0.9568146092831162 0.949640271917476 0.9555820523445577 0.9372677895841197 0.9447470893215559 0.9351709233996516 0.9476307704136093 0.9490946020407308 0.9473268067573758 0.9385815491805165 0.9436759252558676 0.9355221211777678 0.9491646459223972 0.9459919957097227 0.9326332801333881 71.81 1e-06 0.001 256 resnet18
0.13003556678870062 0.9941026035647212 1.0891115966569416 1.1602038334473024 1.1563692899419629 1.1409335447702162 1.1402077329158984 1.14451644803925 1.1404602842209528 1.1479266765680096 1.1409571536519376 1.1366063104004869 1.137812216901419 1.1452615086083626 1.1293543718282073 1.1232583605387283 1.139014413811619 1.1347565832954694 1.141626944815618 1.1406807076199974 1.1220596784021977 63.36 1e-07 0.001 1024 resnet18
0.13003556678870062 0.961008115315012 0.9766615414635192 0.954861781753565 0.9536625572644012 0.9615350869321779 0.9681886104259512 0.9615154949989803 0.9523499408494891 0.9738417013840447 0.9694663641611379 0.9563898589692351 0.9711805288149122 0.9549417133457903 0.966617668681224 0.9614013975240483 0.9620393735905018 0.9690184819716352 0.9710081843864949 0.9737735990360172 0.9759733849325201 71.89 1e-07 0.001 256 resnet18
