0.0 1.3416347149059604 1.356447587211402 1.3502692526086395 1.3170009478195381 1.3193376150512737 1.3153352422898181 1.3105239563642601 1.3059998839185873 1.3068272917395907 1.3076589421859877 1.31065366563953 1.3107320110567509 1.3119678345980983 1.3086084136193636 1.318612196809275 1.3135296692161185 1.316134968319656 1.3111163817225486 1.3023039106760055 1.311688196317599 76.44 1e-05 0.5 256 SimpleDLA
0.0 1.2638982419707416 1.3072522044965829 1.3417999751445548 1.298914168626307 1.2979461595095156 1.2861024159915382 1.2856113260158581 1.2900491809491776 1.2875412429194302 1.2827904585816055 1.2901974334511583 1.2904631402978257 1.2941066768894518 1.2851598753914368 1.2913853382359846 1.293063111015072 1.291636443431924 1.2989813445616136 1.295902475448646 1.287534875132652 75.09 1e-05 0.5 512 SimpleDLA
0.0 1.2609089910532365 1.2713890828355163 1.2689350036699927 1.2596301155868737 1.2617180737246154 1.2579657527856987 1.2597455288605017 1.2545761412220284 1.2545715743303505 1.2494041217610588 1.2570934846415722 1.2561469078875573 1.2562171963146755 1.2511530016747003 1.2606851399789176 1.251752042881649 1.2570249070231292 1.2513407465240591 1.2545681992551345 1.2573587782044708 79.71 1e-07 0.5 256 SimpleDLA
0.0 1.3332603250679906 1.3249359931288638 1.3298335285669287 1.3178783069718951 1.3053036710094792 1.301640970135802 1.305426944929592 1.3049474543147082 1.3054214364579888 1.304565542980691 1.3028725270353545 1.3019354420407658 1.3012347184631932 1.3001885832423141 1.30103610067939 1.2999901733449288 1.2989858312091787 1.2976997425249528 1.298445803326629 1.2980672671409825 79.18 1e-05 0.5 1024 SimpleDLA
0.0 1.1728787382965609 1.2551110599817954 1.2623022552400704 1.2191246777867297 1.2248802513895114 1.2327104602449117 1.228860302469175 1.2201380855298216 1.2211748353793481 1.2291665541971202 1.232269845135217 1.2283572073314384 1.2349397220927059 1.2206756780672745 1.2321125414037848 1.22479077569979 1.2263548727291589 1.2228103105015806 1.2334279420579235 1.2306903639318942 80.97 1e-06 0.5 256 SimpleDLA
0.0 1.1931826050321128 1.278612172421108 1.2699176392524616 1.265408634387932 1.2730644694215534 1.2732216208125784 1.2650790498802809 1.2659743637259624 1.2644979190369354 1.2648176209641278 1.2669036762502233 1.2634467435993393 1.2648929843997125 1.266117536105505 1.2642193538313828 1.2636259268507615 1.2653288739268118 1.2652240046246563 1.2663045990515287 1.260387191432982 77.33 1e-06 0.5 512 SimpleDLA
0.0 1.2432826359609133 1.3016463910639233 1.2692249451921007 1.2704673663612054 1.2683156108806102 1.2762047828019591 1.2740768010519805 1.2654313153559076 1.2648891002108262 1.2696090931361967 1.2720178335391588 1.2693510801663903 1.2716192092275131 1.2705902495984842 1.267800722199682 1.2668465091835017 1.2688800190425265 1.2717215758978888 1.2690157021689954 1.268278056926668 75.07 1e-07 0.5 512 SimpleDLA
0.0 1.286826035055463 1.3480187596809707 1.3972776950259924 1.3951619819688623 1.387579193429331 1.3849248594494883 1.3845047919398294 1.382329712839457 1.384401919651968 1.3850902278566393 1.3858908617076398 1.3838157112654499 1.3840440907081903 1.3870642683351702 1.3853325559560914 1.3847812080365725 1.385152690495205 1.3839218573880658 1.3855757074912405 1.3852129122578483 71.15 1e-07 0.5 1024 SimpleDLA
0.0 1.3632440716457472 1.3849384563971325 1.3710384146891663 1.3683334821643354 1.3587559181854323 1.3537870680115744 1.356711156448082 1.3553796222289274 1.3560625033141236 1.3545352826365624 1.3541407771098022 1.3567400438650845 1.355706359510299 1.3544425289146582 1.352249927675759 1.3554304339638492 1.350454756649164 1.3553140044235366 1.354216850583696 1.3511717063685749 75.34 1e-06 0.5 1024 SimpleDLA
0.0 1.272099708188265 1.1776622050812475 1.213566791965201 1.2144682349697185 1.2141261439009792 1.2111880177409673 1.2118142072362956 1.2147954559370369 1.2121170040348965 1.2100073900337427 1.2106608072295122 1.2146767535722482 1.2120860033022292 1.208756172015169 1.210436077714362 1.21223389615664 1.2099689540023826 1.2129412152110868 1.212609434826881 1.2105633929395103 83.4 1e-06 0.05 512 SimpleDLA
0.0 1.210175442003233 1.2294598424603371 1.2105265337688453 1.2087127968653397 1.2032837125380382 1.2046570955037406 1.2050444167622039 1.2075126941670415 1.205403353105249 1.2093172719584813 1.2061745580749703 1.2070611944559126 1.2078307400430186 1.2115237714080396 1.2086423975143923 1.206191811453306 1.208583129060924 1.2092031458358703 1.2081388769490922 1.207988357216343 84.31 1e-05 0.05 512 SimpleDLA
0.0 1.2379165158596361 1.1732045996450635 1.1777080895147216 1.1722620376842579 1.1757394122990068 1.1753107756893584 1.174335525123378 1.171792879175208 1.175593759640617 1.1684632429352737 1.1744170203888145 1.1759442470199106 1.1768151198579317 1.1677840159324184 1.1777581095669907 1.1702184837490663 1.1755870426331316 1.1691818863798717 1.1705455523451496 1.1708785321455908 84.94 1e-06 0.05 256 SimpleDLA
0.0 1.2317042703513466 1.2078716099616733 1.1925948528482744 1.1904035991887956 1.1839380830596056 1.1824653995666685 1.1876138105734264 1.1824804185985647 1.1815571988857279 1.1801389131198037 1.1822225564658766 1.181393752116053 1.1811580706308447 1.1768364939105134 1.1850804138777005 1.18212362795122 1.1811732316765249 1.1792576137392354 1.1795404951219606 1.1824053444220244 84.97 1e-05 0.05 256 SimpleDLA
0.0 1.254322352859514 1.2286106089529576 1.1858561435773947 1.1714582307633672 1.1734238279615667 1.185279931445004 1.185519567624467 1.1795925094545097 1.180714509625472 1.1783834535643773 1.1823734914239497 1.1784474566835417 1.1784152249875957 1.1778980424170413 1.1766545320782087 1.1803253378090792 1.1739055219902317 1.1783824458941816 1.1746429296205994 1.1772301344161256 84.43 1e-07 0.05 256 SimpleDLA
0.0 1.2172153161558894 1.2244106382885576 1.2009200027406417 1.1977405435190616 1.2011331090650188 1.1975987385418398 1.2015558954930143 1.1976189456184843 1.201526107785484 1.2013702960231938 1.1973192563109247 1.2015110639645707 1.2042326736681273 1.198915680739792 1.2036781937945742 1.1996102525558192 1.202553237123224 1.2004743012732881 1.202874943274378 1.1951305378131365 83.21 1e-07 0.05 512 SimpleDLA
0.0 1.3672002611402616 1.367456605775041 1.3701413623913015 1.3734085638698486 1.3721862983024051 1.3718053239488532 1.374081491576341 1.370964675081646 1.3749732420179823 1.368904292098437 1.3697381733710707 1.3695737849429395 1.37028838021006 1.3667745429803002 1.367802768280313 1.3734778587522547 1.3714332703478163 1.369309179312226 1.3724197009180705 1.370056271882858 77.33 1e-07 0.005 512 SimpleDLA
0.0 1.2631684920055875 1.2587947157775874 1.2610438694092831 1.256882797634016 1.2565324281373282 1.2588526370170794 1.256980065560465 1.255661493473832 1.2538519020055916 1.2552231811762709 1.2570687370740041 1.2559370055508168 1.2597831624597675 1.2567964016550905 1.2560803610199762 1.2532760890707724 1.2533092237735965 1.2504948904270292 1.2564393452045008 1.2566084467045313 82.46 1e-05 0.005 256 SimpleDLA
0.0 1.3751585324872044 1.2512727887988908 1.2432983629357266 1.2451430436221813 1.2465443183825469 1.2427892258366287 1.2452141302895472 1.24058464957577 1.2509532994781178 1.2417878069712494 1.2460066974106399 1.246328931830096 1.2449859509862724 1.2411926740686812 1.2440998902390072 1.2452792329356048 1.2432811689551782 1.2489628695042485 1.2424661934083219 1.2422293637862958 82.11 1e-07 0.005 256 SimpleDLA
0.0 1.2595870226862103 1.309678643910105 1.272137841888855 1.2877244718537235 1.3244991919368063 1.267944921187655 1.257669937592143 1.2567275690111417 1.2531471293925747 1.2525142927247304 1.258328646551992 1.258939725652504 1.2574445304943915 1.2583941469842226 1.2613961930264097 1.2552968815399896 1.2544893036049862 1.2525141893896303 1.2585545923138457 1.262168966736085 82.9 1e-05 0.5 256 SimpleDLA
0.0 1.288042413149561 1.2612102442834852 1.2417492398109047 1.231123502011354 1.2317301015656148 1.2314460242630318 1.2419535981343603 1.2361538322944496 1.2401454783105637 1.2373518734538325 1.238676279699317 1.2361973207751098 1.232122557290534 1.2323485750911594 1.2347073264026915 1.2387966213344568 1.229040694766398 1.2330890787797122 1.2310033092642643 1.2351516933888136 82.27 1e-06 0.005 256 SimpleDLA
0.0 1.268752948666436 1.3806360898744328 1.4102857712290642 1.3684138189228998 1.370530219912331 1.3626390289794967 1.3641084612303747 1.3541475536694967 1.3569585173183787 1.3521479308946105 1.3523502116482817 1.3484921498551576 1.3534183762089789 1.351054458329434 1.3536254549283477 1.3515893814799815 1.3501689221331095 1.3497117528014564 1.3486880623820086 1.350221805292324 71.8 1e-05 0.5 1024 SimpleDLA
0.0 1.2820420332663296 1.3635741533921908 1.3675831833138152 1.3677536952168112 1.3533539187137347 1.3777597761269273 1.3702525218911046 1.3606302503768226 1.3622643182862264 1.3655868421902044 1.3626348137142992 1.3617784182603694 1.3627259596843908 1.359133544680158 1.3631678188651812 1.3581525138588963 1.3572704457111815 1.3577510434007811 1.359527366611045 1.3581226526573935 70.97 1e-06 0.5 1024 SimpleDLA
0.0 1.2610389648779436 1.2821164185153253 1.3481058304228841 1.3235856353009072 1.329677208884453 1.3268360990743266 1.3293494142467495 1.3280337820423602 1.3288983037417597 1.3309995386002222 1.3299501256091455 1.3270267729690028 1.3221437272500491 1.3291083119286595 1.3269037108503432 1.3316924625449031 1.3218735985915548 1.3242654431827023 1.332253883913095 1.3295154574904826 79.07 1e-06 0.5 256 SimpleDLA
0.0 1.3024475549212928 1.2958669739763187 1.2981315838955123 1.3303107059291526 1.3254160250555325 1.326893544930036 1.324253846547836 1.3227536435254708 1.3228009455099146 1.3235636997426317 1.3244151870510406 1.325046622979134 1.3235525478603267 1.3236028675262828 1.322754031249832 1.3226777067347675 1.3218574021588663 1.3218260629305132 1.3235317491625034 1.3246163983347445 76.47 1e-05 0.5 512 SimpleDLA
0.0 1.3151952690558297 1.4052726504947421 1.3892132733919924 1.3744123168162197 1.3691340898082527 1.3754736362016515 1.375661813219559 1.367395176036605 1.372479058356086 1.3668614954514267 1.3675101252831423 1.3671718204073853 1.3711866055350448 1.3762659460110482 1.3733076698887166 1.3728837123248598 1.3676638564114425 1.3698709353340828 1.3653450219291876 1.3660207684821515 71.19 1e-06 0.5 512 SimpleDLA
0.0 1.3613649726904142 1.340690688914846 1.3437374744488435 1.4137700255750079 1.3941899160631652 1.4024214828369475 1.3988288732784875 1.3914914745853877 1.3877815566875609 1.3879972709938249 1.3837666773560713 1.3858199224189256 1.3890107570067085 1.3913266554643084 1.3835906262092983 1.3915326721315626 1.3849393316653653 1.3825389287113663 1.3841890779746107 1.388929472674552 64.71 1e-07 0.5 512 SimpleDLA
0.0 1.2415081750753416 1.2298362455519214 1.2033376612209226 1.202503776115256 1.2016283230086542 1.2014036526376493 1.2019202247730518 1.198902675330709 1.2024377984843058 1.1995122061846935 1.1918080741113826 1.1907140074324285 1.192984503686543 1.1936516031118025 1.1899898698627054 1.199453841663398 1.1955323447023862 1.1988631915837435 1.1963920262903214 1.1966437119887219 84.12 1e-05 0.05 256 SimpleDLA
0.0 1.2339314011904683 1.2884154596341362 1.2328211444592234 1.239791409552335 1.2424702887842871 1.248869090344637 1.2494297618479409 1.2415166847705945 1.2538410842884167 1.2469538091356012 1.2496520581607597 1.2440195756294887 1.2422071419275589 1.2533494645874657 1.2546917395331878 1.24421546508245 1.242203743384486 1.2434500898540717 1.2463955773679307 1.2517392949057458 85.0 1e-06 0.05 256 SimpleDLA
0.0 1.207999643593549 1.211327029260464 1.2154509154801625 1.2174269124816548 1.213965074222194 1.2210244960690633 1.2159973709538194 1.2190876033282183 1.2218790653465628 1.2144339166300353 1.2206448946320405 1.2137531113356206 1.2171896376808307 1.2201984535169088 1.218895013973495 1.2189714418211053 1.2151666107438948 1.2172189158633886 1.2215913880096987 1.2162488061860832 85.16 1e-07 0.05 512 SimpleDLA
0.0 1.3590125453708677 1.3851714124189716 1.3842120424882145 1.3831581834073652 1.3833172141668706 1.3845918608683947 1.3827492528658956 1.3821415491262434 1.3802974550493041 1.3840969741275082 1.3831735134734493 1.3794912055276385 1.3826705591754478 1.3825667777072763 1.3805134261849765 1.3787051338212948 1.3844005510961082 1.3783692715462257 1.388906600621805 1.3823941286458044 78.3 1e-05 0.005 512 SimpleDLA
0.0 1.3297756545110508 1.2980137435362533 1.2859476604746023 1.2868312356406764 1.293220797581251 1.2897076284934021 1.293864762686271 1.2903319808953662 1.292497407291634 1.2897106298668093 1.2891107177590302 1.2874521686039344 1.2842458903318774 1.2853160020359897 1.286539024320482 1.2812977471719065 1.2817711860181435 1.281746401694762 1.2889325143697261 1.2909717340187257 81.65 1e-06 0.005 256 SimpleDLA
0.0 1.2888766969502052 1.270464728261232 1.2676884685518721 1.2654580385050664 1.2748585395144434 1.2681190444142842 1.2734123021240769 1.2633500538893732 1.2753054113302003 1.270129421203874 1.2794901452731156 1.279588161278792 1.2700231353106193 1.2744479862312854 1.2787664356591528 1.2682453253722124 1.2692359385993954 1.2722394159716088 1.2733737538984202 1.2806963924916466 82.18 1e-05 0.005 256 SimpleDLA
0.0 1.2904223036308742 1.2804529014258343 1.272572000511517 1.2714802523007926 1.2700134245958365 1.2701659078918761 1.2681868732997408 1.2690146571528909 1.2716299473743822 1.2700883427080707 1.266653862413076 1.2672490077297487 1.2653923011903752 1.2684544781237974 1.2634109139268548 1.2666824894244835 1.2641763068590814 1.2662668597408346 1.2684457916471492 1.274892515304728 81.6 1e-07 0.005 256 SimpleDLA
0.0 1.3775039294732252 1.3637902732802025 1.3631388455603075 1.3634270001856614 1.364264033036081 1.3654323309576446 1.365394396616072 1.3639528022171037 1.3646911174242933 1.3638084561418484 1.363511799285255 1.3696844221196975 1.367318518305003 1.3681806918152888 1.366552928936944 1.3658027649129487 1.3660510637777616 1.3678705547878116 1.3690615196738305 1.3733282511577243 78.37 1e-06 0.005 512 SimpleDLA
0.0 1.3910652680166107 1.3493630179706917 1.3467384475300357 1.3462198832361032 1.3440779905628335 1.3477610575443995 1.3502142254834757 1.3498800955742212 1.351638527827233 1.349568017365226 1.3518136556767735 1.3497719432506272 1.3549316990739149 1.3468566208449166 1.3480573504215538 1.3477282499387246 1.348455587755295 1.3532055304490733 1.352788041267303 1.3440941337445653 78.18 1e-07 0.005 512 SimpleDLA
0.0 1.2172683231196222 1.328943118673165 1.2923257642833392 1.293261194355403 1.2780618378003896 1.2694689100135028 1.2773212728710868 1.2818381649472306 1.2712601089757338 1.2812210471777297 1.289092779912033 1.283398866999281 1.2820757869055341 1.2828972934987783 1.284611096927068 1.286700427800809 1.2855118861054975 1.2780884655807128 1.2771049942593375 1.2814517752775147 81.16 1e-05 0.5 256 SimpleDLA
0.0 1.233415637312357 1.281294186242218 1.2920647248056378 1.268157538244058 1.2748826254343129 1.2752629798203357 1.2734991404957083 1.2803503186161003 1.2764814297751648 1.2758866161828124 1.278672713928414 1.272667994736552 1.2748761567640658 1.2766866125851812 1.279536984773162 1.278780134691052 1.2802700089188297 1.2779731318979544 1.2767054916838463 1.278022821339695 81.3 1e-06 0.5 256 SimpleDLA
0.0 1.2789676424037453 1.3947467553602593 1.3935397433705041 1.3754532629149352 1.3773998879973957 1.370628827276673 1.3664016143587643 1.3685003876674529 1.367682856489706 1.3711405379370047 1.3716883930858523 1.3729482951596723 1.371314463859811 1.372515204094117 1.3713947400616733 1.3742529359963507 1.3754594856197238 1.3753244443434638 1.3731085678644481 1.3713089951870796 69.56 1e-06 0.5 512 SimpleDLA
0.0 1.2180851945315119 1.2780622441876157 1.3006850128321152 1.3049647952139583 1.289141689491162 1.2923172803748437 1.2869670459719342 1.286834184296884 1.294018404058447 1.287768011438108 1.2833136793469853 1.2840876514805388 1.2804337467297833 1.2825790483624167 1.2853960925732328 1.283742539833675 1.2827765614253388 1.2856484613830172 1.2806119633213953 1.2851073632824512 75.9 1e-05 0.5 1024 SimpleDLA
0.0 1.358051273970066 1.3893311912446271 1.362901355457685 1.357263399083294 1.3427559700412446 1.3453157389673296 1.3592235767386978 1.353612975172311 1.351503929642891 1.3520121470295885 1.3512643115136307 1.3511287352854577 1.350214276554409 1.3479794225648345 1.352595416244538 1.352110522597566 1.3528937312191354 1.350058968306603 1.3522242650237684 1.3504950588989169 71.19 1e-07 0.5 512 SimpleDLA
0.0 1.312667526012091 1.361190058275021 1.404744990626412 1.374531976645859 1.3661848151766316 1.368488144712226 1.3662722766916071 1.3606994738599696 1.3602446876725862 1.3659938712624642 1.3623111976270683 1.3653021602697648 1.3643498235803302 1.3654555525872891 1.3629108345407928 1.3641629353419449 1.3604941837059463 1.3626775106618099 1.3592437858416035 1.3641262063216286 68.11 1e-05 0.5 512 SimpleDLA
0.0 1.3029826218905678 1.4022564399949926 1.3537610392115542 1.3791974783687884 1.3823016477104924 1.3823890687486031 1.3799131556395023 1.3786810764326691 1.3803316967491557 1.3798294064504344 1.3882078767394304 1.3815008616634743 1.3859866596803 1.3756786216434653 1.3882415019786285 1.3873301503523248 1.3832425358838794 1.3846278754695385 1.383498556973103 1.3850008716172602 75.32 1e-07 0.5 256 SimpleDLA
0.0 1.2236501467055996 1.3007822613728102 1.3132169733712749 1.3348899542787325 1.3102561537119122 1.3112748466862498 1.3103364860888522 1.3272022643506534 1.3203532811826024 1.3223300585894642 1.3243522281852196 1.3233515885467966 1.323190706043094 1.319039158799432 1.3198266924455877 1.323568890027829 1.3218576450801638 1.3222250572547196 1.3228077268960619 1.3211634618254557 72.11 1e-07 0.5 1024 SimpleDLA
0.0 1.1914597296745904 1.3107992815308769 1.288565525535505 1.2995674197109406 1.3267155032488618 1.3400696638839897 1.3304259770316236 1.33640749840185 1.336060639720589 1.3341700594264663 1.3366809878849113 1.332476296337485 1.334367380148884 1.3355153751577808 1.335391701547616 1.3340410150088937 1.3353508949232198 1.3344936156902205 1.33571806688482 1.3370158716508274 77.31 1e-06 0.5 1024 SimpleDLA
0.0 1.2904382803437238 1.2654129867010397 1.2393145557798808 1.2479353514297031 1.2451419081015365 1.2452890017237142 1.2406070796709028 1.246524447664171 1.243084077075231 1.2482365864518956 1.2512533212461694 1.2438583997482526 1.2427064501981966 1.2483582180625883 1.243092349487069 1.2461886404360876 1.2480098011184515 1.2437481207617314 1.244145651860904 1.2430552467505571 83.57 1e-06 0.05 512 SimpleDLA
0.0 1.2492741403420542 1.2226096181898933 1.222244917302381 1.2205217182676402 1.22296531529653 1.2300724058431889 1.2224403857718344 1.2207405442103538 1.221902025839327 1.2223628280033445 1.224837503506909 1.2270033879274929 1.226654001936983 1.222600472931091 1.2212921726541404 1.2202969689335297 1.2235329780540227 1.2210808002817348 1.223594935127557 1.2249701317630541 84.46 1e-07 0.05 256 SimpleDLA
0.0 1.2648014444956734 1.2714562639727227 1.2727540691797563 1.2779907253796674 1.282082472168937 1.2835202467133042 1.2780416895778537 1.2793060045375995 1.276499252203029 1.2765865338107991 1.2812019823167085 1.2840574278608248 1.2816226395165606 1.282676576807466 1.2839983441187197 1.285986415849098 1.2840640372135528 1.2797936391643092 1.2797467108011482 1.276642783394254 81.66 1e-05 0.005 256 SimpleDLA
0.0 1.4369817901149662 1.3649553733079933 1.362991593075232 1.3730906694632043 1.3705930910518191 1.369315617443799 1.3673618549501176 1.373156598739766 1.3713065318895437 1.3749657216123428 1.3718547042173412 1.3700487114775186 1.3708265703018265 1.3701338791630229 1.373558805960289 1.3736163421949528 1.3754059807444374 1.3698392129095265 1.3731694380556037 1.3694327063422247 78.4 1e-07 0.005 512 SimpleDLA
0.0 1.2582140174734542 1.2578453008686088 1.213150858652467 1.2115061568673786 1.2075618847624725 1.2052905475330362 1.206229513491413 1.2075603454752264 1.2106214871443826 1.2100817252412575 1.2137980664554542 1.2079236839714564 1.2088116849659425 1.208384285204914 1.2144817878734129 1.2132136733728027 1.2119733829206303 1.2127562035587536 1.2122076058805566 1.2115587626555824 85.08 1e-05 0.05 256 SimpleDLA
0.0 1.2425980837774413 1.223449619087024 1.1965120147641977 1.2004185907035012 1.221861494886457 1.2184529656165581 1.2161588148239237 1.2145151660789097 1.2150866728093472 1.2103528491867759 1.2194495431838395 1.2174988692578146 1.215100108639116 1.2136475104392088 1.2111005908676058 1.213437479976831 1.2167369211701493 1.2122083148274958 1.213095680890003 1.2135386985225116 84.25 1e-06 0.05 256 SimpleDLA
0.0 1.280380158156985 1.2810025517464374 1.2722078217543895 1.2757798410466838 1.2774994653740888 1.2735086764040462 1.2774241450456278 1.2742417368544665 1.2746833761427077 1.2748934985470377 1.2767995691957663 1.278239699842759 1.279721383949502 1.2783217126422735 1.2722529865235046 1.2758363694152295 1.2762844477755992 1.2773559535748695 1.2774271083070854 1.2799664667581911 81.66 1e-05 0.05 1024 SimpleDLA
0.0 1.4069617310867073 1.5567868520378565 1.5224455838739592 1.5208975553162216 1.52250651383118 1.5283953112750022 1.5276546435132368 1.5281244959970468 1.5306016042115207 1.5305793528789002 1.528214225547801 1.52650073219381 1.52578771429845 1.5251613637664017 1.534025746310551 1.5289708788867997 1.5275692854679974 1.5286213067333576 1.5289531111918877 1.5296285409124137 73.29 1e-06 0.005 1024 SimpleDLA
0.0 1.2461801684225764 1.5133762416391274 1.5135866826974569 1.510394708724703 1.5112801104338975 1.5130209722622914 1.5181013346158254 1.5188890516136597 1.521832828838016 1.5215574145449071 1.515778375004962 1.5146634751598562 1.521346589364978 1.5232574580355651 1.5223166698640265 1.5213633640622177 1.5194981618850256 1.5156459482182172 1.5146359649903909 1.5189084616485289 73.45 1e-07 0.005 1024 SimpleDLA
0.0 1.2637484639415872 1.2752039734841707 1.2673694346915998 1.2737954266297833 1.2725615497277085 1.2698962123041597 1.2702161189907357 1.2712856033123001 1.2687823421309796 1.272201344465452 1.271211923077274 1.2712205893429411 1.2720007656984107 1.2768949183195952 1.2735048599839773 1.276080616328865 1.2763118973034673 1.271726123570314 1.2691633699796663 1.2726708280966255 82.11 1e-06 0.005 256 SimpleDLA
0.0 1.3218023233963032 1.2503229708113555 1.2494028152876029 1.2588318906890654 1.2548665406905979 1.2509329739759418 1.2486536661696785 1.2530189613553593 1.2547120110384806 1.2518925834414856 1.2471056288638556 1.2501559150727588 1.2533057988862786 1.2476137009837531 1.249304185692818 1.246746066439544 1.2519488722490921 1.2464884468399635 1.253175356765428 1.2496227923474819 84.33 1e-05 0.05 512 SimpleDLA
0.0 1.3578134207393262 1.3668876256655489 1.3625260941477928 1.3666598526370932 1.3653248574590162 1.3733020094137915 1.365134918062627 1.3695573072837899 1.3698110151519756 1.3692921989109055 1.3701021075483482 1.3691912019625179 1.368880479150393 1.368292886815745 1.371245828796922 1.3703891291782968 1.3711209535726394 1.3689876426436292 1.3670174854999328 1.3673368217306878 78.68 1e-06 0.005 512 SimpleDLA
0.0 1.3750231877581114 1.4933993409019484 1.470555270008121 1.4792097536201214 1.4846058871755756 1.491480632690207 1.487597249750188 1.4883152914048159 1.4883404443833508 1.4847280804692007 1.4854352769371157 1.489427994093856 1.4853368753068166 1.4875314184226434 1.488907038360811 1.485381018239086 1.4832641888899003 1.4879076509159317 1.4876708371350964 1.4881480833564162 73.77 1e-05 0.005 1024 SimpleDLA
