0.2832223416884631 1.1690803553637996 1.2005214130609712 1.2013596161895446 1.196592518606244 1.2115761786811179 1.1930900077579618 1.189224631743135 1.1887144740461901 1.1931274412706843 1.1804519877351163 1.1813127826112906 1.174278274693725 1.1783254562977625 1.1779607984120397 1.173286490355756 1.1812481840109799 1.1730803691564733 1.1788678064382916 1.1749885690003012 1.18708358625568 72.05 1e-05 0.1 256 resnet18
0.2832223416884631 1.1729957599240959 1.196725146616493 1.1682378745712863 1.2028874819919528 1.184366233753731 1.2042037954163407 1.133158827201025 1.2067410293122007 1.159493999655285 1.1834826458870105 1.1881541221233383 1.1711751486337088 1.183115320678733 1.1793671417704743 1.1779302353975272 1.1896008761547205 1.1865368859866443 1.1794966037804464 1.1848418274674826 1.1829423316400818 72.04 1e-06 0.1 256 resnet18
0.2832223416884631 1.1609851287062625 1.1826495101001742 1.1782759872593611 1.1877200731927313 1.1891808741072192 1.2208778214811402 1.1931483896412027 1.2087916076887022 1.2051819880421581 1.1995123556298966 1.2263808212758465 1.224187468220623 1.2198059541744717 1.224176565890151 1.2239263138041618 1.2194327746116922 1.230999162495894 1.227750317143245 1.222628455580261 1.2225883352703808 72.34 1e-07 0.1 256 resnet18
0.2832223416884631 1.2394397483497115 1.1918108593420733 1.1709233317357008 1.1745118935203245 1.1726964483305762 1.1623729698596241 1.1558180399601892 1.1593917521988129 1.1600655914092968 1.1554115417367723 1.1548160896164625 1.1586833296024033 1.162602037681863 1.1558307655716618 1.1535480212262543 1.1559656876861184 1.1512053973366534 1.1540033826318596 1.1539408419408148 1.148833726385804 72.82 1e-05 0.1 512 resnet18
0.2832223416884631 1.2335296694275775 1.1933446489016724 1.1903342154452041 1.2142860464465108 1.2375871630951745 1.193226607659485 1.1963338402669306 1.218791947071568 1.2049496218675833 1.2034895366655012 1.2024957099637525 1.197682118131151 1.2166356063402997 1.186183382812951 1.1989810521298798 1.2016467141504419 1.2075336157859058 1.1963449572988099 1.201646809979384 1.1911244004988397 72.7 1e-06 0.1 512 resnet18
0.2832223416884631 1.2067126917967472 1.1579037536635417 1.238193715452943 1.2141546470051987 1.2346568558493005 1.2004603565657674 1.2154958104903637 1.2204236959469363 1.2425308769252073 1.1953117385497953 1.2057124538577861 1.2274612010140382 1.2157992403719775 1.226126090334381 1.216057571624149 1.2167665485679218 1.2153928822551452 1.232257011207825 1.2142310009754052 1.222992628774994 72.14 1e-07 0.1 512 resnet18
0.2832223416884631 1.1826951012116609 1.2344965359860212 1.196264791707149 1.2114219547351008 1.2007206111391724 1.1585093652119058 1.174874699764178 1.186621217710653 1.1676686450508513 1.1817858728051196 1.1809236450642349 1.183960036056402 1.1863152865468707 1.1605179539853148 1.1753677015539437 1.164625109489061 1.1708425891367964 1.1682587039296672 1.1726804365786387 1.1673120834938473 72.28 1e-05 0.1 1024 resnet18
0.2832223416884631 1.1488140056460872 1.2019371986106249 1.2030517130113363 1.2274503659290512 1.1659385729579665 1.1710110737516572 1.1671266780286487 1.1887459363024613 1.1651928538729865 1.1690398758045557 1.1754162131246466 1.1665253394654411 1.168116406403331 1.1715782942732356 1.1577997650441743 1.167046354356616 1.1672518970365973 1.161141806348659 1.1677941617113314 1.163165333984483 71.78 1e-06 0.1 1024 resnet18
0.2832223416884631 1.1557724360128054 1.256263282388154 1.2091695775005424 1.173777923795306 1.193562312566295 1.1837783722201918 1.1851057810834649 1.1799862011665714 1.1544336091092529 1.1645701510683018 1.170804821846747 1.171258247728301 1.181262042090901 1.1677336928124682 1.1734326409063043 1.1774587359539512 1.1743945611095252 1.174759007994806 1.1739548502803252 1.1769610025893489 72.39 1e-07 0.1 1024 resnet18
0.2832223416884631 1.1683920434117867 1.219631753616226 1.1544918801354545 1.2001598778334184 1.215855433844192 1.2054830670206078 1.2171306666270687 1.2094689727041368 1.2253342842028747 1.2289144984839584 1.2090627755134264 1.2163853289274607 1.2346802283471738 1.2270617900178298 1.2114076418575632 1.2259808602119275 1.2398942000545505 1.222765664883525 1.214760575259577 1.2329747561678905 72.9 1e-05 0.01 256 resnet18
0.2832223416884631 1.123187413741472 1.1644116505925919 1.1425266109212435 1.183927388787965 1.15546813804839 1.1596587331715664 1.1417821476857395 1.1466085334573046 1.1798708426981375 1.1653712064624204 1.1604993314322005 1.1675070931897322 1.1676427164161967 1.17338450618259 1.1681378412845898 1.174911892552917 1.1643804366429655 1.1735893123904426 1.1620100386741858 1.159896734029423 72.76 1e-06 0.01 256 resnet18
0.2832223416884631 1.1662908572935382 1.1809988437676586 1.2079496260556208 1.2009569480758815 1.1799243138392401 1.174156409814031 1.1480304037566182 1.1414201458687745 1.1489028209561538 1.127730746031414 1.1349408609298495 1.1449757348800067 1.147316471169657 1.1376861086161112 1.1368126105794822 1.1381240906096932 1.1410762766051405 1.1418728754457468 1.1364404439775873 1.1406710033514764 72.57 1e-07 0.01 256 resnet18
0.2832223416884631 1.2431706520814112 1.2344853587843883 1.182677439119244 1.2363274619120557 1.237363243247695 1.238640840970686 1.2053309551930453 1.2066811390769692 1.2135145537350625 1.2168509504473048 1.2009133795629245 1.2069038474471676 1.2012613655243038 1.21253876900775 1.2142285353120639 1.210098810921513 1.2085945585516409 1.2067870295781111 1.2030965527954927 1.2118116926186113 71.48 1e-05 0.01 512 resnet18
0.2832223416884631 1.211665798576448 1.207400138011255 1.2393083666212237 1.1671050317627718 1.2401442715134543 1.2206952317670925 1.2513189587122044 1.2607756777817474 1.2584323305874374 1.261552526704598 1.2672132651073975 1.2482778687921319 1.2544346827478685 1.2481553667898557 1.2559052424473602 1.2504981527762824 1.2589089924474408 1.2505634324072343 1.262198632522928 1.2576650499844484 71.3 1e-06 0.01 512 resnet18
0.2832223416884631 1.1826561224519745 1.224063485066186 1.2040603381122248 1.2239637327189725 1.262120453893222 1.217366677842141 1.2177965049800843 1.22122469626939 1.2014998846469656 1.197308797100495 1.207511627074598 1.2050472444673757 1.2152087989395437 1.2059529849492814 1.201880999710732 1.2002133759784361 1.2047624672952457 1.20046007542147 1.2009550216610565 1.1963000584511263 71.08 1e-07 0.01 512 resnet18
0.2832223416884631 1.2485125916831088 1.2381230112021548 1.1181357993780388 1.2321129232303327 1.1969209842434934 1.2408272525022084 1.2312860242006172 1.219152148908059 1.1946363242373537 1.1842163238342982 1.2088675313760466 1.1978216424848347 1.2101988133049333 1.2224614901622621 1.2119350655931374 1.2007361381375263 1.2120909833551938 1.2086728489307992 1.2106139473467126 1.201711838223915 68.86 1e-05 0.01 1024 resnet18
0.2832223416884631 1.1961068674432906 1.226965002826557 1.1527701091654061 1.230898347704168 1.2147203635987602 1.2641065211024554 1.2030443195670661 1.2835194314913876 1.2577923489960983 1.23950930422722 1.2220168935007567 1.2185757736205047 1.230666699364917 1.2129444026276723 1.2138920796385797 1.2216317986330987 1.2151506631604476 1.2277594253205877 1.222333458388052 1.2238679473931844 68.68 1e-06 0.01 1024 resnet18
0.2832223416884631 1.1779579247498697 1.2448404289100503 1.1518351443801091 1.216603636803732 1.1864248129747377 1.2589927610093574 1.2416482184097664 1.2235200383550058 1.2501890178603372 1.2288467601442576 1.1993730548373038 1.220052756603664 1.233751179434185 1.2239855515438935 1.2114991904591748 1.203504055705779 1.2031889809272545 1.2135091008168661 1.2170141740671934 1.2100003284325376 69.49 1e-07 0.01 1024 resnet18
0.2832223416884631 1.223949589495948 1.2099647222213228 1.2569703954967786 1.216010617191258 1.2781090596135498 1.2645384621041038 1.2478271013541613 1.2691915301280219 1.3020803342694784 1.287868404673511 1.3359216579146338 1.2943427736994653 1.3339697558164298 1.3184916802535114 1.3441344152958346 1.3369350937846294 1.331553998845447 1.3272751308111441 1.338424727665082 1.3355754274218221 65.35 1e-05 0.001 256 resnet18
0.2832223416884631 1.2496126412071307 1.1869126924768623 1.2921568956360643 1.230696750283852 1.2242169990805314 1.2699805004286648 1.2548892450149929 1.2958205271769663 1.2514935529569622 1.266044025176928 1.2847714195587985 1.2482733723351174 1.2729847399738734 1.2742914492345374 1.2777929155645724 1.2743147146910858 1.3004655090319832 1.2764784331686352 1.2807526405799257 1.2849779823326242 65.36 1e-06 0.001 256 resnet18
0.2832223416884631 1.2207176609368176 1.2416970420604256 1.2920031403173218 1.2003990578917305 1.250161499316211 1.2694181407724152 1.219900049352206 1.2894266528189402 1.2713627124546414 1.262119345957535 1.2947325232734515 1.2504035369078526 1.2644686600039312 1.2692488267715116 1.2607433170423565 1.2613126839533297 1.2632532417850757 1.269020057934615 1.2789963708933236 1.267713795799877 65.22 1e-07 0.001 256 resnet18
0.2832223416884631 1.2753336749028508 1.2553592809844276 1.2553128868846988 1.2794487139295498 1.2606551032339504 1.2770461276170209 1.2648134668515392 1.274889074840916 1.3346415747650635 1.322403290576326 1.277373060535042 1.3129980321279877 1.3001463599466243 1.3252825833053827 1.2948158054095922 1.310153837871892 1.3107447137715227 1.3247909268913265 1.3242546597182077 1.3085340808642547 60.92 1e-05 0.001 512 resnet18
0.2832223416884631 1.2505116904295752 1.2658023492222892 1.2623070330727086 1.2392283485015096 1.261276890125787 1.2747920489266105 1.2735152076917795 1.2793729292822469 1.3304060727103473 1.2930898374809139 1.2993880424979023 1.295790057641169 1.3016486095066064 1.2777547894703518 1.316921461409344 1.289251258017828 1.324625875715593 1.3203643864514332 1.3076420563937208 1.3040438798061655 60.85 1e-06 0.001 512 resnet18
0.2832223416884631 1.2671388574612485 1.2394646754096903 1.2715237005262088 1.2312967009749898 1.227560009366612 1.3164565200419753 1.3096616208705771 1.2811670319551813 1.373877654322373 1.320401631206962 1.2818125644795473 1.348077644648668 1.351430634087713 1.3861107799760557 1.369875375051289 1.3712481713129732 1.3867007200992083 1.3512472148241577 1.3565582932894518 1.3579515852672301 61.55 1e-07 0.001 512 resnet18
0.2832223416884631 1.2548275148819275 1.281022324030387 1.3084355552420053 1.2583332098774325 1.2285981297950546 1.2418988410572884 1.2519120197374118 1.304431407547489 1.2997107650163093 1.2808700996519011 1.289281515138411 1.322746091303022 1.3400473209066464 1.3488359374087946 1.3355841786710136 1.3379870807447007 1.3440137717254348 1.3477991003129417 1.337446904274813 1.3264873977446552 55.19 1e-05 0.001 1024 resnet18
0.2832223416884631 1.2629395154964365 1.2853580554275439 1.3117203880697104 1.2625794888710884 1.2473908845068444 1.2274078729758102 1.2660654031837248 1.2868547137550674 1.2961652462935824 1.2545204639593635 1.2573655826739303 1.2975495985054541 1.3134680766538795 1.2937468470703848 1.3057249971695941 1.2931146904158484 1.3275062569551408 1.3300586362177467 1.321070607955643 1.3161715831739413 55.17 1e-06 0.001 1024 resnet18
0.2832223416884631 1.2659838829434342 1.2971257052561618 1.3030050207388297 1.2756194414561337 1.2524624786427703 1.2366310099395699 1.253012548178493 1.3222673264500275 1.3149131395181026 1.273968399579334 1.2666875791175327 1.3057670013550962 1.3073145902052665 1.3358191565572781 1.2927932027225648 1.3190046825987158 1.3295061770887708 1.3307935379232785 1.3273791651431301 1.3316487581762488 55.24 1e-07 0.001 1024 resnet18
0.23317075933134832 1.181504696736689 1.0995246368950693 1.1735423361096986 1.114695477899889 1.130806358753953 1.1159817515799764 1.1234003488128206 1.1329376274697514 1.0966935869372758 1.1037752707601423 1.1057921884211295 1.0888687132705355 1.0933265702845234 1.0934259310075145 1.1011017771431677 1.1065163629924275 1.0921282677459 1.101653888828942 1.1044464197381765 1.1006890625830434 72.21 1e-05 0.1 256 resnet18
0.23317075933134832 1.1453890706143517 1.1570114327240473 1.1653069084446224 1.2307917403188735 1.1738891779935787 1.1783490691647929 1.1648556492177549 1.168824785054435 1.1850025026923448 1.187934989989419 1.1826712081302195 1.1658487470769467 1.175211500655208 1.1804019326319157 1.1688869841334373 1.1680184227791144 1.1620903265840878 1.1601473088379668 1.1689489237385715 1.1686386785968956 72.21 1e-06 0.1 256 resnet18
0.23317075933134832 1.161582001667052 1.1443290593609818 1.1949541174101983 1.1897849571909236 1.151960706138749 1.1556760867578468 1.1470911621439837 1.1360236473025886 1.1393167294012547 1.1057380901866198 1.141789667298806 1.1324189970053211 1.141249358115994 1.1424703697628515 1.140284491496234 1.1368135339046335 1.1372752379716644 1.1275247567281028 1.1336557805962297 1.1410529741185345 72.52 1e-07 0.1 256 resnet18
0.23317075933134832 1.1980760060821742 1.152128196709308 1.1676414255419685 1.1022970314403822 1.1152486181484804 1.151757260454943 1.135894657807637 1.1255708821204793 1.113032949271506 1.1338140940290382 1.1259248482775441 1.1276903568565622 1.123095742993878 1.1351735809686796 1.129038836357217 1.1219045278602167 1.1224200054505926 1.127602068418485 1.1251942536858222 1.1229391073713073 72.86 1e-05 0.1 512 resnet18
0.23317075933134832 1.187945882765868 1.1268561910433343 1.174576974583178 1.1780161060274719 1.1587610395870342 1.1594003627714946 1.1922272922417496 1.1668849388067484 1.155611381984591 1.1641370733362653 1.1447175288016518 1.1596913755380112 1.1686541196542501 1.1753970610354951 1.161544061014248 1.1653514839342927 1.167665547215747 1.164311844517861 1.1701020234502395 1.16111227786115 72.68 1e-06 0.1 512 resnet18
0.23317075933134832 1.1609166780232274 1.1256608598768478 1.1900576826815585 1.133312351745892 1.1540792065088354 1.1669377555543057 1.1572174509980337 1.1748303224598349 1.1611598081571786 1.1450894919134533 1.1419380630747318 1.1477250033059256 1.1464032200138936 1.1472029165509832 1.1494511582659586 1.1546795720116902 1.151170375994238 1.1469112266507837 1.1513914001990746 1.1469502852530833 72.68 1e-07 0.1 512 resnet18
0.23317075933134832 1.1679396373033375 1.1450074628288969 1.1495090160922148 1.1649367299374191 1.2048358719805883 1.1886077489984739 1.170339453922087 1.1582443974291299 1.146641492564877 1.1430359383895954 1.1603216900484234 1.1429115205953477 1.1609609360473632 1.1531488591705263 1.1547248470260698 1.1520224331805897 1.153947389855472 1.1524938102667839 1.1503237303537817 1.1507190060737187 71.83 1e-05 0.1 1024 resnet18
0.23317075933134832 1.1775391289263581 1.169054749689503 1.1762883648603097 1.1701093092768635 1.1515476656758978 1.134825963473223 1.1743858948378405 1.1469727986574252 1.153428465837979 1.144354766006435 1.142394116315872 1.1525566783502488 1.1535766237471137 1.1617838513956742 1.1612735372781036 1.1492842704844477 1.1533852432723257 1.1550576347303578 1.1467327153539792 1.1506114999179646 72.35 1e-06 0.1 1024 resnet18
0.23317075933134832 1.1662883300697306 1.1151717555477516 1.1812026660886956 1.1706315623069086 1.1671030230385293 1.1831586907398721 1.14430215583055 1.142601797850997 1.150156710901176 1.1468429233883959 1.1376267043740453 1.1375479306031044 1.1401469668462165 1.1350441101646114 1.1396102979812395 1.1404370254255205 1.1436257219175265 1.1449545409030406 1.1392407892146585 1.1369164292586682 72.18 1e-07 0.1 1024 resnet18
0.23317075933134832 1.1828275139545246 1.155655447269847 1.1705728069162527 1.1631399791381414 1.1870508416764942 1.1550589780728004 1.1532493993091575 1.165363496427167 1.1517801223103994 1.1716380547043752 1.1533716920061035 1.1729498119305724 1.163930562487167 1.1609181244105913 1.1647253591044235 1.1754195442718742 1.1642369010031641 1.1602072658820335 1.1673516971758298 1.164133573255946 72.74 1e-05 0.01 256 resnet18
0.23317075933134832 1.1236251270817414 1.1430174756799012 1.1693090784607216 1.137451478967706 1.1434645465672348 1.146524561069063 1.134053181138689 1.1371582829031637 1.1205874746050164 1.1283041178324016 1.141701890683954 1.140648908432855 1.127704303183652 1.1491892542124016 1.1277982615969977 1.1163850723720012 1.1178775716755944 1.13097449046625 1.122908667343531 1.1179878914494144 72.22 1e-06 0.01 256 resnet18
0.23317075933134832 1.1991337041752577 1.1251311837626914 1.1320206917328022 1.2107406320477867 1.149455460185518 1.1026914707798539 1.127734722811339 1.1447824834348086 1.1424310139549505 1.1169111027307326 1.110526933743995 1.1335329314588576 1.125799633440022 1.116892567503231 1.1187333376772395 1.1255357723108892 1.1220971637077413 1.122627101711783 1.1080523786494176 1.1212227407686817 72.4 1e-07 0.01 256 resnet18
0.23317075933134832 1.1997477954431388 1.1308954426154119 1.1502063699439649 1.1647828298520817 1.1928400368650398 1.1904005199821537 1.1708964575188967 1.1647907899088195 1.1402329265761666 1.156853006997853 1.1569592834299245 1.1480730371268482 1.1553754850704383 1.1506607601554506 1.1465205721591383 1.1434562542238478 1.1448422389222472 1.1472252708618507 1.1522759697989582 1.1565383457283946 71.05 1e-05 0.01 512 resnet18
0.23317075933134832 1.2248367527924102 1.1198751372258462 1.1785888031072227 1.1598788853136373 1.2188946878569917 1.1618714224529285 1.1688241944694904 1.1648000589481806 1.1821846537288516 1.179283078425113 1.195493381950998 1.1936199259392244 1.2031824290221595 1.1829231156668887 1.1905636043116277 1.181209598248514 1.1842653378206827 1.1870002228064327 1.1864168253352683 1.1887399752971721 70.68 1e-06 0.01 512 resnet18
0.23317075933134832 1.1650049426919407 1.156769641875497 1.1816631802990891 1.1973099848017545 1.172923311696981 1.1738156953257657 1.1368119383384294 1.1799291899932984 1.1551189460203215 1.1591515621738773 1.1501863227950873 1.1342427865542444 1.1490509689657626 1.1428844809000658 1.151108495237358 1.1538219432981562 1.1498922957287796 1.1432473631809963 1.1422178354788661 1.1508705283851897 71.62 1e-07 0.01 512 resnet18
0.23317075933134832 1.2619489277787017 1.2442867200453096 1.1857712129818831 1.1858160920291234 1.2697656909608646 1.2343307828813366 1.220531824827119 1.2668996169089366 1.2359601679862318 1.2059440355211941 1.2304691827272143 1.209842597809546 1.217959937941682 1.22929198480755 1.228182938729939 1.2375181682071505 1.2277862987766903 1.2279217699695018 1.2275255238825715 1.238811287897001 68.63 1e-05 0.01 1024 resnet18
0.23317075933134832 1.3286279026629129 1.2097834740538203 1.1780157565647118 1.2317416159263308 1.2137114723165654 1.211904963417503 1.1985119868281795 1.1894255214256102 1.2107514196053204 1.211542341460188 1.1950097147667333 1.18112163852884 1.1960600909846262 1.1851569950865022 1.1944034746159111 1.2038896679615256 1.2140904605271121 1.2096284541476734 1.1995470759091642 1.1979933333812887 68.61 1e-06 0.01 1024 resnet18
0.23317075933134832 1.2045355271694935 1.190541986257667 1.1849372642590017 1.2221217531382564 1.2430055025699027 1.2075795099388975 1.2011284647067209 1.2447157103796633 1.2146577793438063 1.2160607064552533 1.205106477594529 1.2006632417328533 1.2105142605541948 1.2014691758574276 1.2134595442476281 1.2055586351473213 1.2081628036972936 1.2137042924237482 1.2141156350889073 1.2149752495907349 68.47 1e-07 0.01 1024 resnet18
0.23317075933134832 1.199159479456439 1.1972116978026581 1.2166212171714406 1.2072889059453988 1.211864905166841 1.2132742524307651 1.2129136629903217 1.2673857037097551 1.2431606598435994 1.2564529214382403 1.2728383323699592 1.258098123428153 1.2760178833342322 1.2589185440539368 1.2736603826536848 1.27978142487832 1.2933154733825196 1.2793815976039595 1.2735026703125867 1.287758906596805 65.35 1e-05 0.001 256 resnet18
0.23317075933134832 1.229737337555 1.2977263973490993 1.222170650498087 1.2158220996514273 1.2445961848497624 1.2446587631084243 1.242489283650808 1.2949108488705823 1.2707964567681447 1.3172006363336473 1.2900618951038751 1.3210057366621364 1.3104815771258607 1.3174942506793448 1.279846409629272 1.268816040207591 1.3058753643950645 1.321716678531269 1.3148200415224685 1.3139432886826083 65.0 1e-06 0.001 256 resnet18
0.23317075933134832 1.2249467472606546 1.2645754724247997 1.1949951463773114 1.2291802346052547 1.2357353858424647 1.266963041846343 1.226135952758803 1.25997239884378 1.2395728974426121 1.2804989172784584 1.2519669229776293 1.275547500941603 1.268151321555977 1.2708046403950015 1.2656473063852764 1.255257621210129 1.2388148198726414 1.2625403563154731 1.2572614874197683 1.2651009170669294 64.88 1e-07 0.001 256 resnet18
0.23317075933134832 1.3643390848854056 1.3070214693170596 1.3075327953087057 1.2675398623100096 1.2189769090320395 1.2556224440509727 1.238824386967327 1.2863603477571834 1.240241303858638 1.2745883472751949 1.2646136352904391 1.2868495122645236 1.307800647778524 1.2852942947212085 1.3068551240761286 1.3316514866598044 1.3189278213398297 1.3190420109489824 1.3176913492024978 1.3286261986296417 60.36 1e-05 0.001 512 resnet18
0.23317075933134832 1.3733549717354816 1.279883257294069 1.2819425885585332 1.2542477129648681 1.2010631085867933 1.269123028756105 1.2880540207698423 1.283830989840574 1.1886383471161175 1.257874657358852 1.267769305287257 1.2803865245083503 1.254616316419948 1.2839138692783973 1.281146203005205 1.273669551766013 1.2702782473561216 1.2440917527630349 1.2515704471870628 1.260594329072446 60.14 1e-06 0.001 512 resnet18
0.23317075933134832 1.345625682170664 1.2823682627493813 1.2713573268675207 1.2517575555830345 1.233040499505821 1.249001765584366 1.2307382920123013 1.2889588973178245 1.2277937394153513 1.2748700276438298 1.2640910854128204 1.2647111808017097 1.2684005949232589 1.2936623500475937 1.2998507070732512 1.3278894759869282 1.324219521596855 1.3090909069182501 1.3057180392354764 1.3007386852778122 60.07 1e-07 0.001 512 resnet18
0.23317075933134832 1.3041004218700627 1.3895373161715747 1.2985020451479665 1.3005863075898703 1.288200861366901 1.3074069470687217 1.2972395963267984 1.2987500602211028 1.2937867394474143 1.2760521889899095 1.2758809368668955 1.3115080396191936 1.2667382250271693 1.2945236373054418 1.2638342232585191 1.285948057007298 1.281285983953229 1.2722105140949624 1.2749415270799112 1.2767274005146254 53.61 1e-05 0.001 1024 resnet18
0.23317075933134832 1.3009037545506803 1.3999751307483108 1.3171163113101927 1.2966456524849095 1.3162545760097486 1.3168935385985214 1.2913663192022973 1.32019361831174 1.270939750561056 1.261018898560997 1.2998085137163553 1.3054032983963575 1.2639404005621235 1.2968334425280417 1.263347375010259 1.2738879129028202 1.2591506162616957 1.2738702626487146 1.264536187671705 1.2658550023957766 53.82 1e-06 0.001 1024 resnet18
0.23317075933134832 1.3129020314599456 1.4104755207407655 1.3289595345315361 1.2987239864042686 1.3191006879463933 1.3342744311005483 1.307091655249777 1.3244542241355484 1.2854864925752205 1.2393943238781728 1.3114972378217045 1.2991654917584343 1.3010974371037343 1.2856438560247212 1.2917290827411239 1.2882331548090844 1.2813702621154184 1.2876206183868455 1.2888281876744554 1.2885754781199312 53.39 1e-07 0.001 1024 resnet18
0.7660624887143661 1.163327694942126 1.1634652552691098 1.1692370605991274 1.1828673426273162 1.1592607077205255 1.1466420793811423 1.1799365129558317 1.1375851173223637 1.1604146717303578 1.1470568199238234 1.1513773813489883 1.154362795956389 1.159684985668295 1.1570355247388573 1.1511815877036526 1.1555718869140792 1.162738748616641 1.1385950825756688 1.150047704238648 1.14745068824558 72.88 1e-05 0.1 256 resnet18
0.7660624887143661 1.1534598343292963 1.1276382029365761 1.1792634804408206 1.1491408090535784 1.1553219523708333 1.1432754779049334 1.134214928702673 1.1427101254105094 1.1176603110836854 1.1341748679887809 1.117835569277129 1.1348375780691142 1.1456163328952744 1.1385728265297077 1.1290035595874572 1.1284883868205653 1.1225128581369421 1.1334553059666468 1.1242891858244652 1.1279736712104032 72.16 1e-06 0.1 256 resnet18
0.7660624887143661 1.177561448556478 1.174253209917827 1.0931033517776734 1.1440215942533036 1.1354570847553047 1.1604527709967296 1.164850807212463 1.1720969612351302 1.173914983765017 1.176635352920239 1.1793982321082057 1.1732206628749209 1.182079002691629 1.1748065177173868 1.175607896695241 1.179250296275947 1.1730613919514872 1.175028413227873 1.1715660213960166 1.1649414576216872 71.95 1e-07 0.1 256 resnet18
0.7660624887143661 1.1627465458493225 1.106779669005744 1.168105640129298 1.1213083910132513 1.1099267099212213 1.1086114124935358 1.1078401483699452 1.0975768288755199 1.1197488460883107 1.1109014672924975 1.1018522172611953 1.1137992182545924 1.109996235703622 1.1098116737106076 1.1034114361231684 1.1042236611481746 1.1046321443567968 1.1013769356118075 1.1080165582809625 1.099319284617234 72.04 1e-05 0.1 512 resnet18
0.7660624887143661 1.0945183944183359 1.1192370608128224 1.098990783986421 1.1397512156465068 1.1351584111107993 1.1561647544339955 1.1585700933146117 1.1590775746639956 1.1652579948785415 1.1487253370634907 1.1519024663993989 1.1577869534670022 1.1503397684172627 1.1579790789182032 1.160863509453355 1.1598266032503828 1.1601347404013722 1.1567289655373683 1.1597128058071544 1.1597146991212322 72.43 1e-06 0.1 512 resnet18
0.7660624887143661 1.1278064214528802 1.1349669467069712 1.1520456591820996 1.1351750477754987 1.0961079879178712 1.1422498413334248 1.1423065136126753 1.1386987797447043 1.1330017984642913 1.1332118724985374 1.1376680592967687 1.134673586199003 1.1330317118000663 1.144274733612975 1.1303009025696453 1.1305230709202687 1.1376110866003737 1.133720200598973 1.1372419733061117 1.128717247423457 72.65 1e-07 0.1 512 resnet18
0.7660624887143661 1.1854038324303102 1.1701249515260153 1.1698780591245133 1.1530286077695253 1.1836516641851773 1.1394572522994453 1.1352676345656527 1.1438964433989747 1.1363031968917172 1.1374416580650397 1.1349221169212855 1.1263548974281812 1.1299706980227544 1.1299482811987722 1.1271638269050244 1.126297079970887 1.126018924147519 1.1258019854595331 1.1247485053129047 1.126584943795092 72.35 1e-05 0.1 1024 resnet18
0.7660624887143661 1.1505441387945625 1.1343542129842568 1.1579505821705265 1.1328977012944814 1.105971016600779 1.1100861172445227 1.1252684782328186 1.1402057145062132 1.1380484107730602 1.14599274814423 1.136438866954001 1.1236810034524525 1.133305938244882 1.1404661183979006 1.1328940981921596 1.1338129817059968 1.1272006660021838 1.1357227970313977 1.1286198210428926 1.1228931359328898 72.3 1e-06 0.1 1024 resnet18
0.7660624887143661 1.1620344644129899 1.1383046413477615 1.1414930171537798 1.1724928379465742 1.1635769902258217 1.1152023119133474 1.1361887319186683 1.160807184972518 1.1520367530681486 1.1410209111533804 1.1282628630638596 1.1308097577528518 1.1341754170036404 1.1403394013181178 1.1456776825806512 1.1312948641743374 1.1430028827321315 1.1436193023100316 1.1367840145128225 1.1456055795192015 72.17 1e-07 0.1 1024 resnet18
0.7660624887143661 1.1791357315730202 1.1355848471326722 1.1609070423219237 1.1626763783422573 1.1631477023710166 1.123957885725436 1.147942768847944 1.144120823272467 1.1160526673792694 1.129458572220587 1.1176302545454282 1.1249980885017647 1.1322632811221036 1.1369779890484981 1.1445074426873874 1.1288189027603968 1.1342826047041215 1.1365809906543431 1.1324982898169365 1.1383194989551189 72.63 1e-05 0.01 256 resnet18
0.7660624887143661 1.1541696220825042 1.1363055318419777 1.1826533671902304 1.1344839201856254 1.1773136273102431 1.1199844691179066 1.1162426309106697 1.1307231669687017 1.129663432202409 1.1245646386106327 1.1332270305240202 1.1214300846050893 1.124251631997764 1.1361928761003732 1.1353980201335476 1.1323517615717906 1.1214655948314312 1.1254015486792717 1.1282315331022175 1.12420261865319 72.65 1e-06 0.01 256 resnet18
0.7660624887143661 1.1672866734659535 1.1248770055583113 1.1782611802454084 1.1864770888202405 1.154775401899249 1.154392346888237 1.135287663271753 1.142144120067793 1.1545399417093902 1.149132848462159 1.1668204108258606 1.1498049408041549 1.157534336323814 1.1538849447297483 1.1531880188126409 1.1776609537512945 1.1649694198848175 1.1657007000061186 1.1674595495337128 1.1625521422641953 72.56 1e-07 0.01 256 resnet18
0.7660624887143661 1.1531223317311834 1.151398453516346 1.14161590817493 1.232476091354455 1.1862451284800433 1.1834922117623954 1.17118169149837 1.1551807007832928 1.1700074000913743 1.1364915921583474 1.1530646019514794 1.1509373867228518 1.170539185487786 1.1688570427035663 1.1590479796639475 1.1659180193047887 1.176962296347473 1.1678256182815991 1.1783084711719096 1.1621053481835693 70.24 1e-05 0.01 512 resnet18
0.7660624887143661 1.1939331714789823 1.1717299479491123 1.201805657758883 1.2356819974628843 1.1682438536476238 1.1850692858152336 1.1735280171633604 1.1527454656418603 1.1542151771727278 1.1748571397918466 1.167737246456228 1.183346037428772 1.168806646029319 1.1715910258595734 1.182246711399454 1.1704707374871832 1.1790927317645552 1.1819124425521426 1.181786677179393 1.1728029548335424 71.26 1e-06 0.01 512 resnet18
0.7660624887143661 1.2205689913587328 1.1681566072365108 1.176034856622075 1.214511422395813 1.1512708963657579 1.1428483678880788 1.1453545796282194 1.1581920715452783 1.1661558735761397 1.1744251925936768 1.1461602846456036 1.147933987506008 1.1408180024634083 1.1455538125366393 1.152138535631373 1.143376301324775 1.1400454927229462 1.1415846631953424 1.1414559715349388 1.151372420363983 70.97 1e-07 0.01 512 resnet18
0.7660624887143661 1.1993437891495646 1.230211652528352 1.1811883912726386 1.1866419290930166 1.1542922662039627 1.163644386331312 1.241084208142572 1.2313760914854128 1.1855789050783332 1.1935985678883023 1.1937529575832777 1.204698870915785 1.2172428116929808 1.2035595683787101 1.1996454078896495 1.1829844443420001 1.192151639809533 1.1909451814833742 1.196528019773354 1.2016149657161228 69.14 1e-05 0.01 1024 resnet18
0.7660624887143661 1.1924824095301536 1.186154453151639 1.2221452785898443 1.2058909208531783 1.1778379412027054 1.1704501282223094 1.218231626014139 1.1819075736536149 1.1846804989504656 1.1968605356998507 1.1876015288940445 1.1858555062194935 1.1995486927657384 1.2042543588696182 1.1853354575415604 1.1894194035368426 1.1899159582637107 1.1882863886834676 1.1989624198508329 1.181279751013342 68.79 1e-06 0.01 1024 resnet18
0.7660624887143661 1.2506547802387686 1.1978927222502536 1.1709924171814459 1.2122209190741153 1.154976705938126 1.212662948931772 1.2238596713488432 1.1671170397317385 1.1528772297593728 1.1952904440599186 1.1738460736839806 1.1916055552060554 1.1839069300129652 1.1812379307750722 1.1756214994289842 1.1845730494780282 1.182006384982805 1.1815019797767023 1.1816761956587687 1.180024899162882 69.17 1e-07 0.01 1024 resnet18
0.7660624887143661 1.2784532578589376 1.2311643834835015 1.2680506640649518 1.2412546859306282 1.2526254376238009 1.2330318527668773 1.2809615516139292 1.2641765539941914 1.2687428374486551 1.291685103519034 1.263604815538537 1.2975310624427556 1.2990642730892465 1.2788916860540416 1.2980509074332371 1.2903092600979122 1.2976254206176008 1.2945236170959535 1.305863161259758 1.2864334110872653 64.87 1e-05 0.001 256 resnet18
0.7660624887143661 1.2735089882685966 1.273861342747722 1.254779953850474 1.23263722065661 1.269949892410924 1.219769653733841 1.2987930078612855 1.2754786471363502 1.2425659385051202 1.238964184918643 1.2802809605227763 1.3110977767239245 1.26320077267357 1.2804565155403733 1.3018097321716635 1.292728373778122 1.275453214395765 1.2645841347501503 1.2856911922550653 1.2858583044101841 65.2 1e-06 0.001 256 resnet18
0.7660624887143661 1.276822445702698 1.2807447881827474 1.2457741874602914 1.2375844371631162 1.2368247684753435 1.2804660555945313 1.2611276601981054 1.20583252509577 1.2382434633373018 1.2738088862024766 1.270293611178256 1.2709373043420422 1.2559154082648225 1.2622219421870486 1.2553335081180967 1.2541701838447645 1.2542767365596914 1.2580323779363014 1.2523656002553394 1.252667991473599 65.12 1e-07 0.001 256 resnet18
0.7660624887143661 1.3615459739405202 1.276459932066227 1.2729188003980065 1.3079094347491573 1.3051180957855937 1.3051091532171415 1.271379844742672 1.290168810440822 1.3121854379315963 1.332836452523903 1.3129049317004005 1.3320112442857104 1.3443465927991014 1.3400229052721166 1.3629882065366505 1.370834342142012 1.3827709219651403 1.3614126358796022 1.38056301877339 1.380496371648324 59.77 1e-05 0.001 512 resnet18
0.7660624887143661 1.359806345629429 1.2859645051226434 1.2787356773408296 1.2797162999156466 1.2920434886504042 1.2619592846561263 1.24370833411562 1.3011326696024132 1.2764724955132367 1.3152258178799507 1.3170216690150531 1.3053645955852304 1.3338459021971287 1.331445723506988 1.3589107896026527 1.3451686575556152 1.3434490637366696 1.3376136337292885 1.347455602100353 1.347448000521431 60.07 1e-06 0.001 512 resnet18
0.7660624887143661 1.3694778379780224 1.2689579621610658 1.3120693012813012 1.3136878187257874 1.2822927332150653 1.2910165388633903 1.2730202048291768 1.279140148780447 1.3098207675950766 1.2584927228881406 1.3651266525711159 1.3102931246306235 1.350805966982859 1.322770092371239 1.3746975180697916 1.3668933253338296 1.3562711034355337 1.3553418260736387 1.353078159694249 1.3534718436270352 60.01 1e-07 0.001 512 resnet18
0.7660624887143661 1.2462067387299784 1.3376565161731633 1.3712406818705936 1.3585251653714776 1.293304780385585 1.324724265417035 1.3440116201734051 1.2962638078146558 1.3258964398648354 1.3002091249514676 1.3153641182614808 1.3497835441123625 1.3044971589272378 1.3342825057158878 1.3193610078777454 1.342839505646825 1.3651975263794045 1.3483919603675956 1.3502646066353898 1.3563658073975986 54.08 1e-05 0.001 1024 resnet18
0.7660624887143661 1.2588808272063208 1.3525378828833778 1.3541973301033996 1.3508187131213751 1.2894737994806635 1.306957060241882 1.369092464956553 1.3236390562179252 1.2879920135093699 1.3610380969933318 1.3212328425778472 1.3278063391762427 1.3082202701671404 1.334930706638404 1.3349496032225323 1.348724856376091 1.3704212544256538 1.3543642943115495 1.3642670055650457 1.3777533190807707 53.92 1e-06 0.001 1024 resnet18
0.7660624887143661 1.2629166240372174 1.359264589784063 1.3647841914887298 1.3168780272373235 1.2874542600178756 1.315626408264312 1.3395606887874323 1.3246060684430716 1.3123329208011307 1.3054820974903043 1.3255200963635196 1.3121446878055183 1.310269032783522 1.295333448572015 1.3031115810043026 1.3335633656976378 1.3427753491612548 1.3595409177121451 1.346835214335768 1.3530978391814892 53.87 1e-07 0.001 1024 resnet18
