0.0 0.0 0.4368042798954108 0.8107230686407185 0.8211291237583533 0.8068546579833195 0.7810276718877374 0.7958347697034691 0.790075336841046 0.7930426432520028 0.8132723708396915 0.8207876708830963 0.7723265942998266 0.7956796598882103 0.7734244609871027 0.7963153747611164 0.7904786018855089 0.7908396981808425 0.7841585011802762 0.782668310712733 0.7857750114757752 94.84480639213275 1e-06 0.1 512 VGG19
0.0 0.014994140307180681 0.01733679617811952 0.004713934868100942 0.0 0.0 0.0025363894692169136 0.012320474518553705 0.46891912606976305 0.9694997575007467 0.8490335545497912 0.858641751812477 0.7949346061397077 0.8036884344009972 0.8027867435867105 0.8279041947921069 0.8388944458996916 0.8236666370974912 0.837132580355065 0.8363788339681715 0.8327448024908338 93.98432698217579 1e-07 0.1 1024 VGG19
0.0 0.7717233145571359 0.8100995499999367 0.765918098657091 0.7761901453550125 0.7849476660917278 0.8049717956958768 0.8140266882960625 0.7837233533079139 0.7981742164905731 0.7974951754802487 0.7658845942683895 0.7783661240504007 0.8081885004845312 0.8011761565812896 0.7876289180118573 0.7936910016351989 0.7877543239818633 0.7960086183695697 0.7959332374827993 0.7929543437542647 95.27120467117393 1e-05 0.01 1024 VGG19
0.0 0.010767764148454054 0.0 0.0 0.0025451677770071996 0.0 0.0029086470672386065 0.001517144790378862 0.02089743564926627 0.21504158508718493 0.8872301333551055 0.8120688069190366 0.7815287628982196 0.7794703970134743 0.7804376190433451 0.7825360024000152 0.7999535303136928 0.7961722253829501 0.8127098813950805 0.7936658632476374 0.7995943076403976 94.16871542716656 1e-05 0.1 512 VGG19
0.0 0.7513621160791909 0.8000940326050194 0.7886955850458193 0.8186247571769207 0.8051214230816603 0.7910852178498162 0.8134803601516712 0.7910032181689364 0.7818509084711834 0.7801706609642419 0.7962567719003758 0.7864871989329622 0.7768610740511721 0.7863198528655835 0.7792356448500091 0.7920997002327428 0.7806987899029982 0.7846962182649704 0.788880175290823 0.7844880564770332 95.34035033804548 1e-06 0.01 1024 VGG19
0.0 0.026533393033954664 0.006065680978792409 0.008569914299429406 0.003669249912727096 0.00260707631177733 0.007853493370417467 0.004876466933974877 0.0003147906594716675 0.006158973758448063 0.6110236168782903 0.8059323674733784 0.8581769801955512 0.8396661447854163 0.7881061459948672 0.8121115071208466 0.8018691887141931 0.8137070317492494 0.8123478198464588 0.8197318832126499 0.8284724076963339 93.14689612784265 1e-06 0.1 1024 VGG19
0.0 0.021292596356182972 0.004139371303902237 0.007979996175112702 0.0 0.024196452338465457 0.0044918718350299034 0.003646966763506505 0.0 0.0 0.0 0.0 0.0 0.0 0.0 0.0 0.0 0.0 0.0 0.0 0.0 19.587430854333128 1e-05 0.1 1024 VGG19
0.0 0.8042247285659276 0.7882109913534042 0.8235411055246835 0.8043223878786773 0.8168410315941718 0.7834606483410839 0.7955646150566962 0.8283211939247507 0.7702025955212827 0.8116016459231303 0.7949710897627537 0.8084996189892347 0.7888784762397831 0.8020505630045665 0.7858286339235415 0.7905741738899285 0.7974730226385861 0.7880155728878965 0.7895563671178205 0.793609427895642 95.52473878303627 1e-05 0.01 512 VGG19
0.0 0.7528895999981629 0.78531367343347 0.7705182450779638 0.7733961190373769 0.7952677171024366 0.7965628342511857 0.7789365623879105 0.8074474054105181 0.7677148392978702 0.7650994380269143 0.7858421769510445 0.7734942564278454 0.7708213345722652 0.7658672330070473 0.7741961690070462 0.7729711423135093 0.7652963405348119 0.7681482271064559 0.7729735483140517 0.7759712804800267 95.5439459127228 1e-07 0.01 512 VGG19
0.0 0.0 0.0 0.0 0.0 0.0 0.0 0.0 0.0 0.0 0.692286120756252 0.8136759308967693 0.8010056127391022 0.86484733371324 0.8366784470550607 0.8407263653676508 0.8220938751395441 0.8419682417858886 0.8352223488683624 0.8523875744428697 0.8409219736910073 94.79870928088506 1e-07 0.1 256 VGG19
0.0 0.7619058436493802 0.8006113481421305 0.79752172213954 0.7707408346866977 0.760817147053103 0.7619841172730554 0.7923424523911627 0.7558080639492755 0.7761029643975086 0.8086343680748526 0.759232682905678 0.7724430008316564 0.757711205985473 0.7655774854541528 0.7745586953613295 0.7731633510002435 0.7775356844985937 0.776979991572923 0.7786030116059246 0.7774434707339347 95.12907191149354 1e-07 0.01 1024 VGG19
0.0 0.0 0.7324699042390093 0.8353551583895557 0.805986372420447 0.7762341950619774 0.7482933009830387 0.7714387504203664 0.8020122983697711 0.8062203755298646 0.7622288705213753 0.7897502602413463 0.7734667717681145 0.7746385898355254 0.7921980776707587 0.7870135879094333 0.7721977702510479 0.7609997767612637 0.7628083819397229 0.7646661693051061 0.7627402308708016 95.35571604179471 1e-05 0.1 256 VGG19
0.0 0.0 0.0 0.0 0.0 0.0 0.0 0.0 0.0 0.0 0.0 0.0 0.0 0.0 0.0 0.0 0.0 0.0 0.0 0.0 0.0 19.587430854333128 1e-06 0.1 256 VGG19
0.0 0.0 0.5230787794504852 0.8494414862838154 0.8043007629538235 0.8171981660522458 0.7901002773957818 0.808175805345021 0.8058234807732555 0.7947600798940792 0.8222530924085558 0.8067027458075434 0.794109054412164 0.7946608262095638 0.8164130598236978 0.7884135372562432 0.8239224525378444 0.8105063939509889 0.8112133286632479 0.8104020850503456 0.8219951811618609 94.5759065765212 1e-07 0.1 512 VGG19
0.0 0.7996020474493994 0.8117561186155224 0.8479557041661365 0.7938228892542891 0.8181392533870739 0.7914390258492459 0.8252129396904063 0.8016272614888114 0.8350982774545419 0.8050449609978199 0.7980156738209461 0.8377532747713755 0.837088597538632 0.8377731006382017 0.819779653813908 0.8183217096475565 0.8104714830181046 0.8155009263089409 0.8176527196095223 0.8179665378514387 93.39658881376766 1e-05 0.001 1024 VGG19
0.0 0.7770036173715645 0.7884790608324049 0.7937948088256526 0.8099767378763272 0.7959108071033938 0.7913037238574965 0.8095204227034913 0.7819503937658364 0.7979522591669168 0.7649222248456244 0.7730479296143851 0.7588795364965475 0.7843467584024549 0.7774870445122342 0.7684012910941586 0.7674145231802647 0.7795923318464189 0.7830473889937488 0.7850972070531236 0.7798128576296093 95.53242163491088 1e-07 0.01 256 VGG19
0.0 0.7606336019780191 0.8020829218796005 0.8176000841898428 0.8259643424489584 0.801356582433777 0.8032962970880024 0.8158364491659907 0.8359847726894194 0.8335100203117267 0.8459066149017253 0.837328724584741 0.863903360188706 0.8545475773377459 0.8282429838292981 0.8341871474430588 0.8352288421596383 0.8355453093327373 0.8458704969921772 0.8452369186156303 0.8490470045833203 93.5041487400123 1e-07 0.001 1024 VGG19
0.0 0.7910917262086151 0.8258645999899069 0.8085947888482429 0.8095517813509032 0.8206062041275568 0.8117667810387483 0.8344586867404108 0.8245067831587315 0.8323865664443142 0.8126502023779638 0.8302510934078569 0.8116681731970161 0.8016495808388571 0.8185421138349773 0.8314331003664418 0.8142497713434969 0.8176426810784966 0.8242440559893532 0.8195624396187767 0.824144902945267 94.13414259373079 1e-05 0.001 512 VGG19
0.0 0.7686585478047507 0.8228953402676623 0.7922414723447114 0.7980232482257916 0.7959486401117686 0.7820513575077516 0.8279787234618532 0.8074837409498915 0.8220467799574179 0.7894780818033442 0.8188956991264391 0.8244333691107157 0.817421140381952 0.8035970790999231 0.8119924707166972 0.814493035412161 0.8226467065080207 0.8184913523344534 0.8163508055368885 0.8178819866503184 93.24677320221267 1e-06 0.001 1024 VGG19
0.0 0.8163569851140673 0.8189666176612508 0.7922624540333277 0.7960528001659349 0.8484776214353955 0.8102820049804856 0.8018540053407425 0.8280235073218328 0.7956548447349887 0.8279697730908255 0.8311218537672407 0.8229698133780962 0.8130012722657044 0.8382777487974827 0.8266309796775421 0.8302093128198998 0.8251387274380971 0.8285929117973498 0.8338042975851759 0.8320987795615994 94.39535955746773 1e-07 0.001 512 VGG19
0.0 0.7810845736552975 0.7651227498364466 0.7553042546852379 0.7769265931249304 0.8104917963896012 0.7922211760599128 0.7792867095709276 0.7934045919000944 0.8134562845928727 0.7950605053548908 0.785717405214818 0.8123719960534502 0.7890658253684149 0.7972930349296463 0.7834579097083388 0.7875349601142865 0.7893562992561304 0.7860515433786656 0.7961016638222254 0.7915673492496201 94.82944068838353 1e-05 0.001 256 VGG19
0.0 0.7903939794209017 0.8305564899751637 0.7860165692696275 0.7776256151594306 0.779069650115135 0.8067167682096006 0.772093671054912 0.778673281819416 0.8067619510543241 0.7613695136999898 0.7959629776726493 0.8065291924392233 0.782105440801189 0.7843140006649808 0.7809209724378373 0.7786961883470497 0.7968575597977474 0.7880306038275441 0.7876925555165978 0.7899408188397614 95.60156730178242 1e-06 0.01 512 VGG19
0.0 0.790060954214656 0.7831559476558937 0.798522592408082 0.7677849939585244 0.7824039927170923 0.8358020747982526 0.8068039930872982 0.8217821668434105 0.8095845905777916 0.7965345898997093 0.8048440155939932 0.7911525971931743 0.7987589971697033 0.7914192140850105 0.8276234352656382 0.8073263702089172 0.803119673589855 0.811973543036366 0.8027106710472541 0.8138895266957037 94.95236631837739 1e-06 0.001 256 VGG19
0.0 0.0 0.0 0.004283338000827987 0.0 0.0005600153435484735 0.00412844552743193 0.0024050910155399823 0.32852654908689854 0.865025781690113 0.7925267116369643 0.8077467058933024 0.7538017980789656 0.7560618457097743 0.7505937126865101 0.7598670217082037 0.7707433158845753 0.7648654956755435 0.7699340032339198 0.7860223913604671 0.790969891580671 94.07652120467118 1e-05 0.1 1024 VGG19
0.0 0.0 0.0061320438423025534 0.013103334852601256 0.8465605005629824 0.7444596376099042 0.811501408068211 0.7589259373719622 0.7661783452513795 0.7863529212367213 0.7726628991243756 0.7690404412273965 0.8010272807847408 0.7806539015568771 0.7767601840203041 0.7850815908346856 0.778466234895016 0.7733137256450097 0.7884268094910047 0.7791245917635385 0.7840151637898713 94.46450522433928 1e-05 0.1 512 VGG19
0.0 0.8274598509421699 0.7869275338359174 0.8216508237067331 0.7914790675705546 0.8128988504550894 0.7927553737133404 0.8050605048592375 0.8180002982334051 0.8401553549052097 0.7986423788558349 0.8081804876368515 0.8045256020245135 0.8123655861352329 0.8202783617317742 0.8141962457612627 0.800574275316359 0.8140644910545939 0.8079737426253487 0.812138644971605 0.8101802224263782 94.89474492931777 1e-07 0.001 256 VGG19
0.0 0.8153457404189366 0.7771364112299081 0.8162183834512914 0.8172427744172569 0.7598070295742173 0.805232893438722 0.816917602709472 0.8002026596218683 0.8262172622242286 0.7639962641931761 0.7847706511770512 0.7901965552598571 0.7854752349089986 0.7900029478373176 0.782969182996068 0.7825970784989508 0.7831845804066216 0.7812083713657023 0.7789939030407106 0.7808795747291646 95.78211432083589 1e-05 0.01 256 VGG19
0.0 0.775211744066318 0.7806646571722737 0.8052661607817823 0.7824877943692359 0.7981943391963295 0.810583626253102 0.7797587635680285 0.7746408726680504 0.7992445414751346 0.7895490945984648 0.7977754771607192 0.7904947880819337 0.7789873257591108 0.7782597653584318 0.7774270442791068 0.778015395085719 0.7740373711298497 0.7780418701182785 0.775763247907227 0.7811748705385767 95.48248309772588 1e-06 0.01 256 VGG19
0.0 0.028959852404092726 0.0 0.0 0.0 0.0 0.0 0.0 0.0 0.0 0.0 0.0 0.0 0.0 0.0 0.0 0.0 0.0 0.0 0.0 0.0 19.587430854333128 1e-06 0.1 512 VGG19
0.0 0.004713934868100942 0.0 0.0 0.838262259532297 0.7715704695016455 0.7535300386311105 0.7619012076629629 0.7417768067812999 0.7567578689606025 0.7627080102815798 0.747530405784955 0.7784471880905929 0.80361231100395 0.7871779598116633 0.782684619180904 0.7974678586432318 0.792499042215042 0.7922801883925821 0.7944627086051653 0.797112507880376 94.63352796558083 1e-07 0.1 1024 VGG19
0.0 0.738516434119638 0.7449822520193241 0.7215921299921694 0.770842812717782 0.7121890347515231 0.7557416299199393 0.7652242450709121 0.745400229735576 0.7386674449972783 0.7399036557078563 0.720139887331315 0.7601763145204679 0.7463378658765284 0.7370933321945303 0.7293408192833715 0.7389589980195906 0.7356439619387309 0.741334357392725 0.7407476498560095 0.7393865626304224 95.18669330055316 1e-07 0.01 1024 VGG19
0.0 0.8226305644184962 0.8192534901409416 0.8040312395367094 0.8093950797170257 0.8140601924996664 0.801079572113019 0.8210210470925889 0.8310173400988181 0.7810635572535937 0.8198002157651679 0.819117268220226 0.8077955462911969 0.7941901932507198 0.7961963597055953 0.7915547255325373 0.7951469506477074 0.7931113814492633 0.7975014214455051 0.7936079963310324 0.7933599436003023 94.39920098340504 1e-06 0.001 512 VGG19
0.0 0.0 0.0 0.0 0.0 0.0 0.0 0.0 0.0 0.0 0.0 0.0 0.0 0.0 0.0 0.0 0.0 0.0 0.0 0.0 0.0 19.587430854333128 1e-07 0.1 256 VGG19
0.0 0.7131205665015027 0.7425465429585644 0.7891334964762146 0.7602575820228218 0.7525063577662965 0.7359538395389431 0.7689503329814598 0.7717204915784153 0.7913991748463283 0.7790505608599341 0.7803254032481169 0.7582716582686637 0.7496095330085596 0.7604455422553318 0.742255210148118 0.7557021037459388 0.7568648985369429 0.7470999447604868 0.7513596891038722 0.7586215585218404 95.21742470805162 1e-06 0.01 1024 VGG19
0.0 0.0 0.0 0.0 0.0 0.0 0.5258325625286208 1.076082148813197 0.8808235288822853 0.7634433733995634 0.7600906989499436 0.8046468220221442 0.8091539774782689 0.8056284866178156 0.7618979220293342 0.7860076902593888 0.7736387683931544 0.7936451258094465 0.7879144613746182 0.798554751989819 0.7972291443212108 94.0381069452981 1e-06 0.1 1024 VGG19
