0.3323559494667531 0.7928904364543601 0.8309899362026988 0.818628920199443 0.8087320310466101 0.8805407507395503 0.8179501069612114 0.7858839013931608 0.7811820818900305 0.7656703102913016 0.7856914400939925 0.8245798072971856 0.8259910527955665 0.8306472602188486 0.8301268259139011 0.8228965515514001 0.8151428425164506 0.813470536282249 0.8189174817853706 0.8143631355141929 0.8092037381721003 86.02 0.0005 0.1 256 resnet18
0.3323559494667531 0.8393555013864598 0.8248883756826721 0.826194988755687 0.7236884879903706 0.8224112326391948 0.7872408107342398 0.747316374252267 0.762160175875882 0.7188198637932939 0.8323789635855533 0.7580597458629542 0.7463382245450955 0.7654109773022982 0.787527406989992 0.7832984731356916 0.8062906724842612 0.8120277466161342 0.7993782026478519 0.7983628267897254 0.7908554650733872 86.26 0.0005 0.09 256 resnet18
0.3323559494667531 0.7948978236401563 0.7908355375401763 0.7402405823453833 0.8256212710101717 0.8217399495584585 0.8068596596616411 0.8068211619509412 0.8030886172011616 0.8264539916859812 0.7681047805633593 0.773774322477828 0.7158500127352626 0.7543520532252497 0.7495070447720508 0.761405523418003 0.7681629523395499 0.7640896817525351 0.7635757116491848 0.7637967400051654 0.7606786459294673 86.75 0.0005 0.08 256 resnet18
0.3323559494667531 0.7897547603299567 0.8076472764137832 0.8200842789531042 0.8027300838853313 0.788539533759826 0.7602854896874623 0.7471651502501503 0.7642752671749764 0.788344989598425 0.7535326257490876 0.7460427123377571 0.7685791030751526 0.7639114284996844 0.7784586424559354 0.759391104947484 0.8051676633672742 0.7904540108108777 0.7891427272016281 0.7967716945668617 0.7783287153025829 87.13 0.0005 0.07 256 resnet18
0.3323559494667531 0.7899649733930498 0.8140998418681404 0.8282858078548321 0.7982306567824782 0.7969404395526347 0.7682628131804983 0.29838666129180014 0.7881904104156942 0.7883747711975887 0.7935963368701211 0.7746400125785651 0.7852689465377216 0.7761589037698435 0.8346232635042533 0.7869161311972144 0.7805048810105336 0.7826082054437058 0.7811222874674268 0.7870274119354167 0.7846209043894651 86.96 0.0005 0.06 256 resnet18
0.3323559494667531 0.7792371438814518 0.808838319545071 0.7735155768019757 0.7831148749485927 0.7902139549978664 0.8333121184914877 0.7925693262559952 0.7836921264898767 0.7735494906677178 0.8054179632044858 0.7417436187926449 0.7539361679203345 0.7702432856133784 0.7701812582372263 0.762441374495961 0.7747033805164846 0.7588124277925794 0.7695347073828194 0.7757717078325409 0.7660749075105905 87.2 0.0005 0.05 256 resnet18
0.3323559494667531 0.8450247975436276 0.82079342915506 0.8000908658652405 0.8049425823298548 0.8072918869363143 0.7785039105522946 0.7887639553688461 0.7801056115340663 0.7557770140343275 0.7549412838176629 0.7614277112772261 0.7730631243514573 0.791002780569392 0.7993565934649616 0.7853136973182074 0.7949066355478834 0.8038017690486394 0.7915575530439776 0.8037708365391203 0.7745974659668063 88.6 0.0005 0.04 256 resnet18
0.3323559494667531 0.7802126357276795 0.7657510309187946 0.7773662131653157 0.7828850054718053 0.7739988416092274 0.7341978909900039 0.7251906559010008 0.7588367787474654 0.73679023506519 0.7552073973051558 0.7538458519711929 0.7527947470272318 0.7552120438925907 0.7538183534759897 0.7541327119667662 0.7622417692490312 0.775928865748552 0.7714109901102585 0.7696378600619447 0.7591488383191515 87.35 0.0005 0.03 256 resnet18
0.3323559494667531 0.8077273139057489 0.8037633129962033 0.8104213550371427 0.8052629868308323 0.7996194436806054 0.8073837628141151 0.8345309436789486 0.7876530358822612 0.7841611553650744 0.7791619918450834 0.7836735590504023 0.7728970097923082 0.7735291487925313 0.7805673329459607 0.7740812577410332 0.7711283976708958 0.779067920751205 0.7880364871064793 0.7768176916992442 0.7749274034620127 86.82 0.0005 0.02 256 resnet18
0.3323559494667531 0.800099771166193 0.7894907094028553 0.7768657653901598 0.7793874462514917 0.7772387556017497 0.7710595425515645 0.7868598261455243 0.7756437129801047 0.772248556035359 0.7716000541648778 0.7766346189826541 0.7901698538062334 0.7864953603321214 0.7854025180145827 0.7935247048947403 0.7873260859792522 0.7925868362624753 0.7886598903189734 0.7854075540777536 0.7930715358918241 83.64 0.0005 0.01 256 resnet18
0.3323559494667531 0.7883339153935168 0.7973325798190714 0.7888313487497289 0.7959236132232241 0.8015230482191675 0.8079562756837113 0.8160716423906673 0.8254723360600971 0.8242931931552002 0.8202748673100246 0.8149578226730786 0.8167302142485516 0.8170720175271703 0.8203714862088185 0.8162521877858256 0.8174159170546704 0.8116575338388025 0.812989470632519 0.815642660538357 0.8117207472532294 83.35 0.0005 0.009 256 resnet18
0.3323559494667531 0.8271003834833605 0.7790837226693157 0.7810331214390764 0.7956393798401108 0.7971186393410463 0.805818965875602 0.8092420157627609 0.8092112260652365 0.8083106781031164 0.8106069046522927 0.8102745566068558 0.8189535357435248 0.8220297683785202 0.8156565757113825 0.8172486758468223 0.8225644236204238 0.8274655685872413 0.8270549978095038 0.8245307287645186 0.831228930614773 82.82 0.0005 0.008 256 resnet18
0.3323559494667531 0.7970956879676412 0.7921601870118571 0.808641102197754 0.8003788352548693 0.8091841649269677 0.8049987257024627 0.814091523210448 0.8049494996901201 0.8181899146593962 0.8181973537520397 0.8124780081498948 0.8082115192816686 0.8136482734838052 0.8104932074247628 0.8123011753989573 0.8103109766075178 0.8181148370091518 0.8229049532574261 0.8069984000249044 0.8212689877947301 82.88 0.0005 0.007 256 resnet18
0.3323559494667531 0.8221028083928039 0.8134205060805558 0.8049757778455207 0.7967142808532318 0.805221592835245 0.8038182189592388 0.7988105537826885 0.8039846872481169 0.8021640245757069 0.7957718225031553 0.7967409312186403 0.7997868506641939 0.8086399526688045 0.796792638105438 0.7934279785569289 0.8024147793015417 0.8024154765550138 0.7998731749341589 0.799754979482524 0.7945312229510847 81.71 0.0005 0.006 256 resnet18
0.3323559494667531 0.8170318279067669 0.7989212000414038 0.7961319025053496 0.8091634876121274 0.8024758639791159 0.8144074913514447 0.8169759558292151 0.8225546616377237 0.8156034641617704 0.8226739747596784 0.8203972527459328 0.834733561441498 0.8247302791082549 0.828291016779307 0.8239999962509817 0.8267946777970273 0.8282148807384404 0.8296121587692062 0.8319102121124928 0.8241855482755587 81.42 0.0005 0.005 256 resnet18
0.3323559494667531 0.8096026369778414 0.7937305253073669 0.8058036026862305 0.7986885017113222 0.8139562410733986 0.8035882541906173 0.8133988748447226 0.8111564571392976 0.7995313067907394 0.8043675340751629 0.8194286774227594 0.8120332093763994 0.8118509456814674 0.8133669161234772 0.8102207545536088 0.8104815569913155 0.8135267059025452 0.8178999036822012 0.8071685991108383 0.8203636195105246 80.46 0.0005 0.004 256 resnet18
0.3323559494667531 0.8587337294087702 0.8516203581654633 0.844279091675034 0.8491531535194438 0.8405575560779492 0.850762511891392 0.8529526029818126 0.8662289080584796 0.8648818022193302 0.8617181173554743 0.8602313244118132 0.8649082738336215 0.8637756278218532 0.861744061111308 0.8596945151722631 0.8588255620582221 0.8593436900371946 0.8612168536175211 0.8609826293090669 0.8569342127242828 78.54 0.0005 0.003 256 resnet18
0.3323559494667531 0.8842649661202998 0.8779918184548133 0.8637514429795823 0.8749927042018898 0.8772938126368949 0.8740766723803809 0.8894796409641637 0.8838368405841939 0.8785859909029418 0.8919164668291752 0.8799015023451605 0.8867385215099571 0.8807626324350215 0.8931139559519065 0.8856421008108504 0.8845714624632441 0.8882613533850574 0.891783668855597 0.8920309102288431 0.8865023401291058 76.71 0.0005 0.002 256 resnet18
0.3323559494667531 0.9771525697732406 0.9701695373879058 0.9690878483302433 0.9896690403561148 0.9814129724314826 0.9965673662759178 1.0098308964640323 0.9849219017861386 0.9815311593539158 0.9927217783635481 1.0066856913023894 1.0012950050452802 0.9928154238200311 1.0080200608280232 1.010201689275125 0.9792537021869205 0.9833997980892545 0.9959180798871273 0.9958336321988913 1.0228218242031182 71.38 0.0005 0.001 256 resnet18
0.2908245681151324 0.8985617132117553 0.8153344689247303 0.8466458029037237 0.8418643349701181 0.8737801408939228 0.831659689437457 0.8314968217251419 0.8855108065293321 0.8205888087171403 0.8458312996861962 0.8505191134938483 0.8900883577561318 0.822427913832215 0.8420215326592748 0.8323609977804572 0.8208800567266304 0.8023691856430816 0.8179440727928637 0.8198809926185762 0.8083220024711535 84.7 0.0005 0.1 256 resnet18
0.2908245681151324 0.8275792946686024 0.9112038899061159 0.8284278705692221 0.863616963263285 0.8459832264685626 0.8543737138619493 0.870843679403527 0.8198439457882869 0.8096470350342914 0.7989662859685737 0.8300211218943039 0.8040675030175869 0.8163621752078923 0.8104482947202787 0.7961198054421615 0.7893546805845656 0.7925449865695442 0.7904102065754118 0.7862557223042121 0.7887745100777838 85.09 0.0005 0.09 256 resnet18
0.2908245681151324 0.8016575414978111 0.8530009028076809 0.8392600883370638 0.8372054556158324 0.8071554001559116 0.8512043060277095 0.8105064785157617 0.7991890783655238 0.8229305354889728 0.8276264226857433 0.8306402752384053 0.8510224393768522 0.8294875246211358 0.8371692015034636 0.8475052265442716 0.8622509500301833 0.8640297689937367 0.8588723969608897 0.8635166621105225 0.855722696159911 85.22 0.0005 0.08 256 resnet18
0.2908245681151324 0.8257440267002739 0.8246893605792758 0.8585593003289347 0.852675970736732 0.8549462136374331 0.800856067314708 0.8004898497771344 0.8224253163131428 0.8811550779593275 0.8732049727115806 0.8435359855269959 0.8507724041912799 0.8570313655947327 0.8625445392061343 0.8749088528827156 0.8646366727899586 0.8729610633194631 0.8625395201096063 0.8684934812356125 0.872166802252163 85.73 0.0005 0.07 256 resnet18
0.2908245681151324 0.8153216129953443 0.8329405614869019 0.7855129277893665 0.8284387847948882 0.8500720612457916 0.842326135783543 0.8407528858479556 0.319483393409896 0.8536586444459923 0.8352133111783844 0.8265671117154538 0.8125056531722867 0.8119085575298662 0.8257686470592794 0.8369904484350335 0.8227046797346027 0.8271046448044924 0.8166627994261499 0.8165294527409911 0.8266406569032405 85.39 0.0005 0.06 256 resnet18
0.2908245681151324 0.7842674019131658 0.8019599470065905 0.8271434322546757 0.8081395659920669 0.8143704964537829 0.8303258937849016 0.8154638677600833 0.7865675297379753 0.8044450436769586 0.8307155417022122 0.8276664804428043 0.821861375960972 0.8297149813265956 0.8459169855202029 0.8617509938097964 0.8562690546343975 0.8636661114568117 0.8426571769654833 0.8553489164127107 0.8632190173222063 88.49 0.0005 0.05 256 resnet18
0.2908245681151324 0.8024799479149803 0.8280569250825218 0.8261416342768273 0.8148333283063675 0.830082963309659 0.8048770251250497 0.8028401672014318 0.8240293973223873 0.8275398669675665 0.8465479324044778 0.8091051300464145 0.812664675327992 0.8020062406175655 0.7860839672213465 0.8067263956313921 0.7937844162957863 0.8064328212946105 0.783896650037982 0.7892438205658844 0.8089862082552247 87.55 0.0005 0.04 256 resnet18
0.2908245681151324 0.8374257746761525 0.8348196996658781 0.8362096764116924 0.8588346099445979 0.826398892535168 0.8151494043540184 0.8099624541688218 0.8251860689696539 0.8234931036712639 0.8404825481287524 0.8201747975508309 0.8163822919956761 0.8222162945095947 0.8339408491142989 0.8515648657647646 0.8490079698808681 0.8678169102136267 0.8574992859275603 0.8528594612318314 0.8621232257925798 87.55 0.0005 0.03 256 resnet18
0.2908245681151324 0.8445003535561633 0.80011244662857 0.811151158394903 0.8161932034855727 0.821330810702558 0.8197118873127113 0.8323734933249339 0.8529171524565886 0.8085772651569049 0.8075080693205661 0.8052791122007098 0.8190582764227888 0.8169119532083664 0.8210497917596618 0.8033927627549678 0.8001161992884395 0.8080381767511085 0.796401668931081 0.8056145808238143 0.8044190375695485 86.57 0.0005 0.02 256 resnet18
0.2908245681151324 0.8342757429099362 0.8373977366032674 0.8397634752869565 0.8449173762373913 0.8325320372850159 0.8310497141489754 0.8335687637525797 0.8333135048083542 0.8316591189340863 0.8423206773156457 0.8422956268511661 0.8444484760568481 0.8549826302862814 0.8454485151446691 0.8487021529952272 0.8402678494237797 0.8498837466735122 0.8439418846935257 0.8383898619056569 0.8351989669206792 83.32 0.0005 0.01 256 resnet18
0.2908245681151324 0.8921519766907718 0.8400314644331366 0.851272083622394 0.8576049825925884 0.8442572765817432 0.8495377366729748 0.8528821901618531 0.8421292221217717 0.8690650274251592 0.8854601741206372 0.8915164313801381 0.8875688533548519 0.8777768736448958 0.8961408949376574 0.9063471535412967 0.8981667900483516 0.9132596684085441 0.8933843677888248 0.9070665352783789 0.9031828035981515 83.15 0.0005 0.009 256 resnet18
0.2908245681151324 0.8218991907723934 0.8610052660622952 0.8685744763757414 0.8670140032301628 0.8737885188253667 0.8629830954017962 0.8662229744403283 0.8641918915916779 0.8718646682003426 0.8586829712046873 0.8592941305684697 0.8591366119024643 0.853332893408726 0.8607629610290425 0.8650029661293713 0.8644591564852496 0.8724951342622372 0.8452235276000449 0.8569542057432693 0.8573812758135532 82.96 0.0005 0.008 256 resnet18
0.2908245681151324 0.8485832866762586 0.8167601538161448 0.8294274138053226 0.8521284138358618 0.8482492202565518 0.8414998732602653 0.8363453700340417 0.846633629754588 0.8503110527176717 0.851383274014306 0.8600157190768795 0.8415813766245738 0.8417570927026091 0.8331379483621744 0.854661029824941 0.8407340448866667 0.8521745891977665 0.8285539455391059 0.8441395237772398 0.8592803310189444 82.16 0.0005 0.007 256 resnet18
0.2908245681151324 0.8876282807043748 0.8568475904600872 0.8510834159152885 0.8570860827102784 0.8499389807686708 0.8546868148427507 0.8616631368055421 0.8649990650751378 0.8717645237617743 0.8797994858847151 0.8748766507926357 0.8904026990268199 0.8839846340483164 0.8804004713213138 0.8974518070968248 0.8854492615673718 0.8872525603394529 0.8892580924886521 0.8807360301796906 0.8930006277549719 81.51 0.0005 0.006 256 resnet18
0.2908245681151324 0.8631725124523151 0.8617711953639272 0.8694600751199038 0.8671448623496221 0.8550851237054257 0.8271656130360795 0.8365301739499401 0.8358187202268823 0.8432961796646765 0.8412827130425932 0.8425769648929966 0.8500103748469567 0.8411609936461363 0.8432175433653396 0.8406964504396147 0.8461269574139169 0.85473438924355 0.8378925063690852 0.8443800999878519 0.8546978934969544 80.7 0.0005 0.005 256 resnet18
0.2908245681151324 0.9001081586592176 0.9097636820841365 0.9242799910877463 0.9296189642718263 0.9229031154561872 0.9261028133515764 0.9174374709684976 0.9173534515166597 0.9068047241172899 0.911653002493908 0.9075630030919895 0.9095845892631084 0.9080253933533384 0.9065863823908633 0.9122229145406804 0.9087642532424915 0.9150297725833313 0.9091873155217397 0.9064559319199422 0.90729861125505 79.96 0.0005 0.004 256 resnet18
0.2908245681151324 0.8869612897904424 0.9079487763303404 0.8923383895227924 0.925815610329337 0.9219991145535645 0.9294116904593421 0.9028392828220565 0.9268973977203426 0.9313085164184324 0.9383947017654886 0.9410706461162234 0.9507938813921047 0.927257582536359 0.9302233170844458 0.9349692629163835 0.9410533083926598 0.9584770671617366 0.9457322727402679 0.9520761031084995 0.952818748539535 78.54 0.0005 0.003 256 resnet18
0.2908245681151324 0.9815543353516429 0.9845110141305039 0.9810961407884767 0.991496830819667 0.9822348052111464 1.0067575953044539 0.9902867246909582 0.9864689994687125 0.9847745232331644 1.001857845528846 0.9947009954371291 0.9983985426712292 0.9760014399797774 0.9841330536849681 0.9646808397527288 0.9891679372325178 0.9633703767493281 0.9918949322690402 0.9882502561425532 0.9970860620096994 76.69 0.0005 0.002 256 resnet18
0.2908245681151324 1.0561102521442371 1.0353604515019041 1.0444673719909854 1.0399726514507073 1.0531815275624965 1.0438693629953328 1.0283824313946024 1.0436736131604938 1.0496712645806014 1.0529485886240915 1.0498050925037612 1.062465907649169 1.0464470782686224 1.0484210644902838 1.0582845433658188 1.0484233497510445 1.0436785878951598 1.0348999538060197 1.0478939212868046 1.0711484883754099 72.16 0.0005 0.001 256 resnet18
0.13003556678870062 0.7615691367094043 0.7890051792361288 0.8279723527270666 0.8440521317617896 0.783173990142042 0.7709113560639469 0.8116351080059766 0.8434565515384409 0.7737556896643586 0.796833469109499 0.7874865013720692 0.8065201310088149 0.8497670631212055 0.7919282020355984 0.7923675802802467 0.7995324160944492 0.8073327654831877 0.8197453004688715 0.8142792952080908 0.80667003824419 84.06 0.0005 0.1 256 resnet18
0.13003556678870062 0.8402317103737587 0.8140863374611997 0.827280784154738 0.8355437822806406 0.8333000365018751 0.7676233668527053 0.7994593528901582 0.8128690482872132 0.8008055613337598 0.860276986849471 0.7856040728057536 0.8020634471286886 0.8027478636813568 0.7976904763359414 0.7894246642954533 0.8057850357553467 0.7888251076809161 0.7902010128876039 0.805020911752252 0.786112677118713 88.29 0.0005 0.09 256 resnet18
0.13003556678870062 0.8108753129391729 0.8452065846319452 0.7717127953218826 0.8056733929697156 0.8332909569653062 0.7715245523788488 0.8027332165809087 0.7887308608167171 0.7730781625743594 0.8159765308263228 0.770287318442578 0.8015465700097875 0.8232070390879136 0.8210640931850228 0.8265957786053976 0.8238733057212415 0.8338248572749581 0.8359770582919626 0.8366228808276861 0.8371485517884278 85.78 0.0005 0.08 256 resnet18
0.13003556678870062 0.8079887774774164 0.838215217003834 0.7714572552184076 0.8399901987769737 0.8286474680573623 0.753252603954741 0.7677133386571868 0.766696510934876 0.7939098740264738 0.7813797439420027 0.7702243948575004 0.776010400516835 0.7622368678758628 0.7556041599890203 0.7618676828983975 0.7553639029661917 0.7488540371832166 0.7526193366466417 0.7460935062142312 0.7495249586869293 86.6 0.0005 0.07 256 resnet18
0.13003556678870062 0.8253165449413707 0.8183768612142376 0.8239499614740362 0.8026706201655978 0.7723970406372495 0.8014034194332287 0.8040295649967091 0.8152148195358564 0.7946681489206451 0.7631912894297912 0.7763021844141904 0.795209914692262 0.807785605583335 0.8027241083834455 0.8054289525768269 0.8053079374158976 0.818810664725164 0.8104497390213217 0.8136406940059209 0.8125613385736179 87.52 0.0005 0.06 256 resnet18
0.13003556678870062 0.7990311236927166 0.7907540404342766 0.8153178003360421 0.8043217943933985 0.8015830106211387 0.7799177358358267 0.7930630782018508 0.7850324247233397 0.773673900123195 0.7926371717449056 0.7797556894377131 0.776427679006746 0.7758099632731914 0.7863961586111685 0.7890570284680724 0.7826947181157818 0.7772390666403278 0.785577815791655 0.7851324496042159 0.7858073842495874 88.4 0.0005 0.05 256 resnet18
0.13003556678870062 0.7855899150774822 0.8235745864309919 0.7859014268434994 0.7958973765799914 0.8082053197904255 0.8219305797442802 0.8105973405451258 0.817479104700426 0.7811826631651333 0.7932245014473108 0.784832920889626 0.7860602618384486 0.7816110213416678 0.767895173741432 0.7715108125459568 0.7628001029016599 0.7651318909275566 0.7584931749585568 0.7703748790234577 0.7659261118341782 88.16 0.0005 0.04 256 resnet18
0.13003556678870062 0.8390268238875707 0.7935985548533455 0.7637580868901943 0.767254243121609 0.7753089341112921 0.7436870494710138 0.7975995666530119 0.8108092165500025 0.8216725279914219 0.8482510259220054 0.8319651977025644 0.8324482831534331 0.8085036384130171 0.7779264128651936 0.7816720992659991 0.7684286056698398 0.7738923797214836 0.779738763612354 0.7782098110532759 0.7840719196739522 87.95 0.0005 0.03 256 resnet18
0.13003556678870062 0.7748542703899102 0.7812715384894281 0.7616123425841156 0.7724098142361367 0.7930332942422298 0.7916846304317424 0.7951000137448107 0.8226042721146112 0.7979829610183053 0.8083886407981096 0.811018860614737 0.8195773977551295 0.8141768908440965 0.8252213158534211 0.8310168391841805 0.8309817720575242 0.8326343172167182 0.8355895190082552 0.8247094167284911 0.8400141459782583 86.65 0.0005 0.02 256 resnet18
0.13003556678870062 0.8054610138993674 0.8029569255278014 0.807174668683752 0.8121511061829422 0.8108305990920764 0.8087843543023123 0.8086221030554596 0.8251598082168947 0.8308987158656569 0.8329437919414759 0.8231230102135747 0.8233242873769199 0.8119459257300027 0.8160672248979224 0.8148807531708435 0.8285663452436016 0.8171735742659084 0.8209268490635308 0.8159887397460247 0.8213290336056412 83.23 0.0005 0.01 256 resnet18
0.13003556678870062 0.7703714224423854 0.8064140600755456 0.80075662338749 0.8166387088121623 0.8268458056305632 0.830697669989311 0.8263028456397654 0.8095190324746886 0.8089562159218704 0.8170197434781664 0.8083565741675571 0.8108704831571234 0.809704271126442 0.8093800625777355 0.8058936411110186 0.8041000611190526 0.8081506937687076 0.8139890284389993 0.8196467074922421 0.8118632787919075 83.22 0.0005 0.009 256 resnet18
0.13003556678870062 0.8015882747296059 0.8193530838229219 0.8214139608555798 0.8128987537176107 0.8173739210120238 0.8323881786174653 0.8231502914905241 0.8283448505897562 0.8146833795702455 0.8261071976175032 0.8327585076687575 0.8297502265335459 0.8187428979039332 0.8194954608089108 0.8100522021324863 0.8185862901950641 0.8253876858049837 0.8207829221385804 0.8213640140153702 0.8214863781745787 82.47 0.0005 0.008 256 resnet18
0.13003556678870062 0.8233147939152363 0.7982328603009892 0.7970654656788703 0.8095084325682197 0.8002072761032246 0.7983706605311518 0.8037579304171933 0.8061098526299254 0.8044171257608257 0.7979495095142489 0.808760929191491 0.8025390529795685 0.8135010049368223 0.8132969345248061 0.8171417807713811 0.8203406974030608 0.8207407804341365 0.818810963328615 0.8103397237023705 0.8065560852319744 82.8 0.0005 0.007 256 resnet18
0.13003556678870062 0.8687845710212244 0.8248365937408936 0.827575584205784 0.8462262604161864 0.8510932788825804 0.8469248718026984 0.8554408928166691 0.8595167499174973 0.8565977600071788 0.8519529494274183 0.8631198043485182 0.8643396978233037 0.8672838199838891 0.8703204492059937 0.8623779873580206 0.8631098076255906 0.8548546814998569 0.8769906415490071 0.8623867027876857 0.8702428687901061 81.94 0.0005 0.006 256 resnet18
0.13003556678870062 0.8341289942279453 0.8595638973912212 0.8665655144227657 0.8713951585311369 0.8663613626520944 0.8616515930438058 0.8606870374288229 0.8676545598764485 0.8613134507630482 0.8629582258662764 0.8670019528101827 0.8574606029175346 0.8608124061973593 0.8620489808835918 0.8580848597369539 0.8562762777647073 0.8589183401289157 0.8543412833864934 0.8614985283623479 0.8617965479984201 81.6 0.0005 0.005 256 resnet18
0.13003556678870062 0.8368252568316382 0.822533253561668 0.8177279921385465 0.8106831760435668 0.8210534053954919 0.8182483977882612 0.8243100882269307 0.8098093974347293 0.8155719218107178 0.8188362514041896 0.8165249051310559 0.8155611901035905 0.8158188601444807 0.8163467580334742 0.8135560705391864 0.8320536063069689 0.815668110814144 0.8223776926794467 0.8249569649349019 0.8186626069615559 80.6 0.0005 0.004 256 resnet18
0.13003556678870062 0.8144006911733821 0.8295738641589421 0.829114815992882 0.8279254104592964 0.8283297054030831 0.8141472069360546 0.8293053329977147 0.8233682362146075 0.8347721653568297 0.8376437628370905 0.8408716829648398 0.8357285787396255 0.8320773060968919 0.8425212843511103 0.8351090164722627 0.8464671116907886 0.8466635906920574 0.8430027849628283 0.8432737428659286 0.8382646468879967 79.0 0.0005 0.003 256 resnet18
0.13003556678870062 0.8777493769838911 0.8874358629455625 0.8534109440675653 0.8539019104166259 0.86224241755336 0.8630054669902754 0.8733939358270929 0.855057313412787 0.8599855612348997 0.8724603036975468 0.8784136029352166 0.8827507025769326 0.8698304303154853 0.8711400717061727 0.8716519094763404 0.8709366456477493 0.8861487818636364 0.8759128751997232 0.8737867121438242 0.8798660451779338 76.13 0.0005 0.002 256 resnet18
0.13003556678870062 0.9290486370684075 1.0004257932807337 0.9836396335486143 0.994561582396327 0.9995645360642373 1.0022621132504674 1.0017515369384313 0.99940173651947 1.0064129953702796 1.004405655700908 0.9974345281270367 1.0004642945600712 1.0080972124011942 0.995312525210531 1.0123951550732087 1.0148316862949178 0.9984914144897793 1.0021150342188963 1.010188983289211 1.0138104743576801 71.33 0.0005 0.001 256 resnet18
0.3230990190628733 0.83391758066188 0.8676323327726273 0.8369658186991135 0.8541929085283776 0.7913184784614853 0.7997693096896161 0.7710953508525265 0.7698694313281932 0.8280217234208742 0.8129148573209193 0.8062372504965448 0.8333023688089845 0.7997889732680554 0.768827816810118 0.7899236777044755 0.7749545262305072 0.7759870124269463 0.7785269851697977 0.7789044590171579 0.7826394488313909 88.55 0.0005 0.1 256 resnet34
0.3230990190628733 0.834781147865776 0.9043281350770936 0.8359833447826708 0.8588529048407358 0.7520175002468895 0.8184293636909935 0.7963403952983146 0.7890163042179988 0.7672133253248917 0.7743166257587607 0.7976004105961312 0.8143754158109084 0.7574801105866902 0.762321039316924 0.781389515851069 0.7810986614630615 0.7776365316403971 0.774348277506694 0.7776990601323286 0.7871270888092258 88.68 0.0005 0.09 256 resnet34
0.3230990190628733 0.8346826526954092 0.8446437855093333 0.7725402986818939 0.8339338565946778 0.7834580977565928 0.8218002212174201 0.828773631013562 0.7633358947169302 0.7879624574279572 0.8249397960804805 0.7763459135093937 0.8124045947700081 0.8047136626651215 0.8045388908349076 0.7966496586120612 0.7931834324342507 0.7709445554429197 0.781862723815863 0.7751531453202024 0.7821838692017634 87.87 0.0005 0.08 256 resnet34
0.3230990190628733 0.8013264937671998 0.801817433754654 0.7707554613685653 0.8187558849251235 0.8207926218784912 0.799761644920415 0.7759610219001815 0.8145976172593379 0.7992851720921275 0.7939919440617316 0.7995098006029121 0.7805493234460127 0.7467353821053807 0.7610204697806376 0.7581642559706332 0.7565499577136984 0.7528215642269305 0.7514789896701815 0.7577767506387205 0.7583599998018079 88.03 0.0005 0.04 256 resnet34
0.3230990190628733 0.851563047346474 0.823817529373585 0.8232856395798458 0.8431766539730883 0.7960585593992565 0.7635805928833931 0.7740506557963514 0.7896000455410327 0.787222344798556 0.7849314177330384 0.7643253767998823 0.7625265412481796 0.7620185673038954 0.7596314069997737 0.7625841837653661 0.7625103742698975 0.7621577444703707 0.7554324994269943 0.7547620919302591 0.7731828950668319 87.54 0.0005 0.03 256 resnet34
0.3230990190628733 0.8522465842270113 0.8266000055805742 0.8439192290330507 0.8088071118426586 0.8318851542623313 0.8247581582735252 0.8041010170580395 0.8099628058231773 0.7957804105149405 0.794263794534847 0.7823425877443296 0.7739519768233647 0.7986199463539116 0.7940795035069722 0.7856489096360526 0.8053184585445099 0.7814354070221006 0.7821486583804212 0.7964844419784955 0.8085359598052543 88.27 0.0005 0.07 256 resnet34
0.3230990190628733 0.8090864090379156 0.851342776240939 0.806766397118038 0.8173488532904649 0.8449794427130699 0.8157146949305877 0.8066737524017243 0.7428701271194251 0.833198873310545 0.7756974179454187 0.8089273726047422 0.7345792871950946 0.7285079354355551 0.7451025886169631 0.7445417415350046 0.7507960940305455 0.7461889414635371 0.7410170130489105 0.7549917369036341 0.7534124777912865 87.59 0.0005 0.06 256 resnet34
0.3230990190628733 0.8596688357901582 0.7649862732768491 0.8223287142249283 0.7896202505679448 0.7558503246196707 0.8024999233524716 0.808265992364387 0.775279626630511 0.8172713953253505 0.7720242177809077 0.8350963310461589 0.779424226700845 0.7890288594417414 0.80417845034764 0.7825005283750107 0.8113953268949033 0.786309940384342 0.7934258671223539 0.8004951699240346 0.8149032908556607 87.83 0.0005 0.05 256 resnet34
0.3230990190628733 0.8192472737827913 0.774479224292696 0.7681234941312595 0.765514185765165 0.7723434817261533 0.7775233621073716 0.7982363156467911 0.7773623481207914 0.792280524014461 0.7924235310446126 0.7962037285118021 0.7860821647838107 0.7992874760142397 0.7985797841890213 0.7916925524109081 0.7978670538133747 0.8015369230844152 0.7936650257881177 0.8003737968189998 0.8124413334707196 84.8 0.0005 0.008 256 resnet34
0.3230990190628733 0.7999200987335509 0.8150417690225251 0.766784229498232 0.77165476466938 0.7741482884440001 0.7808618461534168 0.7927468972404271 0.7840495356483757 0.7876664513708792 0.7935570612661964 0.7921095498521116 0.7977976171672375 0.800648453219397 0.8066243953854166 0.8115818791848457 0.8097095641219506 0.7955287331593667 0.8082561326861076 0.7998809305409563 0.8159553205189825 86.0 0.0005 0.01 256 resnet34
0.3230990190628733 0.8411801688903563 0.8562880482433362 0.8054759503604271 0.8059868392204445 0.797616090256281 0.8159852209828745 0.8148607865901564 0.8285299399523464 0.8227969815987107 0.8300142273152495 0.751843103129795 0.7840734290793921 0.7894842061376676 0.7915955756113183 0.7802726294989077 0.7824876231979023 0.7804183914567754 0.7783334594754266 0.7824017432813473 0.7811337727731051 87.52 0.0005 0.02 256 resnet34
0.3230990190628733 0.8323446203745553 0.7956224341877332 0.806905021033444 0.8188131167689212 0.8063422390778411 0.826912668676616 0.8232420142146941 0.8252481903153339 0.8285429780284791 0.8277953706184831 0.8322624710603417 0.8194434171301583 0.8247062715064745 0.8330597493208046 0.8377682031288396 0.830340823674054 0.831025480792556 0.8270713184140911 0.8367447582942533 0.8367575111548818 83.26 0.0005 0.006 256 resnet34
0.3230990190628733 0.8736665563193096 0.8107362617180774 0.7914599317329382 0.7883349556310162 0.7872588398487512 0.7986478873773498 0.7985023447606587 0.8030698166578949 0.8002098202647229 0.8059713119392518 0.8147645707507691 0.804022229021931 0.7987079214361306 0.8095177979180177 0.8198047343749247 0.8115886654662888 0.8107561528102977 0.8196738686325119 0.8169160385628724 0.8099874804036049 84.66 0.0005 0.007 256 resnet34
0.3230990190628733 0.806606536237558 0.8144991179456713 0.7936683048920575 0.7995158130313849 0.794638141255643 0.8052516012548462 0.8066022246050157 0.7939273493447138 0.7828298698848023 0.802088621650287 0.7909739485657852 0.7720952654680521 0.776642526007333 0.7820542307904869 0.7842540000948576 0.771776566743688 0.7718310750261551 0.770084266764277 0.7666975416316971 0.7685783188416435 84.85 0.0005 0.009 256 resnet34
0.3230990190628733 0.9557242941135297 0.9563745644153855 0.9466381525333202 0.9525580420168542 0.9345402956884058 0.9635257450584972 0.9517871872575934 0.9599238129475535 0.9511703996233432 0.940933746599825 0.9302637771744213 0.9472344131523012 0.9226062124889041 0.9495376827887911 0.9370474442781973 0.9470890180126541 0.9385945299895029 0.9508110417356296 0.9501490634813332 0.9456737814751355 73.86 0.0005 0.001 256 resnet34
0.3230990190628733 0.8084013691193489 0.78227720803285 0.784392851991142 0.8025384817173925 0.7914471465773834 0.8074767967234914 0.8132560541371636 0.8150193857687518 0.8164698993073857 0.8300950448903746 0.8285755693245085 0.8263224218697762 0.8191488984855678 0.8196369303380295 0.8172487240241195 0.8321000174800801 0.8186578396305724 0.827371088095483 0.8273441557904867 0.8284902942334211 83.08 0.0005 0.005 256 resnet34
0.3230990190628733 0.8300381726647429 0.8558957927844558 0.8516649819977026 0.8505724480307704 0.8557530337337123 0.8533495575476322 0.8507863200660049 0.8498006362343223 0.838935608499988 0.8546557433163129 0.8422937634846521 0.8600812943420538 0.8505290780064944 0.8380475558317372 0.8653806004872675 0.8451696304355706 0.8503948280893816 0.8583871416163451 0.8498433309585406 0.8424899273570259 79.37 0.0005 0.002 256 resnet34
0.3230990190628733 0.8899097702692974 0.7984812956530027 0.8095157726417636 0.8165160195260397 0.8164199804014006 0.8173645137010004 0.8318818668953609 0.8109899420039115 0.815288610377453 0.8141505441150124 0.8164158799984973 0.8147864226177494 0.8121333354188219 0.812069688801317 0.8085417195514093 0.8118243398914029 0.8153691393786353 0.8144398861218403 0.8142993511015756 0.8103244137843275 81.77 0.0005 0.003 256 resnet34
0.3230990190628733 0.8796222240472056 0.8462170157960888 0.8501321965345344 0.8525672286886261 0.833248633483555 0.8482040207302721 0.8499438836312561 0.8460638581102011 0.8404618274370756 0.8393665661812119 0.8444305167715132 0.8378217454079695 0.8399511838907625 0.834973611032865 0.8351398228824674 0.8333522388732443 0.8371220549003325 0.8422892723438393 0.8348282735821632 0.8343277684022652 82.59 0.0005 0.004 256 resnet34
0.03700148166104666 0.8417587210331975 0.8226967377969252 0.8002230595687244 0.8166620810808121 0.9065847542938482 0.8541497274645024 0.8242414974163711 0.8518373413551606 0.861472329854643 0.8329123413356218 0.8417174068143253 0.859543617788254 0.82070997111157 0.8244808320680487 0.819873472248426 0.811849082404933 0.8167499474988614 0.8151014695194353 0.8189374678417749 0.8177738712987899 87.62 0.0005 0.1 256 resnet34
0.03700148166104666 0.8532038211595255 0.8157527800056085 0.901984198828042 0.8151926930280046 0.8709634681875452 0.8456201987429364 0.861729089673319 0.812224391190043 0.8618173530668908 0.8543846496354641 0.8378436336742232 0.8452426866590187 0.8559308890068756 0.8608874643223158 0.8506390429003423 0.8603063098220932 0.8561928389826677 0.8608995788224638 0.8664107655104287 0.8479337796947888 88.36 0.0005 0.06 256 resnet34
0.03700148166104666 0.922310969970448 0.8461567032815107 0.8685101312121634 0.8959874218035176 0.8753898353760837 0.9156860667724476 0.8761137812151035 0.8640770799962962 0.8749412656940966 0.8349192073232665 0.8742521454254752 0.7933151963632237 0.8022609151486851 0.8184176787520623 0.8263472914643282 0.8384851632108173 0.8165016553184481 0.8108727206142099 0.824268837681596 0.8254867739911085 86.91 0.0005 0.09 256 resnet34
0.03700148166104666 0.8959441157184174 0.8510524737524 0.82068184613464 0.8606695609608432 0.8456920944703729 0.8269276796876794 0.8242361695658781 0.9083844588464833 0.855055589162057 0.845074033147806 0.8354444385591545 0.8391316494481095 0.82478583009261 0.8199965229287013 0.8163219817044254 0.8225558217614674 0.8203200150763056 0.8090889057083944 0.8322093981520129 0.8235509912570602 87.23 0.0005 0.08 256 resnet34
0.03700148166104666 0.8916036610907202 0.8641406102488386 0.8229931480194504 0.8366262223176893 0.8230409910505113 0.8873252372132799 0.8833119692002682 0.8470123254025022 0.8481432556537472 0.8478807238665128 0.8282511975109749 0.8624370902648402 0.8367910215859757 0.8180871677111301 0.8230797139850842 0.8242730214129661 0.8055542874204972 0.8147456003020233 0.8113309681354388 0.8104101947534162 88.23 0.0005 0.07 256 resnet34
0.03700148166104666 0.8267253081568399 0.8670483944281386 0.8259718384175088 0.8746230485956049 0.9086021972243468 0.8855193778175925 0.8658711183299352 0.8832941539527047 0.8805185624368237 0.8234459028692944 0.8451453334270951 0.8299035390699564 0.8423781366653164 0.8510327738415344 0.84468892986978 0.8509380999681377 0.8323994332889721 0.8424650236093284 0.8454225260038765 0.8411285061415861 86.75 0.0005 0.05 256 resnet34
0.03700148166104666 0.8576840443983273 0.8340995634503798 0.8526110550198175 0.8373689211611692 0.8345507930704804 0.8423248091778837 0.8418695113399957 0.8351794996969686 0.8325689888634638 0.8389971575238853 0.8522582398113745 0.8176465383592055 0.8162437146657198 0.8189118183788636 0.8160060697471908 0.8254243255754726 0.8150287472134885 0.8153776767248155 0.8277393980352586 0.8160762534176006 87.69 0.0005 0.02 256 resnet34
0.03700148166104666 0.9184036835483844 0.9080315150242548 0.9116511076847641 0.9065371230095358 0.8686170923935957 0.8188009266791539 0.8582475468974341 0.8744456386412708 0.8560179363754067 0.850831047147436 0.8407524464148434 0.8358279050329099 0.842342874886927 0.8550061129946268 0.8540623625751536 0.8602820112587085 0.8576139875515816 0.8506931476319827 0.8556840429716465 0.8545602307256207 86.4 0.0005 0.04 256 resnet34
0.03700148166104666 0.7932230207745089 0.8148741174789784 0.8228953729358202 0.8145745444690443 0.838103583548438 0.8324104514079642 0.8334585589960293 0.8297940481873616 0.8347058398822211 0.8433396024303961 0.8390378402148895 0.847947418333049 0.8612707619177162 0.8468062863195146 0.8582900271139023 0.8601437442281902 0.8527786992068314 0.8374885045283329 0.8653655775580644 0.8588523944533003 85.02 0.0005 0.009 256 resnet34
0.03700148166104666 0.8450947102325999 0.7865053797510275 0.8295344272721578 0.8079975548709503 0.853189538743333 0.8256997011831175 0.8193122253494736 0.8178706049712479 0.8484281379649562 0.8343820126902934 0.8129789699821542 0.8081377741896253 0.8003090439493425 0.8010012749305272 0.8109483922778916 0.8187603407899666 0.8181373471820205 0.8015580277033773 0.8253426801846757 0.822907481702015 87.3 0.0005 0.03 256 resnet34
0.03700148166104666 0.8525885250837927 0.8541955376767603 0.8024798918735297 0.8062882206997962 0.8067055426741371 0.8007671815153137 0.8172560633412257 0.8170728409004601 0.8273483174176376 0.8174742664341237 0.8169190479945219 0.8189945738826685 0.8288726255389491 0.8255918385522212 0.8212187460735944 0.8265042715758466 0.8262346340112026 0.8219498927798863 0.8272514979345137 0.819519506872778 85.75 0.0005 0.01 256 resnet34
0.03700148166104666 0.856917255747489 0.8154843945622364 0.8345759322396148 0.8375406092774744 0.8339499942090844 0.8401658093696095 0.8497335736242084 0.8401197124200472 0.8455150601138469 0.8512134411629079 0.8520508760858274 0.8568292694895652 0.8614306271399867 0.8525894280908924 0.8582130106836388 0.8539354272091846 0.8615887963064144 0.8599306155469768 0.8564268092855448 0.8525742872941134 84.47 0.0005 0.008 256 resnet34
0.03700148166104666 0.8874968875256645 0.8807266047355988 0.8919600792409446 0.8834725694996195 0.8795490858287546 0.8931496706074965 0.8891212374207527 0.8771819827133527 0.897940625389448 0.9044546704969672 0.8897903882925732 0.8811821680934498 0.8845797411589973 0.8908155579487702 0.8889255060374165 0.9022325106241235 0.8909494930562394 0.8882583437605815 0.8909059215709688 0.8951417279828996 80.52 0.0005 0.003 256 resnet34
0.03700148166104666 0.8135192314314631 0.8258886864083703 0.815072543741635 0.8221264342437291 0.8134573278636366 0.8056867816324105 0.8172211085900248 0.8254983631152132 0.8325712829210036 0.8298287830546427 0.8289059901438562 0.8275165003053041 0.8412312315495128 0.833665609304134 0.8370680122783591 0.8333440388552382 0.8361500240213415 0.8259980550125232 0.8486835355317396 0.8316191000546557 83.99 0.0005 0.007 256 resnet34
0.03700148166104666 0.8657885570262692 0.8448382369792791 0.8406633436955673 0.8326170173209029 0.839996351043105 0.8265765972949876 0.8259424288335481 0.8264418250858685 0.8324326419900737 0.8354232843879491 0.8403178737903437 0.8416516144630325 0.8530079605910433 0.8458558894059225 0.8513415994060408 0.8479870893572443 0.8480300560413245 0.8347728188506721 0.8440931591250732 0.8399963979252856 82.79 0.0005 0.005 256 resnet34
0.03700148166104666 0.8397372629354299 0.8352068616504849 0.8093641171588689 0.8072586074197021 0.8177924820418125 0.8200132754397095 0.8084827952794059 0.8101853867569823 0.8124373216709738 0.8142359054316212 0.8151962281080052 0.8059117697529946 0.8152642014159176 0.8090028242005484 0.8302175775867628 0.8235663962231361 0.8096600223297673 0.8112030270799498 0.8182022582963938 0.8213596589175531 83.51 0.0005 0.006 256 resnet34
0.03700148166104666 0.8767233387045503 0.8914458813535597 0.8870528294309626 0.8905221263789401 0.8944932004876834 0.8912367920016325 0.9020748186360136 0.9042861444325148 0.9071438680982109 0.8997721865097058 0.8932042408021934 0.9009069627515086 0.8875627803866425 0.9235675303498566 0.9013878693923805 0.9025852429841827 0.9047566971387718 0.9044820619594571 0.9198082446253806 0.8909571186427938 82.06 0.0005 0.004 256 resnet34
0.03591659791743411 0.858711675509999 0.8128591836853707 0.8447545716955915 0.8426994434750223 0.8055061130807348 0.7806076593591443 0.7700232305149174 0.81224042883935 0.8231762359055058 0.7852009748899645 0.7750849671621844 0.7752793574860146 0.7755547397084267 0.7716449700809873 0.7850523549255815 0.771389550329369 0.7762804089409232 0.7793992329370741 0.7995695202029853 0.7788927662666876 87.37 0.0005 0.1 256 resnet34
0.03700148166104666 1.0363761964668468 1.0093873072107624 1.049592624528942 1.0381090303884473 1.03292588079064 1.0296413281326577 1.0284351289449418 1.0320059416705258 1.0428139962378926 1.053694566353522 1.0317825992409224 1.037918375533826 1.0259972050427029 1.0552448281730302 1.03288992297242 1.0527697487956393 1.0429898327337317 1.0500062340131018 1.0507396692188604 1.0551827974593457 75.24 0.0005 0.001 256 resnet34
0.03700148166104666 0.9647344534236901 0.9658079410168544 0.9540006609560566 0.932105147903887 0.9328173341877881 0.9471496302664416 0.9342105067250582 0.9287458553954874 0.9337572255927212 0.931283186707685 0.9396705700863001 0.9284180206348494 0.942171158816453 0.9271047688036949 0.9478859823173121 0.9300822746520616 0.9355107181074167 0.9255149706018218 0.9232743186413629 0.9426768614205118 79.56 0.0005 0.002 256 resnet34
0.03591659791743411 0.795877877971375 0.8268566162564394 0.8595868798243456 0.8391119143455037 0.8098280552275753 0.8669237657368918 0.7817526283155911 0.810190576370178 0.7726046593284245 0.7833545997214318 0.7941633811106622 0.8136531385043768 0.8323274131216795 0.8071349800841571 0.8030363335480931 0.7952104751680916 0.788581927671287 0.7892037342971351 0.7957189727722578 0.7825796854918561 88.32 0.0005 0.09 256 resnet34
0.03591659791743411 0.8843752713209229 0.8474019014329549 0.822873056495889 0.8146405805385745 0.8137525797060935 0.8634922894988115 0.8394324311652203 0.8717652494924891 0.7975450867055774 0.7886565826413535 0.7851759865917068 0.7631769111063131 0.7608643202211905 0.7563243835203302 0.7615615137308357 0.7677924640743521 0.751280756191106 0.7658468132543784 0.7641454832612111 0.7631080856426986 87.9 0.0005 0.08 256 resnet34
0.03591659791743411 0.8702818646508991 0.9043398686409486 0.8047780689376642 0.7779128094273894 0.8369923669116658 0.8502724449884237 0.826609741683634 0.7926748372749315 0.8049200675819786 0.783466069214266 0.784320222296816 0.7850211417447158 0.7939892726168586 0.7886041206518878 0.7949433228177847 0.7796676983526314 0.7721705148256739 0.779556189708116 0.7870538463527423 0.7783730870862597 87.08 0.0005 0.07 256 resnet34
0.03591659791743411 0.7821099897185264 0.8142915068546358 0.8278234145898314 0.809532355163972 0.8101227592541378 0.8009982673482942 0.8131177731160898 0.8116378008953355 0.8159948012504301 0.815821807326682 0.807755582683602 0.8099453738592781 0.8010225021930729 0.8115886311836618 0.8062248320622423 0.8020104517452328 0.8004389595303077 0.8080515270293661 0.8028860483779551 0.8115258520376666 85.07 0.0005 0.01 256 resnet34
0.03591659791743411 0.8332651296954551 0.7899528808517475 0.8221508524837087 0.827151777204708 0.8102192395861743 0.8172007210855213 0.7752884078081127 0.7628230352275388 0.7805568992010672 0.794390374985079 0.8109263063650711 0.7581523550006254 0.7475185524374913 0.7491506297503421 0.7557518173144993 0.7462372435138175 0.7456705782729337 0.7439714627944798 0.7587299509053076 0.7531840726106754 87.91 0.0005 0.04 256 resnet34
0.03591659791743411 0.7815497204060314 0.8022458666889463 0.8148606731869189 0.7879470879232882 0.7916614959770014 0.8287468118744489 0.8115587088737822 0.7866140545093987 0.7928777263926627 0.7941765938185779 0.7928876888407161 0.8176560938114696 0.8019721202971931 0.7704388179698867 0.7776344330898968 0.7777049241326948 0.7755049125659665 0.7751564675070952 0.779693620167866 0.7694152756278472 87.59 0.0005 0.05 256 resnet34
0.03591659791743411 0.7995621231712318 0.8262573059476966 0.8601510395983175 0.81076245994956 0.8321617203735573 0.7867940608646387 0.8185514445573209 0.8019662720556905 0.8388275740804286 0.7793213767930084 0.8356118172169773 0.7713226264266133 0.7613667150073933 0.7697297520125261 0.7674933019216367 0.7746175371650226 0.7792848315196668 0.7723708048222402 0.7746387512380543 0.7749586905679499 86.73 0.0005 0.06 256 resnet34
0.03591659791743411 0.8118788530126193 0.8160676704607013 0.8244197678166988 0.7779300813133766 0.7689171609013999 0.790872987084021 0.7936780671079308 0.8495948085130336 0.7868081927378312 0.7857733423809209 0.7888788050102579 0.7828047750767433 0.7732224874048267 0.7620436692536439 0.7541669184430537 0.7631789346160365 0.761045699094612 0.7636196068801577 0.7663994150333971 0.7772250231497807 87.3 0.0005 0.03 256 resnet34
0.03591659791743411 0.8132223580656435 0.8518466761407317 0.8394814261152986 0.8307845742235807 0.8413941303483441 0.8318711572667877 0.8520557818176383 0.8419510945849202 0.850149993831229 0.855629225555968 0.84436618312776 0.8475022086519409 0.8541505256460408 0.8622061157244666 0.8689968290033525 0.8672720363319953 0.8438798754917934 0.8549471318712365 0.8739198045365468 0.847610304377609 84.18 0.0005 0.008 256 resnet34
0.03591659791743411 0.8301770653560558 0.8425697062293074 0.850789349584244 0.8469478820500952 0.8471148163182911 0.834489708453453 0.8375770945824159 0.8398375245607126 0.836978067831177 0.8392665068922455 0.8372163500439652 0.835804916635759 0.8299231126340193 0.8352531124833749 0.8380667487467559 0.8427575685287017 0.829544120331412 0.8298643137028998 0.8410544809171704 0.8306819670726326 84.5 0.0005 0.009 256 resnet34
0.03591659791743411 0.7865250552031354 0.7630825771255475 0.776840107593338 0.778516417591445 0.7891178451149768 0.7678965896302237 0.7786319050540567 0.7781250890142272 0.7770161908011164 0.7778643435396186 0.7873572027401862 0.7998119650811114 0.796025052657795 0.8047760748694651 0.8102754048286589 0.8054241722989275 0.7795278425764226 0.80726532446713 0.8062333568501137 0.7886451311507696 87.68 0.0005 0.02 256 resnet34
0.03591659791743411 0.7782539797123172 0.8204548420515697 0.8074748658474619 0.8121663675679067 0.8123860152605569 0.8069662386144991 0.8082048866963935 0.8140398309515924 0.8072440011537877 0.8200658368604508 0.8082113333441855 0.8087262124874931 0.8158325203635574 0.8087034256604955 0.8154843048190048 0.8154922994556827 0.8134175506720722 0.8170159517529535 0.8193547894881377 0.8041848049220189 83.67 0.0005 0.007 256 resnet34
0.03591659791743411 0.8162672723714443 0.8127117568114908 0.813790416635092 0.8059469938151949 0.8162047416834589 0.8206201490271267 0.8083628481604661 0.8114946182263106 0.8223314886350095 0.8196815787921357 0.8310511570891131 0.8214459460570569 0.8277062810718431 0.8356731914781111 0.8272541975166189 0.8282704317080699 0.821097465678985 0.827125220489317 0.8284936262108724 0.8210321556401843 81.88 0.0005 0.004 256 resnet34
0.03591659791743411 0.9145927410542914 0.9403644903331297 0.9461403570746237 0.930898986592251 0.9478861879481483 0.9476211677981026 0.9573835226960449 0.9429765923508588 0.9260908731934188 0.93108039214485 0.9459739873792059 0.9462342818839007 0.9400253766665349 0.9416450075585716 0.9464293602781423 0.935187375591595 0.9390387138999785 0.937010778132271 0.9410185407809537 0.947531517290111 78.55 0.0005 0.002 256 resnet34
0.03591659791743411 0.8003282309020574 0.8397113972348087 0.852293808911307 0.8451197334433377 0.8454533152722038 0.8449749616002366 0.8513300255155436 0.8494203999385133 0.8533512087709281 0.8549251236172489 0.8548587006579222 0.8530223840894188 0.852239192139063 0.8530026449593211 0.8508278008519801 0.8526244194406746 0.8542744245611534 0.8488753292120932 0.8436517901259293 0.8510225659022919 83.56 0.0005 0.006 256 resnet34
0.03591659791743411 0.8466245234189373 0.8524405983859029 0.834864397879758 0.8500849509397108 0.8558310430924139 0.8374961844710253 0.840138204570824 0.864515409852614 0.8574606665573364 0.8622160552938383 0.8641532775098891 0.8615942548766662 0.8575475081642179 0.8648059965768082 0.8533115790000692 0.8517741011080295 0.8657573395975136 0.8671048694324709 0.8537109196736907 0.8525807960499197 80.56 0.0005 0.003 256 resnet34
0.03591659791743411 0.8485636404259869 0.8750699934441941 0.8836014399686749 0.859550150046325 0.8633871380872198 0.8572911240990885 0.8658280767383656 0.859485113473866 0.8481089141445824 0.8399170315314217 0.8482557901480561 0.8367646799257628 0.8289636831842218 0.8385739676794448 0.8493743066778496 0.8407440879362774 0.8394474963378639 0.8386737223169102 0.8433346975417391 0.8466929656942868 82.77 0.0005 0.005 256 resnet34
0.03591659791743411 0.9673633946967043 0.9458997749560146 0.9476666779253098 0.9397685549571095 0.9515359007680851 0.9381513828203301 0.9389834402285385 0.9312836590549154 0.9342945575618402 0.9382042518902347 0.9354936247596644 0.9312692432680032 0.9265602541464982 0.940945621085528 0.941710613084888 0.9258902915782435 0.9374752027570805 0.9353515924281957 0.9353496701918571 0.9338688805471976 75.77 0.0005 0.001 256 resnet34
0.49257403922096893 0.8418362259754787 0.8357891694597298 0.8649689570897088 0.7972777827968153 0.8138370297894426 0.8106312005582875 0.8314525948123582 0.8407552422100016 0.7989951175729675 0.8265372765682047 0.7788704138751609 0.80293981722739 0.8112387155171211 0.7679663316886653 0.7804482159276394 0.7826349492429864 0.7957621096605666 0.7955111588319211 0.7786031944754493 0.7878518779192153 87.65 0.0005 0.08 256 resnet50
0.49257403922096893 0.824342215365411 0.8563546661275094 0.8679772575287907 0.8732323264319345 0.8824081755700622 0.865561464263151 0.85572126830864 0.8635084845790175 0.8566960923804757 0.856449779203309 0.8521949775505446 0.8568904275464103 0.844927531277728 0.8703858362539191 0.8464992846440164 0.8589867921786681 0.854904112960138 0.8474191228660704 0.851026204264286 0.8591545536636274 83.39 0.0005 0.009 256 resnet50
0.49257403922096893 0.7674459539606899 0.8599916959394203 0.9136446974952857 0.8497431758487834 0.8731726980326332 0.7991858248367929 0.837527095514283 0.8375550809726546 0.828138101565741 0.8150799116508547 0.8335504720149636 0.7744942859862316 0.7706111730053842 0.7590010870124941 0.7566520607254652 0.7754762944005068 0.765920187388031 0.7737892405021474 0.7657381269393925 0.7582322059597622 86.69 0.0005 0.05 256 resnet50
0.49257403922096893 0.8479127650451593 0.9017806730932157 0.8450728738455952 0.8219039827038099 0.8519733106183467 0.78471859804231 0.7922311773032491 0.8553305057161721 0.8340628499960322 0.8192738542479131 0.8443701478115372 0.7957710994837671 0.7790067208944376 0.7765761185116008 0.7939869608060449 0.7559373159658678 0.7604678534492615 0.7662791848318966 0.7604721655578444 0.7762028843392433 87.64 0.0005 0.1 256 resnet50
0.49257403922096893 0.8087078658362797 0.9000898992804386 0.9090568730498079 0.8914628457430537 0.844666075016525 0.7806608496867166 0.8073447162404203 0.8021362400992981 0.8145714698723979 0.8094278667380125 0.8052174462706368 0.8712516744504407 0.7897412753291253 0.8301686835061456 0.8094289371765945 0.8228870442477425 0.827109029335329 0.8142959779067356 0.8051622207331257 0.831591455255365 87.36 0.0005 0.09 256 resnet50
0.49257403922096893 0.8552935915589615 0.9023818501258714 0.8842265955108999 0.8584505828205983 0.9227496937875413 0.8298766053310274 0.8554970892796427 0.8337993195834928 0.8609722567593149 0.8349155043832586 0.8064514351880813 0.8030228632162636 0.7878886125839496 0.7879391848118746 0.7934782570291887 0.7768444759218948 0.7824538271615633 0.7842099160816423 0.7779989033085891 0.7698752208818759 87.25 0.0005 0.07 256 resnet50
0.49257403922096893 0.8731446767475277 0.8527807685714842 0.8344057139256529 0.8373793136509298 0.7877199926140516 0.8157236863061496 0.7940365536403579 0.7851785341885829 0.7797366047919262 0.784609765704153 0.775715437779382 0.7930091456919166 0.7905291945937084 0.7923876942423348 0.8062968996740788 0.8228001582489358 0.8025958912358123 0.8083373046043608 0.8087654152204858 0.8065845436929412 83.59 0.0005 0.02 256 resnet50
0.49257403922096893 0.846867094677325 0.8590516781956898 0.8306998465354358 0.8542944885029229 0.8406843603006283 0.8458712150137718 0.8397230338247368 0.8254823306476573 0.8330782492004842 0.8279918439281971 0.8156186234564485 0.8233040806872683 0.8251363016388567 0.8178549838230806 0.8272992242089583 0.8243284925276992 0.8276169030602881 0.8208293875890249 0.8232029394052164 0.8232684662933604 83.06 0.0005 0.007 256 resnet50
0.49257403922096893 0.8741358809156072 0.8344644017336936 0.850207729898304 0.8288721369594115 0.8391738943173932 0.8384086090784147 0.8412906867771656 0.834723193529667 0.8444474086572012 0.8292222322451002 0.8312588881617633 0.8350458402584614 0.8343660137485347 0.8464469110380438 0.8438824301332979 0.8483423983301067 0.838784493141626 0.8482483596179248 0.840948592893827 0.8445738206235532 82.24 0.0005 0.008 256 resnet50
0.31025709595879264 0.9776130473612872 0.9357995918782475 0.9464199766895466 0.9352414013254732 0.9428863033669681 0.9457264611437399 0.9380619254700818 0.9642754204419418 0.9604762426518733 0.9534695402455085 0.9562677196314137 0.9504591835198876 0.9591308586472378 0.9637784673950363 0.950231232691983 0.9640003559094715 0.9621706098276792 0.9556034185541692 0.9680842971208076 0.9647166671824047 80.64 0.0005 0.005 256 resnet50
0.49257403922096893 0.83590194984902 0.8887986646030144 0.8329114268517432 0.8785780929803879 0.9100641689069272 0.853467026041121 0.8269622450585414 0.8109243471469573 0.7993189965882342 0.8070803132363173 0.7883761045342959 0.7850441755422005 0.794069387957774 0.8069516215927482 0.8256891293430181 0.8272922565190073 0.8121813416214765 0.8137798619794685 0.810252399763515 0.8259782727619368 78.76 0.0005 0.04 256 resnet50
0.49257403922096893 0.861302722878861 0.90020400850836 0.8283794661626628 0.8439975057080056 0.84996282673731 0.8366646185499992 0.8292585720832735 0.820473498037288 0.8219746403288143 0.8115680310897109 0.8179273855684704 0.8157280626614843 0.8078341257529273 0.825135159054584 0.824666999736759 0.8141838720351201 0.8159315002017974 0.8185249105279354 0.8109311517277221 0.8072303336030893 83.43 0.0005 0.01 256 resnet50
0.49257403922096893 0.8401839083605479 0.8331286686975116 0.8028137757284859 0.806944084140191 0.8039137075865959 0.8159683500635958 0.8114685539478691 0.8098122704105173 0.8296526525614 0.7884950569962984 0.8085457994907088 0.8245445963309948 0.8228050011651604 0.8203836230749314 0.8418722761355356 0.8434152423545273 0.830839864494633 0.8363775315272732 0.8367108047767027 0.8333296432757799 85.63 0.0005 0.03 256 resnet50
0.49257403922096893 0.8979972895342212 0.8748897685413898 0.882492947919513 0.8842819026427658 0.8986965344583173 0.8883673863409862 0.8943691300538988 0.8890244171637756 0.8944572230619748 0.8781564686541198 0.8889999350336766 0.895371720276695 0.8946517439930831 0.9015793397966847 0.9035253417899548 0.8836792698258806 0.8955592417030731 0.8951918407954763 0.8860943317513335 0.90325451866772 80.61 0.0005 0.005 256 resnet50
0.49257403922096893 0.777815695063071 0.8431107128485864 0.8306210063364752 0.7701501768932711 0.9139151328533228 0.8640898424970378 0.8710235106635571 0.8458108192592475 0.8384321240472219 0.8545394146539858 0.7849111863683177 0.7850214574681286 0.7882517168490569 0.8015622614054634 0.7994482493397109 0.8075435786863971 0.7992904588674337 0.7915628661488476 0.7885134510954697 0.8058071089000339 86.72 0.0005 0.06 256 resnet50
0.2908139161201516 0.8611698441812139 0.8060979377270472 0.8718672062992004 0.8885014706541299 0.8513682196484362 0.8815916519601131 0.843345236148848 0.8404309853696179 0.7712864878151181 0.8119082817340011 0.8043638726953373 0.830269900744083 0.8098528852979267 0.8106532402806325 0.8178360016234563 0.7900703319970782 0.8078831709714293 0.8181148706763505 0.8126733783279657 0.8142415975019068 85.29 0.0005 0.08 256 resnet50
0.49257403922096893 0.844947684238913 0.8320087147898989 0.8342019075031709 0.8364254373203669 0.8279852857971604 0.8245323945372462 0.8299833046678919 0.8269527757275549 0.844947328438718 0.8234851116808695 0.827253658815862 0.8364058404394049 0.8328823179592432 0.8275912650979147 0.8452875438268295 0.8343106861435337 0.8377759482833905 0.8331680218295173 0.8315416286483649 0.8307283869191978 81.73 0.0005 0.006 256 resnet50
0.2908139161201516 0.8633740760367083 0.8732689799482146 0.9220473202766166 0.8967973502646616 0.9334370026814784 0.8428628831863171 0.8829616425578082 0.9026269883820965 0.8487582064239823 0.8316483551293122 0.8519719100829916 0.8287578336723529 0.8469831149992497 0.8538596700367126 0.8614818941484789 0.8398019374603598 0.8510207794664527 0.8454935305395369 0.850814902480461 0.8581599997573304 85.13 0.0005 0.06 256 resnet50
0.2908139161201516 0.8792821933899195 0.8729092007791814 0.8477293473423402 0.8232540078967686 0.8748549359706572 0.842539608472946 0.8527714830345978 0.8460858452722381 0.8207581475882689 0.8547631602860473 0.7959742362087846 0.8144047080883149 0.8489848174941005 0.8202077584395111 0.8337215040437806 0.8248306941182271 0.8274525475037298 0.8161359288447646 0.8261353480385523 0.8273258598614447 88.13 0.0005 0.09 256 resnet50
0.2908139161201516 0.8749649458983991 0.8116358274993063 0.8587431078064067 0.7960243670897149 0.8367000249785222 0.8097027524802531 0.8299146814070808 0.8126621883448819 0.8099482880091786 0.8046660127279409 0.7950870296435286 0.8013704725608125 0.8014814695262403 0.8123897767759952 0.8128598233609816 0.8218332331826739 0.8149036957322116 0.8218413540348718 0.8219469901463718 0.8310922796214976 86.13 0.0005 0.04 256 resnet50
0.31025709595879264 0.8614946204253733 0.8928010601135117 0.8853432427835339 0.9075354356498481 0.8808734936777572 0.8749209384957785 0.8787720792085484 0.835528952801916 0.823071027520304 0.8666679012562049 0.8421746681204945 0.8877536885238072 0.8605876500640076 0.8353565285910958 0.8679184336814048 0.8599981404203931 0.8683912097724324 0.8691148990412917 0.8711030042125313 0.8566641316234285 88.6 0.0005 0.1 256 resnet50
0.2908139161201516 0.807825801703428 0.8754254650421486 0.8238474524537149 0.8610157324438589 0.831603712744508 0.8217457190813383 0.8990942187489291 0.8144653798359315 0.8367728621909398 0.8278179746066385 0.8306517013566395 0.8183939679597971 0.8234288733680828 0.8164665210732927 0.8082867598849113 0.8203024562373025 0.836869458798276 0.8178441163523053 0.8279722026359417 0.8238767035959068 85.29 0.0005 0.03 256 resnet50
0.2908139161201516 0.8616900587131907 0.811522610384743 0.8213903628423779 0.8730346000393429 0.8412231870283468 0.8285151620560558 0.8398043629262409 0.8408546160937327 0.8388711750830072 0.8368874981284883 0.827269239150428 0.8162170261155728 0.8334169028021543 0.80811612382915 0.8041132716571304 0.7954985332246476 0.8064602981248615 0.7944279532757141 0.7976921477951775 0.8001528395323215 84.84 0.0005 0.02 256 resnet50
0.2908139161201516 0.8873273405014721 0.8592101709146391 0.8541567834507617 0.8644008378573166 0.8740731567711423 0.8689469970076361 0.8721894613795058 0.8629428148985275 0.8689856529296361 0.8787795375315649 0.8725540355243783 0.8785200729998014 0.8822270559741021 0.8838829691015622 0.8574529856998767 0.8794968125914184 0.8574671792806364 0.8705032239974351 0.8847265488691343 0.8768665027173773 81.29 0.0005 0.007 256 resnet50
