0.4132060552092296 0.7714052468576034 0.847982259877399 0.788892891828299 0.8535186389681637 0.8315932631984428 0.8354569391934124 0.7717142623225536 0.8698270870292483 0.8199331770184286 0.8507939147026246 0.8262902223137009 0.8438408091379102 0.8217856371539766 0.7843811958168406 0.7984412007745172 0.7713502836347013 0.7631604000851765 0.7719092879347746 0.7660743997678472 0.7625409078808622 89.8 0.0005 0.1 256 DPN92
0.4132060552092296 0.8140264442546657 0.8300094899595846 0.7379345267417152 0.8018999245397087 0.819447035840429 0.7771599942905475 0.8180903838923201 0.7836033362036257 0.8276054241379055 0.8066683288284152 0.7694139685719563 0.8427484060294796 0.8102146395191143 0.7997119813621367 0.7505501900012412 0.7609811723457222 0.7520996124192583 0.7469872053952415 0.7652546778305507 0.7643626800126873 91.02 0.0005 0.09 256 DPN92
0.4132060552092296 0.8519949504150207 0.8065016243884966 0.8227367708339313 0.802317566187925 0.787942337647675 0.7725411167402352 0.824569311046661 0.7525993168578679 0.8103585196035793 0.7860048744888154 0.8051891426985581 0.7837798233058293 0.8012810346842261 0.7981809817764735 0.7935048310042341 0.7753775764530983 0.7608291575481186 0.7696668490822677 0.7783031923402508 0.7760854348903226 89.64 0.0005 0.08 256 DPN92
0.4132060552092296 0.8138361318378975 0.8307287590908845 0.7988943823607958 0.8503491576196286 0.8298650418515083 0.8369542971947754 0.8167659792466536 0.818968144453357 0.8620632655963053 0.7725419813957731 0.8298686932721826 0.7925924752997753 0.7789028313767662 0.7851382846575226 0.7888165048796381 0.7838434562310981 0.7774028663246247 0.7653915361672499 0.7816875107244466 0.7713348500171457 89.34 0.0005 0.07 256 DPN92
0.4132060552092296 0.8975960871948826 0.8702960859084072 0.8989874715872409 0.8742055557009651 0.8140053965029245 0.7998754185926856 0.8047783949582532 0.8303874945154793 0.8247777864410508 0.8422273588026781 0.8023945440684176 0.8167426249519106 0.7767446784224792 0.7558165724167472 0.7840038022389102 0.7773522928680562 0.7775196326264452 0.77895695627364 0.782611076215141 0.7856613432217913 88.74 0.0005 0.06 256 DPN92
0.4132060552092296 0.8255862523229395 0.8065828160974711 0.7909490226690749 0.8140946353845783 0.7925588685603192 0.7691060415431454 0.8191006891053776 0.7500728840427223 0.7722003768640368 0.8256394449194089 0.7740375860390984 0.772460996541031 0.7598124842870392 0.7695473148727562 0.7917511261811415 0.7832299311538742 0.7748248205366967 0.7650487107066196 0.7738830448730591 0.7695081354570086 88.4 0.0005 0.05 256 DPN92
0.4132060552092296 0.8263139565987097 0.7963258118042654 0.7830951740063017 0.8633243422795441 0.847738256153267 0.831802602516445 0.8007702720937924 0.7854918219270454 0.8198266090072167 0.7908544755457985 0.8151669516151284 0.7814472689845543 0.7793619306029795 0.792849345916938 0.7959418969899352 0.8121633931943398 0.805003497128378 0.8086305956551583 0.8134151612004088 0.813525030889025 88.41 0.0005 0.04 256 DPN92
0.4132060552092296 0.834832352472394 0.881015553096115 0.858408622649601 0.8038496848229494 0.7877111197379648 0.8073752831202582 0.7939239051081572 0.8914782030859506 0.8160730865131246 0.7776644452911722 0.7863353750586185 0.8045492585970753 0.805231376387285 0.8106792017170236 0.8274901448486173 0.822599965614468 0.8403823101348966 0.8310864125556634 0.8445319559590679 0.8466472012780468 85.3 0.0005 0.03 256 DPN92
0.0 0.8929228626866016 0.8507528875172227 0.8961907166444818 0.8239293648767627 0.8224801216400635 0.9148671746667654 0.8454651142878699 0.852895118891497 0.8725227242949213 0.8555561337638334 0.8716289670642224 0.8170241126810387 0.8408285353806426 0.8099200639128007 0.8344900491355083 0.8314256500849556 0.838004247346806 0.8287640214994034 0.8240381107633623 0.8272608569327271 89.09 0.0005 0.07 256 DPN92
0.0 0.8966694249760739 0.8536612209198157 0.8246345215181209 0.8560945588675294 0.8641535831135942 0.8325638485441358 0.878866459690842 0.8337960782645495 0.8318619122313571 0.8549605126668786 0.8432051726535488 0.8103517600079602 0.7990592246923185 0.7980462136991906 0.7935028724621354 0.7967757854457352 0.8369145619585789 0.8121537141117365 0.8126815586100533 0.8106126589237843 88.51 0.0005 0.06 256 DPN92
0.0 0.8869983000420647 0.8399109213359159 0.8244739977393213 0.876106195103127 0.8382185916179437 0.8737608720435971 0.8996816078704665 0.8337168408802144 0.9197699201751937 0.8537843069507849 0.8616899696649918 0.8515412943120623 0.8398640436002462 0.8313550226703518 0.873348883702327 0.8325126088490639 0.8388126736405969 0.8458245209102269 0.8649928163130324 0.8629280886015367 87.68 0.0005 0.05 256 DPN92
0.0 0.8804643796677787 0.8892206359393451 0.878056588688577 0.8971715032587584 0.8314248755013309 0.8617636750146963 0.876810136639542 0.8525207800704808 0.8260471866510986 0.88409558105825 0.8570973473190464 0.8636879639149277 0.8230482924080239 0.826635463991764 0.8635351695343414 0.8713785011038753 0.8696596408726016 0.8725540542246786 0.8688202802000043 0.8535644560267791 87.41 0.0005 0.04 256 DPN92
0.0 0.9080898010699845 0.938691210888726 0.8899471317376729 0.9153751458508329 0.8796826859724463 0.9191593196993226 0.8642556463352041 0.8792691802907477 0.8652164586198238 0.8731284915409177 0.86994287936618 0.8602204745742574 0.8633249942591058 0.8507666504932443 0.8481813623869676 0.8404104141092755 0.8616580058574563 0.8539160149352627 0.8657253673523299 0.8551950447426138 86.47 0.0005 0.03 256 DPN92
0.0 0.938891522678631 0.9012254839370216 0.8760536780065733 0.8750002387914928 0.8612101250466583 0.8378930148989211 0.8408116790083985 0.8776616277415095 0.8416643177271268 0.8826089777344441 0.8742543407310269 0.8329098806517607 0.8218579776029371 0.8192940669003864 0.8355459966053371 0.831335168951009 0.8455365389612679 0.8344837277799111 0.8426933776029644 0.8191211049105449 85.7 0.0005 0.02 256 DPN92
0.0 0.9753421392123461 0.8738699763994283 0.8888217207673591 0.8954401751826375 0.8680840172043527 0.862302678485902 0.8560300545774875 0.9109440033229943 0.9162758893217575 0.8853892799218379 0.8958602558496067 0.9094114984010829 0.9196668806276316 0.9186545927505557 0.9098720358275196 0.9293286711049068 0.9250214263388866 0.9270425879171339 0.9073986204278817 0.9279730126146518 80.1 0.0005 0.01 256 DPN92
0.0 1.0082501656466847 0.914701313809301 0.9575011486998842 0.9575708805469881 0.9682334961677674 0.9587594576372558 0.9624426797805802 0.9649019612085382 0.9643320718056794 0.9575572149786069 0.9622443059153494 0.9612257311419306 0.9596064621292243 0.9536072597704113 0.9553137232795863 0.9601575014168111 0.9598575987292957 0.9634778027203217 0.9608503889148468 0.9507145269744628 79.97 0.0005 0.009 256 DPN92
0.0 0.8280863590724706 0.8314981138825718 0.8044308317632847 0.8306755526444095 0.849625016572848 0.8119370916318723 0.8255093837911339 0.8086377186191496 0.8201816465125848 0.8176399670906269 0.7621117992714693 0.7796811409108142 0.7746181413810471 0.785589297618282 0.782915127399968 0.7845185308252992 0.7825131043350734 0.7793475446163467 0.7861589075353745 0.7823750161508727 87.66 0.0005 0.04 256 DPN92
0.3660078391331289 0.757586985495494 0.8040484431507828 0.7749569112031248 0.8040642736776435 0.8328517745115674 0.7688022944554193 0.7915617511175284 0.7785899906741727 0.7735946078029751 0.7995510053647922 0.778712501051006 0.7641236601327855 0.7660207538873429 0.7586052162694458 0.77184649440239 0.7643586024656561 0.7811587749420725 0.7665660281398188 0.7626844174641001 0.7750584567336273 88.67 0.0005 0.1 256 SENet18
0.0 0.8463190203578383 0.8490014524070625 0.8682368157725138 0.8491079710849566 0.7599762052184709 0.8492114230198088 0.8157400725327291 0.7958956404367491 0.8088085493051945 0.8352841883816556 0.8392082260953404 0.7830261590833504 0.780196253229473 0.7709628879939193 0.7805639174822143 0.793142073776414 0.783044343785797 0.7820953257969241 0.7825015983598995 0.7838584638926035 87.31 0.0005 0.03 256 DPN92
0.0 1.012701958565197 0.9242728811359094 0.9295611234582098 0.9227895151175359 0.9591402031987735 0.9049443477728697 0.9202181252200695 0.9197118148155619 0.9071454280056512 0.9071916231075547 0.9143096021101452 0.9113829009279517 0.9054598711970887 0.9278588141121237 0.9148935147962863 0.9192411794031685 0.9173009503815633 0.9245971351542525 0.9225602210314454 0.9070806760018694 80.45 0.0005 0.008 256 DPN92
0.0 0.9289663169045671 0.9354734365340914 0.8750394490773529 0.8761718000849317 0.8866542567953881 0.874240550060958 0.8886411047557554 0.9173059667284003 0.9232406631751263 0.8921793748502509 0.8986850492550025 0.9043979844704103 0.8851513671238973 0.880287097251413 0.9076906977219501 0.9112613444048121 0.8962118073366078 0.901958424307286 0.8985100074517415 0.9061132481956343 81.78 0.0005 0.01 256 DPN92
0.3660078391331289 0.8110784014619182 0.829623133560674 0.8262678638087805 0.7843031283320064 0.7565271195436017 0.7417640481617925 0.8070130923191879 0.8202036954295715 0.8307081241483485 0.8369897632387538 0.7913764462932065 0.7912928784203233 0.7919715782399108 0.763171888707695 0.7694088939968262 0.7800555279654589 0.7926356062430666 0.762740254861551 0.766335462845409 0.7717985813437255 88.84 0.0005 0.09 256 SENet18
0.0 0.8822318270710139 0.8964167735504452 0.8461174548690693 0.8858515218118519 0.8619823166385894 0.8476947420825678 0.856395515609501 0.8439376801792109 0.8552828305613295 0.8474502808203801 0.835956872584636 0.8323453711890295 0.8225248100138007 0.8143071571694642 0.8285880273291262 0.8298174588237424 0.8243266501922573 0.8271914073628696 0.8258667868108555 0.8197343897610267 84.57 0.0005 0.02 256 DPN92
0.3660078391331289 0.8225144521863412 0.7375567737698191 0.7965202776820952 0.8187999076744191 0.7633367441934142 0.7626910271724424 0.8114166058168744 0.8233600173574744 0.7905644535570348 0.7623462567240922 0.7597004283602062 0.769577842045782 0.7655237462272616 0.7641120532903561 0.7629557344835547 0.7533358439743413 0.7562238683070468 0.747779775842092 0.7566938905829165 0.7614144072696704 88.06 0.0005 0.07 256 SENet18
0.0 0.9617506673888785 0.9549050867302746 0.9715754059754572 0.9366756568989645 0.9116519588779798 0.9352362958987953 0.9411788761516101 0.9265068002382796 0.9228864700248838 0.9427778546650949 0.9252113855279288 0.9414093684641763 0.9266744358525433 0.9417095450632914 0.9295861135449269 0.9349099522514355 0.9391839328825564 0.9361872703334406 0.9431003514035524 0.9351596426734442 79.51 0.0005 0.007 256 DPN92
0.3660078391331289 0.8025148559415527 0.8035136396925874 0.8215770538076218 0.8050200336398068 0.8224593780054968 0.7954826904174308 0.801851446539304 0.810149982344389 0.8009363423729213 0.7848507267055663 0.7875835587413991 0.7863527369563131 0.7723431034997813 0.7656608527182036 0.7698410007766852 0.7742620545875691 0.7852148306989636 0.7639636181381272 0.7694888775299542 0.7624505894415954 88.35 0.0005 0.08 256 SENet18
0.0 0.9142815972822388 0.9132997694841363 0.9268248989423522 0.8890950835687376 0.8877988354237247 0.8655361176787817 0.8758805331524624 0.8850867531970549 0.8930507514145978 0.8888514748564394 0.8813607007351273 0.8776341846175495 0.8894572757214325 0.87682433506934 0.8938538554810446 0.8889076091677633 0.8893013552343116 0.8905449890537684 0.8932411992599247 0.881830386524788 81.88 0.0005 0.009 256 DPN92
0.0 0.9846993884551613 0.9682791026629505 0.9593583428728186 0.9323433551077387 0.9527744882998479 0.9589997030609652 0.9619345942904868 0.9674444265433979 0.9904441510830091 0.9793306149742179 0.9926556754340801 0.9753221067513241 1.0065022973238693 0.9535259617031773 0.952868204751554 0.9834822858999359 0.9599229569098856 0.979466113417037 0.9880702180452212 0.9762615620083903 79.05 0.0005 0.006 256 DPN92
0.3660078391331289 0.8003630167417441 0.7921076248462721 0.8045527577327364 0.8134879025176153 0.7545179446345885 0.7658982606505456 0.8162398705948926 0.7894613420422596 0.7800174976181062 0.7831791802508775 0.7747982117858456 0.7481435048771238 0.7508583186490596 0.7647779683946352 0.8060833824353395 0.8304236479820714 0.827918112599844 0.8240704028108188 0.8203526457704594 0.825687457732856 85.51 0.0005 0.06 256 SENet18
0.3660078391331289 0.8504744030522389 0.7718726805684334 0.7707405137531625 0.8189299200642917 0.8239125005304899 0.7717476356822027 0.7653595091371117 0.7374349994281902 0.7536530963744825 0.7750230072597455 0.780725000536428 0.7643124803700931 0.7834831309355169 0.7740720087782332 0.7772949448361036 0.7869102778873096 0.7789753498004675 0.7712905767445244 0.7840869177172054 0.7867544289999292 86.54 0.0005 0.04 256 SENet18
0.3660078391331289 0.853570550413115 0.8346113238604544 0.7832097669294775 0.8217999935993697 0.803795051406597 0.7563754046009327 0.7367217356729198 0.7461168028611601 0.7535212301237172 0.7602693382448681 0.7592340132544872 0.7561828398578676 0.7639297656773607 0.825720735644838 0.7810006465654377 0.7688599646176612 0.7758894603885282 0.7748719125882281 0.7711641174243298 0.7731766252574753 84.21 0.0005 0.05 256 SENet18
0.3660078391331289 0.8122834086342036 0.7768310970013327 0.7905411324671267 0.7776780040420884 0.7933894051934846 0.7983087621774836 0.8060170654131152 0.8084512071803098 0.8328750442237158 0.8195172130629506 0.8209656712933224 0.8065238842900041 0.8334937286480071 0.8108340438209987 0.8333797902159732 0.761450487908801 0.7798126790623509 0.7762014733186168 0.7873748676756976 0.7815051777302106 85.36 0.0005 0.02 256 SENet18
0.3660078391331289 0.8138478830034326 0.7886703065298548 0.7746849514881895 0.7674662087934684 0.7734757921994114 0.7733316641565497 0.7692436972648019 0.7701434102728301 0.7864940916468021 0.7693661463194711 0.7750596086483249 0.779253261331832 0.7763429710636771 0.7745410917473454 0.7803870510534408 0.7842149149724402 0.7776085410726712 0.7790958600599862 0.7883293076760052 0.7842427310553035 81.37 0.0005 0.01 256 SENet18
0.3660078391331289 0.8300144043905568 0.7860702144267131 0.8045873163483086 0.7884651059773349 0.7756996799129928 0.7821532095738886 0.7730205369719981 0.7804421859739671 0.789015346037627 0.7783005739217665 0.779390027646956 0.7706379994249847 0.7902563022147734 0.8015335176336272 0.8112005619978659 0.7976228433825989 0.8061606909261382 0.7949961384045245 0.8061482467818574 0.8142794655504866 86.08 0.0005 0.03 256 SENet18
0.3660078391331289 0.8186840100886195 0.7643508781728876 0.7746775286242318 0.7873064601622316 0.7821020678846031 0.7860603558985787 0.7956310899199831 0.8089532055960846 0.819744920710178 0.815229477466149 0.8143348378272559 0.8231098499109577 0.8215070593065781 0.8294878796936138 0.8163233561522892 0.8222710886264829 0.8114162214533768 0.8145312952686671 0.8184204087390248 0.8284875739614528 81.36 0.0005 0.009 256 SENet18
0.3660078391331289 0.7882928109912639 0.7827559230126883 0.7961740558075749 0.7886180774171976 0.7964901441395018 0.8137297747963335 0.8051114737692978 0.8158724485441344 0.823073790455084 0.8024627796819429 0.8053283927119972 0.7962552911563907 0.8125610489121415 0.8132954988923886 0.8145430478369999 0.8051110280923678 0.81043459747356 0.8070145394783518 0.8066840576938684 0.8219896345604735 81.13 0.0005 0.008 256 SENet18
0.3660078391331289 0.8157210978714494 0.7775009068862256 0.7807091955651583 0.778439013872126 0.7735246702593542 0.7705898326488514 0.7758324505698397 0.7768803915302914 0.7858547446915154 0.7765841171944872 0.781340412226378 0.7889311404297317 0.7878693238229885 0.7980465838077806 0.7812807381525703 0.7978906509238912 0.8047935069036692 0.7855242441826316 0.8057484152909481 0.7963926203132289 80.51 0.0005 0.007 256 SENet18
0.3660078391331289 0.8330145304610913 0.7958105143692122 0.7977149229759708 0.7953664919452152 0.8034775437118913 0.8133744089658183 0.804787742737782 0.817890979941853 0.8204353014886522 0.802145281935463 0.8062377252687852 0.8065850279631281 0.8109233575482275 0.8105110005660805 0.8033585823625314 0.8071867745803655 0.8047691155621466 0.7909264315296514 0.808655142700396 0.8072936555912755 79.57 0.0005 0.006 256 SENet18
0.3660078391331289 0.855669956354343 0.830203295394631 0.8231073949837224 0.8229520390961181 0.8208992185389578 0.8190123737190769 0.820868326961342 0.8220104275972402 0.833814352956836 0.8281573124940421 0.8153136674458814 0.8308728107099035 0.8286236436100216 0.832203943578138 0.8349089183617857 0.8322524978176622 0.8293738728702654 0.8305672646072305 0.8378723986174411 0.8307631109353137 79.17 0.0005 0.005 256 SENet18
0.3660078391331289 0.8370394268590586 0.8111044504155818 0.8181471891690005 0.8237548820557321 0.8318730959368976 0.8434279232096767 0.8448259549469925 0.8483206501726259 0.8318767439905858 0.8507191226280365 0.8396826056602157 0.8442423489829356 0.8277682882372918 0.8331987514031011 0.8331753673853741 0.8268758301353535 0.8346693758103351 0.8317083748931325 0.8243556354519993 0.8292607243937324 78.0 0.0005 0.004 256 SENet18
0.3660078391331289 0.8638853883493148 0.8382239702676416 0.8477673856842763 0.831965447617972 0.8526322469216311 0.8594654059443498 0.8526831923250568 0.8518145824790525 0.8615712416623633 0.8526903832672695 0.8510761892916753 0.8482310941139525 0.8533083955768287 0.8625843690305652 0.8496765231899487 0.8472549233328392 0.859924486607538 0.8543484748097696 0.8503442085306899 0.8629057692665275 76.29 0.0005 0.003 256 SENet18
0.3660078391331289 0.8830520692096272 0.8815990619034819 0.872189294937331 0.8795000202147674 0.8718946849973763 0.8741218123529922 0.8654851744129073 0.8671756576985515 0.8675953428804593 0.8622960514233979 0.8523824929559796 0.862943471163553 0.8756700686537632 0.8706010254821583 0.8600879416396819 0.86358509272259 0.8691982415260289 0.8485193423181144 0.8576089913874958 0.8557169163078031 73.79 0.0005 0.002 256 SENet18
0.3660078391331289 0.9022179394161393 0.9990582767394759 1.0289396092133394 1.0326757841134346 1.0136279514775959 1.0344926410050306 1.0543679819245662 1.033231565057424 1.0248197255363893 1.039343371261642 1.0526934180265826 1.0385130734488504 1.0465848498821706 1.041303004256566 1.0512231544082065 1.0317673201911886 1.0360935811381522 1.0359253425961263 1.0467858631814573 1.0536707512715089 69.69 0.0005 0.001 256 SENet18
0.5622098007492063 0.8799904752788295 0.813883775385659 0.8849499725382605 0.8261368485571038 0.8446600944138661 0.8270707767371634 0.8286716657958461 0.7874040321547866 0.8043026936818451 0.8425147226721346 0.8334180952289246 0.8319837099146093 0.8171055304112101 0.8328520476321707 0.8188040722516573 0.826156491666053 0.8199624889635458 0.817562615739709 0.8242619379241478 0.819631955310343 88.48 0.0005 0.09 256 SENet18
0.5622098007492063 0.8198581633698733 0.8922390084993894 0.8403391336921804 0.8276034440574517 0.8065336025918777 0.8001481062807302 0.8485935081695434 0.833834836932607 0.9039304587649625 0.8117614948316177 0.8131802714902127 0.8018471094330117 0.7931414189604571 0.7881015525146414 0.7865159611337278 0.8017260352663207 0.7917462794071811 0.7998096654906139 0.8049084352567659 0.799245240497548 88.88 0.0005 0.08 256 SENet18
0.5622098007492063 0.8157871567132093 0.8475579131052748 0.7991800526103957 0.8562776413468093 0.8944414381660972 0.8024870962359789 0.8345772546976231 0.8623856966387627 0.8886386686805757 0.836506420424761 0.8467074071550216 0.8302859548969604 0.8431513879593977 0.8438912004978684 0.8513772402620002 0.8576665050998489 0.8460992298487582 0.8412375848655587 0.853814938037698 0.8435170910541528 89.23 0.0005 0.1 256 SENet18
