0.6242079911001841 1.387759158725027 1.392419084771803 1.365894679574005 1.396890622168642 1.457654107490167 1.608984665696003 1.6546390575803787 1.6591041843129 1.615057802347521 1.6009250383977787 1.6120244221056428 1.6121103247279185 1.6147498558915603 1.6170814903406585 1.6112676380446271 1.6114547037215217 1.6144108333569465 1.6102961342162607 1.6111138277015398 1.6129739311165951 64.53 1e-05 0.5 512 resnet50
0.6242079911001841 0.8265460969040026 1.6286259935840806 1.308209796546517 1.3655603707236446 1.443993457748199 1.640786913467839 1.600256189423407 1.5922814349280834 1.6028356638001486 1.5879008105289347 1.5888565863701356 1.5839366958400725 1.5888105173291485 1.5974964709265012 1.5810912761707585 1.5889460110043918 1.5840382568085136 1.5856221808693949 1.5855395137888961 1.5815943308888405 66.19 1e-06 0.5 512 resnet50
0.6242079911001841 0.031679870643876555 1.2375568106076908 1.38654993247006 1.3923267468150526 1.4961020861294976 1.5213170833865468 1.4880985618659672 1.5017975610071048 1.5055014912657592 1.491466208445034 1.493526223681038 1.4840490166592 1.4898226587342915 1.4920281315706156 1.4896184582651824 1.4856428514908715 1.496252015853562 1.4942619489792188 1.4896740623325149 1.4884650969320286 71.51 1e-07 0.5 256 resnet50
0.6242079911001841 1.0003476736982597 1.2457705715690925 1.3781836168578463 1.4437728006806714 1.6077837324761435 1.5321970757258199 1.497056855838486 1.500282775757496 1.49578300907177 1.4990138216171527 1.4947717350208694 1.4990855761546138 1.498639478552577 1.5002314925331681 1.4930751340805182 1.4954644005196758 1.497442110707481 1.5007679262796032 1.5007339422580839 1.4971501886891116 73.33 1e-05 0.5 256 resnet50
0.6242079911001841 1.2805115048741889 1.3762033654314074 1.2683989450488595 1.351203574150367 1.4113559717154451 1.4817822440221284 1.4206670985971581 1.4102897827813468 1.3996421752075918 1.4315195859197187 1.4140072794151037 1.4096361001224524 1.397271264489229 1.410581297422109 1.4084968375894846 1.4093799788017591 1.408011402221437 1.4131792310971827 1.4083799916248068 1.40649555597717 72.87 1e-06 0.5 256 resnet50
0.6242079911001841 1.2126348696182527 1.4603368551984017 1.3697082090134716 1.445071447133411 1.5908731307602215 1.6228358991755556 1.6375055113134962 1.640294161669714 1.6316872759094525 1.6438728074639055 1.640793720497393 1.6397781464724017 1.628194890187947 1.6289172297680659 1.635430494081566 1.626232130618017 1.632141958370998 1.6274202370930773 1.6316662940427198 1.623740601403807 70.75 1e-07 0.5 512 resnet50
0.6242079911001841 1.3190940970459415 1.3348492812987385 1.4021010468049084 1.4213816133941386 1.3901667236084276 1.4015976342506802 1.3928553423009982 1.3899558730549657 1.384924843961189 1.3881592752866678 1.3858041188087484 1.396712759597044 1.3920578578933283 1.3913686958118734 1.3932537486186305 1.3952867317735342 1.3986312707932915 1.3894684586589372 1.3879660805051228 1.3902653758264663 78.21 1e-06 0.05 512 resnet50
0.6242079911001841 1.2743173308246036 1.3771265980422662 1.3840075082363743 1.3456100867676548 1.3550991792575564 1.3580139111886806 1.3341743473711731 1.3235911053848017 1.3285860418428421 1.3149548359590968 1.3215988857453622 1.3218997909200676 1.3237222800114765 1.3186243242889157 1.329654306311913 1.3208977866704583 1.3209137598430396 1.329351974774566 1.326295592301255 1.324357412742469 76.56 1e-05 0.05 256 resnet50
0.6242079911001841 1.3887830337632943 1.3031193286445708 1.3040922941119653 1.284349809613287 1.301816988780499 1.2954036518334875 1.2918836563146336 1.3001945430985524 1.2990785193846042 1.2936291491840917 1.2957598227434133 1.2964068110095612 1.3008581461004627 1.2987812668464653 1.3034269428211125 1.2890905111659539 1.2948083134251143 1.2976416822195724 1.2964982830175686 1.2973760826720584 80.6 1e-07 0.005 256 resnet50
0.6242079911001841 1.449077688894489 1.486057941517584 1.4766901505313152 1.4843936076659923 1.4802179017627812 1.4764033492856643 1.4805721484426924 1.4755683977313063 1.480583541413509 1.4789623747778475 1.4767299706446233 1.482073084295228 1.484852563303906 1.4753031630579678 1.4744947728530275 1.4806873909158496 1.4807855682056468 1.468956339496999 1.4831806803500414 1.476710897118984 73.98 1e-07 0.005 512 resnet50
0.6242079911001841 1.5090968286057562 1.527165697356696 1.5228075084804198 1.5245167183980823 1.521692100530275 1.5121205932265025 1.5195861875036516 1.510335705391778 1.512588251737381 1.5160535421759231 1.5126145096338326 1.5144811499881101 1.5174961903257747 1.5108402520033908 1.510767415486223 1.5160882105164375 1.5153963007106561 1.5090418526687068 1.5136092340101093 1.5161808829864492 74.62 1e-06 0.005 512 resnet50
0.6242079911001841 1.3750798988894954 1.3404914518541904 1.3164384534627782 1.3260448184216351 1.324704072287664 1.3253414681246773 1.3270024157040574 1.322291921884929 1.3197867499795646 1.3214529461921807 1.31671269445269 1.3179257638315425 1.324991869271524 1.3276029633190496 1.3245889338392032 1.3260273856674403 1.3245367575272886 1.3230011075024026 1.322052548275252 1.3226953582146501 79.44 1e-06 0.005 256 resnet50
0.3983681984346223 1.323879127262789 1.3344391549769188 1.446646513239468 1.3566786891942213 1.4739521045405508 1.5387338083003144 1.5642414458901615 1.5780069180218808 1.5784015048532796 1.5671816140079493 1.5863766542056934 1.5942534005385844 1.5818549180062704 1.5784963486441725 1.5842954908018387 1.5861760301419308 1.595250487847613 1.5894370384022725 1.5909490446847838 1.5932267254919228 65.11 1e-06 0.5 512 resnet50
0.3983681984346223 1.4914046628292508 1.3936795449077009 1.3497514716516807 1.3881179829994046 1.55931977144884 1.5264520831496466 1.51211000897748 1.4865367891812935 1.5066693986444162 1.459705319101439 1.5043527648911827 1.4961115566265284 1.5242604641334774 1.524239495260945 1.5105391750767052 1.5097970023750493 1.5168379490982957 1.5047888526576176 1.5049693619824902 1.5156117842564916 68.81 1e-05 0.5 256 resnet50
0.3983681984346223 1.2299654187153168 1.3648495925581896 1.4060421488736317 1.3519301924233735 1.3371279840102615 1.3351866349450652 1.3336593924050384 1.3369756706826925 1.3417713359668948 1.3388875702249259 1.3403936624858783 1.347773908131853 1.3401247611818505 1.3304066406483122 1.3355263192564317 1.3361882479239435 1.3364190216104332 1.334155386452878 1.3381005827958228 1.3389041110334663 78.93 1e-05 0.05 512 resnet50
