0.40888740651600786 0.8253468290014112 0.8851386696379264 0.8162912466364735 0.8104661169741542 0.8094834165817226 0.8068616565515129 0.8052451302141742 0.8053359323232698 0.8094630963732091 0.8007345749082235 0.8042309084384955 0.807029317225463 0.8070162809525349 0.8026851964348822 0.799519769126439 0.8016979913707089 0.8020731801286284 0.8049503232901938 0.8033149713662623 0.8026154888275794 83.18 1e-05 0.1 256 resnet18
0.40888740651600786 0.8776677238987852 0.7971597970606904 0.7978400864791104 0.7972714764478274 0.7977675130848496 0.7940741590954298 0.7948191797935944 0.7935153285435331 0.7927606901788786 0.7977238521334615 0.7954437238717518 0.7923832829386455 0.7938446278595583 0.7960793459319702 0.7955390793620627 0.797178503992396 0.7988971729824086 0.7975161015473202 0.7976140026462104 0.7958855934700138 83.78 1e-06 0.1 256 resnet18
0.40888740651600786 0.8401536782071836 0.8152374189222759 0.8067838564887692 0.8026035647779625 0.804029964143986 0.7985388237156763 0.7993872186125378 0.7992176496153625 0.802058564684136 0.7920271576884218 0.7962018118243921 0.7959839813456039 0.7992593432971177 0.8028869843348173 0.7949664010403474 0.8016735473677188 0.8031958789083089 0.7959973206214183 0.8050189928318555 0.8011021934896051 84.45 1e-07 0.1 256 resnet18
0.40888740651600786 0.8492510191793576 0.9017488971483186 0.8281895175082312 0.8460402146834783 0.8448754559074166 0.8332607150938053 0.8285598774357321 0.8349284410878564 0.8381128255705428 0.8370761155733958 0.8381562306259747 0.8364860004866683 0.8299797625669337 0.8308740803658421 0.8302393480673177 0.8304760880673748 0.8332509772576445 0.8333778296719339 0.8422550109301757 0.8296081493360151 79.07 1e-06 0.1 512 resnet18
0.40888740651600786 0.893676276308526 0.8740775560866508 0.8601814808882043 0.8490679805836412 0.8641610869660385 0.8577046164071025 0.8562481871849694 0.8467904721543325 0.852739479686932 0.8475622935755065 0.8462536346149879 0.8477605438530875 0.8453103631163889 0.8543162945927866 0.8497049273533567 0.8565796061437642 0.842903523826047 0.8509587040105666 0.8513066335860674 0.8515637736371011 82.15 1e-05 0.1 512 resnet18
0.40888740651600786 0.846361486292121 0.8546227694228211 0.8128161491745571 0.8319744048441554 0.8276946677196813 0.8368090306806315 0.8364661563608178 0.8245247061914466 0.8305305229664178 0.8256368719521219 0.8262296487206647 0.828392337849515 0.8269030560285272 0.8268939761244163 0.8285178518778972 0.8256410956292842 0.8246588887135381 0.8386147381514648 0.8423487078504229 0.8442971547790973 81.82 1e-07 0.1 512 resnet18
0.40888740651600786 0.8325538361717912 0.8957326723561074 0.8701336206952446 0.8308534234511181 0.8475468971114826 0.8479267415009548 0.8419648934723447 0.8371191608196407 0.8389767583517913 0.8373355351436382 0.8379981931979116 0.8376016716119689 0.837159820095769 0.8376189374447585 0.8382597738301901 0.8359174720300656 0.8356146086395859 0.8373227530415451 0.8365364775639194 0.8373793602996897 79.32 1e-05 0.1 1024 resnet18
0.40888740651600786 0.8536854911625773 0.8759938062885532 0.818471077711561 0.8327781658367712 0.8357818986675634 0.836671510529371 0.8353641022267562 0.8366707771026496 0.8343681245435047 0.8345294582325592 0.8364010597419629 0.8302100310711609 0.8350403648806467 0.839496520463034 0.8361224267307673 0.8283142001043343 0.8332306353147407 0.8341056185445868 0.8264585738830746 0.8283605510472789 79.32 1e-06 0.1 1024 resnet18
0.40888740651600786 0.8090833527871694 0.8851615623870844 0.8763585223256222 0.8870395984156597 0.8769544685152298 0.8734651893620672 0.8792518293403326 0.8753436727114731 0.87424674665556 0.8765402116177716 0.8784651182841939 0.8777448095042026 0.8754622113953185 0.875101463702607 0.8755226736980893 0.873687425086432 0.8747684674043884 0.8744625821805906 0.8761581326845015 0.8754142404822625 77.64 1e-07 0.1 1024 resnet18
0.40888740651600786 0.7893608087372951 0.7940348395195713 0.7887174686165258 0.7818046029967972 0.7809720525513653 0.7817431957482884 0.7829731515157963 0.7848178777271682 0.7868677304176669 0.7883324449143576 0.7842628176831131 0.7820288224369246 0.783112915689628 0.7842192289042436 0.7853331313678948 0.7846226808798015 0.7852169475612075 0.7833234627529003 0.7846502450979382 0.7841951854863362 83.82 1e-05 0.01 256 resnet18
0.40888740651600786 0.8063642453239932 0.7779457968879021 0.7761590602698472 0.7814190982619295 0.7832800457782071 0.7733550234648687 0.7699836812273518 0.7707656383727332 0.7749644875680999 0.7699108068850119 0.7823216699309871 0.7621954160420595 0.7740176275290294 0.7818103685232053 0.7727893064727154 0.7805853646650847 0.7764404008866199 0.771909667873741 0.7739273662723791 0.7779222142367211 83.55 1e-07 0.01 256 resnet18
0.40888740651600786 0.829519093720875 0.8118531505738728 0.818789905303282 0.8176178082927632 0.8180675125938164 0.8123699358972536 0.8126151541942082 0.8175503050608082 0.822426584346197 0.8169585077699444 0.8222889942969687 0.8164874719726208 0.8198340423187409 0.8130349763319606 0.82310546621007 0.8189170925135891 0.8196506491000025 0.8227340850527944 0.820292439764085 0.8208276671932847 81.23 1e-05 0.01 512 resnet18
0.40888740651600786 0.8566202746338596 0.8401289977450689 0.8382793973700001 0.8389054575964456 0.8371590821021695 0.8386792712016748 0.8398852003034052 0.8393465410927297 0.8361761535967017 0.8404330257263681 0.8425486300638635 0.8416114734643552 0.8405624509222781 0.835683096335078 0.8443345629442284 0.8393948984932215 0.8418576668148775 0.8449934490095827 0.84057473515824 0.8432394402657646 76.81 1e-05 0.01 1024 resnet18
0.40888740651600786 0.8137256638380224 0.7911765157625141 0.7922342462740087 0.7905762960706051 0.7917960283654932 0.7915738031077375 0.7923135815668109 0.7969050942191225 0.7893433571757342 0.7985348044080809 0.7982196075284276 0.7962624196904424 0.7904751043918704 0.791954042540162 0.792478799151956 0.7913651439555686 0.7922276148183843 0.796830421018011 0.7945605800257202 0.7963868476860916 76.89 1e-06 0.01 1024 resnet18
0.40888740651600786 0.8489298349052317 0.8361381998731332 0.8358384653066847 0.8287394573118536 0.8301183594971637 0.8283415191244609 0.82649490076459 0.8286193368632325 0.8282897757705138 0.8311053489182382 0.8282737487515177 0.82611950829708 0.8293992893869724 0.8296765499097235 0.8298716885702343 0.8299440308766742 0.8288641215709389 0.8282499682838906 0.8282349830547707 0.8273027307780688 77.22 1e-07 0.01 1024 resnet18
0.40888740651600786 0.8188977294289244 0.7934374462012432 0.7876580798064421 0.7880861921723803 0.7875881977112981 0.7848813794615572 0.783102783987399 0.7829880343860673 0.7852014514211509 0.7814053860466847 0.7814630057080185 0.7781498154019773 0.7783958029314474 0.7841506742725924 0.7858134961921305 0.7828354079736861 0.7824153288845066 0.785403705031862 0.7809490414267849 0.7824686581694458 83.51 1e-06 0.01 256 resnet18
0.40888740651600786 0.7851802234436002 0.785453732190255 0.7857061846844431 0.7864042906325289 0.7852950209704023 0.7861495468053933 0.7879008718088316 0.7853526795678885 0.7880270385925452 0.7862297583078645 0.7881008899867065 0.7876374842557889 0.7884133815568206 0.7880394424584101 0.787423314256773 0.7894589299763202 0.7865752790848789 0.7880069115778606 0.7891677248661304 0.7906317217974214 80.55 1e-06 0.01 512 resnet18
0.40888740651600786 0.9246376011011823 0.9186233005333295 0.9160131382241817 0.9037381253057832 0.9054663412968648 0.8921937455963382 0.9188202615389156 0.9209178338205913 0.9008851252039345 0.9203453839788291 0.9184344940743473 0.916999639899386 0.9162637361756231 0.9192430518350458 0.9114230356921719 0.9150579988006343 0.9162934311598648 0.9130789645033462 0.9153935526512946 0.9071255271368773 72.29 1e-07 0.001 256 resnet18
0.40888740651600786 0.9165365631150793 1.0972898639660769 1.084558548597478 1.088021367021746 1.0917362510440856 1.0910360788034372 1.0968826078691774 1.0934951141230382 1.0808084245066016 1.092006435120102 1.0973350223478493 1.085406755767647 1.0898100701577143 1.0859381484933315 1.0897439799369548 1.0835359165689704 1.081731809426438 1.0892597441548362 1.0818157866226108 1.0895306337040003 63.94 1e-06 0.001 1024 resnet18
0.40888740651600786 0.9265907198555687 1.0730675914429664 1.0834952183130944 1.081843467182337 1.0738871938468617 1.0654239371560994 1.0834100056634048 1.0704799823124096 1.0680766231285777 1.0590255048234352 1.077622420225808 1.0704976028238655 1.0701787874323068 1.084609497252705 1.0763136001616156 1.0715398811367016 1.0709319685246692 1.0737215758066667 1.067061357400075 1.0737261586488414 63.48 1e-05 0.001 1024 resnet18
0.40888740651600786 0.9452953870614536 0.9256137755502523 0.9342970285215999 0.9471424077376724 0.9186179592810558 0.9618507558677802 0.9466278696420781 0.9398342526771063 0.93781588962733 0.9166341583637773 0.9494512017567781 0.9320593831867018 0.9285361958844704 0.9683606632485352 0.9476931676582574 0.9518223887446874 0.946832960646782 0.9314721197651056 0.9611950142052013 0.9598068840691362 71.55 1e-06 0.001 256 resnet18
0.40888740651600786 0.9363571201596166 1.0660879280237372 1.0766369125970596 1.070121918377094 1.0890565412383513 1.0868397392715812 1.0907543977066303 1.0908156106287459 1.086124641272267 1.088550826254165 1.0966874591121885 1.0971829633836538 1.0946263013713948 1.096990804747603 1.098260741457119 1.087125787426253 1.090966402695375 1.0907624183421516 1.0914899231014599 1.0971016481448546 63.66 1e-07 0.001 1024 resnet18
0.40888740651600786 0.9388121559494419 1.0272912445971343 1.0188581144677693 1.0027180368747828 1.0163076990932705 1.0206607839151138 1.025520616389308 1.00636479218883 1.0136151619580231 1.0139762679579283 1.0087228194427578 1.0197317321731618 1.0117839804690494 1.0054168772589627 1.005223175309698 1.0088957325478276 0.9969031405064961 1.0041018694889496 1.0026230465754846 1.0173969679573474 66.97 1e-07 0.001 512 resnet18
0.40888740651600786 0.8218796008071404 0.8080695599137475 0.8098186558680643 0.8166624956682373 0.8191116400530865 0.8135406015832658 0.8155700695479156 0.8138130098230397 0.8147269186290391 0.8142578789844263 0.8162808756884639 0.818806677581274 0.8131775583706332 0.8137258545863016 0.8185603934798277 0.8155976180525313 0.8150704045487455 0.8147255929156227 0.8159904421032763 0.8154696215669598 81.28 1e-07 0.01 512 resnet18
0.40888740651600786 0.9636377343395091 0.928986897509326 0.9422564266631127 0.9401369163709589 0.9475615454340592 0.9407124304463236 0.9439989632221705 0.9493185677906628 0.936821670796455 0.9538067106471609 0.954177753042755 0.9481377357182889 0.9408278976299743 0.9461731447235602 0.9579311191466655 0.9545854408980081 0.951730711724641 0.9448422157339702 0.9565974663312886 0.9446213858175079 72.48 1e-05 0.001 256 resnet18
0.40888740651600786 0.9850816853356901 1.0722221646197774 1.0835671971891088 1.0637648808522415 1.0759579998543862 1.064053708835498 1.0740255911458028 1.0705685932673907 1.0726257159281032 1.0685626880447339 1.0782596789574206 1.065964198088931 1.079876943898534 1.0625710081126059 1.0810455992799481 1.0666742704193672 1.0846289935177513 1.0791543540506447 1.0644268814114566 1.071326326787573 66.58 1e-05 0.001 512 resnet18
0.29136632633583026 0.8104807945426681 0.7985559226672876 0.8153080704609343 0.818222485010331 0.8132631938986736 0.810348606837711 0.8132533167475755 0.8138963781213312 0.8122041464423764 0.8147149217386367 0.8142742058939351 0.8119278220579952 0.8134627391295433 0.8098650684029497 0.8167222436647809 0.8154031271111977 0.8153536377468725 0.8085111491460735 0.8147079672216704 0.8148992523780959 81.9 1e-06 0.1 1024 resnet18
0.40888740651600786 0.9975979551248574 1.0482137843915422 1.0334463252095738 1.0486911738986928 1.0494164994036355 1.0600047839303004 1.0556748338674276 1.0593584555705933 1.072278988972017 1.0536376946437895 1.05615901413197 1.0541763426852377 1.0542654581083615 1.062657791356628 1.0574739711950683 1.0563836943576235 1.0582236179017566 1.0638518412396774 1.057973221379128 1.053307733210885 67.13 1e-06 0.001 512 resnet18
0.29136632633583026 0.8349535661615591 0.848339113498862 0.8421161432593649 0.8376728254839877 0.838847399191617 0.8400502293750784 0.8361175623010165 0.845435274729181 0.8430348298009744 0.8348029233862553 0.8359513445215215 0.8374631740116081 0.8319175697888689 0.839345792688205 0.8350391911928929 0.8388034090746751 0.8351929544824699 0.8410104457530503 0.8384117477205818 0.8471366808355957 77.38 1e-06 0.01 1024 resnet18
0.29136632633583026 0.835044381261266 0.8522276262381137 0.8005030573179017 0.8033208309412805 0.7985646174540422 0.8034513382746318 0.8018874351071468 0.8038945752659665 0.8025038702745353 0.8028862959857839 0.8001682113368284 0.7996101807229806 0.7992372856755933 0.8009422901377848 0.7990745286755175 0.8001087337741911 0.7999052878511634 0.7984399324028605 0.7993277841806029 0.7992677303178486 82.25 1e-05 0.1 1024 resnet18
0.29136632633583026 0.8393915924791042 0.8490165989814625 0.8107432686190621 0.8048813966835588 0.8055366744283542 0.803289400641469 0.795863946541583 0.7937510284107535 0.7946771225790589 0.7966715328123284 0.7938089747290913 0.7963700252705049 0.7975074988673023 0.7945798598014197 0.7943079997180823 0.7990013735055622 0.7931494783518851 0.8010534861176533 0.7950313313126718 0.7962357733387112 82.16 1e-06 0.1 512 resnet18
0.29136632633583026 0.8800759506409568 0.843007212505385 0.8366660401248289 0.8304616009441891 0.8321210510792716 0.8306050803843888 0.830788758246921 0.8300892909032591 0.8355595435735406 0.8295565525714385 0.8318466936026554 0.8319148862382986 0.8297864421121907 0.8337771775528158 0.8313493068138631 0.8326161730718686 0.8325272259599258 0.8356021702683895 0.8332910210644795 0.8318102282512845 77.1 1e-07 0.01 1024 resnet18
0.29136632633583026 0.8534379159470998 0.830954527731126 0.772302373706409 0.7736641804606847 0.7722825740233499 0.7745473963896156 0.7760900276853343 0.7708203573681796 0.7789721969627468 0.7719576245186467 0.7723786402563699 0.7697677882856702 0.7759961063591854 0.7760150959588485 0.7801871783602254 0.7695323232008389 0.7782696501986959 0.769996954554325 0.7696001814841713 0.7717628378349823 83.77 1e-06 0.1 256 resnet18
0.29136632633583026 0.8074449832975128 0.8086056439920373 0.8217144941196594 0.819918925000897 0.8208210983248421 0.8216945635579677 0.817554269465234 0.8193603935337692 0.817018517967869 0.8171648275990937 0.8171380904445198 0.8165152330834365 0.8167805528563864 0.816014760470527 0.8164810320704211 0.8166980173926501 0.8170230754462685 0.815448334119726 0.8161543728987166 0.8154584224228018 82.58 1e-07 0.1 1024 resnet18
0.29136632633583026 0.9224794549026473 0.9805426565586747 0.9929702415371356 1.0007509972789128 0.9931401738462965 0.9910458890963391 0.9911789478132278 0.9891688632785742 0.9854650304747224 0.9997717092276261 0.9796862282823234 0.9989047364589723 0.9899725834930706 0.9881972289725018 0.9930660256859538 0.9889637941927379 0.9826384589902624 0.9984596552597176 0.9849751836905654 0.9903114498979051 67.69 1e-06 0.001 512 resnet18
0.29136632633583026 0.9381989127699373 1.068270288878528 1.0655260548266872 1.0694728289926092 1.0719211397168125 1.077186056556698 1.0737426330230821 1.08387717465991 1.0961025903450803 1.078544143562005 1.0833013250297703 1.094040614260306 1.0853865931615736 1.091075298362386 1.0780926477873098 1.0900923854648925 1.0894748116993174 1.0898870928794901 1.090801268295518 1.0881579152866911 64.52 1e-05 0.001 1024 resnet18
0.29136632633583026 0.8215591763076688 0.8266119993992285 0.806686342830167 0.800064038652075 0.8120114203214736 0.8119360701303415 0.8082688178989581 0.8094939730108867 0.806208031395683 0.8085266081116393 0.8092755284834393 0.8061147970578859 0.8083473725738693 0.8075860274043201 0.8080811500309438 0.8088232345087331 0.8077583230043506 0.8086307433368279 0.8073232595110876 0.8078256400824901 83.53 1e-05 0.1 512 resnet18
0.29136632633583026 0.8217514207301975 0.8283716006530707 0.8355301349137845 0.8376235371136879 0.836851517910526 0.8374049815469873 0.8349844065853402 0.836920301355235 0.8360361506072777 0.8357135291656411 0.8372826214741366 0.8382152708468941 0.8368615757862579 0.8380422709207734 0.836955630565932 0.8386428283489464 0.8372871843327306 0.8387633360587299 0.8386087961995052 0.8370230597974009 76.69 1e-05 0.01 1024 resnet18
0.29136632633583026 0.8076432760374536 0.7846320172040296 0.7777131718424606 0.7783108632348289 0.7766968767053775 0.7706226763402749 0.7796135433360027 0.7734220127116588 0.776346321365789 0.7795531616627105 0.7729952215126172 0.7775985123755044 0.7786405230136054 0.7747291314673194 0.7754397877401296 0.7747554235707342 0.7662459567056107 0.7809467974750054 0.775589319588311 0.7758436293308938 83.77 1e-07 0.1 512 resnet18
0.13294945552482468 0.866006926893855 0.8861514720093431 0.8673794370546092 0.8742329521273022 0.8717552312222396 0.8739440601352979 0.8758467412988249 0.8783179720284809 0.8757584158024808 0.8760728773853554 0.8764195783178422 0.8791671349816634 0.8790336879513112 0.8739905009287948 0.8794690924181588 0.8781011494200466 0.8763979367820646 0.8762697114930791 0.8779848348146 0.8769809168127041 81.41 1e-06 0.1 1024 resnet18
0.13294945552482468 0.8520816789146113 0.8306244481628344 0.8439654606168604 0.8488031764657192 0.8406207787917686 0.8405745054354746 0.8454636151837104 0.8404075206148798 0.8430812531053447 0.8381969279873392 0.8411325017908061 0.842485411139799 0.8399517633021029 0.8448920129744836 0.8421404015255307 0.8412978276992581 0.8432898988293468 0.8422990280211669 0.8347529441401565 0.8435631520105045 83.52 1e-07 0.1 512 resnet18
0.29136632633583026 0.8082979562306717 0.7871959597863323 0.7930327051667341 0.7938385472814308 0.7919492085691385 0.7871875336808212 0.798260746082545 0.7883627100446451 0.7877321164290967 0.7933731604080216 0.7937870502776809 0.7875402309385551 0.7890111188817106 0.7935516355739977 0.7920760153666923 0.7899607806367379 0.7933883892842774 0.7948663427795537 0.7951770142373157 0.8001482738289412 80.4 1e-06 0.01 512 resnet18
0.13294945552482468 0.9171201598127675 0.8893515662804441 0.8827483410638912 0.8907874898990608 0.892916952596773 0.8804384711688681 0.8835239742768813 0.8789525893881089 0.8770286989024392 0.8720046044949297 0.870619435702509 0.8753572049069264 0.8744045068573036 0.8731657452057605 0.868145501976433 0.867121632382073 0.8725257071222261 0.8698858562847913 0.869964536220436 0.8710631086827376 80.64 1e-05 0.1 1024 resnet18
0.29136632633583026 0.7767470903391065 0.7810735542857066 0.7797770404583685 0.7838224103809222 0.7764888189666046 0.7806197988988905 0.7762991992277183 0.7785273714685687 0.7785206489797898 0.7747198643146725 0.7762908526091777 0.7735030017546157 0.7751070510394199 0.7761358077456257 0.7843370711448431 0.7730366944000767 0.7784706181971631 0.7717102289032921 0.7740430786176979 0.7756262030903163 83.69 1e-06 0.01 256 resnet18
0.0 1.0637019406234984 1.0102212364907066 1.004508019887452 0.9711303320640162 0.9743643093631107 0.9841984044160935 0.9804560132595492 0.9801387795399641 0.9763629092500579 0.9766665252954219 0.9692303158770226 0.9723176119061602 0.9741865827081431 0.9804695046537845 0.9769678989088989 0.9749398670517455 0.9763831288131078 0.968692181085921 0.9760290766791269 0.9653599986623272 70.16 1e-05 0.1 1024 MobileNet
0.0 0.8991434059763111 0.9577055220487452 0.9307161081727662 0.8797889140171921 0.8773623309816222 0.9061927813844346 0.9049013380797127 0.8957270719797168 0.8709700547421635 0.8778050203744172 0.8884096894901593 0.868896068769611 0.8640913341898226 0.8755383368279213 0.8722483950752281 0.8665267496683717 0.871833481188668 0.8661874615466266 0.8693243126061188 0.8770790517476463 76.22 1e-07 0.1 256 MobileNet
0.29136632633583026 0.8214480318925038 0.8165915408133615 0.8143187358908343 0.8145098228399905 0.8127188717057002 0.8155561670036425 0.8146020352097362 0.8161801311391487 0.8136215589685106 0.8155363021785282 0.8186354132027082 0.8149755839285866 0.8169804639768398 0.8152942148584134 0.8163629808034004 0.8187621905391382 0.8156002641407595 0.8162879013121929 0.8152654912534986 0.8146150633103207 81.05 1e-05 0.01 512 resnet18
0.29136632633583026 0.7782073806089069 0.7589579655096225 0.7612205961472557 0.7609341974345051 0.7600366017550587 0.7575921809606629 0.7605073120344408 0.7582708525736562 0.7613677709993185 0.7566523093899598 0.7573849640180558 0.7559714217514485 0.7556576523592556 0.7613841939992089 0.7594542567855248 0.7556256514707854 0.7604365944508241 0.7552226556127043 0.7540297272065867 0.7548148662992468 83.53 1e-05 0.01 256 resnet18
0.0 1.0876452900666929 1.10323420636054 1.0210807501516619 1.0641808820295564 1.0595839954627404 1.0527667359841577 1.053493585315391 1.0449716939721716 1.058100092793593 1.0440090322228945 1.0492806325582755 1.0646770185141776 1.0618398796453898 1.0532923818578404 1.0586423059734473 1.0529960612726572 1.0519320323888772 1.052049251598064 1.054428751812977 1.051490305485761 68.93 1e-07 0.1 1024 MobileNet
0.29136632633583026 0.8727871190632516 0.8422858215978668 0.8038377650202628 0.8351075486823656 0.806756385641047 0.7987485932882155 0.7994399951752729 0.7914555582182581 0.8122604424309534 0.7941822170747125 0.7970868098762512 0.7904271415573745 0.796078276238689 0.7958088898199115 0.7953129935252456 0.7961131440023997 0.7974460422839029 0.7941639449235757 0.7957366750623536 0.7899837490610219 83.68 1e-05 0.1 256 resnet18
0.29136632633583026 0.8466663705078872 0.8150532055285951 0.77848159427549 0.7814811144804783 0.7742758701470828 0.7759611447592653 0.7750210187636699 0.7740799620727433 0.7769576242881788 0.7740626250038268 0.7735765662278311 0.7710163487771156 0.7732161840007585 0.773741783738931 0.7731452896643772 0.7709043481844994 0.7735981701266161 0.7718466629620322 0.7699284669022881 0.7705680241029143 83.65 1e-07 0.1 256 resnet18
0.0 0.9468406148609906 0.9535535686883783 0.8744856388169918 0.9164873769881712 0.8728631928600276 0.8783198665217171 0.8960194763205672 0.8818149180792099 0.8812025793551526 0.8654944787100165 0.862040882515696 0.8713184583934083 0.8782003707436256 0.873478300112251 0.8731523272401229 0.8740231690772969 0.8701698277081433 0.8741734641846877 0.8782571789341866 0.8752966617994885 76.26 1e-05 0.1 256 MobileNet
0.29136632633583026 0.947471161017329 1.039737340715253 1.0617151678259977 1.0492304914679358 1.059086809296005 1.0535595858494917 1.0708026373191166 1.056734792363166 1.0599400857667503 1.0667460563751643 1.0560395366403155 1.067111297329017 1.059566708425966 1.063461922261642 1.0663863403579965 1.0617736269736124 1.0626519604982472 1.05759145072891 1.0647217588130724 1.0676196170805026 64.57 1e-06 0.001 1024 resnet18
0.0 0.9160234284353911 1.0111410545712376 0.9987671445180782 0.9387370778538816 0.969054867611205 0.9485617161395987 0.9170398615700412 0.9096888035321073 0.9136305755042129 0.9082868322012431 0.9103164766673515 0.9154437286430199 0.915063223289999 0.9087517723932783 0.9150225710514853 0.9172443918036086 0.9141764332911978 0.9002638628471122 0.9086804451496859 0.915185884047281 73.68 1e-05 0.1 512 MobileNet
0.0 1.3107038999188396 1.17383901980829 1.1162280289241049 1.1385135532657713 1.1315356472725075 1.1160368222954975 1.1067938462889073 1.1308995745852706 1.1453981726632474 1.1140422416345983 1.115161423449894 1.129836661367601 1.1220419182648167 1.11711065347904 1.1109673941594023 1.1075126018360697 1.1188673881268674 1.1122814195112278 1.1412555196163086 1.112642924357116 65.45 1e-06 0.01 512 MobileNet
0.29136632633583026 0.9446681375343456 0.974064986541732 0.9626210688658208 0.9802953275953964 0.98102495051045 0.9820299588306933 0.9675771723080083 0.9843366112089691 0.987121611511052 0.9803222873596915 0.9688055309927655 0.9859599130933481 0.9874225883931057 0.9812730817438822 0.984944357561316 0.9848677538041851 0.9821471590788604 0.9859373641331197 0.98412551338756 0.9876542681937557 67.59 1e-07 0.001 512 resnet18
0.0 1.4998564610998588 1.5335521960075027 1.388686288354702 1.4070385985698861 1.4083315477314315 1.3984805525882018 1.385496834861597 1.3867214796331924 1.4028477298787811 1.388813270949749 1.3871698741270995 1.3975909914261384 1.397270077649245 1.3871850539781745 1.3952277385396596 1.3775212578833558 1.3980326386419784 1.397930413446519 1.384051430144915 1.3997998632890363 59.29 1e-05 0.01 1024 MobileNet
0.29136632633583026 0.9375106362333768 0.9506909508321725 0.9695173785243975 0.9879117231167543 0.9806588088569836 0.9779560441479807 0.9829752459155111 0.9757533704333231 0.9764595476696507 0.9889543821775447 0.9804122608071456 0.9805723708829754 0.9797228625749093 0.9798209319636222 0.9811338627382951 0.9719298873017056 0.9845909994112165 0.9878764512671938 0.9859500770027281 0.9784046130219511 67.84 1e-05 0.001 512 resnet18
0.0 1.1046678863401953 1.0504235311799215 1.0955813935370096 1.089330390860371 1.0414880660678296 1.0412413108861782 1.0541910021433176 1.0516777392278414 1.0432402838995485 1.0514437059782673 1.0458472397130651 1.0561069154812235 1.0505763226865978 1.0612949903081468 1.0650777238019626 1.0560524349655809 1.0634384185014127 1.0493870835605192 1.0657824461858363 1.0494336622734404 66.11 1e-05 0.01 256 MobileNet
0.0 0.9595347087897166 0.9980907307363026 0.9809476575666812 0.9377115006827466 0.9489905920995247 0.9458533188328241 0.9096214673197359 0.9209888153008149 0.9383976147186582 0.9135778832953539 0.9199411725342475 0.9142157965924043 0.9313573375750237 0.9213845896591796 0.9244187975470769 0.9266278214729194 0.9293758989823269 0.9207328101206338 0.9273754097259854 0.9252473874576636 73.48 1e-06 0.1 512 MobileNet
0.0 1.2477604950946084 1.164922763964797 1.1481788810034979 1.1460645374456886 1.1494344686395943 1.1099130367384356 1.1413501422458305 1.1510201290045612 1.1516007472003114 1.1315403052858883 1.129298798448101 1.1241709625036198 1.1469560848988347 1.139399653449659 1.1234495004571543 1.1272388698496423 1.1382120595965797 1.1259531700797099 1.1381628608230083 1.1377132273152215 64.35 1e-07 0.01 512 MobileNet
0.29136632633583026 0.9464634076864283 0.9197550520663964 0.8999782425141133 0.9148877025569727 0.9032826511324852 0.8939684135393752 0.8952073863334031 0.8937079687131353 0.9009962119968545 0.9156305146357225 0.8964844671647023 0.8971562676896627 0.8878600032304849 0.8928786493743758 0.9002595509668251 0.901689443120852 0.8928170311154772 0.8897137660005972 0.8993640418524359 0.8967553269141105 73.04 1e-05 0.001 256 resnet18
0.0 0.9582432140287079 0.9909706238153083 0.9705749198237774 1.0371571686672316 1.0263245990127254 1.036016722040129 0.9774949056656764 0.9886726534033388 0.9853883732940026 0.9953583703332363 1.0080071225425267 0.9990274596823143 0.9980050106782871 0.9877658403648494 0.9818692095475984 1.000510986870916 0.9886070963556882 0.9938657945626618 0.9872471095709667 0.9944837471333995 71.11 1e-07 0.1 512 MobileNet
0.0 0.9063823346643405 0.942437121313898 0.9451451058176373 0.9202168274465957 0.9020184956536922 0.9699907976918469 0.9347388450063032 0.8937340877395648 0.9429922566293585 0.9146661841309449 0.9391344328407424 0.9160350941867464 0.9319284255692627 0.9167069805203759 0.9263535401989164 0.9345057550261283 0.932659883147013 0.9386389823902994 0.9396564670923891 0.9343572749104725 75.83 1e-06 0.1 256 MobileNet
0.0 1.077825069091708 1.0733872907093664 1.0681016424555831 1.054551130282577 1.0009853962990543 1.0008320095559156 1.0030866684779327 0.993701562957044 1.0074610426173258 1.0050591591301241 1.003608458348831 1.009234257822064 1.0032972807202094 0.9899632569874532 0.9953797392619663 0.997423137142167 0.9882496559524252 1.0032906180121395 1.0026284586931813 1.0001920971387381 67.88 1e-06 0.1 1024 MobileNet
0.29136632633583026 0.9340027752848502 1.0274714916694263 1.0897220264593253 1.102938195010491 1.105886927698082 1.1058691361725652 1.101066618599455 1.1130937414272624 1.1063453458988732 1.1006441259767585 1.0993726708282674 1.1046468940582133 1.1045122232216722 1.1066942291556778 1.1021972918324616 1.1060519410601302 1.104743622907408 1.1019390487536873 1.1023569933685062 1.0989433561863557 64.84 1e-07 0.001 1024 resnet18
0.29136632633583026 0.9165939623681383 0.8600623116240181 0.8811739740474515 0.8877136060488321 0.878303863952135 0.8641077316872615 0.866891105542436 0.8705364230840076 0.8880648537807412 0.8665579263936531 0.8755723157081531 0.8636854509771805 0.8745524949977552 0.8746376647309496 0.8949894629143458 0.8691155815705698 0.8902100302084156 0.8666525233306835 0.8705943591629516 0.8808666222281133 72.71 1e-06 0.001 256 resnet18
0.0 1.4022472354053528 1.449228563238698 1.3269219211340557 1.3196642239447407 1.3249925576240662 1.3262256022194097 1.3244733475690493 1.329859383733744 1.3414530411434191 1.3203718842426502 1.323199734914895 1.331506999209321 1.34068938509025 1.3328785725574173 1.337922190604467 1.3351994762599881 1.3318982288052652 1.3347866860238011 1.34133410912998 1.3357759503223543 60.25 1e-07 0.01 1024 MobileNet
0.29136632633583026 0.9492705483296165 0.9284394743221831 0.9215508012938451 0.934254643278983 0.9041003607996139 0.9063301433926734 0.9191621433790512 0.9150576431553481 0.9280465562918682 0.9309536831687335 0.916343898142044 0.9235970443703878 0.9182645262390059 0.9195744287877737 0.9339152450409606 0.9217203326780044 0.9356513571804146 0.9215634818709829 0.9269475057076201 0.9347021892661176 72.12 1e-07 0.001 256 resnet18
0.13294945552482468 0.8993575995062 0.8800196228333647 0.8545592086117297 0.8470584307904298 0.849312343162788 0.8445390480227135 0.8496804929424985 0.830686424139804 0.8316902823981878 0.841639238851986 0.8291815388862321 0.8404485577440878 0.8313188485076572 0.8326442372627325 0.8272153215756064 0.8415589454487118 0.835760441602786 0.8339103845164142 0.8342521082373628 0.8262181902060193 81.36 1e-06 0.1 512 resnet18
0.13294945552482468 0.8498174611369161 0.79257581691935 0.782045285343796 0.7958182333273863 0.7858984527498383 0.7860050107086929 0.7835265145940957 0.7941917448337612 0.7783566818522587 0.7844801945336605 0.7822660949360097 0.7846408449577607 0.7805029413495275 0.7837711910480093 0.7854784971651931 0.7830481069311723 0.7808408584405159 0.7822744571656812 0.7808627314132276 0.7815522923802318 83.55 1e-05 0.1 256 resnet18
0.0 1.2581778435490951 1.2745009727090917 1.2629294293328557 1.201953545769613 1.2249236099110747 1.1955153773005653 1.1963408486902087 1.2104131708332246 1.2079344167495183 1.2016353775752855 1.2093344707225955 1.1932854648482782 1.1983774485775383 1.1980151950163076 1.2002459973652873 1.2013409780531124 1.2088127850981623 1.197692156845018 1.2188206043925562 1.204220497673787 63.11 1e-05 0.01 512 MobileNet
0.0 1.5260135939917905 1.398621438840842 1.3876594440104513 1.3187976762216969 1.316823300404656 1.3135579126449637 1.3212543706257884 1.3185778413615246 1.3243979538520056 1.3222479489235948 1.3149323043197902 1.3221060565024854 1.3267613484399416 1.3175570801402634 1.3254800375960363 1.3176972157678335 1.315228798677358 1.3278717887076565 1.3184965881110131 1.3169147205005047 60.29 1e-06 0.01 1024 MobileNet
0.13294945552482468 0.8587121895569371 0.8409209740248471 0.8134607270529076 0.8148697247745369 0.81505490580625 0.8160597304923481 0.8109954227316996 0.8101922919785507 0.8117943931985426 0.8098203135465296 0.8113366501594474 0.8116038450182781 0.8090998359578986 0.8119654007004459 0.8107198255494089 0.8112676389849143 0.8122452132635753 0.8119211133118724 0.8113687891384181 0.8092507570420533 80.73 1e-07 0.1 1024 resnet18
0.29136632633583026 0.8297043817279871 0.7977377901326069 0.7963324296807148 0.7977888184957833 0.7971304410080652 0.7976267677770328 0.795776832986505 0.8053912014093892 0.7957115665187138 0.8044311258297715 0.8005814188134915 0.7959199669258804 0.8022112120153017 0.8008535942700143 0.8036410759080139 0.8008243542751492 0.8034241893328959 0.8004757235300916 0.8009087127849653 0.7995592288435067 80.24 1e-07 0.01 512 resnet18
0.13294945552482468 0.9204766410504384 0.8762673960859622 0.8310975313678055 0.8361733099028089 0.8298246790809359 0.8316727821910258 0.8298304764425772 0.8280851640404135 0.8311803701256815 0.8276026873566082 0.8288156627490457 0.8286028624712877 0.8287966999837871 0.8293543447648534 0.827329932428216 0.8276888599448321 0.8290407792241914 0.8291403595538843 0.8262447737351114 0.8271489439364222 82.71 1e-05 0.1 512 resnet18
0.0 1.0854508209233678 1.1191432491692097 1.0436175190085877 0.9940383455673704 1.042293259031001 1.0429843224939868 0.998751526083406 1.0281903674793869 1.0359230745362036 1.0321200003874424 1.0191632914858841 1.01122773374035 1.0408227602493758 1.0427583262103035 1.0106800690687785 1.0292347199198253 1.040282721242719 1.0275003915824528 1.0419578837486192 1.0325608645418316 69.24 1e-06 0.01 256 MobileNet
0.0 1.1614483038755667 1.0804279362665343 1.1216696296316346 1.0805123330175745 1.0685993248105015 1.0457808115285507 1.0514285575872118 1.0435361807917252 1.0522239804685127 1.0337596247205547 1.015353408748979 1.0077191450821732 1.0146477593744958 1.0350302298905403 1.0094276007718086 1.0124909373526194 1.014956991228935 1.012138811159093 1.0155907187771898 1.0210211801872051 67.9 1e-07 0.01 256 MobileNet
0.13294945552482468 0.9397996447420991 1.0508692063175797 1.0448752437292164 1.0510575266861226 1.0525203585825993 1.0534151505989353 1.0697208841113932 1.0608701548800636 1.0667629307632218 1.0564471548677588 1.0673018121726783 1.072931268839462 1.061377473540973 1.06533904733219 1.064723738903364 1.0686592225113485 1.070570330963387 1.0593247540286967 1.058171965750297 1.0610338997370616 67.25 1e-06 0.001 512 resnet18
0.13294945552482468 0.8341662503376972 0.8229575332117698 0.7868140626735172 0.8094341542609023 0.8207531810824831 0.8147369650316594 0.8162843316769813 0.8139376091360271 0.8143706518390375 0.817056827723976 0.8110081484347326 0.8138521571743176 0.8141794511608121 0.81027475772114 0.8197689594483673 0.811639474317837 0.8101073588446396 0.8148669262508038 0.8143129077545807 0.815794659102852 84.54 1e-06 0.1 256 resnet18
0.0 2.1618667437081296 1.668613698392633 1.8008514164899543 1.9630645967879283 1.9396771308134877 1.8997464970531481 1.911000756185396 1.8751079594492635 1.9174909013623214 1.8774744637785923 1.852129875062915 1.8409001006384205 1.8992780789094406 1.8642609588254053 1.8635822768641879 1.8674796345561517 1.8493016487829408 1.8671674476494613 1.8575572984264468 1.8517617438918612 50.72 1e-05 0.001 512 MobileNet
0.0 1.9948625636734019 1.6434938279715305 1.8593626766881435 1.9676904335654744 1.9287177063157683 1.912486111979525 1.8672010964057753 1.8690500710980253 1.8654232769716899 1.8480634658750423 1.8520446383401845 1.8677911786595913 1.874354545671124 1.8539279038424823 1.842487812503185 1.85665591802648 1.8458096718226908 1.848560258825813 1.840632731899596 1.848405132420584 50.24 1e-07 0.001 512 MobileNet
0.0 1.5535631826896117 1.5814527275006633 1.5624261448655077 1.5720399321615264 1.4553828319451143 1.518584777193483 1.4751791974164121 1.4544196569087169 1.4588832347816492 1.438238924872917 1.407221902454364 1.4293946808141706 1.4466057580220593 1.4276307349944468 1.441144890370084 1.436506060968745 1.4224895302732647 1.404866010122423 1.4499174431684787 1.4329801095066146 57.61 1e-05 0.001 256 MobileNet
0.0 0.8919316682051831 0.9405170030315325 0.9362447132349753 0.8872735145285405 0.8905287567687012 0.8936744346720262 0.9068389664115677 0.9152469496725711 0.9056856177417457 0.9125869862787083 0.9023655331754042 0.9126797309328816 0.9149441147671322 0.9075612805241707 0.9156080120396449 0.9166425453442291 0.9159179168407774 0.9058883626658054 0.9117313124733784 0.916430613356882 72.91 1e-05 0.1 512 MobileNet
0.29136632633583026 0.8156114653236941 0.7662327233296535 0.7744637478772087 0.7689944759828218 0.7668965516792545 0.7719900678738963 0.7618227322274952 0.7657003996883567 0.7635433497807536 0.7557418010139503 0.7584496089246556 0.7641917009530975 0.7599683992655654 0.7593483901253955 0.762685747119825 0.7591892349114108 0.769366782638112 0.7600378564338768 0.7582902044755336 0.7610428013247108 83.76 1e-07 0.01 256 resnet18
0.0 0.9776417185752335 1.0184497204562022 0.9843750411990999 0.9964252292210587 0.953753925163819 0.9477222905200671 0.946288848442195 0.9511627491967652 0.943275152365684 0.9439714216660113 0.9398558273773568 0.9451537441805314 0.9409201527596401 0.9428211677685493 0.9429296562543592 0.9451938498038909 0.9418749055058977 0.9473895546559851 0.9457966138282007 0.9452816981278077 68.96 1e-05 0.1 1024 MobileNet
0.0 0.9870293218235805 0.9164587816940387 0.9676057564282285 0.9807533863476705 0.9207562565018544 0.9162512544749813 0.9246108221098016 0.9473333032483842 0.9362079481329719 0.9334294060069362 0.9346687887148077 0.932864534283125 0.93028499026972 0.9317567358194313 0.9281585565117999 0.9390409200233711 0.9343246546456919 0.9407061842721116 0.9336884913022858 0.934158589844099 72.25 1e-07 0.1 512 MobileNet
0.0 0.8580000076844442 0.8599123477161814 0.8630548809687021 0.892380961064413 0.9080068155732693 0.8800952013541797 0.8782228058070453 0.8716015262626131 0.8634504588462169 0.8642442085055477 0.8644000414550687 0.8833650046222106 0.847027896019999 0.8665856598653857 0.8653131238223668 0.858470047394045 0.8620470504797487 0.8546621054474685 0.858813450119893 0.8428131465720762 77.13 1e-05 0.1 256 MobileNet
0.0 0.8519880891823602 0.8821161200290426 0.9198550660938157 0.9097688852775814 0.8657302530178798 0.8833265651868751 0.8629754612965292 0.8808016530065078 0.8736850173354931 0.8525869966085066 0.8471078092659661 0.8557503254458462 0.8563429220860875 0.852568266347208 0.8633924213123785 0.8642807053950556 0.8456824663320154 0.852494996548173 0.8585941261611326 0.852416493685676 76.08 1e-07 0.1 256 MobileNet
0.0 1.0206503755703873 1.0525878303434701 1.011929059229566 1.0195993738255433 0.9910851970844446 0.9688841118821564 0.9636808696154204 0.9671836916936253 0.9660588700351923 0.9666763691750566 0.9694573949906574 0.9653670398397926 0.9683902636411529 0.9693772267543548 0.974541996226474 0.9711126870183755 0.9662108230406917 0.9635102192055007 0.9673666766651375 0.9668219597290763 68.2 1e-06 0.1 1024 MobileNet
0.0 0.8794780447910516 0.8432716888754319 0.8675327420534777 0.811158783715115 0.8260817333327171 0.8579571426405238 0.823074323136363 0.8163512556134933 0.8599830064279378 0.8419048396410838 0.8391471393958126 0.8383337673280888 0.8263973901943814 0.8253825741345061 0.832722806288622 0.8372149050430617 0.8320502693208323 0.8531804247410705 0.8292891456675728 0.8296968776746853 77.94 1e-06 0.1 256 MobileNet
0.0 0.9770418577193799 1.0267120903290448 1.0473693131297197 0.9477004561290143 0.951575439457784 0.9350817261029704 0.9282658942588768 0.934030452216088 0.9381668525064673 0.921394047571295 0.9320431297224216 0.9323304883934312 0.9193151422397855 0.9433113417694682 0.9165469090270885 0.9236285312016339 0.9218756787330752 0.9174553832201753 0.9181333455457716 0.9109035431006177 68.88 1e-07 0.1 1024 MobileNet
0.0 1.9199113942226729 1.6943839315867633 1.9033572298519672 1.973152263303093 1.9742547958733097 1.9716557957250813 1.9080726588660561 1.890616325121587 1.9265867123092415 1.9077927986325065 1.9022907838760619 1.935947791216626 1.92432479390922 1.9127227810948448 1.8997618580508735 1.910190195398631 1.9104350972050523 1.8986010097859427 1.883777982348852 1.8869461607799307 49.72 1e-06 0.001 512 MobileNet
0.13294945552482468 0.8695406349846 0.8218268338702147 0.8202991440754006 0.8184118587277338 0.819404345408756 0.8155434266481307 0.8182341967264406 0.8168996385189462 0.8149844204880093 0.8146752588913199 0.8140207080127582 0.8167460641979052 0.813219220468562 0.8141580420615603 0.8122235065302373 0.8175428491241438 0.8152652290156054 0.8126011940322697 0.8130414440019504 0.8096285193361764 80.94 1e-07 0.01 512 resnet18
0.0 0.959828234252178 0.9503195318918128 0.9123372443529816 0.9245346409373603 0.9617311140839534 0.9250452546115434 0.9209721201770016 0.9252105593411766 0.9345514104539216 0.9225427694758755 0.9288488808661506 0.9192284022735703 0.9354637946180658 0.9248144348041403 0.9253095300791695 0.9245361446192194 0.9261126199222575 0.9249935951630861 0.9318400629604233 0.9260782056105289 72.87 1e-06 0.1 512 MobileNet
0.13294945552482468 0.8360222215588256 0.7942027237415604 0.7902887908000494 0.7935955157843835 0.7958906892176052 0.7950746865789812 0.7938290641993295 0.7933300673120973 0.7891812500974166 0.7930931715706023 0.7905841674355387 0.7927661769730221 0.7928344449278499 0.7907946565464745 0.789832454615945 0.7897981197640758 0.7895940678533364 0.7922061779525269 0.7904633220006807 0.7945823374454143 83.21 1e-07 0.01 256 resnet18
0.13294945552482468 0.826713811588027 0.8095489087552457 0.8057029149586835 0.807374904351239 0.8138220918104102 0.8105399568909997 0.8059872905026498 0.8068655230721427 0.8138363258787581 0.8152342700630473 0.8072911461777257 0.8136429978826647 0.8151682775714639 0.8134486680923877 0.810373313175278 0.8086535690514706 0.8076947674563272 0.8088935738097959 0.814797524894403 0.8150093603264789 83.82 1e-05 0.01 256 resnet18
0.0 1.5783427740299296 1.6550447913410664 1.6754425053046038 1.5525538215973196 1.5581810281043311 1.5065152353648839 1.5168707637242225 1.5048906258127215 1.5394282943648785 1.5313358596724758 1.5133884899721162 1.5313774352137792 1.525868396415029 1.5162786546192328 1.5349328951816295 1.5061293933347506 1.5194592931510125 1.4988366206335129 1.507562289056371 1.53660981779537 56.65 1e-06 0.001 256 MobileNet
0.0 1.4265843527648678 1.359116036482939 1.3278445019288576 1.2090296848564324 1.1995072696727056 1.2007804010790066 1.2011064231517563 1.2098073502319049 1.2031844816527415 1.2120277885523867 1.2190318705028238 1.2178426413049628 1.2145249103936928 1.2194410373406217 1.203112952878938 1.2166352718084332 1.2094031855421044 1.1987937982785895 1.2067436169617558 1.1997926052336867 60.47 1e-06 0.01 1024 MobileNet
0.0 1.6367676314726096 1.6471421500084709 1.7034812224119573 1.5597510717813499 1.5509513367322756 1.5936735808616431 1.5218653951156953 1.493461678233659 1.5437747121737049 1.5285451434054147 1.5392680772856508 1.5052322210954339 1.4718605822757818 1.518625770046288 1.4788925133948498 1.5074590700230686 1.4939701392581468 1.460672400586117 1.513465477193504 1.4906014205089309 57.51 1e-07 0.001 256 MobileNet
0.13294945552482468 1.0465990276015331 1.0622974178279332 1.0666201094898868 1.0763883543614245 1.0712058906693054 1.0641698573822418 1.063209741073589 1.0588006191857942 1.05217183939093 1.0586451450812804 1.065438804468469 1.0502397942048198 1.0622249202309058 1.0643215274342024 1.0625273271046316 1.0587970115885679 1.0630925886960534 1.0709718190113517 1.0668871949812948 1.0597089157192667 67.01 1e-05 0.001 512 resnet18
0.13294945552482468 0.9765628073871112 1.086530808859897 1.067833513785445 1.0789179740721273 1.0926277056165064 1.0990671381967403 1.0952384944597182 1.0876883861667355 1.0867439487953423 1.0916208677712844 1.0874579977214944 1.09604684361325 1.0979066147413397 1.0891230041671256 1.0852372191836435 1.0985893461854364 1.0966248222598733 1.0920043887041355 1.0990038446055552 1.0809770614446188 67.4 1e-07 0.001 512 resnet18
0.0 1.4426750250924087 1.3144174402796829 1.2728240429715911 1.2278290278257484 1.270470243111939 1.2572571924033165 1.2303710668400953 1.2446635263784036 1.2398792025050343 1.2431756873406523 1.2424677403702582 1.2254287827117052 1.232767270169668 1.2296762024908627 1.239804511714167 1.2295580056709148 1.2275018728431313 1.242855255116326 1.236519864060057 1.2341870817654472 60.2 1e-05 0.01 1024 MobileNet
0.13294945552482468 1.0265926304369106 0.9734336797495472 0.9801224007249296 0.9832398996187947 0.9846349729388938 0.9950584998894583 0.9921913016929151 0.983024673109416 0.9771938867614597 0.9766471426348484 0.9809426277089263 0.9883455255894752 0.9893671223083311 0.9899229039099015 0.983686785669705 0.983272325133775 0.9899190485029306 0.9885811776123874 0.9841446667442372 0.9889683187120106 71.89 1e-07 0.001 256 resnet18
0.0 1.2399310777518102 1.2282296094875123 1.1912773199160613 1.1166357225577965 1.10667218100146 1.124485495850772 1.0962131328415905 1.1034436046077416 1.0891886472530634 1.1012293300922142 1.0999100294948716 1.1062784343485432 1.1054945477445737 1.1036125412868152 1.111826238191796 1.0938032432028761 1.1128082622505895 1.100374413568976 1.1029682151909632 1.0922110182602736 63.17 1e-07 0.01 512 MobileNet
0.0 1.0814542915029013 1.0324707952230083 1.0412698377055998 1.068769827707309 1.0329175253333307 0.9892543133188747 0.9831097161480927 0.9833784359280908 1.0088265345257275 0.9750801579982188 0.9724554535283013 0.9850882715069956 0.9867723079325232 0.9714114034740158 0.9806330205823892 0.9674600687124044 0.9805262138043784 0.9685940372893804 0.988514247739224 0.9694948458115701 67.45 1e-05 0.01 256 MobileNet
0.0 1.0887366689632543 1.0653061245641644 0.9846652551250307 1.0210133352328044 0.9818399355709427 0.9911168680802601 0.9778068598282778 0.9822263312225153 0.9907082798315875 1.0082509220618106 1.0003618541032449 1.0127467305068507 1.0234805097933195 1.0061381691225404 0.9987724493877553 1.0020427165836368 1.0032739592395434 1.005349299790019 1.0039840715846888 0.9947256801149622 68.34 1e-06 0.01 256 MobileNet
0.0 1.2364142347523015 1.141561346281136 1.1328312952112802 1.1200067281168915 1.121613312550862 1.1235113165435058 1.1131573731554756 1.135285217073052 1.1234591883519385 1.1261658660052771 1.130588805843367 1.1257951488762137 1.1287451689251728 1.1248636724643317 1.1204689562872039 1.130248229529327 1.1201389842594212 1.1266068881042341 1.1286232965750573 1.1303100699120234 63.1 1e-06 0.01 512 MobileNet
0.13294945552482468 0.9629201076264199 0.9943992593417057 0.9985741090841634 0.9951918218976894 0.9845061078504551 0.9950444862746342 1.0004468691194688 1.0069547243180748 0.986781711389075 0.9968654567617438 0.9916844151321829 0.992180387931438 0.9889671515947619 0.9954037269961507 0.9883335788765473 0.9796916688274259 0.9928723528923511 0.9897216281830914 0.9912562473422877 0.9868067566063193 72.3 1e-05 0.001 256 resnet18
0.0 1.4043810969144177 1.3213262186769783 1.2693491024662074 1.2544652001515375 1.2514550809230949 1.2545222934488565 1.252747572453262 1.263805196401442 1.2609507834818146 1.2599308680832164 1.2460441411402225 1.249385870653343 1.2504926318390235 1.2547708510503144 1.2459876612447351 1.2545685435248948 1.248153686673747 1.2455437332830266 1.2422600000623671 1.2448420485267422 61.54 1e-07 0.01 1024 MobileNet
0.0 2.4616324289874756 2.100988660363997 1.8877447894567783 2.071922209240366 2.2385608564249804 2.2776940139349047 2.268629448101268 2.269900123792422 2.2250663216619566 2.243269327376129 2.2141076044714354 2.2276143916541615 2.2151046891289674 2.2464103418791352 2.2251776903645895 2.226891946907824 2.2157523755548216 2.2037716470239817 2.212161482807971 2.2232498345151925 44.61 1e-06 0.001 1024 MobileNet
0.0 1.8776290544308072 1.6628895583797219 1.8394122294368875 1.9465963796794334 1.8774962421048762 1.8443439308020737 1.843823906652385 1.8325646576400816 1.8264627458590739 1.7964856548539394 1.8431706635608398 1.834527396108188 1.822599526156583 1.8340691831446474 1.8277484096153975 1.808998619829303 1.844422668682133 1.8335729827461882 1.8366939916805995 1.8152515632806348 51.83 1e-05 0.001 512 MobileNet
0.0 2.0977117017068734 1.7974653127357656 1.8046362517241763 1.9665738259838392 1.79038898530701 1.8113195207717567 1.788122526227913 1.758201908348031 1.7513016077545018 1.7388721833777816 1.7133537392696314 1.745398988224447 1.764418025017392 1.730090938115431 1.736695310616497 1.7559360854036439 1.7479198673430705 1.7525692697371782 1.7526790864933874 1.7339890734513912 51.89 1e-06 0.001 512 MobileNet
0.0 1.5738040676607385 1.5219275696826458 1.529421040335347 1.5412925115647624 1.4284649199119113 1.4264171663766183 1.3851688171534453 1.3960797443191544 1.403066665746989 1.4127402128363076 1.401987027124868 1.4052632961088092 1.3877382424962952 1.3962398243095944 1.4169921933213565 1.392456100000889 1.357982669207917 1.3846244232941836 1.4056499425444888 1.3880879748207606 57.88 1e-05 0.001 256 MobileNet
0.0 1.0648722169987743 0.9790381468603317 1.0085666172506995 1.0037674892303006 0.9838072200045076 0.9650000149747039 0.9475121154419948 0.9611250634008749 0.9670032570976688 0.9525399736766635 0.9526441855335286 0.9576921723825538 0.9622166439832321 0.957248859477742 0.9551980677248811 0.9677124132798219 0.9749530735761212 0.9791412070923955 0.9707902832336578 0.9658512406876751 70.82 1e-06 0.1 512 MobileNet
0.0 1.5531765259719377 1.5413487430207928 1.5929722839486862 1.520905546559012 1.4511874790632913 1.3974727902887016 1.370502057967202 1.4055704514193748 1.3826018482125022 1.3931234264464571 1.3789262427724385 1.4158993498813333 1.416582051888296 1.3580764453269685 1.4084789464388303 1.3569803684796224 1.3683165052675637 1.3745156774862466 1.3994824155668224 1.3616205004490982 57.46 1e-06 0.001 256 MobileNet
0.0 1.921907610526811 1.704535309834848 1.8521394764650199 1.9033638128262158 1.8195446055585651 1.8788421151697066 1.8556651906618584 1.7814335635014027 1.7597717584429151 1.8096517952778455 1.8124807420665954 1.777897625941437 1.8076188951379613 1.7778949218642826 1.7715880258394434 1.7871799275871982 1.7988777940110214 1.7831732129091924 1.7776989601811954 1.805849291685731 51.63 1e-07 0.001 512 MobileNet
0.0 1.5895042420073562 1.5877111770529424 1.503337767462351 1.5219203212731713 1.4923685714961232 1.4781370358278145 1.4555875813882881 1.4173866505944743 1.4541023099835613 1.4447371172217285 1.4288017142825213 1.4490195647177992 1.4456598066859183 1.440166747979502 1.4334328896449977 1.4296223496693186 1.4601103388896128 1.4357638777697774 1.4630289977945536 1.4242206626153702 57.15 1e-07 0.001 256 MobileNet
0.13294945552482468 0.8225742633651957 0.8102762143054852 0.7915752417501419 0.7974666691170101 0.8065836956531232 0.795281947038785 0.8068142221780664 0.7877158759598868 0.7945514632346997 0.8012051843541389 0.7857445910492149 0.7906756950813808 0.7904422853282322 0.7869878223211286 0.7891656520973044 0.7921033459907217 0.7848212801519574 0.7863234902864549 0.786040281402098 0.7904687953682457 84.79 1e-07 0.1 256 resnet18
0.0 2.465639707476315 2.0546275955745164 2.0097539171879633 2.1157413106951215 2.2879965897626056 2.316157402184212 2.3296458435650558 2.2793731707553273 2.279721342523171 2.2931510865223395 2.251720474132776 2.304366221798059 2.2857116444986882 2.2843099929477884 2.250860281468237 2.2763395376688256 2.265196499203736 2.26399572430413 2.281295248322822 2.290763871171942 45.12 1e-05 0.001 1024 MobileNet
0.0 0.9530067050479092 0.9799661407876031 0.9359402270563355 0.91121792829352 0.9018714041076064 0.9307981227266441 0.9208143086591336 0.912760944245838 0.8964809975030341 0.9143875941275305 0.9142697107704598 0.9114477611193156 0.9069370843834105 0.9084575130546981 0.9075483141639552 0.9194034265030652 0.9042359549433283 0.9060630285255553 0.8976938141384726 0.9003982130247101 75.37 1e-06 0.1 256 MobileNet
0.0 2.5675549519987144 2.1293957145402054 1.8747724210346504 1.9531630242395572 2.1038200716744218 2.21393959111853 2.1870766423329844 2.1977411304966923 2.1949828545077312 2.178232170131885 2.1729971557515273 2.181474501294106 2.178445171436991 2.174564030724314 2.170723548988252 2.189398228086547 2.1783693091591303 2.186415965536211 2.204920967970876 2.1864088120188865 46.01 1e-07 0.001 1024 MobileNet
0.0 1.1757866272491508 1.1259769323701625 1.1538263141875034 1.1537905529074717 1.1181093455305138 1.1259036441353933 1.1270368290029003 1.1240767542325476 1.1214213577052385 1.1204799433545514 1.1187917383369328 1.1201007442900086 1.1244839602795886 1.1258994614949642 1.1260121399584038 1.1297328667555937 1.1275509393211294 1.1209318780314543 1.121845247246318 1.121856526050044 66.3 1e-05 0.1 1024 MobileNet
0.0 1.1270687100083805 1.1330322467832088 1.0635248200834697 1.0745506964167388 1.110432631426463 1.103237934583681 1.1069997201365227 1.1011556861604936 1.1077332927349977 1.1065591218147075 1.101643830400909 1.0988294899987263 1.0989517122725254 1.1090216381774376 1.1173483341554058 1.1109549409206108 1.1004785206907983 1.1025279310540366 1.1063725207025625 1.0979928519015545 67.84 1e-06 0.1 1024 MobileNet
0.0 1.114538935506963 1.0707279842066615 1.0040664345006993 1.065910221594465 1.062271490258621 1.0769895460137142 1.0692856098347714 1.0600186693634843 1.078621590825496 1.0746140898562193 1.06901921760759 1.0714960619045455 1.0670389249935295 1.0703118792578505 1.0727144608071486 1.0661556801161114 1.0738545852045578 1.0744413966046216 1.0695776065282157 1.0710001257704536 68.77 1e-07 0.1 1024 MobileNet
0.0 1.2434839528466144 1.1939354924304428 1.161062155221727 1.1189292676884592 1.072159563518894 1.0772676632160334 1.066257932187886 1.0642213953699056 1.0605417285800107 1.0766417001513253 1.0677555902254197 1.055486855012249 1.0715075273965127 1.0493119479180986 1.0821587077961639 1.0564333545694258 1.0787846578749005 1.071523482465989 1.0636320081832138 1.0729012794640547 64.82 1e-05 0.01 512 MobileNet
0.0 1.0489613784535528 0.9830674394214387 0.9759861113596847 0.9833123036958683 0.984762117488754 0.9630471992668156 0.9599115378640206 0.9715964324744891 0.963743558895104 0.9722385751027403 0.9699151870328754 0.9674180460717703 0.9734889459142927 0.9669710049444693 0.9709641221189313 0.9695083957476536 0.9766383310531634 0.9655050692800375 0.9627951700558072 0.9717909281247978 73.02 1e-05 0.1 512 MobileNet
0.13294945552482468 0.8076270963695221 0.7728376906427805 0.7754479285797171 0.776175537583357 0.7901117532565618 0.7900308883306846 0.7877241141844822 0.777438732656838 0.7782460149140731 0.7764091667504838 0.7779349178581677 0.775868517352572 0.7848087394171498 0.7752836170219662 0.7767122576002709 0.7719145967313668 0.7679112293911942 0.7868919315799677 0.7851235013127713 0.7869301985900036 83.24 1e-06 0.01 256 resnet18
0.0 0.9620611977845998 0.9407574721559037 0.9426283132491272 0.9122297668753785 0.9031111855075092 0.9099030425340169 0.9364888952371144 0.8972620683223738 0.9116586725925856 0.9101406669759211 0.9044383929714306 0.9293048438367599 0.9109327308433728 0.9324033732991598 0.9197505341936753 0.9260300405090224 0.922668301281982 0.9222058272206796 0.9151249451762782 0.917748608626037 76.35 1e-05 0.1 256 MobileNet
0.0 1.638861511852963 1.4722096936817672 1.512043982487829 1.4769994285309624 1.4758014403407116 1.4974386934931265 1.468033476258512 1.4815525764181132 1.474081042163911 1.4898637260198737 1.49083634353607 1.4787166432890446 1.4768420338092063 1.4976977488433627 1.4745683257238136 1.4842491125037711 1.4776480056532746 1.4880300728711857 1.478729682524366 1.499954896067414 57.33 1e-05 0.01 1024 MobileNet
0.0 1.0089621887467068 0.9441793863499578 0.9554253556162913 0.9260027114561192 0.9399961751722101 0.9590489951989768 0.931992450851405 0.9557338923681516 0.930779525788172 0.9193360172003949 0.9403007811907972 0.9672321341193895 0.961211837584883 0.9533781265124355 0.9511400245714878 0.9498366629022353 0.9490856266524276 0.9617775569500772 0.9440023948260173 0.9605449472933065 76.13 1e-07 0.1 256 MobileNet
0.0 1.0272424000600353 0.9693434533135232 0.9649518600285028 0.9392922947123964 0.9401140608861415 0.9917996014643016 0.9592844884220577 0.9598136103294955 0.9640951910575687 0.956295657191256 0.9582259779196872 0.9605533799888468 0.9589592867604542 0.9565544921805234 0.9600613982139311 0.9654822115445805 0.9650225490848403 0.9619979180709727 0.9540997361962062 0.9645763296399216 73.21 1e-07 0.1 512 MobileNet
0.0 1.3452865198127564 1.3261142722779358 1.2098256100888114 1.2181448158142265 1.2260821009814697 1.207901429699978 1.1931508773280755 1.1917659184574034 1.1955473670538619 1.196636643826197 1.2075955910357241 1.1958888734887623 1.2084375307707773 1.206876283915259 1.2323135360093602 1.2007598047258332 1.1966885738338586 1.1998459781671846 1.200901881810739 1.1984874154338367 63.06 1e-06 0.01 512 MobileNet
0.0 1.067296792333812 0.9665753414911145 0.9484560420426614 0.9685968601677385 0.9286953264012007 0.9826507254183143 0.9692964503394285 0.9506765379797354 0.9401823403143666 0.9428396602939499 0.9358373661372409 0.9489835258266394 0.9480318742204271 0.9388903863152798 0.9430714330939334 0.9386291432035381 0.9523185393642014 0.9376200330059621 0.9331153867792894 0.9437516630483335 68.16 1e-07 0.01 256 MobileNet
0.0 1.5932662943526197 1.4918067039871874 1.4225267644223663 1.410879824382511 1.4154353473247434 1.4041219231091002 1.4042133593343575 1.3959083384791415 1.3952869382850428 1.410222768841044 1.4120130086488851 1.4037917567538838 1.4050653952049197 1.403851945971892 1.4089611364605097 1.4136550077651158 1.4143458232935464 1.4078621839882357 1.4018058783907883 1.4139984936063272 60.36 1e-07 0.01 1024 MobileNet
0.0 1.544665019233002 1.4420708391259052 1.4150432513777471 1.334614458517884 1.3433987471498565 1.3540585672637548 1.3408573643442174 1.3364895806288706 1.3338991779351104 1.334760604816525 1.3311044000935062 1.3336481441485022 1.333099868734944 1.3342384594912884 1.3347032258677303 1.34408725468908 1.3273680675486883 1.325976639969023 1.3281847202322117 1.3349410607279228 59.77 1e-06 0.01 1024 MobileNet
0.0 1.1551430099387006 1.0670128498373888 1.106851527504758 1.0510005145666426 1.0495259547164328 1.0570300418618717 1.0514906547264555 1.0366143696407462 1.041386733843379 1.050965146471231 1.0578358419399658 1.047632684118574 1.0554331306257492 1.0416806998929078 1.044108236351547 1.0365854749031393 1.0484580031350625 1.0346937119095556 1.0413757070252765 1.0517912863769863 68.38 1e-05 0.01 256 MobileNet
0.0 1.7066693614075412 1.8074900481253535 1.7369190474404974 1.7068336948660965 1.6906642081110654 1.6843773934037451 1.6072878897084772 1.5868577632510181 1.5987204108081892 1.5903084643445382 1.5770899550127542 1.6402870250947534 1.5798903617331315 1.55736473397208 1.575293488690821 1.6067380720567408 1.6015974183343866 1.6097748274441692 1.5853991440962298 1.5808718633958434 57.88 1e-05 0.001 256 MobileNet
0.13294945552482468 0.9638024242982537 0.9707842991316079 0.963855311102839 0.9649903945424357 0.9558414638457364 0.9504413920009368 0.9623266051996638 0.965448542271783 0.9622463285970523 0.9602775606170728 0.964055430714475 0.9575793836740868 0.963475739739874 0.974367823523458 0.9621152942853556 0.9671159078049211 0.9703544632958672 0.9525404255851343 0.9657577456137522 0.9730762809857784 71.81 1e-06 0.001 256 resnet18
0.0 1.3642333118808343 1.2247484733417435 1.2497963293158114 1.1900490973307123 1.181426325498673 1.1697765382335237 1.1722438337206922 1.1728561953910428 1.1632935936667201 1.1596225784944776 1.1673432634425698 1.1616405114219917 1.1707920950752917 1.171824195823763 1.1854362907188851 1.1700932411434832 1.175794102671119 1.162248657584488 1.1604848404840131 1.178010165859038 65.18 1e-05 0.01 512 MobileNet
0.0 1.1305010128396928 1.1436158339948426 1.1261230962813118 1.1037743419979833 1.09214379987364 1.0797112764603383 1.0894001317760365 1.086596819254142 1.082657605912844 1.1075825985522816 1.0989006067663458 1.070762808037708 1.0840586430342158 1.0771392301878269 1.0837120205865545 1.0837396322370676 1.0768452372447208 1.0813843953974653 1.0655071378018939 1.078714502252464 67.22 1e-06 0.01 256 MobileNet
0.0 1.6605369434096624 1.6902282377056261 1.7677753965754137 1.6513164784276468 1.599892802430224 1.6307239067125259 1.5484826549362187 1.587298192903158 1.58453729738336 1.579100955296581 1.5654271323403521 1.5735058610014179 1.5783608109435285 1.5611681438338507 1.5469421558003955 1.568074457885976 1.5493737616319505 1.570856675395369 1.5710579076077231 1.5730123110063232 57.35 1e-07 0.001 256 MobileNet
0.0 1.1425133434041659 1.0733101785022867 1.1018493109211989 1.0875216004910373 1.058986877333931 1.062531493248728 1.058226321813473 1.0763316327202501 1.0471894854182033 1.06362780146394 1.0986292547089715 1.098901075156997 1.0694773475326904 1.0717606101935262 1.0537024581686343 1.0702886668332299 1.0796620836288613 1.0739450459967894 1.0624160702252856 1.0726594036513675 68.51 1e-07 0.01 256 MobileNet
0.0 1.2970534788496229 1.2973535743857465 1.1649094478384 1.1748010248165592 1.184635009194128 1.1649383077325257 1.1694374955412747 1.1681924159060253 1.154992951147202 1.1689855184170765 1.1801077175479981 1.1720573539498949 1.1698080812129548 1.1700054473745831 1.1752795675852803 1.169602717168587 1.1697340776132852 1.155916502193804 1.1678738318255264 1.1675381343744116 63.44 1e-07 0.01 512 MobileNet
0.0 2.213914093809697 1.803006804667592 1.8993396103859805 2.0121500980319307 1.9462734766154208 1.8797825910347559 1.9206966474416667 1.9018098357546762 1.8769430941385148 1.9001088666590997 1.8763100651070455 1.9038182224979567 1.8911670906199343 1.9025800164419289 1.9027698531475614 1.8976328384123158 1.9101185074916476 1.885882098573822 1.8920794253248203 1.9115749811793257 51.65 1e-05 0.001 512 MobileNet
0.0 2.181970775304194 1.9200715249968423 2.0036420230534047 2.101887151125094 2.0174136438364085 2.0036071384498264 1.9761532977700513 1.9553959490426334 1.9656052483716036 1.9345936677578457 1.9564117481167593 1.9268778186965334 1.9246293496032325 1.9397831083260484 1.9491511753867283 1.9278714590051118 1.9300096363015342 1.927964061143949 1.918628233518293 1.9499681926460055 51.63 1e-07 0.001 512 MobileNet
0.0 2.7297672444430288 2.1616133089531577 2.046910714020381 2.14414101893963 2.3191597084974336 2.4089893459573726 2.3648753851059516 2.36640453721086 2.338464505216473 2.3324099289030884 2.319415173421606 2.3428152878143806 2.327311744179558 2.32405092889847 2.3253372442969935 2.319749899310041 2.3125980138066673 2.3227385661620477 2.3245055514948927 2.323533700348556 44.54 1e-07 0.001 1024 MobileNet
0.0 2.7134970323669396 2.2582200734534434 1.9521981955116359 2.0947513499131354 2.35152561312458 2.380136094877939 2.415871125667336 2.3908789720452353 2.42168270521468 2.405268434073913 2.400706624279257 2.3979679377510608 2.391097286338092 2.391942043250329 2.367582077214787 2.381766358723878 2.392184300837007 2.3902969598266224 2.3890858972177713 2.39240731570798 45.69 1e-06 0.001 1024 MobileNet
0.0 2.7193217420196465 2.164988573810896 2.005214703511126 2.084299232297906 2.302103382297868 2.3853749354028664 2.41383314581896 2.37410569262186 2.363554518710364 2.371919580573124 2.3412992093713543 2.3762201145796125 2.3503149718775074 2.3446766294371097 2.3612655088736423 2.3533830205045776 2.3492078309293194 2.3412222347811036 2.356007038872173 2.3571301239176914 43.76 1e-05 0.001 1024 MobileNet
0.0 1.7338009792694382 1.7266371303277155 1.729490760356957 1.7081730108011004 1.6475133634434997 1.5596030885612708 1.62141423751078 1.5541356395427603 1.5731616521917624 1.5794468749639363 1.5866481157101808 1.6049645206631953 1.588817714885598 1.6184073700844923 1.5752774852181652 1.604492946844556 1.6036270362121794 1.6045406709386745 1.6016000404499309 1.6205750838226403 58.96 1e-06 0.001 256 MobileNet
0.0 2.1953951880779408 1.88554835569159 1.8973984430989828 2.0462342643800797 2.058010017610973 2.061321588173282 1.9758248345383915 1.9188883638204024 1.983668419019472 1.9336863585254804 1.9941630900845353 1.9630212222324739 1.9703635028162594 1.9548763339121047 1.9380729051383794 1.9419011365225167 1.9279823908037041 1.9477013560849883 1.9460922962980147 1.9258726273844113 52.47 1e-06 0.001 512 MobileNet
0.0 0.8536078682384804 0.8090123934753423 0.770365715821858 0.7700210161125586 0.7689089354151873 0.7684173147401355 0.7712455739087002 0.768463487490953 0.7686863820587145 0.7709617351173802 0.7691073190851728 0.7677477419854416 0.7669999397850351 0.7715311337293865 0.768427301426951 0.7675622856866278 0.7676443684024677 0.7700146826333237 0.7691538978617565 0.7686877766056138 83.14 1e-05 0.1 1024 SimpleDLA
0.0 0.8107345896833205 0.8110984576104454 0.769526090362438 0.7755094105533249 0.7780300575557391 0.7808579360880371 0.7761129386395177 0.7739516245434875 0.7717243007933595 0.7732375845856206 0.771245459444405 0.7721941461500158 0.7689575098910459 0.7722040695379132 0.7677366802941025 0.7679568182672427 0.7679151064534782 0.7712812623309868 0.7701368185813311 0.7717029857398805 84.95 1e-05 0.1 256 SimpleDLA
0.0 0.8517438317419067 0.8389698388977456 0.7879535433802393 0.7921624517687457 0.7934007778214793 0.7927141479078159 0.7985432066291189 0.8009551033952164 0.8040434448768152 0.7837598960656262 0.79976488416064 0.8008534568344138 0.7981700501655274 0.7881519628634547 0.7941992723105894 0.7989732294930569 0.796517900803675 0.7956631250369769 0.7935740834308465 0.7957082876085457 83.97 1e-05 0.1 512 SimpleDLA
0.0 0.9218791943933003 0.9261391251787875 0.9225437322683305 0.9172246457754691 0.9176230257352067 0.9215283135904956 0.9172501084082925 0.9163226759761856 0.9196827124894423 0.918207873749503 0.9219489491043267 0.9178012708599422 0.9224648382299538 0.9209183757568702 0.9188960140493755 0.9215122158470065 0.9185312898790133 0.9195576765804334 0.9167551492451032 0.9202112741179538 76.34 1e-07 0.01 1024 SimpleDLA
0.0 0.8283798551766928 0.8057852471080433 0.8143152134119761 0.8121009891873117 0.810176953224686 0.8102553516712078 0.8124762924439376 0.8130383543047567 0.8111875569849225 0.8115956887535137 0.8094817539504255 0.8097917877948807 0.8068748914922489 0.8094584035639817 0.8069284388350612 0.8093875565943093 0.808800207427246 0.8116954187384663 0.8114394465028851 0.810720257505212 82.58 1e-07 0.1 1024 SimpleDLA
0.0 0.8504505911999973 0.8277158056389804 0.8139333356756299 0.8085981575122344 0.8102784741335434 0.8141264000745069 0.8112627143916262 0.8101614623034635 0.8096296734915249 0.8086255270086616 0.8107312588309717 0.8121806558102531 0.8069929771212645 0.8101351943767199 0.8154800754073952 0.8034654879711576 0.8106549203260933 0.8040008488897634 0.8093568585293492 0.8082749162630388 84.69 1e-06 0.1 256 SimpleDLA
0.0 0.8457334113451993 0.8716074902901257 0.7996364980165191 0.8079031562075251 0.8103891494543312 0.8081607338841311 0.8069969731338738 0.8090082373321317 0.8104982461917386 0.8072001889641085 0.8084561305478879 0.8125833344753103 0.8054073929509125 0.8097446685492372 0.8063533963030486 0.8120993398480678 0.8070826014517507 0.8058624617722345 0.8111195035853882 0.8084326455569023 83.73 1e-07 0.1 512 SimpleDLA
0.0 0.8336589318110075 0.8030173658123531 0.7696145214126899 0.7704406398860106 0.7719882504605193 0.7637625906917225 0.7628171233580242 0.7605903614481951 0.7734503314891197 0.7709286330945284 0.7715869014279287 0.7659044213188079 0.7629112371812673 0.7598220520469228 0.7672612129390481 0.7657951554661294 0.7624877634138235 0.7654707077067266 0.7692730209708145 0.7670760040249318 82.76 1e-06 0.1 1024 SimpleDLA
0.0 0.8568382041254015 0.797251819828437 0.8061358438213146 0.8023619690176609 0.8086980637534487 0.7960683484783724 0.7997650016403057 0.7980678562856289 0.7911348308297241 0.7989658722745979 0.8021113421219137 0.8042637820510127 0.8056396765079655 0.8001089064753022 0.8051083048420479 0.7971799875902108 0.7991644859495319 0.797772385480354 0.7903529393553816 0.7989895119782829 83.98 1e-06 0.01 256 SimpleDLA
0.0 1.0062926540551205 0.9633306049349651 0.9662307985235918 0.9640528838400269 0.9674807616573772 0.9532248822667335 0.9518246686051652 0.9534868756361362 0.965422737477146 0.9639781078341002 0.9583469480715746 0.9577922138060185 0.9502710352487941 0.9518655968255578 0.9576478806839992 0.9573440928320115 0.9489392781746956 0.9542635575781883 0.9534110323880036 0.9583409896184892 76.49 1e-05 0.01 1024 SimpleDLA
0.0 0.8801285026155555 0.8232711045790593 0.8018239888672 0.8036005439103231 0.8045889101034571 0.8072606309286264 0.8042170501800365 0.8073293244826862 0.8060140943015709 0.8059419482431376 0.8068185448222287 0.8031277733119603 0.8029903683631022 0.8027655034854203 0.8021744139720027 0.8000637115053386 0.7987087878371903 0.8023142947329659 0.8052598696408237 0.8033246054151724 81.27 1e-06 0.1 1024 SimpleDLA
0.0 0.8718589653734803 0.8137191094512951 0.808620760602442 0.8075630311103693 0.8060467728607165 0.8098314118717137 0.806303096680083 0.8166711408900136 0.8123306307515523 0.8080068732269734 0.8151391028970439 0.8126429417451972 0.8126677929696571 0.8152856062742623 0.8127877576813121 0.8139286333239556 0.8143809169969529 0.8172352935349652 0.8119754542566144 0.8153030942432024 84.26 1e-06 0.1 512 SimpleDLA
0.0 0.8484464805674655 0.8133819072086945 0.8105270748184545 0.8058726482969731 0.8132455115528789 0.8043490714117086 0.8003585739043495 0.7912315499541505 0.7985569188978981 0.8001792737053125 0.7944657460971049 0.8053660246717214 0.8004090044478396 0.7928328714802262 0.806830050724566 0.8005066226595607 0.8062177572054171 0.7939655582539897 0.7974728027691331 0.793193740482218 83.93 1e-07 0.1 256 SimpleDLA
0.0 0.8497288002518957 0.8061903849867907 0.7984912716963788 0.797778792635876 0.8191617487022188 0.8066786805801999 0.8075227348108381 0.7925910267440724 0.7952646073784381 0.8025599731354283 0.8021749945377937 0.8012258756240043 0.807708127908432 0.8017609866595999 0.8022640585408012 0.7932220835183473 0.8092139771480855 0.7874473091120722 0.8047659274294032 0.8034381239147332 83.39 1e-07 0.01 256 SimpleDLA
0.0 0.8349566737765117 0.8443731476674537 0.8450783085940753 0.8230282426826886 0.8298138702797696 0.8404750255657273 0.8279205528507306 0.8178124419046563 0.8157638207619737 0.831246388904269 0.8302588887529688 0.8291626336377129 0.8298088119613779 0.8274116839797191 0.8361363612307021 0.8229750957745542 0.8282816305080872 0.8246701869273894 0.8281349672153658 0.8301385961239854 83.49 1e-05 0.01 256 SimpleDLA
0.0 0.9667915883185734 0.8888439377845299 0.8885218774285939 0.8891955692705464 0.8892865767918687 0.8978017232830809 0.8911647033127552 0.8927457695176233 0.8962952482263489 0.9004945409484997 0.8986376705517128 0.8951609267270748 0.8928503730264616 0.9004706246156247 0.898955349372549 0.9031271307523937 0.8981362454166241 0.8980498241721746 0.902386548155911 0.9049396248428578 77.19 1e-06 0.01 1024 SimpleDLA
0.0 0.9445254596437269 0.8332791900744142 0.8311723673946508 0.8300156112615952 0.8398228825758548 0.8387641785565362 0.8390733009610206 0.8521027454302801 0.8421119349563514 0.8278210535579617 0.8424297256883022 0.8474125331170969 0.8438754975751646 0.8269826047171377 0.838446036099911 0.8418094952521001 0.8403116598250859 0.8435881285669011 0.8356120276063415 0.8425895388371509 81.3 1e-07 0.01 512 SimpleDLA
0.0 0.896848239745374 0.8650853783659039 0.8609090374765306 0.8619496531783697 0.870036391527377 0.8692696150477311 0.864633910031587 0.8685252508885647 0.8622788329896283 0.8642599825956058 0.865118880259149 0.8693279899389025 0.8627172911539569 0.8653358958981405 0.8629328338068811 0.8620009977137982 0.8713168381589724 0.8589085794165449 0.8552097991755094 0.868099706721923 82.52 1e-05 0.01 512 SimpleDLA
0.0 1.109010029079856 1.2742002766358707 1.2690471604454343 1.2615981079725354 1.2930361455613113 1.2727165798060194 1.2718552605650693 1.2793122375595727 1.2908855175126965 1.2558139693249708 1.2724465121591104 1.2897619538469633 1.2682196986426502 1.2689690139714411 1.2626926583595035 1.2721886868495624 1.2730624424668375 1.2718920190734075 1.2590757384616689 1.28465232022811 63.43 1e-05 0.001 512 SimpleDLA
0.0 0.8465928680748779 0.833299645847798 0.8360863684579408 0.8323870369801312 0.8393208954008671 0.8354829378683911 0.8386596575586404 0.8360439725751168 0.8344683638531784 0.8334328125684445 0.8282833685170554 0.8329843792696565 0.833653499099348 0.8278253388903879 0.8307327667462764 0.8368348862325397 0.8348675432798431 0.8335776350353027 0.8263976329446853 0.8350664288503311 81.99 1e-06 0.01 512 SimpleDLA
0.0 1.0000731916107377 1.0637310295967748 1.071689923792466 1.0452229586069541 1.076089578507108 1.0435045117048949 1.0596825461545152 1.0395870554755102 1.031175620351585 1.0406430858383589 1.048605696749854 1.0559085699343183 1.0621659908250105 1.0379523642599084 1.0451537215885252 1.024776622318769 1.0450375787927988 1.0266322224181834 1.0564896924679599 1.0479327115047101 71.99 1e-07 0.001 256 SimpleDLA
0.0 0.8425047940332838 0.8192968731851338 0.7885847560359328 0.7885383393681082 0.7986984870564862 0.7893126822502847 0.7931256306914796 0.7911986856954043 0.8073400486268715 0.8024620375304796 0.8031282749796195 0.7954466205911551 0.7937971804821068 0.803951759613265 0.7977904772425614 0.7981247099193124 0.7919406697407134 0.7940250613494702 0.7992928304350579 0.7994492220335406 83.62 1e-07 0.1 256 SimpleDLA
0.0 0.983331806875139 1.0535232038143933 1.0270706551669544 1.0134589948998536 1.0140258199577392 1.0423240339698385 1.019950708554624 0.985998708764999 1.0005302035003631 0.9969234239577911 0.9979518727560333 1.0071425725001228 1.0450008973102372 1.0352149145624874 1.0331293149983016 1.0133975916316735 1.0144301308913972 0.992633534681221 0.9899203591940875 1.0211513036919952 71.65 1e-06 0.001 256 SimpleDLA
0.0 0.9082079531281493 0.8643926915879696 0.8725342059205562 0.879266978975132 0.8784114234050691 0.8734090447787146 0.876943395462842 0.8782706450409257 0.8739709150851884 0.8752403020986347 0.8724011783079836 0.8710502419321873 0.8766149490823245 0.872586331107462 0.8779403250740959 0.8696713838090652 0.8723633996386296 0.8744627767694544 0.8683755449539722 0.8733035708886828 80.69 1e-06 0.01 512 SimpleDLA
0.0 1.122625297658925 1.2611692447153706 1.2156096767719355 1.228404327860032 1.2192586625181452 1.2202710599471778 1.2067640456782511 1.225743633940738 1.2207228545945887 1.2144258472453464 1.2446103312062147 1.22357012586409 1.229548196382689 1.2092222383363032 1.2112694418005068 1.209125210574178 1.2286032166780059 1.2376286580416653 1.2000767830478518 1.2264653905403504 63.93 1e-06 0.001 512 SimpleDLA
0.0 1.003725517473304 1.089213003440203 1.050643499214192 1.0428733813483317 1.0373015272304105 1.0448270839325418 1.0433350623170548 1.0342047536925727 1.0481793399980255 1.0443609118250388 1.0308432501158555 1.0516597649999648 1.05412147895355 1.0482856434816794 1.0441049081672196 1.0326924832675208 1.052463037043608 1.042524518026454 1.055799210023534 1.0436847663051774 72.97 1e-05 0.001 256 SimpleDLA
0.0 0.8741475037495199 0.7941781385014796 0.798861026315625 0.7960502252314261 0.8070562924232411 0.8026785579496567 0.8039583779131858 0.8029974877125926 0.8052356879752517 0.8053662933184442 0.808716670204772 0.8032749237658673 0.8085074447604584 0.8068762980767963 0.8065518057513661 0.807985803545883 0.8061994383337754 0.8036490675893705 0.8051721372409735 0.8052400309061736 84.13 1e-05 0.1 256 SimpleDLA
0.0 0.8830715460795934 0.8310102935132616 0.8278225091407484 0.826302940314268 0.8235780528306502 0.8275928729616983 0.8214759016802456 0.8220695423967007 0.8197748674330303 0.8202462474987458 0.8202210135229501 0.8197399482269339 0.8211397818207541 0.8224960636760932 0.820521908612328 0.8221734872338855 0.8219432787934179 0.8237477587304656 0.8203977272863661 0.8191398890541319 84.92 1e-06 0.1 256 SimpleDLA
0.0 0.8539937935138633 0.8244008844558688 0.8270906216392093 0.8285448977460227 0.8239298194282578 0.8240328275264666 0.8254461826763836 0.8236103304861621 0.8236836368658753 0.8272484047663962 0.8256447737185078 0.8260207505174703 0.8260636761055316 0.8302497662373041 0.8242628717413758 0.8247244364157791 0.8234186956427155 0.823105406258012 0.8222597201885324 0.8220291283689162 83.75 1e-06 0.1 512 SimpleDLA
0.0 1.2098666572504861 1.5363562535574737 1.6457855176465361 1.6887637225204548 1.6544570402528975 1.6576675427115597 1.6665262501274998 1.6692815962987524 1.6773252583660312 1.6740015503011452 1.6645753238461523 1.6548644877772651 1.6654590927560287 1.6748532207504008 1.6636003856344213 1.6701128783996857 1.6815207612204515 1.672864530898692 1.6785024536502469 1.6839346830851036 56.43 1e-05 0.001 1024 SimpleDLA
0.0 0.8701529120244212 0.8323489431683155 0.8141860444008148 0.8210572762160511 0.8148079158301086 0.8250557605466426 0.8104071648994008 0.8233785865797631 0.8129951033190078 0.8030616651816724 0.8097391379783722 0.8126203035413826 0.8003416611532991 0.8077392197819644 0.8100317072290641 0.8031678722416105 0.8052260649008656 0.8012792681943943 0.8079489513445361 0.8109393966995933 83.95 1e-06 0.1 256 SimpleDLA
0.0 1.0345980947254485 1.049416791160497 0.9880495557731795 0.9806976741485163 0.9956539367476066 0.9872053100793451 0.9752841935114285 0.9758828619053931 0.9889393513051844 0.9847871604733262 0.9978763428694422 0.9860259025825993 0.9930178060675792 0.9917641335867664 0.9885124737057828 0.9886482963551608 0.9757621887590794 0.9941323842448262 0.9857407896962639 0.9962731122518254 72.27 1e-05 0.001 256 SimpleDLA
0.0 1.032322127957648 0.9826330082089227 0.9778753508949626 0.9717876743283627 0.9813533558531327 0.9787294733547834 0.9895293805659597 0.9598380090954095 0.9822337716615034 0.9685381450417622 0.9919427924366159 0.9692713459976824 0.9651700587021596 0.9958083925896846 0.9860315174558686 0.9858815388570928 0.9629038674639915 0.9613648284789956 0.984005160014066 0.9796447397079313 72.83 1e-07 0.001 256 SimpleDLA
0.0 1.0247752801772712 1.0422918908232948 0.9648866784713445 0.9753047461777817 0.9730665313987299 0.9601739470448527 0.9727850991864357 0.9755945711179073 0.981404151654568 0.9678338751506073 0.9669671718607669 0.9626277742347896 0.972492320843848 0.9865856553354979 0.989907770521938 0.9671600559403498 0.9743802256881788 0.973194164566723 0.9716136797335109 0.9884553821958059 73.58 1e-06 0.001 256 SimpleDLA
0.0 1.1921336427032878 1.555565222940942 1.584159383154322 1.5465586861423197 1.5468660205488296 1.5509449606787304 1.5588747341361957 1.5613106860996517 1.561486651571768 1.5647137356486562 1.5618891593476585 1.5514760345705494 1.5629737901264067 1.5591899488206977 1.5685138454309366 1.5692157270485072 1.5693352099068005 1.563826744993469 1.5690204809643205 1.573162779590756 57.01 1e-06 0.001 1024 SimpleDLA
0.0 1.1128457246394945 1.2689379127405471 1.2079620178630588 1.2164630605977838 1.234822218863441 1.2150075401172113 1.2166826065465797 1.226726701083099 1.236453129292665 1.2363343947114578 1.232675109016334 1.2434085128619181 1.2384818901986223 1.2325589483681392 1.223948474441386 1.2317557143144664 1.2238061025391085 1.2241129919289349 1.2385726120106855 1.2242056128567018 65.37 1e-07 0.001 512 SimpleDLA
0.0 0.8400299410494232 0.8506846273553763 0.8610612507317554 0.8628167856918217 0.8610901641300858 0.8616775914313263 0.8626589419455357 0.8636467632789602 0.8612011483050971 0.8705326672980407 0.8675376199368496 0.8629503567788739 0.8626445415568048 0.8638649355819884 0.8636994037687239 0.8679434205515073 0.8618357277763766 0.8672357709620481 0.8655418004747553 0.8632589891888629 83.68 1e-05 0.1 512 SimpleDLA
0.0 0.8999429609720262 0.8783964410343665 0.8212583919134906 0.8341747822645432 0.8358893813279344 0.8284533703140052 0.8272505535392157 0.8424914803480662 0.8246594750916401 0.8363752969104923 0.8337398199823494 0.8254621152268531 0.8292741682361162 0.8261797857796432 0.8364483048816101 0.831973741827538 0.8283703655627898 0.823977334471153 0.8276490891092767 0.8295691150298197 83.19 1e-07 0.1 256 SimpleDLA
0.0 0.8680977763327252 0.8119811646895156 0.8107666130893779 0.8086432567454983 0.8085069289410187 0.8044277101220321 0.8088904548066114 0.8089303502825345 0.80700754316006 0.8096648179068825 0.8086450293049324 0.8016401649184876 0.8077937297325561 0.8105419487983522 0.8106268689119053 0.8099049103270772 0.8066815445974265 0.80585703336358 0.8075901795018612 0.8097467997113919 83.62 1e-05 0.01 256 SimpleDLA
0.0 0.8473008636068774 0.8316318854752167 0.8340165266449725 0.8355303794049438 0.8409922924228376 0.840832624976902 0.8286995794305877 0.8324161142281871 0.8132085583058387 0.8321786849398937 0.829878281378308 0.8268025118017803 0.8380808774136121 0.8409026917984225 0.8443502418715388 0.8464199092455875 0.8447249124752072 0.8323968149847102 0.8222739270560306 0.8313967497723516 82.92 1e-06 0.01 256 SimpleDLA
0.0 0.9620973408967427 0.90883911380744 0.8907961843849052 0.8932133061489581 0.8945762048137905 0.8917052870114616 0.8890272659479977 0.8900847192108894 0.8905536665754298 0.8912509707080791 0.8809021548785533 0.8857208175739144 0.8878431033306977 0.8890724134359981 0.8794487276966637 0.8890503856780146 0.8937844801776302 0.8889100962316624 0.8873140584544066 0.8798060859272813 81.54 1e-05 0.01 512 SimpleDLA
0.0 0.8736724806989484 0.8373585247941995 0.8330028013521524 0.8387354128841581 0.8507179531209578 0.8455886675672558 0.8363900863652911 0.836580865034585 0.8353559365077285 0.8261526112922734 0.8388810214376075 0.8507333390359135 0.8517601273621911 0.8406720649106231 0.8329052362605078 0.8425694975338984 0.8422634524382078 0.8428042136866903 0.8387154042105164 0.8389498131224232 83.33 1e-07 0.01 256 SimpleDLA
0.0 1.0965968586717039 1.097981447538624 1.0685151656343015 1.0871653530035714 1.1019340618715558 1.0878746319902621 1.0633721930611224 1.0853909950124723 1.0763434704759063 1.0989456358876457 1.0838873861574203 1.0804553239692642 1.0978453630258629 1.0744708495805873 1.0985004256274533 1.0925027195344115 1.1025792489218167 1.0827179160527183 1.0738606899001768 1.0685192717140035 73.34 1e-05 0.001 256 SimpleDLA
