1.0 3.49 2.7 2.94 3.0 2.94 2.76 2.89 2.76 2.86 2.88 2.95 2.85 2.77 2.79 2.77 2.82 2.78 2.8 2.8 2.77 85.5 1e-05 0.1 256 VGG19
1.0 3.04 3.07 3.03 2.86 2.99 2.9 2.73 2.81 2.82 2.89 2.8 2.8 2.78 2.76 2.82 2.88 2.89 2.88 2.88 2.88 85.01 1e-06 0.1 256 VGG19
1.0 3.3 3.09 3.01 3.02 3.0 2.95 2.89 2.84 3.02 2.91 2.87 2.96 2.93 2.94 2.92 2.93 2.91 2.96 2.87 2.9 85.77 1e-07 0.1 256 VGG19
1.0 3.88 3.17 3.09 3.15 3.1 3.01 2.99 3.04 3.11 3.07 3.08 3.03 2.97 2.98 2.95 2.98 2.91 2.92 2.95 2.9 83.45 1e-05 0.1 512 VGG19
1.0 3.49 3.39 2.9 2.91 3.13 3.01 3.07 2.97 3.0 2.95 2.97 2.96 2.99 2.97 3.01 2.93 2.95 2.9 2.9 2.92 83.14 1e-06 0.1 512 VGG19
1.0 3.89 2.88 3.04 3.26 3.01 3.03 2.99 3.01 3.01 3.0 2.98 2.89 2.89 2.98 2.94 2.99 2.97 3.0 2.99 2.98 82.82 1e-07 0.1 512 VGG19
1.0 3.51 4.43 3.17 3.01 3.0 2.99 3.08 3.1 3.06 2.98 3.01 3.01 3.05 3.0 3.01 3.03 3.01 3.02 3.02 3.02 83.0 1e-05 0.1 1024 VGG19
1.0 3.27 3.81 3.36 3.11 3.06 2.83 3.03 3.07 2.96 2.98 2.89 2.89 2.9 2.93 2.95 2.93 2.92 2.92 2.9 2.91 82.85 1e-06 0.1 1024 VGG19
1.0 3.74 3.33 2.97 3.04 3.0 3.01 3.05 3.18 3.14 3.02 3.05 3.17 3.08 3.07 3.09 3.13 3.12 3.1 3.11 3.09 82.21 1e-07 0.1 1024 VGG19
1.0 2.56 2.76 2.73 2.67 2.62 2.67 2.6 2.57 2.54 2.58 2.6 2.55 2.57 2.59 2.56 2.56 2.57 2.57 2.56 2.57 86.75 1e-05 0.01 256 VGG19
1.0 2.82 2.72 2.55 2.57 2.56 2.58 2.63 2.54 2.56 2.58 2.57 2.55 2.58 2.57 2.54 2.61 2.61 2.58 2.57 2.63 86.18 1e-06 0.01 256 VGG19
1.0 2.75 2.62 2.62 2.62 2.62 2.58 2.64 2.65 2.7 2.71 2.65 2.66 2.62 2.65 2.66 2.67 2.68 2.66 2.69 2.65 86.6 1e-07 0.01 256 VGG19
1.0 2.69 2.64 2.59 2.55 2.57 2.58 2.59 2.57 2.6 2.58 2.61 2.6 2.6 2.62 2.63 2.57 2.62 2.6 2.62 2.62 84.87 1e-05 0.01 512 VGG19
1.0 2.65 2.71 2.58 2.63 2.63 2.64 2.66 2.72 2.67 2.67 2.66 2.65 2.63 2.64 2.69 2.65 2.67 2.65 2.65 2.62 84.85 1e-06 0.01 512 VGG19
1.0 2.92 2.75 2.57 2.61 2.61 2.56 2.64 2.58 2.56 2.63 2.57 2.53 2.59 2.54 2.56 2.57 2.53 2.6 2.56 2.57 84.81 1e-07 0.01 512 VGG19
1.0 2.86 2.84 2.73 2.76 2.74 2.74 2.78 2.77 2.77 2.8 2.75 2.75 2.73 2.72 2.72 2.71 2.79 2.77 2.76 2.72 82.02 1e-05 0.01 1024 VGG19
1.0 2.82 2.74 2.72 2.63 2.6 2.57 2.61 2.59 2.59 2.6 2.59 2.59 2.59 2.58 2.61 2.59 2.6 2.59 2.59 2.6 82.41 1e-06 0.01 1024 VGG19
1.0 2.75 2.86 2.61 2.59 2.61 2.65 2.63 2.65 2.65 2.66 2.67 2.63 2.64 2.65 2.66 2.65 2.64 2.64 2.65 2.64 81.79 1e-07 0.01 1024 VGG19
1.0 2.85 3.08 2.96 3.04 3.11 3.05 3.08 3.05 3.14 3.11 3.11 3.15 3.08 2.94 3.03 3.06 3.08 3.06 3.07 3.06 78.22 1e-05 0.001 256 VGG19
1.0 3.0 3.0 2.96 2.95 2.92 2.93 2.91 3.01 3.0 2.97 2.98 3.0 2.97 3.03 2.99 2.96 2.99 2.94 3.01 2.99 77.78 1e-06 0.001 256 VGG19
1.0 3.11 3.01 3.07 3.11 3.08 3.1 3.08 3.13 3.01 3.08 3.08 3.1 3.04 3.07 3.11 3.12 3.16 3.07 3.05 3.13 78.06 1e-07 0.001 256 VGG19
1.0 3.55 3.58 3.55 3.5 3.52 3.44 3.52 3.45 3.54 3.43 3.45 3.5 3.51 3.48 3.44 3.44 3.51 3.5 3.45 3.46 73.47 1e-05 0.001 512 VGG19
1.0 3.63 3.32 3.38 3.46 3.4 3.26 3.34 3.36 3.37 3.42 3.39 3.42 3.29 3.38 3.33 3.41 3.35 3.4 3.32 3.33 73.81 1e-06 0.001 512 VGG19
1.0 3.61 3.67 3.61 3.61 3.57 3.63 3.66 3.63 3.6 3.6 3.56 3.49 3.62 3.52 3.57 3.57 3.52 3.69 3.66 3.56 72.67 1e-07 0.001 512 VGG19
1.0 4.53 4.51 4.65 4.63 4.58 4.73 4.69 4.61 4.69 4.6 4.74 4.64 4.57 4.64 4.7 4.62 4.68 4.63 4.77 4.69 65.15 1e-05 0.001 1024 VGG19
1.0 4.42 4.4 4.35 4.42 4.42 4.51 4.47 4.4 4.46 4.47 4.5 4.41 4.46 4.42 4.47 4.51 4.46 4.48 4.53 4.46 65.77 1e-06 0.001 1024 VGG19
1.0 4.37 4.27 4.43 4.32 4.36 4.39 4.29 4.39 4.36 4.4 4.37 4.31 4.31 4.42 4.35 4.35 4.46 4.37 4.44 4.36 65.89 1e-07 0.001 1024 VGG19
1.0 3.38 2.98 2.92 3.07 2.92 2.83 2.89 2.99 2.97 2.87 2.85 2.83 2.89 2.82 2.85 2.87 2.86 2.8 2.87 2.82 86.37 1e-05 0.1 256 VGG19
1.0 3.76 3.01 3.14 3.03 2.87 3.03 2.76 2.83 2.91 2.89 2.88 2.84 2.93 2.93 2.88 2.97 2.89 2.91 2.92 2.88 85.61 1e-06 0.1 256 VGG19
1.0 3.45 2.84 2.98 3.07 2.84 2.85 2.83 2.97 2.92 2.91 2.94 2.89 2.96 2.98 2.97 2.9 2.89 2.95 2.91 2.94 85.48 1e-07 0.1 256 VGG19
1.0 3.38 3.03 2.94 2.76 2.8 2.82 2.95 2.79 2.91 2.9 2.89 2.89 2.91 2.91 2.89 2.88 2.92 2.91 2.91 2.91 85.55 1e-05 0.1 512 VGG19
1.0 3.54 2.99 2.94 2.98 3.04 2.88 2.91 2.8 2.85 2.8 2.79 2.79 2.87 2.79 2.82 2.83 2.78 2.79 2.77 2.8 85.33 1e-06 0.1 512 VGG19
1.0 3.63 2.83 2.97 2.94 2.99 2.85 2.82 2.83 2.9 2.8 2.84 2.86 2.84 2.83 2.84 2.82 2.84 2.84 2.87 2.85 85.35 1e-07 0.1 512 VGG19
1.0 3.47 3.33 3.03 3.02 3.09 2.98 2.95 3.0 3.13 3.02 3.01 3.15 3.14 3.09 3.1 3.15 3.1 3.11 3.11 3.13 83.54 1e-05 0.1 1024 VGG19
1.0 3.54 3.62 2.88 3.08 3.08 3.21 3.07 3.01 3.05 3.13 3.15 3.18 3.17 3.12 3.12 3.19 3.14 3.15 3.15 3.12 82.23 1e-06 0.1 1024 VGG19
1.0 4.0 3.35 2.86 2.89 3.13 3.13 3.17 2.99 2.92 2.95 2.9 2.9 2.93 2.99 2.91 2.95 2.96 2.92 2.93 2.9 84.05 1e-07 0.1 1024 VGG19
1.0 2.68 2.76 2.54 2.6 2.52 2.5 2.52 2.59 2.56 2.55 2.58 2.54 2.57 2.51 2.57 2.53 2.56 2.55 2.53 2.55 86.99 1e-05 0.01 256 VGG19
1.0 2.69 2.68 2.69 2.66 2.66 2.58 2.6 2.7 2.68 2.67 2.63 2.61 2.64 2.62 2.62 2.64 2.62 2.6 2.64 2.6 86.55 1e-06 0.01 256 VGG19
1.0 2.61 2.74 2.74 2.59 2.55 2.55 2.51 2.54 2.53 2.53 2.56 2.55 2.57 2.55 2.54 2.58 2.53 2.58 2.61 2.56 86.91 1e-07 0.01 256 VGG19
1.0 2.62 2.72 2.66 2.68 2.65 2.63 2.63 2.64 2.65 2.63 2.61 2.66 2.63 2.64 2.65 2.63 2.63 2.65 2.66 2.64 84.64 1e-05 0.01 512 VGG19
1.0 2.72 2.82 2.61 2.55 2.53 2.56 2.55 2.56 2.51 2.58 2.54 2.53 2.5 2.54 2.56 2.51 2.57 2.54 2.51 2.55 85.0 1e-06 0.01 512 VGG19
1.0 2.79 2.76 2.55 2.61 2.61 2.66 2.7 2.66 2.7 2.64 2.69 2.65 2.67 2.65 2.7 2.67 2.7 2.65 2.66 2.7 84.84 1e-07 0.01 512 VGG19
1.0 2.92 2.78 2.82 2.8 2.83 2.83 2.81 2.86 2.82 2.83 2.85 2.8 2.84 2.8 2.82 2.82 2.81 2.79 2.79 2.84 81.82 1e-05 0.01 1024 VGG19
1.0 2.95 2.93 2.82 2.83 2.81 2.78 2.84 2.87 2.83 2.86 2.87 2.86 2.84 2.86 2.85 2.87 2.86 2.88 2.84 2.85 81.89 1e-06 0.01 1024 VGG19
1.0 2.91 2.91 2.78 2.87 2.82 2.79 2.83 2.78 2.72 2.73 2.74 2.75 2.75 2.74 2.73 2.72 2.76 2.76 2.75 2.73 81.95 1e-07 0.01 1024 VGG19
1.0 3.36 3.21 3.19 3.22 3.18 3.32 3.24 3.25 3.16 3.23 3.22 3.25 3.31 3.22 3.17 3.22 3.23 3.29 3.32 3.23 77.98 1e-05 0.001 256 VGG19
1.0 3.28 3.14 3.18 3.14 3.25 3.16 3.25 3.28 3.24 3.09 3.12 3.13 3.2 3.19 3.2 3.13 3.26 3.13 3.21 3.21 78.31 1e-06 0.001 256 VGG19
1.0 3.3 3.09 2.95 2.96 2.94 3.05 2.95 3.0 3.01 3.03 2.97 3.03 3.04 2.99 3.01 3.02 3.06 3.03 3.02 3.05 77.63 1e-07 0.001 256 VGG19
1.0 3.79 3.56 3.51 3.48 3.46 3.41 3.43 3.4 3.33 3.45 3.42 3.47 3.46 3.44 3.39 3.44 3.43 3.41 3.48 3.44 72.92 1e-05 0.001 512 VGG19
1.0 3.65 3.83 3.91 3.73 3.76 3.8 3.8 3.89 3.78 3.78 3.78 3.79 3.72 3.84 3.81 3.72 3.79 3.79 3.77 3.89 72.2 1e-06 0.001 512 VGG19
1.0 3.4 3.58 3.48 3.55 3.49 3.56 3.48 3.56 3.51 3.54 3.6 3.53 3.57 3.5 3.57 3.58 3.5 3.51 3.49 3.55 72.4 1e-07 0.001 512 VGG19
1.0 5.06 4.89 4.84 4.82 4.87 4.79 4.83 4.79 4.79 4.8 4.77 4.82 4.89 4.77 4.78 4.76 4.84 4.77 4.81 4.77 65.79 1e-05 0.001 1024 VGG19
1.0 4.68 4.77 4.72 4.77 4.74 4.75 4.78 4.79 4.75 4.89 4.79 4.83 4.77 4.82 4.82 4.7 4.76 4.76 4.8 4.84 65.18 1e-06 0.001 1024 VGG19
1.0 4.61 4.55 4.53 4.62 4.48 4.56 4.56 4.63 4.57 4.62 4.63 4.64 4.74 4.62 4.63 4.55 4.66 4.51 4.59 4.56 65.4 1e-07 0.001 1024 VGG19
1.0 3.48 2.89 3.24 2.93 2.93 3.05 2.89 2.97 2.98 2.96 2.96 2.96 2.94 2.97 2.98 2.98 2.96 2.97 3.02 3.01 86.56 1e-05 0.1 256 VGG19
1.0 4.1 3.05 2.89 2.93 3.05 3.06 3.02 3.09 2.91 2.92 2.95 2.94 2.96 2.87 3.04 2.98 2.97 2.99 2.95 2.92 85.94 1e-06 0.1 256 VGG19
1.0 3.93 3.04 2.98 3.12 3.14 3.05 2.94 2.86 2.86 2.98 3.04 2.93 2.95 2.95 2.94 2.95 2.9 2.94 2.9 2.97 86.4 1e-07 0.1 256 VGG19
1.0 3.91 3.53 3.09 2.88 2.99 2.89 3.06 2.93 2.97 3.07 3.1 3.08 3.11 3.11 3.01 3.0 3.07 3.01 3.05 3.05 84.02 1e-05 0.1 512 VGG19
1.0 3.69 3.12 2.98 2.99 3.0 2.9 3.05 2.95 2.93 2.93 2.89 2.91 2.96 2.93 2.96 2.91 2.91 2.96 2.94 2.93 84.85 1e-06 0.1 512 VGG19
1.0 3.68 3.2 2.97 2.99 2.85 2.96 2.77 2.89 2.75 2.71 2.76 2.75 2.71 2.73 2.7 2.68 2.71 2.7 2.68 2.71 84.77 1e-07 0.1 512 VGG19
1.0 3.05 3.54 3.29 3.18 3.05 3.14 3.05 3.19 3.28 3.1 3.04 3.01 3.01 3.02 3.05 3.05 3.05 3.02 3.04 3.01 82.92 1e-05 0.1 1024 VGG19
1.0 1.03 1.0 3.11 4.47 3.26 3.21 3.3 3.1 3.16 3.4 3.25 3.34 3.25 3.37 3.26 3.26 3.34 3.38 3.3 3.26 82.27 1e-06 0.1 1024 VGG19
1.0 3.63 3.66 3.35 3.0 2.84 3.13 3.07 2.85 3.06 3.07 3.06 2.99 3.07 3.06 3.02 3.06 3.06 3.08 3.09 3.09 83.16 1e-07 0.1 1024 VGG19
1.0 2.69 2.74 2.68 2.51 2.52 2.53 2.56 2.55 2.51 2.51 2.56 2.53 2.52 2.57 2.54 2.53 2.52 2.52 2.51 2.5 86.66 1e-05 0.01 256 VGG19
1.0 2.65 2.52 2.51 2.58 2.56 2.46 2.54 2.54 2.55 2.55 2.53 2.54 2.51 2.5 2.52 2.56 2.52 2.56 2.55 2.53 86.76 1e-06 0.01 256 VGG19
1.0 2.83 2.68 2.6 2.69 2.67 2.76 2.77 2.8 2.79 2.84 2.76 2.83 2.74 2.77 2.78 2.78 2.78 2.79 2.71 2.79 87.27 1e-07 0.01 256 VGG19
1.0 2.61 2.58 2.69 2.71 2.73 2.7 2.71 2.75 2.74 2.66 2.69 2.67 2.73 2.69 2.68 2.72 2.74 2.7 2.74 2.69 85.09 1e-05 0.01 512 VGG19
1.0 2.82 2.66 2.75 2.74 2.71 2.72 2.71 2.69 2.7 2.7 2.68 2.72 2.68 2.68 2.7 2.67 2.66 2.73 2.68 2.71 85.39 1e-06 0.01 512 VGG19
1.0 2.71 2.72 2.84 2.73 2.74 2.75 2.75 2.77 2.78 2.76 2.77 2.75 2.77 2.78 2.75 2.74 2.74 2.75 2.76 2.73 85.3 1e-07 0.01 512 VGG19
1.0 2.79 2.93 2.91 2.79 2.79 2.83 2.8 2.84 2.83 2.81 2.81 2.86 2.84 2.83 2.83 2.83 2.82 2.83 2.85 2.83 83.0 1e-05 0.01 1024 VGG19
1.0 2.83 2.77 2.68 2.7 2.74 2.72 2.74 2.73 2.74 2.73 2.75 2.72 2.75 2.72 2.74 2.73 2.71 2.74 2.73 2.75 82.66 1e-06 0.01 1024 VGG19
1.0 2.84 2.74 2.76 2.77 2.72 2.75 2.72 2.73 2.71 2.73 2.7 2.72 2.75 2.69 2.73 2.76 2.72 2.73 2.7 2.73 82.39 1e-07 0.01 1024 VGG19
1.0 3.01 2.89 2.84 2.86 2.91 2.92 2.9 2.89 2.88 2.87 2.86 2.92 2.81 2.88 2.83 2.9 2.85 2.88 2.9 2.88 78.8 1e-05 0.001 256 VGG19
1.0 3.24 2.87 2.98 2.98 2.97 2.97 3.01 2.98 2.96 2.98 3.05 3.02 3.04 3.03 2.98 3.03 2.98 2.99 3.0 3.0 78.64 1e-06 0.001 256 VGG19
1.0 3.13 3.01 2.97 2.98 2.97 2.97 2.96 3.04 3.01 2.97 2.98 2.97 3.01 2.99 3.09 2.96 2.97 2.93 2.99 3.0 78.49 1e-07 0.001 256 VGG19
1.0 3.5 3.58 3.51 3.45 3.48 3.48 3.44 3.46 3.37 3.39 3.36 3.49 3.35 3.4 3.42 3.43 3.46 3.56 3.43 3.38 73.44 1e-05 0.001 512 VGG19
1.0 3.66 3.49 3.6 3.51 3.56 3.57 3.5 3.53 3.63 3.55 3.53 3.49 3.48 3.58 3.6 3.53 3.55 3.53 3.53 3.57 73.25 1e-06 0.001 512 VGG19
1.0 3.4 3.38 3.45 3.54 3.39 3.53 3.4 3.58 3.59 3.56 3.57 3.46 3.56 3.49 3.54 3.51 3.56 3.48 3.52 3.5 73.12 1e-07 0.001 512 VGG19
1.0 4.79 4.97 4.97 4.91 4.91 4.96 4.87 4.77 4.96 4.9 4.93 4.92 4.9 4.94 4.98 4.93 5.07 4.91 4.87 4.93 66.52 1e-05 0.001 1024 VGG19
1.0 4.71 4.35 4.34 4.28 4.4 4.26 4.31 4.36 4.41 4.47 4.45 4.42 4.45 4.43 4.44 4.48 4.44 4.44 4.45 4.41 66.25 1e-06 0.001 1024 VGG19
1.0 4.25 4.27 4.24 4.3 4.28 4.26 4.3 4.3 4.3 4.22 4.33 4.26 4.26 4.25 4.31 4.32 4.31 4.24 4.27 4.29 66.01 1e-07 0.001 1024 VGG19
1.0 2.84 2.9 2.88 2.99 2.98 3.04 2.91 2.95 3.12 3.0 3.01 2.93 3.02 2.96 2.97 3.0 2.89 3.01 2.97 2.91 83.6 1e-05 0.1 256 RegNetX_200MF
1.0 2.74 3.05 3.05 2.96 2.94 2.82 2.84 2.9 2.82 2.95 2.87 2.78 2.8 2.84 2.79 2.79 2.79 2.82 2.85 2.81 81.28 1e-06 0.1 256 RegNetX_200MF
1.0 3.08 2.87 3.13 2.87 2.84 2.9 2.9 2.85 2.98 2.87 2.97 2.88 2.88 2.91 2.88 2.87 2.9 2.87 2.88 2.92 82.35 1e-07 0.1 256 RegNetX_200MF
1.0 3.16 3.03 3.25 2.91 3.0 2.99 2.93 2.99 2.85 2.97 3.01 2.96 2.96 2.98 2.97 2.97 2.97 2.96 2.9 2.95 80.56 1e-05 0.1 512 RegNetX_200MF
1.0 3.14 3.32 3.52 3.38 3.51 3.38 3.5 3.52 3.54 3.63 3.54 3.52 3.57 3.47 3.48 3.42 3.47 3.52 3.51 3.42 76.21 1e-06 0.1 512 RegNetX_200MF
1.0 3.28 2.88 3.23 3.27 3.17 3.19 3.19 3.14 3.22 3.21 3.28 3.25 3.19 3.22 3.23 3.22 3.25 3.22 3.16 3.2 80.3 1e-07 0.1 512 RegNetX_200MF
1.0 3.27 3.41 3.25 3.28 3.12 3.12 3.1 3.2 3.16 3.17 3.05 3.09 3.17 3.09 3.08 3.16 3.16 3.14 3.14 3.13 76.68 1e-05 0.1 1024 RegNetX_200MF
1.0 3.37 3.15 3.15 3.3 3.24 3.3 3.4 3.42 3.4 3.35 3.47 3.36 3.44 3.42 3.41 3.41 3.41 3.38 3.42 3.47 77.57 1e-06 0.1 1024 RegNetX_200MF
1.0 3.36 3.4 3.33 3.09 3.17 3.13 3.19 3.18 3.21 3.19 3.25 3.2 3.21 3.2 3.16 3.24 3.2 3.18 3.24 3.23 75.37 1e-07 0.1 1024 RegNetX_200MF
1.0 3.06 3.2 3.16 3.02 3.1 3.08 2.96 3.05 3.03 3.08 3.16 3.14 3.15 3.15 3.02 3.06 3.13 3.11 3.09 3.01 80.48 1e-05 0.01 256 RegNetX_200MF
1.0 3.35 3.08 3.17 3.12 3.17 3.09 3.2 3.08 3.12 3.13 3.1 3.06 3.15 3.05 3.06 3.08 2.98 3.01 3.13 3.07 81.63 1e-06 0.01 256 RegNetX_200MF
1.0 3.27 3.28 3.37 3.32 3.47 3.36 3.41 3.33 3.25 3.43 3.44 3.34 3.26 3.37 3.28 3.33 3.4 3.29 3.19 3.31 81.18 1e-07 0.01 256 RegNetX_200MF
1.0 3.75 3.65 3.55 3.5 3.62 3.6 3.6 3.55 3.59 3.62 3.48 3.57 3.58 3.66 3.57 3.65 3.63 3.57 3.58 3.51 75.92 1e-05 0.01 512 RegNetX_200MF
1.0 4.12 3.97 3.73 3.67 3.66 3.69 3.57 3.66 3.68 3.67 3.65 3.61 3.66 3.59 3.62 3.6 3.61 3.63 3.67 3.63 76.17 1e-06 0.01 512 RegNetX_200MF
1.0 3.64 4.04 3.93 3.99 3.92 3.91 3.87 3.96 3.92 4.01 3.92 3.93 3.91 3.99 3.88 4.02 3.94 3.92 3.94 3.91 76.02 1e-07 0.01 512 RegNetX_200MF
1.0 4.05 4.41 4.75 4.28 4.27 4.27 4.29 4.29 4.28 4.3 4.34 4.29 4.22 4.29 4.34 4.3 4.34 4.23 4.29 4.23 71.62 1e-05 0.01 1024 RegNetX_200MF
1.0 3.98 4.83 4.43 4.69 4.7 4.65 4.67 4.68 4.59 4.6 4.55 4.61 4.72 4.65 4.59 4.58 4.58 4.53 4.61 4.68 70.87 1e-06 0.01 1024 RegNetX_200MF
1.0 3.99 4.45 4.67 4.58 4.65 4.72 4.62 4.65 4.53 4.62 4.6 4.58 4.62 4.57 4.56 4.6 4.68 4.59 4.56 4.53 71.25 1e-07 0.01 1024 RegNetX_200MF
1.0 4.61 5.2 5.65 5.76 5.85 5.61 5.51 5.71 5.53 5.6 5.78 5.84 5.63 5.75 5.56 5.72 5.63 5.74 5.85 5.6 65.66 1e-05 0.001 256 RegNetX_200MF
1.0 4.19 5.25 5.69 5.23 5.62 5.51 5.44 5.4 5.24 5.36 5.3 5.42 5.39 5.26 5.27 5.46 5.41 5.47 5.3 5.37 66.31 1e-06 0.001 256 RegNetX_200MF
1.0 4.56 5.03 5.38 6.01 5.44 6.09 5.58 5.6 5.63 5.53 5.7 5.57 5.52 5.62 5.64 5.49 5.6 5.51 5.47 5.51 65.64 1e-07 0.001 256 RegNetX_200MF
1.0 4.6 5.21 6.15 6.57 7.03 7.12 7.35 7.27 7.2 7.26 7.19 7.36 7.31 7.17 7.25 7.3 7.37 7.25 7.27 7.25 59.17 1e-05 0.001 512 RegNetX_200MF
1.0 5.12 5.3 6.23 7.21 7.66 7.74 7.76 7.69 7.72 7.89 7.65 7.66 7.59 7.59 7.7 7.65 7.65 7.59 7.68 7.62 59.06 1e-06 0.001 512 RegNetX_200MF
1.0 4.55 5.12 5.9 6.67 7.13 7.45 7.2 7.02 7.45 7.41 7.57 7.39 7.62 7.26 7.27 7.31 7.37 7.39 7.36 7.46 59.04 1e-07 0.001 512 RegNetX_200MF
1.0 5.57 4.87 5.76 6.57 8.24 8.95 9.39 9.11 9.07 8.85 8.92 9.05 8.99 8.97 8.83 8.68 8.54 8.92 8.97 9.03 52.54 1e-05 0.001 1024 RegNetX_200MF
1.0 4.94 5.0 5.77 6.9 7.98 8.6 8.89 8.7 9.04 8.57 8.51 8.55 8.55 8.73 8.51 8.79 8.61 8.67 8.5 8.73 52.67 1e-06 0.001 1024 RegNetX_200MF
1.0 5.75 5.0 5.64 6.88 7.85 8.79 9.07 9.1 9.04 9.09 9.14 9.04 9.08 9.14 9.22 9.04 9.17 9.11 9.13 9.22 52.86 1e-07 0.001 1024 RegNetX_200MF
1.01 3.01 3.13 3.18 3.04 2.94 2.9 2.86 2.95 2.87 2.93 2.98 2.83 2.91 2.88 2.9 2.87 2.8 2.89 2.9 2.91 81.98 1e-05 0.1 256 RegNetX_200MF
1.01 2.99 3.11 3.09 3.04 3.11 3.0 3.0 3.1 3.09 3.08 3.09 3.07 3.17 3.18 3.11 3.16 3.19 3.16 3.1 3.15 82.4 1e-06 0.1 256 RegNetX_200MF
1.01 3.05 3.09 3.19 3.01 2.92 3.01 3.09 2.98 2.99 3.0 2.97 2.99 2.95 3.02 3.02 2.98 2.94 2.92 2.97 2.99 81.84 1e-07 0.1 256 RegNetX_200MF
1.01 3.03 3.12 3.12 3.28 3.13 3.16 3.16 2.99 3.06 3.09 3.03 3.03 3.16 3.12 3.07 3.1 3.16 3.06 3.04 3.08 80.31 1e-05 0.1 512 RegNetX_200MF
1.01 2.89 3.0 3.24 3.1 3.16 3.02 3.04 3.13 3.11 3.11 3.12 3.1 3.12 3.13 3.06 3.16 3.17 3.15 3.1 3.16 74.09 1e-06 0.1 512 RegNetX_200MF
1.01 3.04 3.06 3.21 3.24 3.16 3.23 3.2 3.18 3.17 3.18 3.21 3.14 3.25 3.21 3.18 3.14 3.23 3.23 3.17 3.19 79.46 1e-07 0.1 512 RegNetX_200MF
1.01 3.34 2.98 3.42 3.49 3.36 3.43 3.48 3.45 3.46 3.38 3.49 3.39 3.43 3.42 3.44 3.41 3.45 3.47 3.42 3.45 79.69 1e-05 0.1 1024 RegNetX_200MF
1.01 3.27 3.06 3.29 3.12 3.18 3.21 3.25 3.19 3.14 3.14 3.17 3.12 3.11 3.16 3.17 3.14 3.13 3.14 3.15 3.13 80.66 1e-06 0.1 1024 RegNetX_200MF
1.01 3.52 2.85 3.05 3.17 3.12 3.05 3.1 3.1 3.05 3.2 3.12 3.12 3.1 3.11 3.1 3.11 3.11 3.09 3.06 3.09 77.28 1e-07 0.1 1024 RegNetX_200MF
1.01 3.11 3.21 3.04 2.97 3.02 3.05 2.98 3.0 2.99 3.04 3.02 3.08 3.0 2.99 3.04 3.07 3.04 3.04 3.03 3.01 81.54 1e-05 0.01 256 RegNetX_200MF
1.01 3.24 3.21 3.38 3.29 3.22 3.32 3.38 3.39 3.2 3.31 3.29 3.3 3.3 3.3 3.21 3.25 3.18 3.28 3.22 3.21 81.39 1e-06 0.01 256 RegNetX_200MF
1.01 3.12 3.1 3.35 3.41 3.34 3.36 3.34 3.37 3.3 3.29 3.23 3.18 3.34 3.29 3.34 3.3 3.26 3.27 3.29 3.25 81.29 1e-07 0.01 256 RegNetX_200MF
1.01 3.75 3.55 3.46 3.59 3.52 3.52 3.58 3.5 3.58 3.53 3.59 3.5 3.66 3.54 3.59 3.65 3.56 3.62 3.53 3.52 76.77 1e-05 0.01 512 RegNetX_200MF
1.01 3.69 3.84 4.13 4.11 4.04 4.05 4.04 4.08 4.1 4.07 4.05 4.08 4.04 4.07 4.19 4.12 4.09 4.14 4.06 4.09 75.4 1e-06 0.01 512 RegNetX_200MF
1.01 3.73 3.77 3.83 3.83 3.77 3.83 3.82 3.75 3.77 3.87 3.81 3.8 3.76 3.74 3.98 3.75 3.71 3.75 3.77 3.76 76.38 1e-07 0.01 512 RegNetX_200MF
1.01 4.33 4.75 4.48 4.59 4.58 4.51 4.65 4.52 4.57 4.58 4.63 4.53 4.65 4.58 4.58 4.55 4.59 4.59 4.64 4.62 71.99 1e-05 0.01 1024 RegNetX_200MF
1.01 4.26 4.9 4.78 4.75 4.82 4.74 4.8 4.83 4.73 4.77 4.81 4.79 4.74 4.77 4.76 4.77 4.81 4.82 4.78 4.83 71.99 1e-06 0.01 1024 RegNetX_200MF
1.01 3.99 4.79 4.44 4.31 4.41 4.37 4.37 4.35 4.43 4.39 4.41 4.39 4.38 4.38 4.4 4.34 4.38 4.37 4.38 4.34 71.75 1e-07 0.01 1024 RegNetX_200MF
1.01 4.64 5.4 6.42 6.42 6.3 6.1 5.83 5.88 5.73 5.73 5.99 5.94 6.2 5.81 5.77 5.94 5.92 5.73 5.97 5.84 65.22 1e-05 0.001 256 RegNetX_200MF
1.01 4.78 5.73 6.14 5.78 5.4 5.43 5.44 5.68 5.64 5.79 5.86 5.79 5.96 5.93 5.86 6.03 5.91 5.84 5.68 5.89 65.66 1e-06 0.001 256 RegNetX_200MF
1.01 5.02 5.3 6.33 5.81 5.9 5.64 5.8 5.77 6.05 6.06 6.11 6.02 6.17 6.31 6.1 6.02 6.01 5.95 5.79 5.93 65.61 1e-07 0.001 256 RegNetX_200MF
1.01 4.73 5.5 7.15 7.59 7.98 7.89 8.12 7.64 7.96 7.79 7.82 7.75 7.87 7.88 7.87 7.85 7.91 7.73 7.77 7.74 59.0 1e-05 0.001 512 RegNetX_200MF
1.01 5.67 5.06 6.43 7.1 7.8 7.21 7.83 7.63 7.59 7.67 7.51 7.76 7.47 7.62 7.45 7.72 7.72 7.61 7.54 7.45 60.22 1e-06 0.001 512 RegNetX_200MF
1.01 5.3 5.65 6.76 7.67 7.82 7.18 7.27 7.32 7.6 7.54 7.52 7.32 7.32 7.57 7.54 7.71 7.58 7.58 7.65 7.6 59.01 1e-07 0.001 512 RegNetX_200MF
1.01 6.21 5.37 6.26 7.05 8.13 9.48 9.45 9.71 9.78 9.67 9.46 9.49 9.62 9.84 9.76 9.44 9.84 9.76 9.85 9.72 51.01 1e-05 0.001 1024 RegNetX_200MF
1.01 6.54 5.74 6.63 7.39 8.83 9.21 9.46 9.42 9.35 9.4 9.18 9.65 9.59 9.72 9.64 9.8 9.79 9.81 9.86 9.74 50.92 1e-06 0.001 1024 RegNetX_200MF
1.01 6.88 5.64 6.82 7.45 8.99 9.54 10.14 9.81 9.7 10.04 9.99 10.28 9.89 10.1 9.97 9.65 9.86 9.86 10.08 9.92 51.42 1e-07 0.001 1024 RegNetX_200MF
1.56 2.68 2.82 3.05 2.81 2.83 2.78 2.84 2.82 2.79 2.93 2.92 2.81 2.82 2.84 2.86 2.81 2.88 2.85 2.85 2.88 84.55 1e-05 0.1 256 RegNetX_200MF
1.56 2.94 3.02 2.87 2.78 2.78 2.81 2.88 2.93 2.93 2.96 2.94 2.92 2.81 2.95 2.9 2.91 2.88 2.94 2.89 2.95 83.43 1e-06 0.1 256 RegNetX_200MF
1.56 2.99 2.87 3.04 3.1 3.01 2.96 2.94 2.97 2.95 2.98 3.03 3.01 3.02 3.04 3.03 3.08 3.06 3.11 3.12 3.06 82.07 1e-07 0.1 256 RegNetX_200MF
1.56 2.99 3.01 3.04 2.99 3.13 3.0 3.17 3.1 3.18 3.12 3.09 3.16 3.16 3.18 3.18 3.21 3.17 3.15 3.21 3.19 81.26 1e-05 0.1 512 RegNetX_200MF
1.56 2.87 3.25 3.18 3.25 3.38 3.22 3.18 3.19 3.28 3.26 3.25 3.28 3.28 3.28 3.31 3.27 3.34 3.29 3.3 3.33 77.99 1e-06 0.1 512 RegNetX_200MF
1.56 2.95 3.06 3.15 3.14 3.1 3.1 3.01 3.05 3.02 3.04 3.0 3.06 3.0 3.0 3.03 3.03 3.06 2.96 2.98 3.04 79.79 1e-07 0.1 512 RegNetX_200MF
1.56 2.87 3.07 3.22 3.17 2.89 2.88 2.92 3.03 2.98 2.96 2.94 3.0 3.0 2.97 2.98 3.01 2.95 3.01 2.97 3.01 81.23 1e-05 0.1 1024 RegNetX_200MF
1.56 3.14 3.31 3.27 3.27 3.3 3.33 3.37 3.46 3.38 3.45 3.4 3.39 3.43 3.37 3.4 3.42 3.37 3.4 3.43 3.45 78.62 1e-06 0.1 1024 RegNetX_200MF
1.56 3.27 3.18 3.37 3.26 3.17 3.17 3.13 3.2 3.1 3.11 3.02 3.09 3.14 3.14 3.13 3.11 3.1 3.09 3.08 3.08 79.83 1e-07 0.1 1024 RegNetX_200MF
1.56 3.32 3.51 3.24 3.34 3.24 3.35 3.25 3.31 3.27 3.3 3.26 3.28 3.32 3.2 3.23 3.22 3.2 3.25 3.29 3.3 81.26 1e-05 0.01 256 RegNetX_200MF
1.56 3.0 3.24 3.19 3.2 3.15 3.17 3.12 3.15 3.26 3.19 3.1 3.19 3.12 3.2 3.22 3.17 3.18 3.16 3.15 3.19 80.97 1e-06 0.01 256 RegNetX_200MF
1.56 3.23 3.28 3.07 3.21 3.14 3.17 3.14 3.09 3.08 3.15 3.08 3.09 3.14 3.12 3.12 3.14 3.14 3.05 3.16 3.12 80.89 1e-07 0.01 256 RegNetX_200MF
1.56 3.86 4.1 3.81 3.73 3.9 3.83 3.73 3.78 3.74 3.82 3.74 3.73 3.82 3.78 3.68 3.64 3.66 3.66 3.74 3.6 76.33 1e-05 0.01 512 RegNetX_200MF
1.56 3.64 3.77 3.7 3.73 3.72 3.71 3.65 3.71 3.68 3.6 3.7 3.68 3.61 3.7 3.65 3.65 3.65 3.67 3.57 3.63 76.83 1e-06 0.01 512 RegNetX_200MF
1.56 3.83 3.73 3.54 3.67 3.67 3.69 3.67 3.69 3.73 3.66 3.67 3.69 3.73 3.79 3.71 3.69 3.81 3.68 3.69 3.69 76.97 1e-07 0.01 512 RegNetX_200MF
1.56 4.33 4.66 4.52 4.27 4.24 4.24 4.28 4.21 4.23 4.27 4.24 4.23 4.24 4.24 4.23 4.26 4.29 4.32 4.26 4.26 71.35 1e-05 0.01 1024 RegNetX_200MF
1.56 3.86 4.28 4.4 4.52 4.49 4.38 4.41 4.4 4.44 4.48 4.5 4.41 4.43 4.54 4.36 4.45 4.38 4.37 4.51 4.51 70.82 1e-06 0.01 1024 RegNetX_200MF
1.56 4.44 4.59 4.07 4.46 4.44 4.42 4.53 4.44 4.39 4.42 4.42 4.39 4.48 4.44 4.45 4.44 4.49 4.43 4.47 4.45 71.92 1e-07 0.01 1024 RegNetX_200MF
1.56 4.18 5.18 5.95 5.79 6.22 5.89 6.01 5.7 5.76 6.03 5.84 6.09 5.87 5.98 6.03 6.09 5.89 5.95 5.96 6.03 66.02 1e-05 0.001 256 RegNetX_200MF
1.56 4.41 5.25 5.47 5.01 5.19 5.55 5.37 5.37 5.23 5.31 5.24 5.3 5.27 5.22 5.29 5.35 5.46 5.29 5.32 5.27 65.74 1e-06 0.001 256 RegNetX_200MF
1.56 4.25 5.59 6.08 5.77 5.53 5.73 5.84 5.86 5.92 5.85 5.74 5.71 5.8 5.9 5.8 5.74 5.55 5.83 5.66 5.85 65.64 1e-07 0.001 256 RegNetX_200MF
1.56 4.56 5.35 6.45 6.85 6.51 7.21 7.16 7.3 7.33 7.46 7.31 7.22 7.36 7.41 7.29 7.42 7.21 7.2 7.15 7.28 59.96 1e-05 0.001 512 RegNetX_200MF
1.56 5.28 4.98 6.23 6.82 7.09 7.14 7.09 7.09 6.91 7.04 7.06 7.01 7.13 7.0 7.16 7.16 6.95 6.98 6.93 7.15 59.72 1e-06 0.001 512 RegNetX_200MF
1.56 5.16 5.08 6.74 7.26 7.29 7.37 7.42 7.33 7.3 7.32 7.27 7.39 7.36 7.43 7.47 7.36 7.32 7.6 7.49 7.19 59.77 1e-07 0.001 512 RegNetX_200MF
1.56 6.08 5.32 5.69 6.88 8.16 9.01 8.94 9.11 9.4 9.3 9.37 9.16 9.18 9.22 9.18 9.2 9.14 9.15 9.3 9.11 52.63 1e-05 0.001 1024 RegNetX_200MF
1.56 5.17 5.26 5.41 7.37 8.28 8.89 8.95 8.66 8.73 8.67 9.04 9.07 8.74 8.97 8.9 9.04 9.0 9.08 8.99 9.04 53.47 1e-06 0.001 1024 RegNetX_200MF
1.56 5.45 5.19 5.87 7.15 8.09 9.19 8.86 9.08 9.24 8.82 9.09 9.15 8.99 9.05 9.0 8.97 9.03 9.02 9.09 9.07 52.72 1e-07 0.001 1024 RegNetX_200MF
