1.75 3.05 3.22 3.12 3.17 2.98 3.12 3.06 3.05 3.08 3.17 3.14 3.17 3.21 3.24 3.19 3.18 3.21 3.21 3.15 3.17 71.0 1e-05 0.5 256 resnet34
1.75 2.89 3.16 3.15 3.03 2.87 2.96 2.96 3.13 3.08 3.17 3.07 3.12 3.08 3.07 3.03 3.03 3.05 3.09 3.05 3.02 70.27 1e-06 0.5 256 resnet34
1.75 2.87 3.21 3.38 3.4 3.37 3.39 3.42 3.19 3.2 3.4 3.24 3.26 3.22 3.23 3.11 3.11 3.16 3.16 3.15 3.17 65.81 1e-07 0.5 256 resnet34
1.75 3.39 3.0 2.93 3.45 3.35 3.41 3.51 3.46 3.46 3.43 3.45 3.41 3.41 3.43 3.47 3.4 3.39 3.37 3.41 3.44 71.99 1e-05 0.5 512 resnet34
1.75 2.95 2.99 3.01 3.41 3.32 3.22 3.34 3.2 3.17 3.2 3.19 3.24 3.26 3.26 3.24 3.28 3.26 3.24 3.26 3.25 73.51 1e-06 0.5 512 resnet34
1.75 3.08 2.92 3.23 3.33 3.15 3.14 3.33 3.08 3.09 3.18 3.04 3.08 3.08 3.04 3.08 3.12 3.08 3.02 3.1 3.02 70.83 1e-07 0.5 512 resnet34
1.75 3.09 3.04 3.22 3.45 3.13 3.32 3.31 3.31 3.33 3.3 3.31 3.3 3.32 3.32 3.31 3.29 3.24 3.34 3.28 3.27 67.72 1e-05 0.5 1024 resnet34
1.75 3.16 3.18 2.93 3.33 3.66 3.32 3.44 3.37 3.34 3.53 3.43 3.49 3.47 3.45 3.47 3.45 3.44 3.45 3.46 3.49 58.76 1e-06 0.5 1024 resnet34
1.75 3.0 2.96 3.12 3.26 3.36 3.21 3.25 3.19 3.3 3.24 3.21 3.24 3.21 3.2 3.23 3.24 3.2 3.18 3.23 3.2 67.73 1e-07 0.5 1024 resnet34
1.75 3.08 2.73 2.81 2.73 2.83 2.85 2.81 2.75 2.76 2.75 2.69 2.74 2.65 2.7 2.69 2.7 2.71 2.71 2.68 2.68 82.22 1e-05 0.1 256 resnet34
1.75 2.6 2.82 2.81 2.85 2.82 2.93 2.89 2.95 2.87 2.8 2.84 2.84 2.85 2.82 2.83 2.8 2.8 2.82 2.81 2.77 82.36 1e-06 0.1 256 resnet34
1.75 2.96 2.81 3.08 3.03 2.87 2.93 2.99 2.95 2.88 2.89 2.81 2.98 2.91 2.96 2.89 2.96 2.94 2.96 2.9 2.9 81.97 1e-07 0.1 256 resnet34
1.75 2.91 2.87 2.8 2.8 2.79 2.87 2.87 2.8 2.79 2.79 2.84 2.84 2.82 2.83 2.81 2.85 2.83 2.83 2.84 2.85 80.57 1e-05 0.1 512 resnet34
1.75 2.85 2.8 2.85 2.89 2.93 2.8 3.26 2.88 2.86 2.87 2.79 2.76 2.97 2.89 2.85 2.85 2.88 2.96 2.92 2.89 79.5 1e-06 0.1 512 resnet34
1.75 2.84 2.98 2.76 2.92 2.72 2.74 2.8 2.88 2.88 2.92 2.86 2.88 2.86 2.86 2.85 2.89 2.85 2.88 2.87 2.89 79.27 1e-07 0.1 512 resnet34
1.75 3.06 2.77 2.88 2.88 2.9 2.85 2.96 2.95 2.93 2.84 2.89 2.9 2.9 2.96 2.93 2.92 2.95 2.88 2.98 2.93 79.75 1e-05 0.1 1024 resnet34
1.75 2.79 2.77 2.87 2.89 2.87 2.87 2.85 2.8 2.81 2.92 2.8 2.82 2.83 2.84 2.83 2.9 2.83 2.81 2.84 2.86 79.81 1e-06 0.1 1024 resnet34
1.75 2.78 2.94 2.63 2.88 2.83 2.78 2.8 2.86 2.85 2.85 2.8 2.82 2.82 2.81 2.83 2.84 2.81 2.84 2.8 2.82 81.04 1e-07 0.1 1024 resnet34
1.75 3.1 2.84 2.83 2.79 2.87 2.96 2.75 2.92 2.92 2.93 2.93 2.98 2.97 2.98 2.94 2.98 2.98 2.96 2.95 2.99 78.44 1e-05 0.05 256 resnet34
1.75 2.72 2.84 2.75 2.78 2.77 2.62 2.63 2.6 2.61 2.71 2.71 2.7 2.63 2.61 2.69 2.68 2.68 2.63 2.64 2.63 83.97 1e-06 0.05 256 resnet34
1.75 3.15 2.83 2.94 2.68 2.65 2.78 2.7 2.71 2.72 2.78 2.73 2.72 2.7 2.7 2.74 2.66 2.74 2.74 2.69 2.71 83.51 1e-07 0.05 256 resnet34
1.75 2.81 2.82 2.65 2.63 2.72 2.73 2.77 2.77 2.75 2.86 2.75 2.76 2.71 2.79 2.75 2.78 2.73 2.75 2.79 2.82 84.26 1e-05 0.05 512 resnet34
1.75 2.7 2.68 2.67 2.55 2.54 2.57 2.54 2.55 2.62 2.59 2.55 2.6 2.59 2.6 2.6 2.66 2.64 2.58 2.59 2.56 84.16 1e-06 0.05 512 resnet34
1.75 2.75 2.67 2.57 2.42 2.48 2.58 2.58 2.5 2.52 2.52 2.48 2.48 2.48 2.51 2.55 2.48 2.49 2.5 2.5 2.5 84.41 1e-07 0.05 512 resnet34
1.75 2.87 2.73 2.69 2.73 2.71 2.69 2.83 2.69 2.73 2.82 2.75 2.78 2.75 2.76 2.76 2.76 2.8 2.76 2.75 2.76 83.73 1e-05 0.05 1024 resnet34
1.75 2.84 2.75 2.68 2.69 2.75 2.77 2.79 2.83 2.82 2.77 2.81 2.77 2.82 2.83 2.79 2.83 2.83 2.78 2.79 2.83 83.73 1e-06 0.05 1024 resnet34
1.75 2.6 2.78 2.7 2.75 2.64 2.75 2.69 2.72 2.72 2.74 2.67 2.72 2.74 2.69 2.72 2.71 2.71 2.73 2.73 2.72 83.81 1e-07 0.05 1024 resnet34
1.75 2.64 2.67 2.67 2.6 2.64 2.63 2.63 2.65 2.6 2.63 2.61 2.66 2.67 2.66 2.6 2.63 2.63 2.61 2.67 2.61 84.15 1e-05 0.01 256 resnet34
1.75 2.75 2.63 2.62 2.62 2.62 2.63 2.65 2.7 2.65 2.71 2.66 2.71 2.69 2.71 2.66 2.71 2.71 2.71 2.71 2.76 84.42 1e-06 0.01 256 resnet34
1.75 2.89 2.69 2.6 2.61 2.61 2.61 2.55 2.57 2.55 2.53 2.55 2.61 2.62 2.59 2.58 2.62 2.58 2.57 2.57 2.58 84.45 1e-07 0.01 256 resnet34
1.75 2.8 2.83 2.79 2.74 2.81 2.77 2.76 2.74 2.76 2.76 2.79 2.78 2.74 2.75 2.78 2.73 2.8 2.76 2.74 2.77 81.68 1e-05 0.01 512 resnet34
1.75 2.83 2.78 2.77 2.76 2.8 2.8 2.78 2.8 2.76 2.8 2.82 2.81 2.81 2.77 2.83 2.79 2.8 2.81 2.83 2.81 82.27 1e-06 0.01 512 resnet34
1.75 2.82 2.79 2.85 2.76 2.75 2.77 2.77 2.82 2.79 2.77 2.71 2.77 2.84 2.81 2.79 2.84 2.82 2.82 2.79 2.75 82.54 1e-07 0.01 512 resnet34
1.75 2.96 2.88 2.89 3.03 3.0 3.0 2.97 3.02 2.94 2.99 2.98 3.03 3.0 2.99 3.01 2.97 3.02 3.06 3.03 2.98 78.44 1e-05 0.01 1024 resnet34
1.75 2.98 2.99 2.97 2.93 3.02 2.96 2.91 2.87 2.91 2.91 2.92 2.88 2.94 2.9 2.89 2.92 2.94 2.88 2.9 2.9 78.92 1e-06 0.01 1024 resnet34
1.75 2.88 2.87 2.86 2.83 2.82 2.9 2.84 2.84 2.83 2.82 2.86 2.88 2.88 2.85 2.87 2.86 2.89 2.88 2.87 2.85 78.9 1e-07 0.01 1024 resnet34
1.75 2.85 2.72 2.66 2.66 2.69 2.67 2.69 2.64 2.69 2.66 2.73 2.67 2.73 2.67 2.61 2.67 2.67 2.7 2.7 2.71 83.29 1e-05 0.005 256 resnet34
1.75 2.7 2.76 2.73 2.73 2.66 2.74 2.71 2.73 2.68 2.76 2.72 2.68 2.69 2.71 2.68 2.73 2.69 2.72 2.74 2.75 83.04 1e-06 0.005 256 resnet34
1.75 2.76 2.7 2.71 2.66 2.64 2.58 2.6 2.62 2.62 2.62 2.7 2.62 2.63 2.64 2.61 2.64 2.65 2.65 2.63 2.66 83.3 1e-07 0.005 256 resnet34
1.75 3.01 2.79 2.81 2.78 2.84 2.82 2.83 2.85 2.78 2.77 2.76 2.85 2.8 2.8 2.84 2.82 2.83 2.83 2.86 2.85 79.67 1e-05 0.005 512 resnet34
1.75 2.85 2.91 2.92 2.91 2.91 2.91 2.97 2.85 2.99 2.9 2.83 2.9 2.99 2.95 2.93 2.99 2.93 2.93 2.91 2.91 79.41 1e-06 0.005 512 resnet34
1.75 2.98 3.02 3.08 2.96 3.03 2.99 3.08 3.0 3.0 2.95 2.96 3.01 2.97 2.98 3.02 3.03 3.04 2.99 2.94 2.93 79.36 1e-07 0.005 512 resnet34
1.75 3.78 3.42 3.32 3.29 3.31 3.29 3.28 3.26 3.23 3.22 3.21 3.21 3.23 3.17 3.24 3.21 3.26 3.27 3.2 3.21 75.45 1e-05 0.005 1024 resnet34
1.75 3.47 3.57 3.59 3.6 3.54 3.56 3.47 3.5 3.58 3.46 3.51 3.49 3.48 3.55 3.53 3.49 3.52 3.54 3.48 3.58 74.59 1e-06 0.005 1024 resnet34
1.75 3.45 3.2 3.21 3.11 3.21 3.15 3.1 3.14 3.11 3.19 3.14 3.2 3.17 3.17 3.2 3.24 3.21 3.19 3.26 3.21 74.21 1e-07 0.005 1024 resnet34
1.75 3.37 3.45 3.47 3.47 3.53 3.41 3.37 3.45 3.37 3.43 3.52 3.62 3.5 3.42 3.38 3.42 3.58 3.53 3.44 3.45 75.25 1e-05 0.001 256 resnet34
1.75 3.39 3.44 3.33 3.25 3.2 3.34 3.28 3.29 3.24 3.33 3.36 3.32 3.16 3.28 3.17 3.35 3.31 3.31 3.32 3.36 74.89 1e-06 0.001 256 resnet34
1.75 3.52 3.45 3.37 3.46 3.34 3.35 3.37 3.36 3.41 3.45 3.35 3.32 3.29 3.4 3.47 3.32 3.33 3.38 3.38 3.28 75.04 1e-07 0.001 256 resnet34
1.75 4.61 4.21 4.25 4.35 4.31 4.3 4.24 4.32 4.15 4.32 4.2 4.27 4.19 4.26 4.25 4.22 4.25 4.27 4.37 4.26 69.39 1e-05 0.001 512 resnet34
1.75 3.96 4.35 4.1 4.17 4.2 4.25 4.18 4.32 4.27 4.12 4.09 4.18 4.17 4.21 4.16 4.22 4.16 4.23 4.18 4.19 69.01 1e-06 0.001 512 resnet34
1.75 4.27 4.18 4.17 4.1 4.04 4.03 4.02 4.08 4.15 4.08 4.06 4.11 4.12 4.11 4.21 4.04 4.08 4.14 4.15 4.1 69.18 1e-07 0.001 512 resnet34
1.75 4.73 5.19 5.27 5.16 5.29 5.26 5.21 5.24 5.27 5.3 5.28 5.26 5.25 5.28 5.3 5.31 5.33 5.3 5.31 5.29 61.73 1e-05 0.001 1024 resnet34
1.75 5.13 5.39 5.45 5.44 5.46 5.47 5.38 5.51 5.47 5.47 5.43 5.43 5.44 5.52 5.39 5.49 5.48 5.42 5.42 5.49 60.83 1e-06 0.001 1024 resnet34
1.75 4.57 5.7 5.8 5.8 5.74 5.77 5.82 5.93 5.77 5.91 5.84 5.84 5.79 5.82 5.8 5.75 5.97 5.88 5.79 5.79 62.03 1e-07 0.001 1024 resnet34
1.08 2.92 3.19 3.11 3.24 2.99 2.98 3.0 3.03 3.06 3.04 3.01 3.0 3.02 3.06 3.04 3.09 3.06 3.02 3.07 3.05 74.63 1e-05 0.5 256 resnet34
1.08 2.92 3.04 3.27 3.28 3.13 3.26 3.22 3.14 3.22 3.3 3.21 3.18 3.3 3.3 3.29 3.31 3.25 3.29 3.27 3.25 73.86 1e-06 0.5 256 resnet34
1.08 3.28 2.83 3.11 3.12 3.38 3.21 3.23 3.28 3.23 3.34 3.25 3.19 3.23 3.28 3.3 3.26 3.34 3.34 3.32 3.36 73.31 1e-07 0.5 256 resnet34
1.08 3.22 2.86 3.26 3.35 3.08 3.09 3.19 3.28 3.31 3.37 3.26 3.35 3.33 3.34 3.37 3.36 3.38 3.36 3.3 3.32 76.1 1e-05 0.5 512 resnet34
1.08 3.32 3.09 3.01 3.26 3.15 3.11 3.16 3.07 3.01 3.04 3.02 3.09 3.07 3.06 3.09 3.07 3.08 3.04 3.08 3.1 77.56 1e-06 0.5 512 resnet34
1.08 3.18 3.2 3.17 3.1 3.15 3.12 3.07 3.18 3.24 3.15 3.19 3.19 3.21 3.21 3.18 3.19 3.16 3.18 3.17 3.12 74.6 1e-07 0.5 512 resnet34
1.08 2.93 2.99 3.0 2.95 3.06 3.04 3.12 3.06 3.07 3.01 3.01 3.08 3.08 3.1 3.06 3.02 3.0 3.02 3.01 3.03 76.84 1e-05 0.5 1024 resnet34
1.08 3.41 2.97 3.07 3.07 3.11 3.14 3.18 3.31 3.23 3.29 3.25 3.3 3.29 3.16 3.18 3.2 3.24 3.25 3.27 3.23 73.59 1e-06 0.5 1024 resnet34
1.08 3.94 2.98 3.24 3.0 2.95 3.11 3.29 3.15 3.61 3.48 3.77 3.35 3.51 3.5 3.49 3.5 3.56 3.51 3.49 3.5 70.1 1e-07 0.5 1024 resnet34
1.08 3.08 2.78 3.02 2.81 3.01 2.83 2.89 2.82 2.87 2.91 2.99 2.9 2.92 2.84 2.92 2.96 2.9 2.87 2.89 2.85 81.34 1e-05 0.1 256 resnet34
1.08 2.97 2.92 2.96 2.86 2.93 2.94 2.85 3.03 2.83 2.87 2.9 2.92 2.97 2.89 2.9 2.89 2.91 2.92 2.93 2.9 79.16 1e-06 0.1 256 resnet34
1.08 3.04 2.97 3.07 3.06 3.02 2.92 3.0 3.01 2.91 3.04 2.95 3.01 2.92 2.94 2.97 2.93 2.97 2.97 2.88 2.93 78.77 1e-07 0.1 256 resnet34
1.08 2.92 3.01 2.86 2.81 2.83 2.85 2.84 2.84 2.89 2.87 2.86 2.79 2.81 2.79 2.85 2.86 2.86 2.86 2.85 2.85 81.09 1e-05 0.1 512 resnet34
1.08 2.85 2.83 2.91 2.92 2.99 3.03 2.97 3.07 2.97 3.01 2.93 2.95 3.01 2.98 2.97 2.93 3.05 3.0 3.03 2.98 81.7 1e-06 0.1 512 resnet34
1.08 2.81 3.1 2.97 2.94 2.98 2.89 2.95 2.93 2.9 2.86 3.0 2.98 2.98 2.94 2.98 2.94 3.05 3.01 3.04 3.01 80.33 1e-07 0.1 512 resnet34
1.08 3.27 3.17 3.14 3.14 3.09 3.02 3.11 3.1 3.1 3.09 3.06 3.12 3.11 3.08 3.11 3.1 3.07 3.1 3.09 3.17 75.53 1e-05 0.1 1024 resnet34
1.08 3.55 3.17 2.98 3.38 3.2 3.24 3.24 3.3 3.31 3.34 3.38 3.3 3.39 3.38 3.36 3.33 3.35 3.37 3.28 3.33 74.65 1e-06 0.1 1024 resnet34
1.08 3.13 3.14 3.1 3.19 3.15 3.11 3.19 3.24 3.21 3.13 3.17 3.15 3.13 3.19 3.22 3.14 3.19 3.17 3.17 3.19 78.37 1e-07 0.1 1024 resnet34
1.08 2.78 2.76 2.67 2.85 2.69 2.66 2.65 2.76 2.69 2.71 2.73 2.7 2.69 2.69 2.68 2.67 2.68 2.76 2.74 2.78 84.02 1e-05 0.05 256 resnet34
1.08 2.94 2.81 2.74 2.83 2.86 2.88 2.92 2.79 2.86 2.93 2.84 2.87 2.89 2.89 2.86 2.93 2.91 2.91 2.87 2.85 80.99 1e-06 0.05 256 resnet34
1.08 2.9 2.8 2.87 2.87 2.95 2.94 2.93 2.95 2.96 3.02 2.94 2.93 2.97 3.02 2.99 2.99 3.01 2.93 3.0 2.99 82.37 1e-07 0.05 256 resnet34
1.08 2.89 2.79 2.92 2.8 2.79 2.76 2.77 2.84 2.77 2.75 2.79 2.73 2.79 2.72 2.71 2.8 2.73 2.75 2.79 2.72 83.74 1e-05 0.05 512 resnet34
1.08 2.89 2.88 2.75 2.82 2.75 2.76 2.72 2.77 2.76 2.77 2.77 2.78 2.78 2.76 2.76 2.74 2.77 2.76 2.77 2.83 84.85 1e-06 0.05 512 resnet34
1.08 2.8 2.74 2.91 2.68 2.72 2.75 2.73 2.71 2.68 2.68 2.67 2.73 2.65 2.69 2.73 2.7 2.7 2.7 2.72 2.64 84.63 1e-07 0.05 512 resnet34
1.08 2.92 3.12 2.77 3.0 2.8 2.86 2.9 2.9 2.79 2.78 2.82 2.82 2.82 2.78 2.81 2.82 2.83 2.78 2.81 2.77 81.04 1e-05 0.05 1024 resnet34
1.08 2.87 3.04 2.84 2.94 2.85 2.81 2.75 2.78 2.77 2.78 2.77 2.83 2.85 2.83 2.8 2.81 2.83 2.8 2.84 2.79 79.86 1e-06 0.05 1024 resnet34
1.08 3.17 2.99 3.03 3.1 3.06 3.03 3.01 2.97 2.96 3.02 3.02 2.96 3.0 3.01 3.02 3.03 3.08 3.02 3.01 3.0 78.02 1e-07 0.05 1024 resnet34
1.08 2.83 2.58 2.57 2.59 2.62 2.59 2.6 2.6 2.59 2.6 2.57 2.63 2.6 2.56 2.56 2.6 2.56 2.59 2.59 2.59 84.64 1e-05 0.01 256 resnet34
1.08 2.88 2.93 2.76 2.77 2.82 2.79 2.71 2.75 2.77 2.77 2.82 2.74 2.78 2.75 2.78 2.77 2.76 2.78 2.78 2.81 84.27 1e-06 0.01 256 resnet34
1.08 2.84 2.74 2.73 2.72 2.71 2.73 2.71 2.75 2.72 2.71 2.73 2.74 2.77 2.72 2.68 2.72 2.79 2.68 2.72 2.76 84.34 1e-07 0.01 256 resnet34
1.08 2.64 2.84 2.89 2.91 2.9 2.9 2.97 2.97 2.95 2.97 2.98 2.94 2.96 2.9 2.89 2.93 2.98 2.9 2.96 2.94 81.84 1e-05 0.01 512 resnet34
1.08 2.87 2.8 2.77 2.79 2.77 2.74 2.79 2.76 2.77 2.78 2.79 2.8 2.8 2.79 2.77 2.77 2.77 2.77 2.75 2.78 81.67 1e-06 0.01 512 resnet34
1.08 2.91 2.9 2.91 2.97 2.92 2.96 2.96 2.95 3.0 2.94 2.96 2.91 2.92 2.92 2.94 2.99 2.89 2.9 2.97 2.94 82.55 1e-07 0.01 512 resnet34
1.08 3.08 2.8 2.82 2.82 2.84 2.83 2.85 2.84 2.85 2.83 2.82 2.83 2.87 2.86 2.82 2.82 2.84 2.83 2.86 2.85 78.83 1e-05 0.01 1024 resnet34
1.08 3.2 2.98 3.0 2.99 3.01 3.05 3.06 3.1 3.06 3.11 3.14 3.06 3.08 3.1 3.12 3.06 3.1 3.15 3.1 3.11 77.56 1e-06 0.01 1024 resnet34
1.08 2.94 3.06 2.96 3.01 2.91 2.92 2.89 2.87 2.9 2.91 2.95 2.94 2.89 2.91 2.94 2.94 2.92 2.87 2.93 2.91 78.72 1e-07 0.01 1024 resnet34
1.08 2.9 2.87 2.9 2.88 2.84 2.88 2.87 2.92 2.82 2.87 2.84 2.91 2.87 2.88 2.87 2.85 2.84 2.89 2.87 2.84 82.7 1e-05 0.005 256 resnet34
1.08 2.85 2.86 2.92 2.89 2.75 2.77 2.73 2.74 2.76 2.75 2.71 2.78 2.79 2.78 2.71 2.78 2.73 2.75 2.77 2.73 82.4 1e-06 0.005 256 resnet34
1.08 2.87 2.7 2.74 2.75 2.76 2.76 2.8 2.77 2.8 2.75 2.73 2.76 2.71 2.8 2.78 2.79 2.71 2.73 2.77 2.71 82.5 1e-07 0.005 256 resnet34
1.08 3.05 3.07 3.08 3.19 3.11 3.13 3.11 3.02 3.05 3.03 3.1 3.07 3.03 3.03 3.06 3.05 3.06 3.04 3.02 3.06 78.98 1e-05 0.005 512 resnet34
1.08 3.03 3.01 3.04 2.98 3.02 3.07 3.07 3.07 3.1 3.06 3.06 3.05 3.12 3.06 3.06 3.06 3.14 3.08 3.07 3.11 79.4 1e-06 0.005 512 resnet34
1.08 3.12 2.96 2.95 2.97 2.96 3.02 3.06 2.97 2.95 3.0 3.01 2.97 2.99 2.93 2.88 3.03 3.04 2.93 3.04 2.95 78.22 1e-07 0.005 512 resnet34
1.08 3.38 3.49 3.45 3.46 3.45 3.41 3.42 3.42 3.4 3.43 3.44 3.36 3.41 3.41 3.42 3.38 3.4 3.42 3.36 3.4 74.06 1e-05 0.005 1024 resnet34
1.08 3.36 3.36 3.34 3.38 3.41 3.32 3.31 3.36 3.38 3.34 3.35 3.36 3.37 3.39 3.39 3.35 3.4 3.32 3.42 3.39 74.74 1e-06 0.005 1024 resnet34
1.08 3.33 3.32 3.43 3.39 3.43 3.34 3.41 3.39 3.35 3.39 3.38 3.37 3.44 3.37 3.38 3.43 3.37 3.37 3.37 3.38 74.05 1e-07 0.005 1024 resnet34
1.08 3.76 3.33 3.33 3.68 3.47 3.46 3.41 3.53 3.52 3.49 3.42 3.58 3.61 3.49 3.4 3.47 3.57 3.48 3.61 3.49 73.93 1e-05 0.001 256 resnet34
1.08 3.78 3.48 3.52 3.51 3.62 3.51 3.48 3.54 3.59 3.45 3.55 3.37 3.47 3.49 3.53 3.44 3.58 3.46 3.47 3.48 75.22 1e-06 0.001 256 resnet34
1.08 3.51 3.49 3.5 3.52 3.51 3.6 3.73 3.58 3.59 3.62 3.5 3.53 3.6 3.62 3.71 3.64 3.59 3.56 3.68 3.67 74.97 1e-07 0.001 256 resnet34
1.08 4.66 4.31 4.29 4.3 4.27 4.24 4.32 4.33 4.23 4.22 4.35 4.35 4.36 4.38 4.28 4.25 4.23 4.29 4.26 4.11 68.14 1e-05 0.001 512 resnet34
1.08 4.28 4.35 4.38 4.27 4.27 4.25 4.19 4.17 4.23 4.19 4.16 4.15 4.12 4.22 4.18 4.14 4.18 4.23 4.22 4.19 68.44 1e-06 0.001 512 resnet34
1.08 4.03 4.33 4.28 4.25 4.17 4.26 4.3 4.28 4.22 4.33 4.32 4.19 4.28 4.23 4.35 4.35 4.26 4.36 4.33 4.19 68.15 1e-07 0.001 512 resnet34
1.08 4.84 5.49 5.55 5.51 5.55 5.58 5.49 5.51 5.64 5.49 5.58 5.51 5.42 5.48 5.56 5.55 5.57 5.47 5.55 5.54 61.34 1e-05 0.001 1024 resnet34
1.08 4.75 5.41 5.49 5.46 5.49 5.43 5.48 5.46 5.56 5.41 5.55 5.57 5.46 5.49 5.52 5.55 5.42 5.59 5.47 5.49 61.76 1e-06 0.001 1024 resnet34
1.08 5.07 5.48 5.53 5.54 5.36 5.38 5.51 5.51 5.47 5.4 5.43 5.27 5.39 5.43 5.42 5.34 5.43 5.49 5.39 5.36 61.03 1e-07 0.001 1024 resnet34
1.1 3.02 2.81 3.27 3.48 3.36 3.23 3.21 3.32 3.28 3.25 3.31 3.27 3.27 3.25 3.26 3.26 3.25 3.25 3.29 3.23 67.15 1e-05 0.5 256 resnet34
1.1 2.97 3.14 3.18 3.05 3.25 2.97 3.15 3.02 3.05 3.1 3.1 2.98 3.01 2.98 3.0 2.99 3.02 2.98 2.98 2.96 71.13 1e-06 0.5 256 resnet34
1.1 3.51 3.28 3.35 3.14 3.2 3.4 3.53 3.27 3.25 3.54 3.42 3.37 3.34 3.46 3.39 3.41 3.52 3.45 3.45 3.48 67.94 1e-07 0.5 256 resnet34
1.1 3.03 3.08 2.98 3.14 3.36 3.14 3.1 3.07 3.22 3.16 3.12 3.12 3.1 3.1 3.16 3.12 3.11 3.12 3.15 3.12 74.41 1e-05 0.5 512 resnet34
1.1 3.23 3.06 3.22 3.15 3.14 3.23 3.21 3.3 3.21 3.23 3.19 3.24 3.28 3.23 3.29 3.26 3.26 3.26 3.25 3.28 73.7 1e-06 0.5 512 resnet34
1.1 3.12 3.52 3.16 2.88 3.16 3.23 3.01 3.17 3.19 3.17 3.02 3.12 3.06 3.11 3.03 3.12 3.06 3.11 3.19 3.14 75.19 1e-07 0.5 512 resnet34
1.1 3.01 2.92 2.93 3.17 3.16 3.13 3.02 3.13 2.99 2.9 3.0 2.9 2.99 2.98 2.95 2.99 2.96 2.89 3.0 3.01 76.14 1e-05 0.5 1024 resnet34
1.1 1.22 3.19 2.89 2.87 3.08 3.11 3.29 3.01 3.15 3.02 3.01 3.01 2.98 3.02 3.07 3.09 3.1 3.1 3.06 3.1 77.07 1e-06 0.5 1024 resnet34
1.1 1.02 2.95 3.05 3.03 2.75 2.91 3.04 2.92 3.05 3.11 3.04 3.1 3.07 3.08 3.09 3.12 3.1 3.1 3.15 3.14 75.65 1e-07 0.5 1024 resnet34
1.1 3.03 2.96 2.86 2.83 2.94 2.9 2.8 2.9 2.9 2.8 2.84 2.9 2.86 2.95 2.83 2.89 2.89 2.9 2.88 2.9 79.7 1e-05 0.1 256 resnet34
1.1 3.01 2.86 2.91 2.95 2.95 3.11 2.89 2.85 2.86 2.89 2.93 2.97 2.82 2.84 2.88 2.92 2.92 2.94 2.89 2.93 80.45 1e-06 0.1 256 resnet34
1.1 2.98 3.06 3.04 2.87 2.8 2.8 2.85 2.78 2.73 2.81 2.79 2.77 2.77 2.77 2.81 2.82 2.82 2.83 2.81 2.8 80.1 1e-07 0.1 256 resnet34
1.1 2.9 2.9 2.86 2.95 2.85 2.89 2.87 2.95 2.91 2.88 2.77 2.87 2.89 2.88 2.96 2.83 2.9 2.9 2.86 2.88 81.31 1e-05 0.1 512 resnet34
1.1 2.82 2.9 2.8 2.9 2.85 2.88 2.79 2.84 2.92 2.66 2.79 2.82 2.76 2.73 2.71 2.74 2.71 2.76 2.75 2.72 81.19 1e-06 0.1 512 resnet34
1.1 2.85 2.98 2.9 2.95 2.68 2.82 2.83 2.93 2.82 2.75 2.81 2.75 2.76 2.77 2.75 2.83 2.8 2.76 2.79 2.76 80.26 1e-07 0.1 512 resnet34
1.1 2.95 3.14 2.76 3.01 2.95 2.86 2.83 2.83 2.85 2.92 2.9 2.87 2.87 2.88 2.91 2.92 2.91 2.89 2.89 2.87 78.25 1e-05 0.1 1024 resnet34
1.1 2.9 2.9 2.84 2.7 2.74 2.62 2.64 2.62 2.69 2.62 2.71 2.72 2.65 2.66 2.7 2.72 2.68 2.67 2.72 2.74 78.57 1e-06 0.1 1024 resnet34
1.1 2.9 2.82 2.84 2.87 2.87 2.91 2.79 2.85 2.85 2.78 2.83 2.79 2.81 2.75 2.73 2.78 2.8 2.8 2.78 2.78 79.41 1e-07 0.1 1024 resnet34
1.1 2.81 2.83 2.81 2.83 2.82 2.77 2.75 2.73 2.84 2.7 2.72 2.72 2.73 2.78 2.83 2.74 2.79 2.83 2.78 2.69 82.63 1e-05 0.05 256 resnet34
1.1 2.71 2.84 2.74 2.73 2.78 2.76 2.72 2.74 2.7 2.71 2.83 2.75 2.76 2.8 2.79 2.76 2.77 2.78 2.78 2.75 84.09 1e-06 0.05 256 resnet34
1.1 2.87 2.78 2.91 2.86 2.79 2.77 2.76 2.89 2.82 2.8 2.8 2.76 2.77 2.78 2.79 2.75 2.74 2.79 2.75 2.77 82.6 1e-07 0.05 256 resnet34
1.1 2.83 2.82 2.97 2.79 2.76 2.86 2.82 2.83 2.79 2.79 2.81 2.84 2.79 2.83 2.8 2.82 2.8 2.79 2.79 2.78 83.26 1e-05 0.05 512 resnet34
1.1 2.83 2.85 2.83 2.78 2.8 2.87 2.85 2.88 2.74 2.77 2.8 2.85 2.86 2.77 2.83 2.82 2.83 2.83 2.82 2.8 82.77 1e-06 0.05 512 resnet34
1.1 2.84 2.89 2.71 2.88 2.76 2.75 2.66 2.69 2.7 2.67 2.62 2.7 2.74 2.66 2.7 2.69 2.73 2.7 2.71 2.69 82.07 1e-07 0.05 512 resnet34
1.1 2.94 2.86 2.9 2.83 2.84 2.88 2.87 2.88 2.85 2.89 2.87 2.85 2.86 2.89 2.9 2.88 2.88 2.87 2.88 2.85 80.78 1e-05 0.05 1024 resnet34
1.1 2.87 2.98 2.92 2.91 2.86 2.87 2.93 2.88 2.88 2.89 2.91 2.9 2.86 2.89 2.86 2.89 2.91 2.89 2.85 2.9 80.05 1e-06 0.05 1024 resnet34
1.1 2.89 2.91 2.73 2.79 2.84 2.82 2.75 2.8 2.79 2.76 2.82 2.8 2.79 2.75 2.78 2.74 2.75 2.78 2.76 2.75 80.02 1e-07 0.05 1024 resnet34
1.1 2.74 2.73 2.54 2.6 2.69 2.64 2.63 2.68 2.64 2.65 2.62 2.63 2.62 2.63 2.65 2.63 2.63 2.64 2.64 2.62 84.2 1e-05 0.01 256 resnet34
1.1 2.7 2.76 2.69 2.73 2.71 2.74 2.73 2.73 2.76 2.77 2.77 2.74 2.75 2.72 2.77 2.76 2.72 2.8 2.77 2.69 84.9 1e-06 0.01 256 resnet34
1.1 2.63 2.76 2.76 2.72 2.71 2.72 2.76 2.78 2.73 2.71 2.7 2.73 2.72 2.72 2.68 2.69 2.71 2.73 2.74 2.71 84.28 1e-07 0.01 256 resnet34
1.1 2.82 2.81 2.81 2.85 2.85 2.76 2.76 2.75 2.84 2.77 2.79 2.82 2.79 2.81 2.78 2.79 2.81 2.77 2.78 2.83 82.34 1e-05 0.01 512 resnet34
1.1 2.9 2.74 2.71 2.78 2.71 2.7 2.71 2.75 2.7 2.74 2.69 2.69 2.66 2.7 2.74 2.72 2.7 2.67 2.69 2.7 82.0 1e-06 0.01 512 resnet34
1.1 2.71 2.79 2.81 2.81 2.84 2.84 2.8 2.81 2.8 2.82 2.81 2.8 2.81 2.81 2.79 2.78 2.81 2.83 2.78 2.8 81.7 1e-07 0.01 512 resnet34