1.0 2.94 2.83 3.0 2.94 2.9 2.93 2.88 2.87 2.88 2.86 2.85 2.89 2.84 2.94 2.88 2.88 2.85 2.88 2.85 2.84 82.76 1e-06 0.1 1024 SimpleDLA
1.0 2.76 2.68 2.74 2.77 2.77 2.77 2.76 2.76 2.74 2.76 2.77 2.79 2.76 2.76 2.79 2.79 2.79 2.75 2.77 2.78 83.14 1e-05 0.1 1024 SimpleDLA
1.0 2.78 2.77 2.76 2.71 2.74 2.67 2.71 2.68 2.67 2.73 2.69 2.75 2.68 2.67 2.71 2.7 2.64 2.67 2.69 2.68 84.95 1e-05 0.1 256 SimpleDLA
1.0 2.94 2.93 2.69 2.74 2.73 2.74 2.72 2.74 2.75 2.73 2.77 2.77 2.74 2.77 2.73 2.73 2.79 2.76 2.77 2.73 83.73 1e-07 0.1 512 SimpleDLA
1.0 2.78 2.88 2.8 2.78 2.82 2.82 2.78 2.79 2.77 2.82 2.75 2.77 2.8 2.77 2.78 2.8 2.73 2.75 2.78 2.78 83.97 1e-05 0.1 512 SimpleDLA
1.0 2.89 2.82 2.76 2.71 2.73 2.76 2.76 2.75 2.74 2.74 2.78 2.8 2.75 2.76 2.75 2.75 2.75 2.76 2.75 2.75 84.26 1e-06 0.1 512 SimpleDLA
1.0 2.74 2.76 2.77 2.8 2.84 2.82 2.89 2.89 2.85 2.94 2.93 2.88 2.87 2.93 2.91 2.89 2.9 2.92 2.88 2.86 82.58 1e-07 0.1 1024 SimpleDLA
1.0 3.39 3.48 3.43 3.49 3.56 3.54 3.52 3.57 3.56 3.6 3.65 3.57 3.62 3.68 3.62 3.53 3.57 3.56 3.57 3.56 76.49 1e-05 0.01 1024 SimpleDLA
1.0 2.83 2.81 2.87 2.82 2.81 2.79 2.8 2.79 2.77 2.8 2.82 2.81 2.81 2.71 2.8 2.82 2.79 2.76 2.81 2.8 83.93 1e-07 0.1 256 SimpleDLA
1.0 2.96 3.02 2.99 3.02 3.1 3.04 3.02 3.05 3.03 2.98 3.08 3.06 3.02 3.04 3.05 2.99 2.99 3.05 3.08 3.05 81.99 1e-06 0.01 512 SimpleDLA
1.0 2.79 2.86 2.78 2.7 2.75 2.72 2.76 2.69 2.73 2.66 2.67 2.72 2.68 2.71 2.68 2.71 2.71 2.73 2.7 2.69 84.69 1e-06 0.1 256 SimpleDLA
1.0 3.17 2.88 2.9 2.91 2.94 2.9 2.89 2.88 2.86 2.88 2.95 2.91 2.9 2.86 2.88 2.87 2.99 2.89 2.86 2.9 81.3 1e-07 0.01 512 SimpleDLA
1.0 4.57 5.63 5.45 5.49 5.61 5.35 5.46 5.51 5.44 5.33 5.6 5.55 5.49 5.4 5.45 5.51 5.57 5.6 5.6 5.45 63.93 1e-06 0.001 512 SimpleDLA
1.0 4.43 5.56 5.41 5.36 5.54 5.52 5.46 5.68 5.61 5.61 5.45 5.53 5.5 5.58 5.55 5.6 5.63 5.52 5.35 5.77 63.76 1e-07 0.001 512 SimpleDLA
1.0 5.0 5.14 5.28 5.38 5.33 5.32 5.21 5.3 5.15 5.17 5.25 5.12 5.24 5.21 5.15 5.15 5.33 5.21 5.1 5.19 63.43 1e-05 0.001 512 SimpleDLA
1.0 2.91 2.88 2.86 2.81 2.81 2.87 2.93 2.8 2.84 2.79 2.81 2.82 2.86 2.75 2.79 2.85 2.77 2.8 2.84 2.76 83.98 1e-06 0.01 256 SimpleDLA
1.0 3.06 2.96 2.97 2.91 2.9 2.92 2.94 2.87 2.98 2.93 2.92 2.92 2.92 2.89 2.91 2.96 2.93 2.94 2.88 2.97 82.52 1e-05 0.01 512 SimpleDLA
1.0 3.21 3.22 3.29 3.23 3.25 3.27 3.27 3.23 3.25 3.22 3.27 3.28 3.27 3.23 3.26 3.17 3.29 3.25 3.25 3.19 80.93 1e-06 0.01 512 SimpleDLA
1.0 4.7 6.8 7.58 7.42 7.42 7.52 7.58 7.43 7.54 7.61 7.6 7.59 7.74 7.53 7.52 7.75 7.58 7.41 7.7 7.65 55.12 1e-06 0.001 1024 SimpleDLA
1.0 3.64 4.08 4.08 4.11 4.07 4.29 4.26 4.22 4.17 4.05 4.18 4.02 4.14 4.11 4.33 4.1 4.14 4.09 4.14 4.03 71.99 1e-07 0.001 256 SimpleDLA
1.0 2.8 2.67 2.58 2.58 2.6 2.59 2.58 2.54 2.55 2.57 2.59 2.57 2.55 2.58 2.56 2.56 2.56 2.57 2.57 2.62 83.95 1e-06 0.1 256 SimpleDLA
1.0 3.05 2.81 2.86 2.75 2.77 2.82 2.76 2.76 2.77 2.75 2.8 2.82 2.75 2.8 2.78 2.75 2.79 2.78 2.84 2.76 83.49 1e-05 0.01 256 SimpleDLA
1.0 2.85 2.86 2.78 2.79 2.72 2.79 2.67 2.68 2.74 2.67 2.69 2.72 2.71 2.64 2.68 2.68 2.7 2.76 2.7 2.7 84.13 1e-05 0.1 256 SimpleDLA
1.0 2.97 2.94 2.85 2.84 2.81 2.86 2.92 2.93 2.87 2.91 2.86 2.9 2.85 2.86 2.91 2.86 2.88 2.94 2.94 2.94 83.48 1e-05 0.01 256 SimpleDLA
1.0 3.08 3.02 3.01 3.03 3.09 3.0 3.01 3.0 3.08 3.09 3.08 3.18 3.06 3.03 3.06 3.05 3.11 3.11 3.06 3.06 81.72 1e-05 0.01 512 SimpleDLA
1.0 2.94 2.88 2.9 2.9 3.03 2.9 3.0 2.94 2.96 2.96 2.87 2.97 3.0 3.0 3.01 2.97 2.96 2.96 3.01 2.93 83.39 1e-07 0.01 256 SimpleDLA
1.0 2.98 2.8 2.76 2.72 2.8 2.74 2.78 2.73 2.73 2.74 2.76 2.75 2.75 2.73 2.74 2.74 2.78 2.75 2.77 2.75 83.55 1e-07 0.01 256 SimpleDLA
1.0 4.22 5.36 5.3 5.17 5.32 5.23 5.2 5.27 5.29 5.2 5.14 5.26 5.31 5.11 5.21 5.32 5.2 5.13 5.3 5.29 65.29 1e-07 0.001 512 SimpleDLA
1.0 3.06 2.8 2.87 2.82 2.86 2.8 2.9 2.86 2.78 2.89 2.85 2.86 2.79 2.85 2.83 2.81 2.75 2.77 2.91 2.9 84.09 1e-06 0.01 256 SimpleDLA
1.0 3.81 4.38 4.4 4.35 4.28 4.31 4.26 4.42 4.24 4.33 4.36 4.39 4.12 4.25 4.19 4.25 4.27 4.39 4.34 4.46 71.65 1e-06 0.001 256 SimpleDLA
1.0 3.04 3.06 3.09 3.06 3.17 3.08 3.08 3.17 3.14 3.14 3.13 3.12 3.17 3.16 3.14 3.17 3.16 3.1 3.1 3.14 81.28 1e-07 0.01 512 SimpleDLA
1.0 3.91 4.08 4.27 4.43 4.36 4.32 4.43 4.55 4.43 4.4 4.29 4.41 4.23 4.42 4.27 4.35 4.45 4.32 4.41 4.45 72.97 1e-05 0.001 256 SimpleDLA
1.0 3.93 4.47 4.23 3.99 4.04 4.14 4.15 4.21 4.16 4.06 4.11 4.09 4.23 4.2 4.1 4.03 4.23 4.1 4.18 4.14 72.27 1e-05 0.001 256 SimpleDLA
1.0 2.75 2.78 2.68 2.67 2.63 2.65 2.68 2.64 2.63 2.65 2.62 2.58 2.67 2.59 2.62 2.62 2.55 2.63 2.62 2.67 84.92 1e-06 0.1 256 SimpleDLA
1.0 2.73 2.72 2.7 2.65 2.64 2.64 2.65 2.66 2.64 2.63 2.62 2.7 2.66 2.64 2.66 2.67 2.66 2.65 2.62 2.66 83.19 1e-07 0.1 256 SimpleDLA
1.0 4.43 5.53 5.41 5.51 5.61 5.5 5.4 5.45 5.47 5.48 5.51 5.42 5.53 5.47 5.49 5.47 5.45 5.47 5.55 5.42 63.35 1e-06 0.001 512 SimpleDLA
1.0 2.89 2.78 2.92 2.89 2.84 2.85 2.88 2.8 2.84 2.85 2.83 2.82 2.81 2.84 2.82 2.82 2.82 2.84 2.9 2.83 83.62 1e-07 0.1 256 SimpleDLA
1.0 2.7 2.84 2.76 2.82 2.87 2.8 2.77 2.84 2.82 2.78 2.82 2.81 2.77 2.81 2.83 2.76 2.82 2.82 2.77 2.77 83.75 1e-06 0.1 512 SimpleDLA
1.0 4.34 5.45 5.21 5.26 5.12 5.22 5.15 5.09 5.14 5.17 5.14 5.06 5.24 5.11 5.31 5.12 5.08 5.09 5.06 5.09 64.06 1e-05 0.001 512 SimpleDLA
1.0 3.76 4.16 4.21 4.18 4.41 4.19 4.25 4.48 4.25 4.28 4.16 4.22 4.06 4.35 4.26 4.2 4.18 4.32 4.38 4.43 73.58 1e-06 0.001 256 SimpleDLA
1.0 3.02 3.1 3.04 3.07 3.08 3.04 3.06 3.06 3.03 3.11 3.11 3.09 3.08 3.12 3.07 3.07 3.07 3.08 3.15 3.05 80.69 1e-06 0.01 512 SimpleDLA
1.0 2.71 2.71 2.78 2.65 2.75 2.76 2.7 2.74 2.7 2.74 2.78 2.82 2.78 2.69 2.77 2.75 2.73 2.77 2.77 2.72 82.92 1e-06 0.01 256 SimpleDLA
1.0 3.07 3.05 3.19 3.06 3.12 3.12 3.13 3.1 3.09 3.2 3.16 3.14 3.15 3.13 3.14 3.15 3.12 3.14 3.17 3.09 81.34 1e-07 0.01 512 SimpleDLA
1.0 4.1 4.1 3.95 3.99 4.12 4.09 4.19 4.1 4.13 4.02 4.01 4.09 4.15 3.96 4.08 4.1 4.04 4.08 4.22 4.14 73.37 1e-06 0.001 256 SimpleDLA
1.0 4.08 4.08 3.99 3.97 4.02 4.09 4.05 3.98 3.97 4.06 4.07 4.1 4.07 4.16 4.03 4.19 4.03 4.11 4.04 4.1 72.83 1e-07 0.001 256 SimpleDLA
1.0 2.79 2.72 2.75 2.7 2.75 2.75 2.79 2.72 2.76 2.76 2.74 2.72 2.75 2.81 2.74 2.79 2.69 2.73 2.77 2.73 83.62 1e-05 0.01 256 SimpleDLA
1.0 2.7 2.79 2.85 2.71 2.74 2.8 2.79 2.77 2.8 2.78 2.82 2.78 2.79 2.8 2.83 2.83 2.79 2.79 2.79 2.8 84.93 1e-05 0.1 256 SimpleDLA
1.0 3.94 4.03 3.94 3.87 4.25 4.14 4.02 4.02 4.09 4.09 4.06 4.0 4.06 4.01 3.86 3.86 4.02 4.1 4.14 4.06 73.34 1e-05 0.001 256 SimpleDLA
1.0 3.91 3.87 3.76 3.71 3.79 3.9 3.8 3.76 3.66 3.86 3.83 3.91 3.85 3.72 3.81 3.75 3.74 3.72 3.85 3.89 73.06 1e-07 0.001 256 SimpleDLA
1.0 3.0 2.82 3.11 2.95 3.01 3.15 3.03 3.14 3.09 3.09 3.11 3.06 3.16 3.11 3.12 3.08 3.01 3.16 3.12 3.06 80.24 1e-05 0.1 256 ShuffleNetV2
1.0 2.9 2.89 2.88 2.98 2.92 3.0 2.96 2.88 3.03 2.98 2.98 2.96 3.0 3.04 2.98 2.93 2.94 2.91 2.92 3.01 81.82 1e-06 0.1 256 ShuffleNetV2
1.0 3.11 2.9 2.97 2.93 2.97 2.94 3.04 2.95 2.96 2.95 3.0 2.99 2.99 2.97 2.98 3.01 2.93 2.92 3.02 2.93 81.21 1e-07 0.1 256 ShuffleNetV2
1.0 2.94 3.23 3.12 3.26 3.27 3.24 3.27 3.23 3.23 3.25 3.26 3.28 3.26 3.29 3.2 3.19 3.26 3.25 3.25 3.23 76.47 1e-05 0.1 512 ShuffleNetV2
1.0 2.92 2.85 2.73 2.82 2.81 2.83 2.79 2.85 2.87 2.79 2.85 2.84 2.84 2.81 2.81 2.82 2.85 2.8 2.81 2.88 78.27 1e-06 0.1 512 ShuffleNetV2
1.0 2.99 3.16 3.06 3.12 3.15 3.14 3.17 3.07 3.1 3.12 3.13 3.12 3.11 3.15 3.1 3.1 3.14 3.09 3.09 3.12 77.32 1e-07 0.1 512 ShuffleNetV2
1.0 3.05 3.19 3.42 3.08 3.11 3.14 3.19 3.2 3.14 3.19 3.21 3.22 3.11 3.21 3.2 3.17 3.17 3.22 3.25 3.13 74.67 1e-05 0.1 1024 ShuffleNetV2
1.0 3.26 3.32 3.3 3.21 3.19 3.15 3.2 3.19 3.15 3.2 3.17 3.19 3.23 3.17 3.21 3.2 3.2 3.22 3.15 3.2 74.91 1e-06 0.1 1024 ShuffleNetV2
1.0 3.44 3.35 3.38 3.3 3.24 3.31 3.31 3.33 3.27 3.31 3.31 3.32 3.33 3.32 3.3 3.32 3.29 3.32 3.37 3.34 74.19 1e-07 0.1 1024 ShuffleNetV2
1.0 3.71 3.94 3.29 3.49 3.32 3.38 3.48 3.47 3.34 3.35 3.39 3.44 3.4 3.36 3.31 3.44 3.41 3.36 3.39 3.39 73.74 1e-05 0.01 256 ShuffleNetV2
1.0 3.36 3.37 3.41 3.49 3.37 3.4 3.35 3.34 3.3 3.45 3.35 3.34 3.34 3.3 3.36 3.38 3.24 3.35 3.36 3.28 73.34 1e-06 0.01 256 ShuffleNetV2
1.0 3.4 3.6 3.27 3.32 3.35 3.42 3.41 3.25 3.29 3.31 3.39 3.48 3.46 3.47 3.44 3.37 3.3 3.44 3.43 3.41 74.27 1e-07 0.01 256 ShuffleNetV2
1.0 4.1 3.99 4.08 3.86 4.01 4.06 4.05 4.13 4.23 4.08 4.21 4.12 4.21 4.09 4.15 4.15 4.1 4.08 4.13 4.15 69.18 1e-05 0.01 512 ShuffleNetV2
1.0 4.17 4.21 4.03 4.23 4.12 4.17 4.2 4.16 4.19 4.19 4.14 4.19 4.17 4.11 4.09 4.31 4.19 4.15 4.22 4.29 67.92 1e-06 0.01 512 ShuffleNetV2
1.0 4.05 4.11 4.12 3.94 3.95 4.01 3.92 3.92 3.83 3.98 3.94 3.87 3.83 3.85 3.87 3.83 3.85 3.91 3.84 3.9 68.36 1e-07 0.01 512 ShuffleNetV2
1.0 4.89 5.33 5.08 4.94 4.68 4.7 4.79 4.73 4.73 4.73 4.82 4.8 4.77 4.69 4.72 4.75 4.7 4.79 4.72 4.72 64.59 1e-05 0.01 1024 ShuffleNetV2
1.0 4.78 5.3 5.24 4.89 4.82 5.0 4.76 4.88 4.83 4.83 4.85 4.85 4.84 4.79 4.82 4.86 4.88 4.74 4.83 4.79 63.52 1e-06 0.01 1024 ShuffleNetV2
1.0 5.11 5.56 5.5 5.45 5.82 5.78 5.68 5.69 5.69 5.69 5.56 5.65 5.65 5.69 5.65 5.66 5.65 5.57 5.66 5.72 63.37 1e-07 0.01 1024 ShuffleNetV2
1.0 5.62 5.56 6.58 6.49 6.42 6.53 6.65 6.12 6.39 6.06 6.16 6.17 6.19 6.34 6.23 6.35 6.23 6.14 6.25 6.25 57.11 1e-05 0.001 256 ShuffleNetV2
1.0 5.67 6.06 6.15 6.64 6.47 6.75 6.27 6.48 6.26 6.12 6.05 6.27 6.19 6.19 6.12 6.18 6.3 6.13 6.31 6.28 58.14 1e-06 0.001 256 ShuffleNetV2
1.0 5.97 5.91 6.28 6.88 6.71 6.79 6.64 6.67 6.75 6.91 6.64 6.54 6.76 6.62 6.6 6.59 6.7 6.53 6.68 6.45 57.34 1e-07 0.001 256 ShuffleNetV2
1.0 6.84 6.39 6.95 8.25 8.77 8.98 8.98 8.74 8.21 8.49 8.51 8.36 8.32 8.3 8.41 8.43 8.37 8.29 8.37 8.33 49.76 1e-05 0.001 512 ShuffleNetV2
1.0 6.61 6.21 6.75 7.79 8.47 9.06 8.79 8.5 8.77 8.6 8.98 8.55 8.68 8.87 8.68 8.79 8.84 8.53 8.59 8.62 49.32 1e-06 0.001 512 ShuffleNetV2
1.0 7.14 6.63 7.68 7.95 9.27 9.22 9.0 8.97 8.82 8.92 9.16 9.0 8.97 9.0 8.89 8.88 8.99 8.87 8.91 9.01 49.95 1e-07 0.001 512 ShuffleNetV2
1.0 9.47 6.72 8.01 8.53 10.6 11.07 11.88 12.58 12.36 12.26 12.45 12.48 12.16 12.45 12.39 12.33 12.47 12.25 12.42 12.4 38.72 1e-05 0.001 1024 ShuffleNetV2
1.0 9.45 7.42 7.51 8.93 10.36 11.72 11.92 12.2 11.93 12.41 12.82 12.62 12.7 12.33 12.25 12.43 12.5 12.66 12.34 12.42 39.59 1e-06 0.001 1024 ShuffleNetV2
1.0 9.16 7.36 7.72 8.88 9.88 10.33 11.27 11.58 12.18 12.43 12.28 12.01 12.34 12.31 12.27 12.33 12.17 12.21 12.36 12.08 39.01 1e-07 0.001 1024 ShuffleNetV2
1.0 2.99 2.86 3.14 2.8 2.87 2.84 2.83 2.84 2.82 2.82 2.82 2.78 2.81 2.78 2.74 2.78 2.74 2.72 2.89 2.8 80.7 1e-05 0.1 256 ShuffleNetV2
1.0 3.1 3.03 3.1 3.08 3.04 3.11 3.09 3.02 3.13 3.01 3.06 3.06 3.07 3.08 3.14 3.06 3.09 3.02 3.06 3.07 80.88 1e-06 0.1 256 ShuffleNetV2
1.0 3.13 3.03 3.02 2.97 3.09 3.09 3.02 3.03 3.13 3.09 3.09 3.11 3.07 3.05 3.01 3.12 2.93 3.03 3.01 3.0 80.97 1e-07 0.1 256 ShuffleNetV2
1.0 3.31 3.33 3.16 3.09 3.16 3.15 3.11 3.11 3.12 3.16 3.1 3.15 3.21 3.18 3.12 3.13 3.13 3.19 3.11 3.15 78.47 1e-05 0.1 512 ShuffleNetV2
1.0 3.02 3.17 3.17 3.17 3.14 3.15 3.22 3.16 3.17 3.18 3.16 3.21 3.17 3.17 3.12 3.15 3.11 3.22 3.19 3.19 78.44 1e-06 0.1 512 ShuffleNetV2
1.0 3.38 3.15 3.1 3.15 3.12 3.16 3.1 3.15 3.17 3.23 3.17 3.13 3.13 3.16 3.15 3.13 3.14 3.18 3.1 3.15 77.58 1e-07 0.1 512 ShuffleNetV2
1.0 3.24 3.41 3.52 3.39 3.55 3.48 3.55 3.5 3.46 3.53 3.46 3.48 3.46 3.43 3.48 3.52 3.46 3.47 3.44 3.5 73.85 1e-05 0.1 1024 ShuffleNetV2
1.0 3.6 3.54 3.34 3.33 3.44 3.44 3.45 3.46 3.45 3.42 3.38 3.39 3.46 3.42 3.38 3.46 3.43 3.48 3.44 3.49 75.22 1e-06 0.1 1024 ShuffleNetV2
1.0 3.39 3.46 3.15 3.27 3.26 3.24 3.23 3.25 3.2 3.2 3.25 3.16 3.17 3.2 3.25 3.22 3.18 3.15 3.17 3.15 74.12 1e-07 0.1 1024 ShuffleNetV2
1.0 3.77 3.93 3.46 3.53 3.58 3.54 3.61 3.53 3.59 3.67 3.65 3.61 3.55 3.62 3.56 3.44 3.64 3.51 3.54 3.59 73.07 1e-05 0.01 256 ShuffleNetV2
1.0 3.66 3.34 3.63 3.53 3.47 3.47 3.63 3.51 3.58 3.52 3.49 3.51 3.46 3.51 3.55 3.46 3.52 3.51 3.46 3.53 73.12 1e-06 0.01 256 ShuffleNetV2
1.0 3.52 3.48 3.66 3.48 3.29 3.39 3.46 3.5 3.49 3.57 3.6 3.62 3.76 3.74 3.7 3.76 3.62 3.53 3.67 3.6 74.19 1e-07 0.01 256 ShuffleNetV2
1.0 4.36 4.55 4.21 3.78 3.75 3.79 3.74 3.75 3.75 3.77 3.75 3.69 3.82 3.79 3.76 3.74 3.83 3.75 3.8 3.77 69.82 1e-05 0.01 512 ShuffleNetV2
1.0 4.25 4.34 3.99 4.14 4.08 4.21 4.31 4.18 4.26 4.37 4.32 4.2 4.21 4.22 4.19 4.09 4.26 4.34 4.24 4.25 69.33 1e-06 0.01 512 ShuffleNetV2
1.0 4.22 4.48 4.21 4.23 4.22 4.17 4.15 4.14 4.09 4.17 4.12 4.18 4.12 4.09 4.16 4.13 4.26 4.23 4.14 4.19 68.8 1e-07 0.01 512 ShuffleNetV2
1.0 4.84 4.92 5.07 5.27 5.05 5.02 5.1 4.98 4.99 4.9 5.04 4.99 4.95 5.01 5.0 4.94 4.99 5.06 4.99 4.94 64.87 1e-05 0.01 1024 ShuffleNetV2
1.0 5.18 5.38 5.58 5.02 5.09 4.99 5.04 4.97 4.99 5.03 5.07 5.09 5.01 4.98 5.16 5.06 4.94 5.0 5.07 4.94 63.68 1e-06 0.01 1024 ShuffleNetV2
1.0 4.98 5.63 5.22 5.24 4.84 5.35 5.37 5.22 5.37 5.23 5.22 5.32 5.26 5.35 5.14 5.15 5.37 5.36 5.28 5.42 63.76 1e-07 0.01 1024 ShuffleNetV2
1.0 6.53 5.74 6.19 6.69 6.3 6.28 6.15 6.35 6.44 6.87 6.67 6.53 6.5 6.3 6.36 6.51 6.48 6.27 6.34 6.29 57.91 1e-05 0.001 256 ShuffleNetV2
1.0 6.51 6.51 6.0 7.09 6.78 6.92 6.51 6.82 6.52 6.46 6.56 6.54 6.64 6.68 6.81 6.58 6.73 6.33 6.5 6.65 56.68 1e-06 0.001 256 ShuffleNetV2
1.0 6.46 5.75 6.79 7.33 7.13 6.91 6.94 6.58 7.03 6.49 6.68 6.81 7.02 6.96 6.87 6.78 6.82 6.69 6.82 6.58 58.89 1e-07 0.001 256 ShuffleNetV2
1.0 7.91 6.97 7.08 8.13 8.7 9.26 8.92 9.13 8.83 8.83 8.72 8.68 8.68 8.65 8.93 8.78 8.82 8.66 8.57 8.93 50.31 1e-05 0.001 512 ShuffleNetV2
1.0 7.72 7.06 7.65 8.84 8.52 9.26 8.87 9.07 9.09 8.82 8.72 8.99 8.73 8.92 8.69 8.68 8.69 8.68 8.64 8.88 49.24 1e-06 0.001 512 ShuffleNetV2
1.0 7.34 7.23 7.47 8.24 8.92 9.14 8.93 9.59 8.95 9.04 8.79 9.05 8.76 8.93 8.72 8.87 8.5 8.86 8.77 8.59 49.22 1e-07 0.001 512 ShuffleNetV2
1.0 10.04 8.56 8.59 9.91 11.42 11.26 12.2 12.21 12.54 12.21 12.69 12.58 12.7 12.33 12.78 12.84 12.51 12.81 12.77 12.74 39.77 1e-05 0.001 1024 ShuffleNetV2
1.0 10.1 8.43 8.6 10.39 11.69 12.64 12.5 12.6 12.58 12.2 12.14 12.42 12.68 13.0 12.87 12.7 12.71 12.73 12.77 12.85 39.7 1e-06 0.001 1024 ShuffleNetV2
1.0 9.62 8.65 8.62 10.11 10.85 11.68 12.2 11.48 12.55 12.48 12.4 12.18 12.27 12.3 11.9 12.05 12.32 11.98 11.97 12.3 40.43 1e-07 0.001 1024 ShuffleNetV2
1.0 3.01 3.07 3.09 3.0 2.92 2.91 2.88 2.89 2.92 2.87 2.88 2.86 2.86 2.91 2.86 2.95 2.9 2.89 2.87 2.92 81.19 1e-05 0.1 256 ShuffleNetV2
1.0 3.0 2.89 2.89 3.08 3.14 3.16 3.11 3.05 3.04 3.13 3.11 3.06 3.0 3.0 3.0 3.05 3.09 3.06 3.07 3.01 80.7 1e-06 0.1 256 ShuffleNetV2
1.0 2.85 2.89 2.9 2.93 3.0 2.96 2.98 2.99 3.0 2.98 3.01 2.95 3.05 3.02 2.96 3.01 2.96 3.03 3.02 3.0 80.97 1e-07 0.1 256 ShuffleNetV2
1.0 3.11 2.93 3.03 2.92 2.91 2.94 2.96 2.95 2.9 2.94 2.92 2.9 2.88 2.91 2.9 2.93 2.93 2.94 2.94 2.89 77.4 1e-05 0.1 512 ShuffleNetV2
1.0 2.94 3.23 2.94 2.97 3.06 3.02 3.01 2.98 2.99 3.02 3.05 3.01 3.01 3.05 2.98 3.05 3.05 3.06 3.05 3.02 77.72 1e-06 0.1 512 ShuffleNetV2
1.0 3.06 3.01 3.25 3.11 3.08 3.05 3.05 3.09 3.16 3.11 3.07 3.09 3.04 3.06 3.05 3.06 3.06 3.04 3.05 3.07 76.87 1e-07 0.1 512 ShuffleNetV2
1.0 3.18 3.37 3.35 3.2 3.2 3.19 3.16 3.18 3.21 3.24 3.19 3.17 3.12 3.17 3.14 3.15 3.21 3.2 3.12 3.19 75.15 1e-05 0.1 1024 ShuffleNetV2
1.0 3.46 3.25 3.49 3.37 3.3 3.36 3.31 3.31 3.3 3.37 3.3 3.3 3.31 3.35 3.32 3.33 3.3 3.35 3.29 3.34 74.87 1e-06 0.1 1024 ShuffleNetV2
1.0 3.71 3.41 3.2 3.21 3.2 3.18 3.17 3.17 3.22 3.17 3.19 3.18 3.2 3.17 3.14 3.18 3.16 3.14 3.18 3.18 74.68 1e-07 0.1 1024 ShuffleNetV2
1.0 3.56 3.53 3.49 3.13 3.27 3.22 3.19 3.29 3.14 3.24 3.39 3.28 3.31 3.32 3.21 3.34 3.28 3.24 3.39 3.33 73.51 1e-05 0.01 256 ShuffleNetV2
1.0 3.51 3.59 3.59 3.25 3.32 3.23 3.38 3.37 3.41 3.38 3.35 3.39 3.4 3.39 3.48 3.44 3.32 3.38 3.42 3.33 72.97 1e-06 0.01 256 ShuffleNetV2
1.0 3.34 3.4 3.32 3.51 3.4 3.35 3.4 3.38 3.37 3.42 3.41 3.36 3.43 3.45 3.47 3.44 3.51 3.49 3.48 3.43 72.53 1e-07 0.01 256 ShuffleNetV2
1.0 4.19 4.24 4.37 3.99 4.01 4.08 4.01 3.91 4.05 3.99 4.0 4.03 3.97 4.02 4.0 3.94 3.99 3.98 4.07 4.04 68.49 1e-05 0.01 512 ShuffleNetV2
1.0 4.22 4.02 3.71 3.69 3.7 3.63 3.73 3.63 3.72 3.62 3.65 3.69 3.7 3.75 3.66 3.7 3.65 3.65 3.75 3.64 69.88 1e-06 0.01 512 ShuffleNetV2
1.0 4.18 4.25 4.14 3.82 4.0 3.98 4.03 4.1 4.09 4.11 4.08 4.0 4.0 4.17 4.09 4.11 4.18 4.08 4.1 4.1 67.66 1e-07 0.01 512 ShuffleNetV2
1.0 4.73 5.48 5.81 4.95 5.05 5.17 5.17 5.23 5.15 5.17 5.13 5.18 5.19 5.12 5.18 5.2 5.13 5.14 5.1 5.12 64.26 1e-05 0.01 1024 ShuffleNetV2
1.0 4.88 5.43 5.12 5.04 4.78 4.76 4.82 4.84 4.76 4.85 4.68 4.69 4.67 4.74 4.9 4.74 4.8 4.85 4.75 4.77 64.45 1e-06 0.01 1024 ShuffleNetV2
1.0 4.91 5.17 5.1 5.19 5.3 5.12 5.22 5.37 5.27 5.18 5.27 5.32 5.28 5.38 5.21 5.28 5.29 5.26 5.33 5.25 63.84 1e-07 0.01 1024 ShuffleNetV2
1.0 5.82 5.8 6.58 6.8 6.64 6.38 6.53 6.63 6.67 6.55 6.76 6.58 6.54 6.69 6.77 6.55 6.38 6.37 6.49 6.68 57.95 1e-05 0.001 256 ShuffleNetV2
1.0 5.62 5.9 6.39 6.5 6.27 5.92 6.11 6.05 6.16 5.89 6.23 5.77 5.99 5.81 6.07 6.08 6.06 6.0 6.03 5.97 59.33 1e-06 0.001 256 ShuffleNetV2
1.0 5.47 5.78 6.71 6.58 5.94 6.12 5.89 5.84 5.97 6.38 6.47 6.2 6.17 6.34 6.12 6.24 6.08 6.27 6.22 6.32 59.14 1e-07 0.001 256 ShuffleNetV2
1.0 7.92 6.42 7.18 8.26 8.81 8.98 8.38 8.55 8.67 8.54 8.73 8.8 8.9 8.54 8.48 8.64 8.51 8.39 8.54 8.66 52.2 1e-05 0.001 512 ShuffleNetV2
1.0 7.37 6.61 7.45 8.33 8.62 8.83 8.38 8.51 8.75 9.11 9.0 8.74 8.7 8.68 8.59 8.75 8.56 8.73 8.58 8.55 51.48 1e-06 0.001 512 ShuffleNetV2
1.0 7.92 6.22 6.83 7.6 8.91 8.78 8.22 8.49 8.2 8.12 8.24 8.04 8.27 8.1 8.4 8.55 8.39 8.5 8.33 8.52 51.04 1e-07 0.001 512 ShuffleNetV2
1.0 10.75 7.89 8.28 9.18 10.66 11.15 11.65 11.44 12.07 12.3 11.84 11.96 12.19 12.19 12.32 12.14 12.27 12.39 12.32 12.32 42.96 1e-05 0.001 1024 ShuffleNetV2
1.0 9.48 8.23 8.15 9.46 10.97 11.34 11.21 12.18 11.9 12.27 12.06 11.99 12.17 11.9 12.19 11.97 11.8 11.92 12.05 11.99 42.06 1e-06 0.001 1024 ShuffleNetV2
1.0 8.51 7.99 7.77 8.42 10.39 10.78 11.2 11.85 12.29 11.69 12.32 12.11 12.15 12.19 12.55 12.09 12.23 12.37 12.37 12.41 41.58 1e-07 0.001 1024 ShuffleNetV2
