1.0 3.34 3.56 3.5 3.44 3.31 3.23 3.25 3.35 3.31 3.34 3.16 3.24 3.43 3.33 3.32 3.34 3.29 3.35 3.35 3.34 76.68 1e-05 0.1 1024 RegNetX_200MF
1.0 2.84 2.9 2.88 2.99 2.98 3.04 2.91 2.95 3.12 3.0 3.01 2.93 3.02 2.96 2.97 3.0 2.89 3.01 2.97 2.91 83.6 1e-05 0.1 256 RegNetX_200MF
1.0 2.74 3.05 3.05 2.96 2.94 2.82 2.84 2.9 2.82 2.95 2.87 2.78 2.8 2.84 2.79 2.79 2.79 2.82 2.85 2.81 81.28 1e-06 0.1 256 RegNetX_200MF
1.0 3.21 3.08 3.33 2.99 3.18 3.12 3.09 3.05 2.98 3.04 3.14 3.16 3.08 3.11 3.09 3.07 3.1 3.06 3.04 3.1 80.56 1e-05 0.1 512 RegNetX_200MF
1.0 3.28 3.43 3.64 3.59 3.64 3.52 3.61 3.79 3.69 3.81 3.73 3.66 3.69 3.66 3.6 3.59 3.66 3.63 3.71 3.55 76.21 1e-06 0.1 512 RegNetX_200MF
1.0 3.39 2.99 3.44 3.39 3.31 3.34 3.29 3.31 3.41 3.41 3.34 3.42 3.3 3.33 3.42 3.39 3.42 3.36 3.32 3.32 80.3 1e-07 0.1 512 RegNetX_200MF
1.0 3.17 2.91 3.21 2.89 2.98 2.97 2.97 2.97 3.13 2.96 3.13 3.02 2.94 3.02 2.99 2.94 3.03 2.93 2.98 3.06 82.35 1e-07 0.1 256 RegNetX_200MF
1.0 3.59 3.53 3.54 3.24 3.38 3.26 3.32 3.33 3.36 3.33 3.34 3.36 3.35 3.33 3.37 3.37 3.34 3.35 3.36 3.38 75.37 1e-07 0.1 1024 RegNetX_200MF
1.0 3.53 3.26 3.3 3.51 3.38 3.42 3.61 3.54 3.56 3.51 3.6 3.51 3.56 3.61 3.55 3.58 3.56 3.49 3.52 3.61 77.57 1e-06 0.1 1024 RegNetX_200MF
1.0 4.04 4.01 3.94 3.71 3.89 3.79 3.95 3.82 3.83 3.78 3.68 3.86 3.89 3.95 3.93 3.93 3.9 3.89 3.9 3.82 75.92 1e-05 0.01 512 RegNetX_200MF
1.0 3.26 3.31 3.3 3.23 3.21 3.26 3.08 3.17 3.19 3.26 3.31 3.37 3.34 3.25 3.14 3.22 3.28 3.33 3.25 3.18 80.48 1e-05 0.01 256 RegNetX_200MF
1.0 3.45 3.25 3.3 3.21 3.25 3.22 3.32 3.18 3.23 3.23 3.2 3.18 3.27 3.27 3.19 3.2 3.09 3.24 3.37 3.27 81.63 1e-06 0.01 256 RegNetX_200MF
1.0 4.58 4.33 4.12 4.1 3.91 3.98 3.79 3.89 3.92 3.91 3.81 3.83 3.94 3.81 3.84 3.79 3.9 3.93 3.94 3.82 76.17 1e-06 0.01 512 RegNetX_200MF
1.01 3.1 3.2 3.25 3.17 3.02 3.14 3.16 3.04 3.13 3.07 3.03 3.05 3.04 3.1 3.06 3.07 2.99 2.99 3.05 3.09 81.84 1e-07 0.1 256 RegNetX_200MF
1.0 4.58 4.81 5.35 4.69 4.78 4.6 4.73 4.68 4.65 4.8 4.72 4.66 4.69 4.63 4.76 4.65 4.82 4.7 4.82 4.8 71.62 1e-05 0.01 1024 RegNetX_200MF
1.0 6.41 6.67 7.8 9.19 9.63 9.91 9.85 9.84 9.88 10.2 10.09 9.84 9.65 9.66 9.59 9.49 9.88 9.61 9.81 9.78 59.06 1e-06 0.001 512 RegNetX_200MF
1.0 3.45 3.53 3.5 3.44 3.7 3.54 3.54 3.46 3.49 3.63 3.58 3.44 3.36 3.63 3.46 3.49 3.55 3.46 3.35 3.46 81.18 1e-07 0.01 256 RegNetX_200MF
1.0 5.72 6.35 7.69 8.68 9.08 9.57 9.48 8.79 9.48 9.34 9.45 9.28 9.66 9.27 9.41 9.31 9.61 9.53 9.48 9.38 59.04 1e-07 0.001 512 RegNetX_200MF
1.01 4.68 5.66 5.28 5.39 5.38 5.24 5.26 5.4 5.12 5.3 5.37 5.44 5.34 5.35 5.31 5.33 5.33 5.31 5.27 5.37 71.99 1e-06 0.01 1024 RegNetX_200MF
1.0 3.93 4.42 4.27 4.36 4.22 4.19 4.16 4.38 4.17 4.36 4.15 4.3 4.2 4.32 4.14 4.28 4.26 4.27 4.22 4.3 76.02 1e-07 0.01 512 RegNetX_200MF
1.01 4.85 5.38 4.91 5.18 5.19 5.12 5.24 5.15 5.26 5.25 5.25 5.14 5.13 5.3 5.13 5.14 5.27 5.26 5.21 5.2 71.99 1e-05 0.01 1024 RegNetX_200MF
1.01 3.11 3.24 3.34 3.11 3.0 3.01 2.95 3.05 2.97 3.02 3.01 2.91 2.99 2.91 2.99 2.96 2.85 3.0 2.96 2.94 81.98 1e-05 0.1 256 RegNetX_200MF
1.0 5.69 6.53 7.83 8.29 8.9 9.01 9.47 9.51 9.05 9.45 9.38 9.31 9.37 9.15 9.16 9.2 9.55 9.28 9.47 9.42 59.17 1e-05 0.001 512 RegNetX_200MF
1.0 5.67 5.88 6.85 7.06 6.91 6.72 6.48 6.98 6.46 6.66 6.91 6.79 6.46 7.0 6.73 6.82 6.77 6.65 6.75 6.61 65.66 1e-05 0.001 256 RegNetX_200MF
1.0 5.44 6.04 6.34 7.04 6.53 7.23 6.5 6.65 6.86 6.57 6.84 6.65 6.7 6.85 6.9 6.48 6.48 6.52 6.48 6.46 65.64 1e-07 0.001 256 RegNetX_200MF
1.0 5.13 6.28 6.76 6.27 6.58 6.44 6.45 6.31 6.12 6.6 6.23 6.45 6.35 6.33 6.37 6.5 6.34 6.57 6.26 6.38 66.31 1e-06 0.001 256 RegNetX_200MF
1.01 6.14 6.39 7.72 6.86 7.21 7.0 6.89 7.03 7.27 7.52 7.35 7.29 7.38 7.47 7.42 7.05 7.35 7.22 7.01 7.2 65.61 1e-07 0.001 256 RegNetX_200MF
1.01 3.07 3.19 3.12 3.19 3.23 3.07 3.15 3.18 3.17 3.14 3.19 3.2 3.25 3.26 3.2 3.25 3.27 3.22 3.23 3.24 82.4 1e-06 0.1 256 RegNetX_200MF
1.01 3.39 3.29 3.66 3.49 3.34 3.44 3.57 3.54 3.32 3.51 3.53 3.59 3.52 3.61 3.53 3.48 3.43 3.62 3.46 3.47 81.39 1e-06 0.01 256 RegNetX_200MF
1.01 3.29 3.27 3.49 3.63 3.45 3.55 3.56 3.44 3.5 3.45 3.39 3.37 3.48 3.41 3.44 3.43 3.43 3.4 3.42 3.35 81.29 1e-07 0.01 256 RegNetX_200MF
1.57 7.04 6.63 7.05 9.85 11.4 12.84 12.33 12.34 11.82 11.9 12.55 12.85 12.33 12.49 12.51 12.76 12.54 12.57 12.5 12.43 53.47 1e-06 0.001 1024 RegNetX_200MF
1.01 3.21 3.38 3.15 3.06 3.1 3.17 3.09 3.13 3.15 3.14 3.15 3.22 3.13 3.1 3.14 3.17 3.15 3.13 3.07 3.24 81.54 1e-05 0.01 256 RegNetX_200MF
1.01 5.75 6.61 7.94 7.85 7.72 7.5 6.91 6.94 6.99 6.77 7.08 7.51 7.56 6.93 7.14 7.31 7.35 7.14 7.53 7.24 65.22 1e-05 0.001 256 RegNetX_200MF
1.57 2.74 2.92 3.2 2.92 2.91 2.88 2.88 2.86 2.85 3.01 3.05 2.84 2.88 2.86 2.95 2.89 2.98 2.92 2.88 2.94 84.55 1e-05 0.1 256 RegNetX_200MF
1.01 5.74 6.8 7.39 6.84 6.8 6.34 6.37 6.68 6.71 6.99 6.83 6.68 7.09 7.15 6.73 7.28 7.04 6.75 6.74 7.0 65.66 1e-06 0.001 256 RegNetX_200MF
1.57 3.01 3.13 2.99 2.83 2.87 2.89 2.98 2.98 3.06 3.1 2.99 3.01 2.91 3.03 3.0 3.02 3.03 3.02 2.97 3.03 83.43 1e-06 0.1 256 RegNetX_200MF
1.57 6.53 6.09 8.91 8.85 9.32 9.45 9.22 9.42 9.52 9.47 9.24 9.5 9.33 9.53 9.58 9.33 9.62 9.88 9.31 9.37 59.77 1e-07 0.001 512 RegNetX_200MF
1.57 7.0 6.14 7.92 8.61 9.22 9.0 9.14 9.1 8.73 8.89 9.22 9.14 9.05 9.12 9.13 9.11 9.21 8.89 9.07 9.04 59.72 1e-06 0.001 512 RegNetX_200MF
1.57 5.33 6.41 7.98 8.98 8.62 9.05 9.11 9.29 9.18 9.6 9.27 9.3 9.52 9.38 9.29 9.37 9.45 9.55 9.05 9.64 59.96 1e-05 0.001 512 RegNetX_200MF
1.57 4.86 6.66 7.44 6.79 6.46 6.85 6.71 6.96 7.02 7.05 6.85 6.76 6.72 6.92 6.83 6.76 6.49 6.81 6.58 6.97 65.64 1e-07 0.001 256 RegNetX_200MF
