3.28 5.48 4.75 4.47 4.26 4.28 4.17 3.99 4.06 3.92 3.76 3.94 3.71 3.97 3.89 3.79 3.67 3.71 3.76 3.68 3.72 85.43 1e-05 0.1 256 resnet18
3.28 5.24 4.5 4.44 4.43 4.06 4.22 3.87 3.89 3.86 3.85 3.84 3.87 3.91 3.87 3.76 3.8 3.74 3.66 3.72 3.67 86.02 1e-06 0.1 256 resnet18
3.28 5.01 4.52 4.29 4.1 4.03 3.98 3.97 3.85 4.03 3.68 3.7 3.78 3.79 3.73 3.66 3.58 3.55 3.63 3.51 3.54 84.87 1e-07 0.1 256 resnet18
3.28 5.44 5.5 4.78 4.58 4.35 4.48 4.29 4.13 3.97 4.07 4.04 3.94 3.92 3.81 3.76 3.73 3.67 3.54 3.6 3.63 83.66 1e-05 0.1 512 resnet18
3.28 5.4 5.04 4.75 4.36 4.33 4.19 3.98 4.26 4.02 3.9 3.77 3.69 3.59 3.68 3.71 3.61 3.61 3.61 3.61 3.64 83.68 1e-06 0.1 512 resnet18
3.28 5.35 5.15 4.98 4.45 4.26 4.28 4.19 4.0 4.11 3.89 3.91 3.9 3.85 3.83 3.75 3.8 3.73 3.74 3.71 3.7 84.83 1e-07 0.1 512 resnet18
3.28 6.29 5.6 5.83 5.32 5.1 4.78 4.62 4.45 4.37 4.24 4.31 4.19 4.19 4.27 4.03 4.07 3.98 3.95 3.92 3.95 82.83 1e-05 0.1 1024 resnet18
3.28 6.84 6.13 5.62 5.36 4.87 4.85 4.55 4.79 4.71 4.43 4.53 4.37 4.28 4.24 4.02 4.25 4.12 4.21 4.1 4.11 82.99 1e-06 0.1 1024 resnet18
3.28 6.09 5.93 5.47 5.46 4.87 4.95 4.78 4.61 4.57 4.24 4.34 4.26 4.04 4.15 4.14 4.17 4.12 4.13 4.07 4.02 82.22 1e-07 0.1 1024 resnet18
3.28 4.89 4.67 4.33 4.2 4.17 4.14 3.9 4.0 3.98 3.78 3.93 3.85 3.89 3.93 3.93 3.85 3.86 3.82 3.84 3.77 84.23 1e-05 0.01 256 resnet18
3.28 4.84 4.59 4.5 4.42 4.27 3.96 3.96 4.07 4.1 3.8 3.8 3.76 3.83 3.72 3.86 3.72 3.72 3.68 3.68 3.73 84.05 1e-06 0.01 256 resnet18
3.28 4.89 4.62 4.38 4.22 4.04 4.13 4.06 3.99 3.85 3.92 3.8 3.77 3.91 3.71 3.73 3.71 3.67 3.72 3.7 3.7 83.38 1e-07 0.01 256 resnet18
3.28 5.31 4.98 4.81 4.42 4.37 4.28 4.47 4.3 4.2 4.24 4.11 4.06 3.93 4.07 3.77 3.92 3.86 3.92 3.93 3.92 81.89 1e-05 0.01 512 resnet18
3.28 5.27 4.94 4.71 4.5 4.35 4.48 4.26 4.21 4.08 4.13 4.04 4.08 4.0 3.92 3.88 4.0 3.92 3.95 3.88 3.9 81.97 1e-06 0.01 512 resnet18
3.28 5.57 4.96 4.53 4.48 4.3 4.22 4.34 4.28 4.16 4.18 3.86 4.11 3.93 3.98 3.98 3.97 3.87 3.86 3.9 3.87 82.22 1e-07 0.01 512 resnet18
3.28 5.74 5.19 5.27 5.03 4.73 4.85 4.67 4.81 4.52 4.37 4.6 4.4 4.39 4.51 4.4 4.39 4.44 4.41 4.35 4.41 80.88 1e-05 0.01 1024 resnet18
3.28 5.65 5.3 5.22 5.0 4.63 4.58 4.74 4.45 4.51 4.53 4.4 4.53 4.31 4.25 4.21 4.28 4.28 4.17 4.18 4.16 80.59 1e-06 0.01 1024 resnet18
3.28 5.73 5.16 5.22 4.91 4.76 4.69 4.65 4.55 4.48 4.36 4.25 4.26 4.15 4.25 4.34 4.4 4.38 4.31 4.3 4.23 80.73 1e-07 0.01 1024 resnet18
3.28 5.52 6.1 6.0 5.56 5.18 5.31 5.25 4.96 5.21 4.91 4.86 4.85 4.79 4.9 4.79 4.68 4.76 4.83 4.75 4.7 79.57 1e-05 0.001 256 resnet18
3.28 5.84 6.23 6.07 5.34 5.51 5.13 5.12 4.96 4.85 4.87 4.75 4.59 4.79 4.81 4.71 4.68 4.71 4.61 4.63 4.67 79.46 1e-06 0.001 256 resnet18
3.28 5.68 6.21 6.17 5.66 5.33 5.44 5.36 5.1 5.1 5.17 4.98 4.94 5.03 4.96 4.83 4.86 4.88 4.85 4.83 4.82 79.85 1e-07 0.001 256 resnet18
3.28 6.35 6.3 6.93 6.5 6.17 6.14 6.13 5.88 6.11 5.67 5.74 5.78 5.51 5.54 5.52 5.49 5.52 5.53 5.42 5.43 77.31 1e-05 0.001 512 resnet18
3.28 6.26 6.41 6.77 6.75 6.34 6.12 6.19 6.02 6.04 5.77 5.65 5.56 5.54 5.7 5.45 5.51 5.58 5.38 5.51 5.42 77.49 1e-06 0.001 512 resnet18
3.28 6.26 6.23 6.69 6.58 6.21 6.24 5.9 6.05 5.78 5.62 5.6 5.58 5.48 5.45 5.32 5.43 5.27 5.51 5.49 5.41 77.35 1e-07 0.001 512 resnet18
3.28 7.37 6.76 6.65 6.36 7.03 6.75 7.14 6.95 6.76 6.56 6.51 7.02 6.48 6.53 6.52 6.47 6.36 6.54 6.47 6.49 75.62 1e-05 0.001 1024 resnet18
3.28 6.94 6.44 6.43 6.3 7.11 7.09 7.28 7.04 6.69 6.69 6.75 6.73 6.5 6.58 6.53 6.66 6.44 6.46 6.47 6.41 75.35 1e-06 0.001 1024 resnet18
3.28 7.08 6.45 6.69 6.49 7.16 7.1 7.19 7.02 6.75 6.67 6.68 6.88 6.41 6.8 6.86 6.58 6.46 6.52 6.55 6.5 75.28 1e-07 0.001 1024 resnet18
2.02 5.19 4.68 4.58 4.33 4.24 4.23 3.96 4.0 3.85 3.8 3.72 3.74 3.75 3.78 3.7 3.68 3.64 3.69 3.66 3.62 86.26 1e-05 0.1 256 resnet18
2.02 4.91 4.92 4.55 4.24 4.29 4.05 4.04 3.99 4.04 3.84 3.78 3.73 3.96 3.77 3.72 3.58 3.71 3.66 3.68 3.67 85.58 1e-06 0.1 256 resnet18
2.02 5.27 4.62 4.69 4.26 4.39 4.32 3.92 3.99 3.99 3.95 3.83 3.76 3.91 3.88 3.82 3.79 3.8 3.75 3.7 3.72 86.14 1e-07 0.1 256 resnet18
2.02 5.21 4.82 4.52 4.73 4.07 4.35 4.19 4.1 3.86 3.95 3.96 4.0 3.79 3.83 3.67 3.74 3.69 3.63 3.6 3.56 84.83 1e-05 0.1 512 resnet18
2.02 5.05 5.16 4.68 4.72 4.24 4.59 4.2 4.1 3.98 3.91 4.06 3.95 3.95 3.82 3.81 3.73 3.62 3.73 3.69 3.66 86.0 1e-06 0.1 512 resnet18
2.02 5.68 5.06 5.0 4.79 4.39 4.77 4.43 4.32 4.12 4.13 4.19 3.99 3.93 3.96 3.96 3.94 3.86 3.84 3.82 3.82 85.08 1e-07 0.1 512 resnet18
2.02 5.49 5.22 5.12 4.58 4.73 4.43 4.69 4.36 4.44 4.17 3.97 4.22 4.0 3.97 3.93 3.97 3.9 3.99 4.01 3.94 83.77 1e-05 0.1 1024 resnet18
2.02 5.61 5.35 4.97 4.68 4.74 4.59 4.3 4.38 4.26 4.1 4.07 4.02 3.97 3.9 3.83 3.79 3.78 3.88 3.88 3.91 83.64 1e-06 0.1 1024 resnet18
2.02 6.45 5.71 5.17 4.93 5.06 4.73 5.03 4.43 4.78 4.46 4.39 4.07 4.15 4.18 4.25 4.15 4.07 4.17 4.09 4.14 82.27 1e-07 0.1 1024 resnet18
2.02 4.85 4.48 4.53 4.28 4.15 4.1 4.07 4.0 3.98 3.91 3.71 3.7 3.71 3.72 3.66 3.58 3.62 3.57 3.66 3.58 83.86 1e-05 0.01 256 resnet18
2.02 4.43 4.49 4.4 4.12 4.08 3.97 4.03 4.04 3.94 3.89 3.75 3.73 3.9 3.72 3.7 3.6 3.66 3.73 3.72 3.67 83.42 1e-06 0.01 256 resnet18
2.02 4.78 4.46 4.4 4.32 4.13 4.15 4.08 4.06 4.04 3.71 3.71 3.64 3.79 3.68 3.69 3.7 3.64 3.66 3.67 3.65 83.32 1e-07 0.01 256 resnet18
2.02 4.84 4.75 4.71 4.61 4.39 4.44 4.29 4.22 4.18 4.19 4.19 4.13 4.02 3.98 3.99 3.91 3.95 3.99 4.0 3.94 81.99 1e-05 0.01 512 resnet18
2.02 4.98 4.87 4.47 4.5 4.31 4.51 4.18 4.07 4.15 3.91 4.1 4.08 4.15 4.02 4.03 3.97 3.98 3.99 3.97 3.98 82.72 1e-06 0.01 512 resnet18
2.02 5.13 4.93 4.5 4.34 4.31 4.62 4.2 4.03 4.15 4.0 4.03 3.85 3.85 3.96 3.84 3.84 3.83 3.86 3.83 3.82 81.82 1e-07 0.01 512 resnet18
2.02 5.61 5.36 5.27 4.9 4.82 4.84 4.59 4.36 4.48 4.39 4.31 4.33 4.32 4.34 4.17 4.14 4.19 4.18 4.21 4.19 81.21 1e-05 0.01 1024 resnet18
2.02 5.59 5.39 5.12 4.68 4.62 4.49 4.62 4.44 4.42 4.35 4.25 4.39 4.36 4.31 4.31 4.16 4.25 4.23 4.24 4.29 81.07 1e-06 0.01 1024 resnet18
2.02 5.67 5.44 5.08 4.75 4.91 4.57 4.57 4.51 4.52 4.46 4.14 4.33 4.45 4.43 4.4 4.28 4.33 4.34 4.39 4.4 80.64 1e-07 0.01 1024 resnet18
2.02 5.78 6.29 5.82 5.69 5.38 5.51 5.35 5.25 5.23 5.1 4.93 5.06 4.98 5.16 4.9 5.0 4.87 4.88 4.92 4.91 79.89 1e-05 0.001 256 resnet18
2.02 6.02 6.26 5.9 5.7 5.49 5.38 5.44 5.29 5.36 5.16 4.99 5.04 5.02 4.97 4.89 5.0 4.88 4.86 4.95 4.96 79.76 1e-06 0.001 256 resnet18
2.02 6.01 6.31 5.97 5.64 5.47 5.42 5.26 5.02 5.16 5.03 4.96 4.83 4.88 4.8 4.95 4.87 4.9 4.8 4.77 4.75 79.83 1e-07 0.001 256 resnet18
2.02 6.5 6.25 6.73 6.63 6.4 6.01 6.15 5.76 5.73 5.64 5.58 5.63 5.56 5.49 5.53 5.34 5.47 5.43 5.41 5.34 78.46 1e-05 0.001 512 resnet18
2.02 6.71 6.39 6.63 6.3 6.25 6.02 6.0 5.59 5.89 5.64 5.74 5.61 5.42 5.55 5.54 5.63 5.51 5.56 5.47 5.54 78.61 1e-06 0.001 512 resnet18
2.02 6.41 6.28 6.64 6.38 5.96 6.12 5.88 5.91 5.82 5.76 5.56 5.67 5.66 5.42 5.61 5.62 5.52 5.62 5.57 5.54 78.39 1e-07 0.001 512 resnet18
2.02 7.03 7.0 6.88 6.61 6.93 6.79 6.57 6.5 6.25 6.39 6.52 6.52 6.19 6.4 6.49 6.5 6.36 6.42 6.32 6.38 76.32 1e-05 0.001 1024 resnet18
2.02 7.21 6.48 6.86 6.58 7.02 7.13 6.86 6.62 6.67 6.54 6.65 6.62 6.35 6.43 6.46 6.36 6.29 6.25 6.22 6.18 76.09 1e-06 0.001 1024 resnet18
2.02 7.37 6.67 6.94 6.8 6.82 6.98 6.44 6.81 6.6 6.75 6.55 6.43 6.49 6.41 6.61 6.4 6.37 6.28 6.24 6.16 76.2 1e-07 0.001 1024 resnet18
1.5 5.2 4.66 4.29 4.15 4.11 3.87 3.92 3.68 3.75 3.66 3.72 3.64 3.59 3.42 3.61 3.45 3.43 3.43 3.45 3.48 86.12 1e-05 0.1 256 resnet18
1.5 5.24 4.74 4.38 4.2 4.12 3.89 3.78 3.85 3.74 3.91 3.72 3.53 3.5 3.53 3.54 3.48 3.46 3.52 3.48 3.43 85.48 1e-06 0.1 256 resnet18
1.5 5.0 4.46 4.28 4.21 3.95 3.95 3.85 3.74 3.81 3.84 3.81 3.6 3.6 3.5 3.54 3.47 3.42 3.48 3.46 3.45 85.58 1e-07 0.1 256 resnet18
1.5 4.8 4.67 4.34 4.21 3.94 3.85 3.95 3.83 3.88 3.62 3.84 3.72 3.58 3.48 3.47 3.51 3.5 3.47 3.48 3.46 85.58 1e-05 0.1 512 resnet18
1.5 4.95 4.62 4.25 4.09 4.06 3.94 4.14 3.86 3.75 3.78 3.62 3.7 3.57 3.51 3.51 3.58 3.46 3.43 3.43 3.41 86.29 1e-06 0.1 512 resnet18
1.5 4.79 4.56 4.34 4.11 4.14 4.01 4.22 3.83 3.88 3.73 3.81 3.59 3.69 3.52 3.58 3.56 3.56 3.49 3.48 3.47 86.5 1e-07 0.1 512 resnet18
1.5 5.39 5.26 4.8 4.88 4.41 4.3 4.28 4.09 3.99 3.98 3.94 3.82 4.14 3.69 3.67 3.77 3.67 3.71 3.69 3.66 83.97 1e-05 0.1 1024 resnet18
1.5 5.66 5.15 4.94 4.99 4.46 4.31 4.25 4.17 3.93 3.97 3.85 3.83 3.82 3.77 3.68 3.58 3.52 3.64 3.62 3.63 84.43 1e-06 0.1 1024 resnet18
1.5 5.48 5.25 5.13 4.74 4.41 4.42 4.15 4.14 4.1 3.87 3.9 3.85 3.97 3.75 3.76 3.76 3.76 3.79 3.76 3.81 83.93 1e-07 0.1 1024 resnet18
1.0 6.67 6.73 6.88 6.36 6.37 6.33 6.35 6.36 6.33 6.29 6.43 6.29 6.38 6.32 6.4 6.41 6.39 6.39 6.38 6.35 76.44 1e-05 0.5 256 SimpleDLA
1.0 6.53 6.67 6.6 6.17 6.41 6.2 6.23 6.23 6.25 6.31 6.28 6.38 6.4 6.31 6.36 6.36 6.3 6.4 6.42 6.35 75.09 1e-05 0.5 512 SimpleDLA
1.0 6.06 6.2 6.12 6.14 6.15 6.17 6.22 6.15 6.11 6.05 6.26 6.14 6.15 6.11 6.19 6.13 6.14 6.06 6.14 6.12 79.71 1e-07 0.5 256 SimpleDLA
1.0 6.64 6.72 6.49 6.53 6.47 6.4 6.43 6.36 6.36 6.34 6.32 6.42 6.31 6.3 6.32 6.35 6.36 6.26 6.37 6.39 79.18 1e-05 0.5 1024 SimpleDLA
1.0 5.73 6.24 6.37 5.94 6.01 6.03 5.96 5.91 5.86 5.95 6.02 5.96 5.99 5.96 5.93 5.92 6.03 5.98 6.01 5.99 80.97 1e-06 0.5 256 SimpleDLA
1.0 5.9 6.43 6.13 6.06 6.15 6.08 6.07 6.01 6.03 5.97 6.02 6.06 6.04 6.03 6.05 6.01 5.97 6.05 6.06 5.97 77.33 1e-06 0.5 512 SimpleDLA
1.0 6.03 6.3 6.14 5.8 5.85 5.99 5.99 5.92 5.94 5.98 5.91 5.86 5.83 5.98 5.92 5.86 5.88 5.96 5.85 5.91 75.07 1e-07 0.5 512 SimpleDLA
1.0 6.45 6.73 6.98 6.99 6.88 6.96 6.88 6.95 7.01 6.98 6.95 6.99 6.91 6.95 6.94 6.94 6.94 6.89 6.94 6.91 71.15 1e-07 0.5 1024 SimpleDLA
1.0 7.16 7.54 7.11 7.09 7.04 6.96 7.04 6.95 6.98 6.9 6.89 6.91 6.88 6.92 6.87 6.89 6.78 6.92 6.86 6.82 75.34 1e-06 0.5 1024 SimpleDLA
1.0 6.06 5.72 5.65 5.56 5.51 5.57 5.59 5.65 5.66 5.64 5.64 5.63 5.6 5.66 5.62 5.55 5.49 5.69 5.64 5.62 83.4 1e-06 0.05 512 SimpleDLA
1.0 5.68 6.01 5.67 5.69 5.65 5.61 5.58 5.68 5.59 5.65 5.62 5.67 5.61 5.68 5.63 5.61 5.67 5.62 5.61 5.73 84.31 1e-05 0.05 512 SimpleDLA
1.0 5.94 5.27 5.55 5.44 5.4 5.4 5.49 5.41 5.37 5.36 5.44 5.45 5.43 5.4 5.46 5.36 5.35 5.37 5.4 5.39 84.94 1e-06 0.05 256 SimpleDLA
1.0 5.94 5.8 5.54 5.42 5.39 5.33 5.43 5.4 5.37 5.37 5.44 5.38 5.38 5.35 5.47 5.4 5.3 5.36 5.38 5.41 84.97 1e-05 0.05 256 SimpleDLA
1.0 6.1 5.84 5.69 5.61 5.6 5.71 5.77 5.68 5.72 5.61 5.67 5.66 5.61 5.73 5.57 5.73 5.61 5.66 5.61 5.74 84.43 1e-07 0.05 256 SimpleDLA
1.0 6.12 5.87 5.64 5.59 5.66 5.6 5.69 5.64 5.68 5.59 5.68 5.73 5.68 5.61 5.69 5.67 5.62 5.68 5.69 5.63 83.21 1e-07 0.05 512 SimpleDLA
1.0 8.07 7.82 7.81 7.89 8.07 7.91 7.89 7.83 7.87 7.93 7.86 7.95 7.81 7.85 7.82 7.92 8.0 7.87 7.88 7.91 77.33 1e-07 0.005 512 SimpleDLA
1.0 6.7 6.35 6.27 6.2 6.35 6.27 6.3 6.31 6.29 6.25 6.24 6.22 6.21 6.26 6.26 6.41 6.15 6.33 6.37 6.26 82.46 1e-05 0.005 256 SimpleDLA
1.0 7.42 6.23 6.22 6.13 6.26 6.26 6.25 6.16 6.35 6.35 6.17 6.37 6.23 6.24 6.18 6.32 6.23 6.31 6.33 6.28 82.11 1e-07 0.005 256 SimpleDLA
1.0 5.96 6.67 6.17 6.43 6.35 5.96 5.93 5.87 5.93 5.96 5.85 5.91 5.93 5.95 5.96 5.9 5.92 5.84 5.94 5.97 82.9 1e-05 0.5 256 SimpleDLA
1.0 6.76 6.6 6.59 6.47 6.46 6.51 6.54 6.55 6.52 6.64 6.49 6.57 6.47 6.5 6.34 6.5 6.49 6.44 6.44 6.62 82.27 1e-06 0.005 256 SimpleDLA
1.0 6.14 7.21 7.24 6.91 6.89 6.83 6.84 6.76 6.76 6.81 6.77 6.69 6.82 6.78 6.76 6.78 6.72 6.75 6.67 6.8 71.8 1e-05 0.5 1024 SimpleDLA
1.0 6.3 7.15 6.83 7.06 6.85 6.89 6.92 6.8 6.94 6.96 6.87 6.9 6.97 6.7 6.87 6.81 6.79 6.88 6.86 6.87 70.97 1e-06 0.5 1024 SimpleDLA
1.0 6.09 6.33 6.57 6.49 6.7 6.54 6.65 6.56 6.51 6.64 6.55 6.61 6.52 6.57 6.5 6.67 6.63 6.6 6.63 6.55 79.07 1e-06 0.5 256 SimpleDLA
1.0 6.27 6.41 6.43 6.49 6.34 6.42 6.29 6.35 6.31 6.34 6.27 6.3 6.25 6.3 6.22 6.26 6.22 6.31 6.31 6.29 76.47 1e-05 0.5 512 SimpleDLA
1.0 6.73 7.44 7.07 6.92 6.99 6.99 7.01 7.02 6.97 7.01 6.98 7.05 6.99 7.06 7.03 7.11 7.03 6.99 7.04 7.06 71.19 1e-06 0.5 512 SimpleDLA
1.0 6.87 6.94 6.68 6.83 6.79 6.83 6.79 6.73 6.69 6.69 6.74 6.69 6.78 6.76 6.7 6.75 6.62 6.73 6.74 6.71 64.71 1e-07 0.5 512 SimpleDLA
1.0 6.03 5.66 5.51 5.46 5.43 5.52 5.39 5.41 5.39 5.39 5.36 5.37 5.42 5.39 5.41 5.44 5.39 5.4 5.36 5.37 84.12 1e-05 0.05 256 SimpleDLA
1.0 5.51 6.2 5.73 5.77 5.79 5.87 5.84 5.77 5.85 5.79 5.77 5.73 5.78 5.84 5.83 5.77 5.83 5.82 5.77 5.83 85.0 1e-06 0.05 256 SimpleDLA
1.0 5.72 5.53 5.62 5.62 5.59 5.59 5.56 5.64 5.65 5.61 5.66 5.52 5.66 5.62 5.63 5.64 5.53 5.57 5.65 5.55 85.16 1e-07 0.05 512 SimpleDLA
1.0 8.6 7.63 7.86 7.83 7.81 7.74 7.84 7.74 7.72 7.84 7.74 7.75 7.78 7.8 7.79 7.77 7.88 7.75 7.86 7.73 78.3 1e-05 0.005 512 SimpleDLA
1.0 6.82 6.42 6.52 6.37 6.41 6.51 6.47 6.4 6.49 6.5 6.41 6.38 6.44 6.41 6.44 6.29 6.36 6.38 6.34 6.48 81.65 1e-06 0.005 256 SimpleDLA
1.0 6.96 6.24 6.26 6.18 6.26 6.35 6.43 6.21 6.33 6.35 6.43 6.31 6.28 6.27 6.44 6.27 6.33 6.29 6.33 6.46 82.18 1e-05 0.005 256 SimpleDLA
1.0 6.89 6.17 6.14 6.1 6.08 6.18 6.15 6.13 6.12 6.12 6.16 6.04 6.22 6.15 6.05 6.2 6.12 6.12 6.14 6.18 81.6 1e-07 0.005 256 SimpleDLA
1.0 8.0 7.64 7.61 7.56 7.6 7.59 7.62 7.62 7.61 7.72 7.75 7.73 7.76 7.72 7.68 7.67 7.77 7.76 7.73 7.75 78.37 1e-06 0.005 512 SimpleDLA
1.0 8.24 7.72 7.58 7.69 7.61 7.71 7.77 7.68 7.67 7.68 7.66 7.59 7.75 7.63 7.82 7.8 7.68 7.64 7.79 7.79 78.18 1e-07 0.005 512 SimpleDLA
1.0 5.97 6.95 6.46 6.32 6.06 5.97 5.96 6.13 5.95 6.01 6.01 6.07 6.03 5.95 5.96 5.99 5.96 5.98 6.01 5.99 81.16 1e-05 0.5 256 SimpleDLA
1.0 5.87 6.37 6.27 5.79 5.89 5.88 5.87 5.9 5.88 5.85 5.91 5.85 5.85 5.85 5.86 5.86 5.9 5.89 5.92 5.87 81.3 1e-06 0.5 256 SimpleDLA
1.0 6.46 7.26 7.07 7.02 6.98 6.97 6.93 6.89 6.93 6.93 6.9 6.91 6.85 6.92 6.93 6.93 6.93 6.94 6.91 6.91 69.56 1e-06 0.5 512 SimpleDLA
1.0 6.05 6.47 6.35 6.54 6.14 6.27 6.16 6.16 6.31 6.21 6.26 6.19 6.11 6.21 6.21 6.22 6.09 6.17 6.15 6.18 75.9 1e-05 0.5 1024 SimpleDLA
1.0 6.83 6.73 6.59 6.57 6.49 6.58 6.58 6.56 6.49 6.54 6.52 6.54 6.49 6.48 6.55 6.54 6.48 6.49 6.59 6.5 71.19 1e-07 0.5 512 SimpleDLA
1.0 6.39 7.04 7.16 6.88 6.85 6.83 6.84 6.81 6.76 6.81 6.83 6.89 6.95 6.92 6.87 6.86 6.85 6.89 6.92 6.88 68.11 1e-05 0.5 512 SimpleDLA
1.0 6.52 7.27 6.85 7.0 6.99 6.94 7.02 6.87 6.9 6.92 6.92 6.95 6.9 6.92 6.93 7.01 7.03 7.01 6.92 7.01 75.32 1e-07 0.5 256 SimpleDLA
1.0 6.42 6.62 6.51 6.66 6.5 6.39 6.38 6.58 6.58 6.47 6.45 6.44 6.45 6.41 6.46 6.46 6.42 6.48 6.44 6.49 72.11 1e-07 0.5 1024 SimpleDLA
1.0 5.82 6.53 6.11 6.14 6.42 6.32 6.38 6.36 6.35 6.28 6.33 6.31 6.31 6.29 6.3 6.33 6.3 6.32 6.33 6.29 77.31 1e-06 0.5 1024 SimpleDLA
1.0 6.16 5.9 5.79 5.79 5.84 5.78 5.77 5.84 5.78 5.78 5.82 5.86 5.75 5.84 5.84 5.82 5.85 5.8 5.84 5.8 83.57 1e-06 0.05 512 SimpleDLA
1.0 5.92 5.63 5.68 5.68 5.65 5.76 5.72 5.72 5.67 5.74 5.69 5.64 5.68 5.68 5.66 5.56 5.68 5.66 5.66 5.69 84.46 1e-07 0.05 256 SimpleDLA
1.0 6.85 6.15 6.29 6.21 6.26 6.43 6.3 6.27 6.23 6.15 6.39 6.32 6.42 6.25 6.29 6.34 6.28 6.38 6.34 6.29 81.66 1e-05 0.005 256 SimpleDLA
1.0 8.45 7.67 7.6 7.68 7.51 7.55 7.59 7.62 7.57 7.67 7.58 7.67 7.62 7.62 7.57 7.68 7.58 7.54 7.7 7.51 78.4 1e-07 0.005 512 SimpleDLA
1.0 6.0 5.71 5.49 5.38 5.37 5.42 5.47 5.44 5.45 5.43 5.48 5.42 5.43 5.41 5.51 5.45 5.44 5.51 5.48 5.5 85.08 1e-05 0.05 256 SimpleDLA
1.0 5.95 5.85 5.54 5.5 5.66 5.63 5.61 5.61 5.51 5.6 5.72 5.69 5.62 5.53 5.64 5.57 5.61 5.56 5.66 5.6 84.25 1e-06 0.05 256 SimpleDLA
1.0 6.44 6.24 6.26 6.35 6.34 6.24 6.25 6.18 6.25 6.24 6.18 6.21 6.25 6.25 6.17 6.19 6.24 6.22 6.21 6.26 81.66 1e-05 0.05 1024 SimpleDLA
1.0 9.22 10.93 10.51 10.34 10.53 10.46 10.53 10.52 10.45 10.46 10.61 10.53 10.47 10.47 10.43 10.53 10.49 10.59 10.51 10.54 73.29 1e-06 0.005 1024 SimpleDLA
1.0 7.94 10.29 10.24 10.14 10.11 10.1 10.17 10.28 10.24 10.11 10.13 10.09 10.22 10.26 10.22 10.22 10.1 10.21 10.07 10.1 73.45 1e-07 0.005 1024 SimpleDLA
1.0 6.57 6.47 6.29 6.42 6.51 6.38 6.35 6.4 6.38 6.39 6.42 6.39 6.42 6.38 6.34 6.33 6.42 6.43 6.42 6.37 82.11 1e-06 0.005 256 SimpleDLA
1.0 6.48 5.95 5.74 5.8 5.7 5.73 5.67 5.76 5.72 5.73 5.73 5.71 5.74 5.75 5.69 5.67 5.74 5.74 5.75 5.75 84.33 1e-05 0.05 512 SimpleDLA
1.0 7.88 7.74 7.87 7.92 7.89 7.97 7.82 7.86 7.95 7.86 7.97 7.95 7.96 7.92 7.87 7.92 7.89 7.93 7.94 7.83 78.68 1e-06 0.005 512 SimpleDLA
1.0 9.13 10.12 10.1 10.24 10.22 10.24 10.14 10.3 10.33 10.37 10.36 10.31 10.25 10.35 10.35 10.39 10.25 10.27 10.33 10.26 73.77 1e-05 0.005 1024 SimpleDLA
