1.0 2.56 2.57 2.65 2.58 2.6 2.62 2.65 2.61 2.83 2.52 2.59 2.75 2.75 2.54 2.64 2.68 2.65 2.62 2.64 2.63 84.55 0.0005 0.1 256 EfficientNetB0
1.0 2.75 2.74 2.65 2.81 2.68 2.67 2.73 2.52 2.62 2.75 2.73 2.73 2.73 2.68 2.71 2.66 2.66 2.67 2.66 2.68 84.72 0.0005 0.09 256 EfficientNetB0
1.0 2.66 2.68 2.64 2.7 2.78 2.6 2.72 2.76 2.83 2.68 2.61 2.67 2.51 2.54 2.49 2.5 2.6 2.59 2.55 2.53 84.75 0.0005 0.08 256 EfficientNetB0
1.0 2.8 2.74 2.68 2.7 2.74 2.58 2.81 2.72 2.65 2.69 2.71 2.64 2.66 2.64 2.63 2.67 2.69 2.67 2.59 2.61 83.8 0.0005 0.07 256 EfficientNetB0
1.0 2.71 2.76 2.74 2.57 2.73 2.83 2.63 2.66 2.8 2.71 2.52 2.55 2.64 2.6 2.63 2.63 2.61 2.64 2.64 2.63 84.85 0.0005 0.06 256 EfficientNetB0
1.0 2.79 2.68 2.74 2.66 2.68 2.64 2.77 2.67 2.67 2.82 2.63 2.61 2.66 2.72 2.65 2.65 2.69 2.71 2.68 2.68 83.18 0.0005 0.05 256 EfficientNetB0
1.0 2.88 2.66 2.74 2.82 2.71 2.84 2.87 2.62 2.71 2.68 2.64 2.77 2.74 2.72 2.81 2.79 2.85 2.82 2.82 2.82 83.59 0.0005 0.04 256 EfficientNetB0
1.0 2.87 2.67 2.72 2.69 2.72 2.66 2.71 2.65 2.71 2.5 2.49 2.53 2.6 2.6 2.67 2.66 2.67 2.61 2.66 2.66 83.57 0.0005 0.03 256 EfficientNetB0
1.0 2.9 2.89 2.92 2.79 2.76 2.72 2.73 2.72 2.91 2.52 2.61 2.58 2.63 2.63 2.71 2.62 2.66 2.66 2.68 2.66 78.44 0.0005 0.01 256 EfficientNetB0
1.0 3.01 2.97 2.98 2.99 2.88 2.97 2.95 2.88 2.86 2.98 2.91 2.94 3.0 2.96 2.86 2.96 2.95 3.01 2.9 2.9 74.99 0.0005 0.008 256 EfficientNetB0
1.0 3.06 2.94 2.98 2.94 2.85 2.85 2.81 2.79 2.8 2.78 2.75 2.82 2.76 2.81 2.84 2.84 2.79 2.81 2.8 2.8 77.48 0.0005 0.009 256 EfficientNetB0
1.0 3.12 3.09 3.03 3.15 3.07 3.04 3.06 3.07 2.99 2.97 3.0 3.08 3.14 3.02 3.0 3.01 3.03 2.97 3.02 2.97 72.99 0.0005 0.006 256 EfficientNetB0
1.0 2.83 2.9 2.7 2.89 2.87 2.76 2.81 2.85 2.67 2.6 2.62 2.62 2.66 2.65 2.66 2.62 2.6 2.62 2.61 2.59 81.9 0.0005 0.02 256 EfficientNetB0
1.0 3.49 3.44 3.34 3.29 3.29 3.22 3.28 3.27 3.24 3.27 3.18 3.2 3.13 3.12 3.13 3.15 3.17 3.18 3.19 3.13 68.64 0.0005 0.004 256 EfficientNetB0
1.0 3.13 3.04 2.96 3.09 3.04 2.99 3.04 3.08 3.11 3.03 3.06 3.08 3.06 3.07 3.06 3.08 3.09 3.06 3.1 3.05 74.56 0.0005 0.007 256 EfficientNetB0
1.0 3.1 2.95 3.09 2.96 3.05 2.99 3.08 3.08 3.1 2.95 3.02 3.04 3.09 3.01 3.05 2.98 3.02 3.06 3.02 3.03 71.28 0.0005 0.005 256 EfficientNetB0
1.0 4.15 4.45 4.39 4.45 4.49 4.66 4.54 4.53 4.39 4.55 4.52 4.53 4.6 4.5 4.42 4.39 4.53 4.5 4.54 4.51 51.14 0.0005 0.001 256 EfficientNetB0
1.0 2.96 2.74 2.86 2.81 2.7 2.67 2.75 2.72 2.62 2.74 2.58 2.69 2.61 2.91 2.63 2.63 2.67 2.64 2.66 2.66 84.04 0.0005 0.06 256 EfficientNetB0
1.0 3.82 3.8 3.87 4.0 3.82 4.02 4.0 3.94 3.96 3.93 3.9 3.84 3.88 3.89 3.82 3.86 3.87 3.94 3.94 3.95 60.14 0.0005 0.002 256 EfficientNetB0
1.0 3.63 3.54 3.63 3.59 3.42 3.49 3.45 3.42 3.58 3.46 3.5 3.48 3.58 3.5 3.51 3.54 3.58 3.5 3.51 3.45 65.01 0.0005 0.003 256 EfficientNetB0
1.0 2.84 2.84 2.86 2.78 2.8 2.56 2.65 2.75 2.9 2.84 2.72 2.71 2.62 2.72 2.78 2.74 2.73 2.81 2.76 2.77 83.38 0.0005 0.09 256 EfficientNetB0
1.0 2.91 2.67 2.74 2.69 2.7 2.62 2.83 2.71 2.74 2.75 2.73 2.74 2.75 2.71 2.77 2.75 2.67 2.63 2.67 2.68 85.07 0.0005 0.1 256 EfficientNetB0
1.0 2.81 2.73 2.86 2.74 2.72 2.77 2.72 2.8 2.71 2.78 2.72 2.72 2.72 2.7 2.71 2.75 2.79 2.75 2.8 2.85 84.6 0.0005 0.07 256 EfficientNetB0
1.0 2.81 2.82 2.74 2.76 2.65 2.83 2.87 2.61 2.72 2.54 2.7 2.58 2.67 2.66 2.63 2.64 2.68 2.66 2.69 2.72 84.65 0.0005 0.08 256 EfficientNetB0
1.0 2.67 2.73 2.76 2.76 2.79 2.75 2.8 2.97 2.61 2.65 2.72 2.71 2.74 2.86 2.78 2.72 2.69 2.71 2.67 2.73 84.84 0.0005 0.05 256 EfficientNetB0
1.0 3.02 2.83 2.72 2.86 2.74 2.71 2.63 2.84 2.8 2.64 2.72 2.77 2.57 2.67 2.75 2.73 2.72 2.8 2.74 2.72 83.64 0.0005 0.03 256 EfficientNetB0
1.0 2.86 2.71 2.73 2.88 2.75 2.68 2.74 2.78 2.7 2.61 2.68 2.77 2.69 2.68 2.61 2.66 2.7 2.64 2.63 2.6 83.71 0.0005 0.04 256 EfficientNetB0
1.0 3.09 2.96 2.88 2.98 2.83 2.83 2.75 2.7 2.67 2.74 2.64 2.65 2.69 2.67 2.71 2.73 2.72 2.75 2.68 2.71 81.91 0.0005 0.02 256 EfficientNetB0
1.0 3.63 3.55 3.57 3.52 3.67 3.44 3.59 3.52 3.4 3.46 3.43 3.44 3.41 3.4 3.39 3.54 3.33 3.39 3.4 3.39 62.87 0.0005 0.003 256 EfficientNetB0
1.0 2.95 3.12 2.84 2.79 2.83 2.84 2.87 2.83 2.83 2.84 2.84 2.83 2.87 2.91 2.9 2.87 2.86 2.86 2.83 2.89 76.86 0.0005 0.01 256 EfficientNetB0
1.0 3.23 3.12 3.22 2.99 3.07 3.01 2.99 2.97 3.01 3.07 2.98 2.99 3.03 3.07 3.06 3.04 3.02 3.07 3.04 3.02 76.52 0.0005 0.009 256 EfficientNetB0
1.0 3.42 3.18 2.94 3.01 3.03 3.01 3.02 2.99 2.99 2.98 3.07 3.05 3.0 3.08 3.02 3.02 3.05 3.07 3.05 3.06 73.63 0.0005 0.008 256 EfficientNetB0
1.0 3.3 3.1 3.27 3.12 3.1 3.08 3.01 3.04 3.04 3.03 3.12 3.06 3.05 3.12 3.1 3.13 3.06 3.08 3.03 3.17 73.02 0.0005 0.007 256 EfficientNetB0
1.0 3.39 3.51 3.44 3.37 3.38 3.42 3.34 3.29 3.29 3.36 3.36 3.36 3.37 3.38 3.29 3.32 3.31 3.33 3.34 3.36 68.67 0.0005 0.005 256 EfficientNetB0
1.0 3.41 3.14 3.25 3.18 3.24 3.22 3.15 3.12 3.06 3.05 3.11 3.1 3.12 3.15 3.12 3.2 3.21 3.2 3.13 3.14 71.93 0.0005 0.006 256 EfficientNetB0
1.0 3.45 3.47 3.38 3.35 3.29 3.29 3.25 3.26 3.25 3.16 3.2 3.21 3.21 3.17 3.25 3.26 3.13 3.2 3.12 3.21 68.3 0.0005 0.004 256 EfficientNetB0
1.0 2.88 2.65 2.73 2.73 2.7 2.74 2.84 2.85 2.65 2.8 2.74 2.73 2.78 2.64 2.64 2.7 2.72 2.69 2.74 2.75 84.86 0.0005 0.09 256 EfficientNetB0
1.0 2.84 2.79 2.62 2.84 2.71 2.79 2.73 2.62 2.68 2.68 2.64 2.63 2.53 2.57 2.63 2.58 2.61 2.62 2.62 2.64 85.04 0.0005 0.1 256 EfficientNetB0
1.0 4.02 4.48 4.32 4.25 4.41 4.33 4.37 4.37 4.32 4.26 4.3 4.31 4.34 4.45 4.31 4.28 4.36 4.26 4.36 4.29 52.77 0.0005 0.001 256 EfficientNetB0
1.0 3.77 3.71 3.69 3.76 3.78 3.75 3.66 3.55 3.69 3.67 3.69 3.76 3.71 3.67 3.67 3.56 3.67 3.66 3.61 3.64 59.88 0.0005 0.002 256 EfficientNetB0
1.0 2.84 2.73 2.61 2.61 2.66 2.81 2.58 2.65 2.63 2.7 2.6 2.6 2.66 2.6 2.63 2.63 2.58 2.57 2.62 2.65 84.8 0.0005 0.07 256 EfficientNetB0
1.0 3.11 2.9 2.93 2.98 2.7 2.75 2.82 2.74 2.76 2.83 2.85 2.82 2.81 2.85 2.79 2.8 2.83 2.78 2.8 2.85 75.46 0.0005 0.009 256 EfficientNetB0
1.0 2.73 2.66 2.69 2.66 2.68 2.77 2.74 2.67 2.51 2.62 2.67 2.7 2.63 2.64 2.71 2.64 2.62 2.68 2.63 2.67 84.6 0.0005 0.06 256 EfficientNetB0
1.0 3.02 2.88 2.81 2.66 2.68 2.66 2.62 2.82 2.71 2.57 2.71 2.66 2.65 2.73 2.71 2.68 2.73 2.71 2.69 2.72 82.01 0.0005 0.02 256 EfficientNetB0
1.0 2.71 2.71 2.72 2.78 2.7 2.85 2.65 2.75 2.62 2.75 2.81 2.56 2.56 2.59 2.64 2.61 2.64 2.7 2.67 2.67 84.83 0.0005 0.08 256 EfficientNetB0
1.0 2.88 2.74 2.66 2.73 2.74 2.6 2.87 2.61 2.74 2.59 2.55 2.6 2.53 2.56 2.62 2.64 2.56 2.59 2.6 2.66 82.99 0.0005 0.03 256 EfficientNetB0
1.0 2.74 2.65 2.7 2.71 2.69 2.69 2.76 2.67 2.68 2.61 2.54 2.57 2.57 2.67 2.66 2.68 2.71 2.68 2.71 2.69 84.56 0.0005 0.05 256 EfficientNetB0
1.0 2.8 2.82 2.72 2.65 2.71 2.64 2.65 2.54 2.65 2.7 2.71 2.74 2.59 2.53 2.57 2.62 2.59 2.62 2.61 2.65 83.5 0.0005 0.04 256 EfficientNetB0
1.0 3.02 3.08 2.93 2.9 2.98 3.1 3.1 3.09 3.1 2.91 2.9 2.79 2.8 2.8 2.85 2.81 2.88 2.85 2.82 2.83 77.1 0.0005 0.01 256 EfficientNetB0
1.0 3.48 3.47 3.31 3.1 3.24 3.25 3.28 3.21 3.27 3.19 3.24 3.23 3.2 3.23 3.18 3.19 3.18 3.23 3.23 3.27 68.46 0.0005 0.004 256 EfficientNetB0
1.0 2.98 2.85 3.08 2.91 2.95 2.91 2.89 2.93 2.92 2.84 2.87 2.9 2.76 2.85 2.8 2.85 2.81 2.88 2.83 2.76 73.94 0.0005 0.008 256 EfficientNetB0
1.0 3.08 3.15 2.92 2.87 2.87 2.85 2.85 2.82 2.84 2.88 2.82 2.81 2.8 2.8 2.75 2.73 2.75 2.74 2.79 2.75 73.35 0.0005 0.006 256 EfficientNetB0
1.0 3.92 3.73 3.73 3.64 3.75 3.78 3.69 3.67 3.6 3.5 3.6 3.53 3.62 3.6 3.55 3.52 3.48 3.6 3.53 3.57 59.0 0.0005 0.002 256 EfficientNetB0
1.0 3.21 2.99 2.91 2.92 2.78 2.88 2.9 2.92 2.91 2.93 3.1 3.04 2.98 3.03 2.99 2.96 3.03 3.05 3.07 3.08 72.42 0.0005 0.007 256 EfficientNetB0
1.0 3.56 3.67 3.42 3.42 3.35 3.41 3.4 3.37 3.37 3.36 3.32 3.28 3.39 3.31 3.37 3.31 3.33 3.41 3.39 3.37 64.98 0.0005 0.003 256 EfficientNetB0
1.0 3.24 3.15 3.18 3.22 3.04 3.11 3.09 3.16 3.16 3.21 3.15 3.13 3.13 3.18 3.07 3.15 3.09 3.1 3.14 3.12 70.19 0.0005 0.005 256 EfficientNetB0
1.0 4.09 4.35 4.24 4.27 4.15 4.22 4.14 4.08 4.01 4.1 4.05 3.95 3.96 4.02 4.07 3.96 4.12 3.83 3.96 3.95 51.54 0.0005 0.001 256 EfficientNetB0
1.0 2.82 2.77 3.02 2.87 3.02 2.74 2.73 2.68 2.53 2.67 2.53 2.83 2.72 2.75 2.64 2.65 2.71 2.67 2.73 2.59 89.73 0.0005 0.06 256 RegNetX_200MF
1.0 3.03 2.85 2.83 2.74 3.0 2.8 2.67 2.75 2.76 2.86 2.7 2.63 2.64 2.57 2.8 2.65 2.66 2.7 2.67 2.71 89.44 0.0005 0.08 256 RegNetX_200MF
1.0 3.11 2.48 2.77 2.99 2.67 2.69 2.86 2.85 2.79 2.61 2.64 2.63 2.66 2.67 2.8 2.74 2.7 2.69 2.65 2.68 90.41 0.0005 0.09 256 RegNetX_200MF
1.0 2.83 2.6 2.83 2.86 2.74 3.05 2.9 2.86 2.86 2.72 2.55 2.56 2.72 2.53 2.63 2.69 2.72 2.66 2.68 2.62 90.24 0.0005 0.1 256 RegNetX_200MF
1.0 4.14 3.96 3.63 3.63 3.5 3.6 3.64 3.63 3.61 3.76 3.63 3.59 3.67 3.73 3.66 3.59 3.7 3.62 3.55 3.67 77.5 0.0005 0.005 256 RegNetX_200MF
1.0 2.7 2.71 2.74 2.71 2.8 2.82 2.75 2.88 2.55 2.56 2.56 2.55 2.86 2.73 2.72 2.68 2.73 2.7 2.78 2.8 89.45 0.0005 0.07 256 RegNetX_200MF
1.0 2.93 2.65 2.88 2.8 3.01 2.84 2.96 2.82 2.88 2.79 2.8 2.76 2.78 2.68 2.6 2.67 2.7 2.69 2.82 2.7 89.54 0.0005 0.05 256 RegNetX_200MF
1.0 2.87 2.79 2.63 3.02 2.79 2.71 2.73 2.91 2.78 2.65 2.69 2.73 2.72 2.74 2.81 2.81 2.81 2.75 2.76 2.83 88.05 0.0005 0.03 256 RegNetX_200MF
1.0 3.0 2.87 2.95 3.1 2.81 2.82 2.85 2.86 2.95 3.02 3.09 3.2 2.81 2.78 2.71 2.8 2.74 2.82 2.82 2.81 86.55 0.0005 0.02 256 RegNetX_200MF
1.01 2.99 2.89 3.0 2.82 2.72 2.97 2.93 2.95 2.99 2.77 2.78 2.85 2.82 2.88 2.78 2.78 2.78 2.79 2.8 2.79 90.13 0.0005 0.09 256 RegNetX_200MF
1.0 3.18 2.75 2.8 2.69 2.89 2.68 2.84 2.7 2.85 2.56 2.61 2.7 2.64 2.64 2.73 2.59 2.75 2.76 2.77 2.68 88.5 0.0005 0.04 256 RegNetX_200MF
1.0 3.41 3.58 3.21 3.22 3.11 3.22 3.21 3.28 3.41 3.27 3.39 3.35 3.47 3.48 3.5 3.6 3.5 3.43 3.6 3.55 81.14 0.0005 0.01 256 RegNetX_200MF
1.0 3.6 3.37 3.29 3.31 3.49 3.45 3.4 3.45 3.57 3.45 3.43 3.51 3.5 3.49 3.42 3.41 3.6 3.53 3.57 3.57 79.33 0.0005 0.007 256 RegNetX_200MF
1.0 4.31 4.15 4.58 4.08 4.35 4.04 4.21 4.28 4.06 4.08 4.29 4.2 4.06 4.32 4.18 4.11 4.25 4.17 4.3 4.08 76.03 0.0005 0.004 256 RegNetX_200MF
1.0 3.45 3.59 3.41 3.25 3.23 3.33 3.25 3.3 3.35 3.28 3.35 3.36 3.34 3.39 3.55 3.17 3.39 3.32 3.4 3.4 80.6 0.0005 0.008 256 RegNetX_200MF
1.0 3.45 3.84 3.73 3.72 3.87 3.83 3.87 3.67 3.86 3.84 3.85 3.82 3.88 3.73 3.84 3.85 3.89 3.89 3.94 3.89 78.86 0.0005 0.006 256 RegNetX_200MF
1.0 3.24 3.2 3.2 3.21 3.13 3.16 3.32 3.2 3.37 3.29 3.38 3.34 3.42 3.34 3.29 3.24 3.17 3.45 3.44 3.44 80.63 0.0005 0.009 256 RegNetX_200MF
1.0 4.99 5.62 5.4 5.46 5.28 5.42 5.47 5.33 5.58 5.51 5.53 5.52 5.46 5.67 5.56 5.32 5.64 5.41 5.28 5.45 70.78 0.0005 0.002 256 RegNetX_200MF
1.01 3.01 2.83 2.83 3.01 3.0 2.89 3.15 2.94 2.91 3.1 2.88 2.91 2.83 2.85 2.78 2.81 2.85 2.83 2.86 2.92 87.83 0.0005 0.03 256 RegNetX_200MF
1.0 5.33 5.21 6.95 6.42 6.81 6.85 6.78 6.42 6.91 6.8 6.67 6.73 6.82 6.62 6.89 7.02 6.81 6.82 6.83 6.71 67.09 0.0005 0.001 256 RegNetX_200MF
1.01 2.86 2.79 2.98 2.93 3.07 2.85 2.79 2.89 2.62 2.84 2.84 2.93 2.78 2.66 2.72 2.71 2.76 2.73 2.79 2.78 89.62 0.0005 0.08 256 RegNetX_200MF
1.0 4.27 4.77 4.56 4.54 4.67 4.69 4.55 4.68 4.8 4.5 4.56 4.6 4.79 4.57 4.76 4.68 4.92 4.61 4.72 4.75 73.66 0.0005 0.003 256 RegNetX_200MF
1.01 3.05 2.95 2.95 2.67 3.01 2.96 2.74 2.82 2.78 2.7 2.78 2.76 2.92 2.88 2.91 2.89 2.9 2.88 2.84 2.96 89.12 0.0005 0.07 256 RegNetX_200MF
1.01 2.82 2.88 2.75 2.85 2.83 3.0 2.85 2.75 2.77 2.96 2.8 2.77 2.79 2.77 2.84 2.93 2.97 2.92 2.83 2.88 89.5 0.0005 0.1 256 RegNetX_200MF
1.01 3.06 2.78 2.95 2.95 2.85 2.85 2.76 2.89 2.9 2.87 2.78 2.8 2.82 2.7 2.73 2.72 2.7 2.7 2.72 2.74 89.86 0.0005 0.06 256 RegNetX_200MF
1.01 3.47 3.74 3.45 3.17 3.27 3.39 3.44 3.66 3.6 3.75 3.72 3.75 3.77 3.95 3.75 3.79 3.85 3.86 3.79 3.83 81.0 0.0005 0.01 256 RegNetX_200MF
1.01 2.99 2.95 2.75 2.86 2.88 2.91 2.71 2.7 2.91 2.86 2.62 2.68 2.73 2.67 2.87 2.67 2.62 2.65 2.66 2.69 88.84 0.0005 0.05 256 RegNetX_200MF
1.01 3.37 2.95 3.0 3.11 2.9 2.9 2.84 2.93 2.95 3.02 3.11 2.71 2.78 2.76 2.87 2.85 2.99 2.96 2.89 2.86 87.03 0.0005 0.02 256 RegNetX_200MF
1.01 2.96 2.9 2.82 3.02 2.9 2.88 2.84 2.73 2.86 2.83 2.88 2.8 2.88 2.88 2.87 2.78 2.78 2.8 2.78 2.7 88.13 0.0005 0.04 256 RegNetX_200MF
1.01 3.51 3.94 3.82 3.71 3.64 3.59 3.59 3.65 3.79 3.65 3.79 3.85 3.74 3.75 3.79 3.8 3.83 3.78 3.88 3.72 79.08 0.0005 0.007 256 RegNetX_200MF
1.57 2.95 2.89 3.02 2.77 2.97 3.02 2.84 2.87 2.7 2.63 2.74 2.66 2.86 2.75 2.77 2.82 2.86 2.86 2.84 2.88 90.46 0.0005 0.08 256 RegNetX_200MF
1.01 5.16 5.17 5.14 5.04 4.82 4.99 4.84 5.07 4.95 4.92 5.19 5.08 5.32 5.43 5.28 5.06 5.15 5.1 5.12 5.29 70.42 0.0005 0.002 256 RegNetX_200MF
1.57 3.01 2.75 3.0 2.89 2.76 2.95 2.88 2.71 2.7 2.74 2.72 2.83 2.64 2.75 2.65 2.63 2.63 2.73 2.78 2.79 89.21 0.0005 0.05 256 RegNetX_200MF
1.57 3.6 3.58 3.53 3.57 3.54 3.45 3.44 3.35 3.41 3.5 3.48 3.48 3.48 3.7 3.58 3.45 3.54 3.44 3.52 3.44 79.11 0.0005 0.006 256 RegNetX_200MF
1.57 3.01 2.78 2.83 2.92 2.96 3.01 2.66 2.87 2.87 2.85 2.81 2.94 2.9 2.84 2.88 2.91 2.75 2.81 2.86 2.8 88.72 0.0005 0.04 256 RegNetX_200MF
1.01 4.47 4.93 4.46 4.76 4.73 4.71 4.79 4.74 4.75 4.68 4.68 4.8 4.49 4.71 4.96 4.91 4.77 4.69 4.79 4.86 74.19 0.0005 0.003 256 RegNetX_200MF
1.57 2.87 3.02 2.9 2.58 3.09 2.83 2.82 2.93 3.01 3.01 2.74 2.73 2.7 2.69 2.73 2.78 2.71 2.74 2.72 2.77 88.5 0.0005 0.03 256 RegNetX_200MF
1.57 2.92 2.76 2.77 2.97 2.99 2.96 2.84 2.89 2.86 2.66 2.67 2.74 2.83 2.68 2.71 2.77 2.73 2.83 2.85 2.76 89.8 0.0005 0.06 256 RegNetX_200MF
1.57 3.66 3.63 3.81 3.8 3.73 3.83 3.74 3.72 3.79 3.72 3.62 3.8 3.94 3.8 3.81 3.82 3.74 3.77 3.81 3.85 77.17 0.0005 0.005 256 RegNetX_200MF
1.0 2.88 2.78 2.89 2.91 2.68 2.87 2.83 3.04 2.81 2.74 2.61 2.72 2.74 2.77 2.72 2.76 2.77 2.73 2.68 2.74 88.05 0.0005 0.08 256 SimpleDLA
1.0 2.84 2.79 2.72 2.82 2.89 2.71 2.74 2.84 2.83 2.73 2.63 2.66 2.64 2.66 2.68 2.57 2.59 2.6 2.54 2.56 87.99 0.0005 0.06 256 SimpleDLA
1.0 2.86 2.84 2.66 2.95 2.81 2.91 2.81 2.8 2.77 2.83 2.76 2.77 2.67 2.61 2.73 2.64 2.66 2.63 2.7 2.69 88.38 0.0005 0.09 256 SimpleDLA
1.0 2.9 2.69 2.82 2.87 2.94 2.83 2.77 2.91 2.6 2.83 2.75 2.68 2.67 2.63 2.65 2.63 2.66 2.61 2.63 2.65 88.11 0.0005 0.1 256 SimpleDLA
1.0 2.66 2.59 2.92 2.85 2.98 2.84 2.85 2.89 2.9 2.78 2.8 2.82 2.76 2.74 2.77 2.71 2.67 2.64 2.71 2.64 87.12 0.0005 0.07 256 SimpleDLA
1.0 2.78 2.7 2.74 3.07 2.81 2.82 2.94 2.92 2.74 2.71 2.73 2.76 2.77 2.69 2.75 2.72 2.78 2.73 2.71 2.7 87.69 0.0005 0.04 256 SimpleDLA
1.0 2.8 2.67 2.83 2.92 2.64 2.86 2.71 2.82 2.79 2.7 2.7 2.76 2.77 2.73 2.76 2.69 2.65 2.65 2.66 2.63 88.03 0.0005 0.05 256 SimpleDLA
1.0 2.76 2.73 2.91 2.75 2.98 2.75 2.78 2.64 2.78 2.77 2.69 2.69 2.64 2.7 2.7 2.65 2.68 2.68 2.69 2.69 87.74 0.0005 0.03 256 SimpleDLA
1.0 3.15 3.02 2.93 2.89 2.96 3.01 2.99 3.01 3.05 3.0 3.02 2.95 2.96 3.09 3.0 3.08 3.02 3.05 3.06 3.08 83.45 0.0005 0.007 256 SimpleDLA
1.0 3.2 3.16 3.15 3.11 3.08 3.03 3.17 3.13 3.03 3.09 3.07 3.03 3.02 3.1 3.09 3.02 3.09 3.06 3.06 3.05 83.27 0.0005 0.006 256 SimpleDLA
1.0 2.96 2.89 2.94 2.77 2.74 2.84 2.83 2.81 2.81 2.84 2.84 2.79 2.79 2.78 2.82 2.86 2.78 2.83 2.82 2.77 86.3 0.0005 0.03 256 SimpleDLA
1.0 2.82 2.88 2.85 3.07 2.94 2.73 2.7 2.85 2.75 2.74 2.76 2.64 2.6 2.59 2.6 2.6 2.63 2.63 2.6 2.6 87.77 0.0005 0.08 256 SimpleDLA
1.0 2.73 2.75 2.97 2.8 2.78 2.9 2.78 2.84 2.88 2.9 2.85 2.72 2.72 2.71 2.73 2.74 2.72 2.7 2.67 2.72 88.01 0.0005 0.06 256 SimpleDLA
1.0 4.09 3.77 3.79 3.62 3.59 3.66 3.66 3.58 3.9 3.9 3.72 3.85 3.67 3.93 3.75 3.76 3.81 3.83 3.75 3.82 77.69 0.0005 0.002 256 SimpleDLA
1.0 2.88 2.6 2.74 2.73 2.58 2.97 3.0 2.81 2.77 2.63 2.78 2.71 2.79 2.81 2.79 2.86 2.88 2.82 2.84 2.85 87.78 0.0005 0.05 256 SimpleDLA
1.0 2.99 2.8 2.82 2.75 2.91 2.93 2.86 2.79 2.81 2.76 2.72 2.71 2.74 2.77 2.8 2.81 2.78 2.83 2.76 2.78 87.36 0.0005 0.02 256 SimpleDLA
1.0 3.04 3.06 3.01 2.92 3.05 2.88 2.98 2.93 2.91 3.02 2.91 3.11 3.07 3.08 3.05 3.1 3.02 3.02 3.05 3.02 83.6 0.0005 0.008 256 SimpleDLA
1.0 3.01 2.73 2.8 2.83 2.7 2.79 2.78 2.91 2.81 2.77 2.84 2.66 2.7 2.65 2.65 2.69 2.68 2.73 2.66 2.7 88.12 0.0005 0.07 256 SimpleDLA
1.0 4.01 4.38 4.34 4.19 4.36 4.37 4.39 4.38 4.29 4.4 4.47 4.51 4.48 4.22 4.38 4.39 4.36 4.38 4.32 4.39 73.24 0.0005 0.001 256 SimpleDLA
1.0 3.04 2.86 2.89 2.8 2.84 2.8 2.91 2.85 2.89 2.83 2.86 2.84 2.81 2.95 2.97 2.92 2.91 2.92 2.93 2.85 83.77 0.0005 0.01 256 SimpleDLA
1.0 3.43 3.37 3.31 3.23 3.32 3.36 3.35 3.27 3.23 3.26 3.3 3.27 3.3 3.26 3.32 3.38 3.2 3.43 3.36 3.26 79.69 0.0005 0.003 256 SimpleDLA
1.0 2.98 2.99 2.89 2.82 2.84 2.87 2.86 2.88 2.9 2.99 2.9 2.96 2.96 2.96 2.98 2.92 2.97 3.01 3.0 3.03 83.01 0.0005 0.007 256 SimpleDLA
1.0 3.12 3.07 3.07 3.0 2.92 3.04 3.05 3.12 3.11 3.16 3.11 3.15 3.15 3.14 3.23 3.08 3.15 3.14 3.22 3.11 81.6 0.0005 0.005 256 SimpleDLA
1.0 3.26 3.06 2.98 2.89 2.91 2.93 2.9 3.0 2.96 2.94 2.92 3.01 3.01 2.93 3.0 3.04 3.0 2.96 3.03 3.02 80.98 0.0005 0.004 256 SimpleDLA
1.0 2.89 2.87 2.9 2.83 2.95 2.9 2.9 3.01 3.04 3.03 3.1 3.02 3.08 3.04 2.97 3.01 3.03 3.21 3.12 3.08 82.15 0.0005 0.006 256 SimpleDLA
