1.89 2.55 2.48 2.58 2.59 2.7 2.56 2.66 2.65 2.49 2.51 2.78 2.63 2.61 2.64 2.61 2.56 2.66 2.6 2.6 2.7 88.5 0.0005 0.01 64 resnet18
1.89 2.57 2.7 2.58 2.61 2.7 2.83 2.76 2.69 2.56 2.54 2.6 2.48 2.51 2.53 2.51 2.53 2.58 2.52 2.52 2.51 87.1 0.0005 0.01 128 resnet18
1.89 2.7 2.72 2.68 2.66 2.64 2.62 2.71 2.66 2.64 2.64 2.66 2.72 2.71 2.71 2.75 2.73 2.75 2.73 2.71 2.75 83.64 0.0005 0.01 256 resnet18
1.89 2.95 2.78 2.89 2.95 2.88 2.97 2.91 2.87 2.86 2.92 2.9 2.91 2.9 2.97 2.94 2.93 2.93 2.98 2.92 3.01 80.65 0.0005 0.01 512 resnet18
1.89 2.99 2.84 2.86 2.82 2.79 2.77 2.79 2.82 2.78 2.8 2.81 2.8 2.81 2.82 2.79 2.84 2.81 2.87 2.81 2.81 76.78 0.0005 0.01 1024 resnet18
1.89 2.7 2.7 2.6 2.6 2.7 2.6 2.56 2.77 2.71 2.56 2.66 2.68 2.65 2.52 2.52 2.48 2.57 2.5 2.55 2.53 88.4 0.0005 0.01 32 resnet18
1.89 3.45 3.74 3.64 3.72 3.6 3.58 3.68 3.62 3.64 3.67 3.73 3.66 3.67 3.66 3.63 3.68 3.73 3.71 3.61 3.71 72.53 0.0005 0.01 2048 resnet18
1.57 2.83 2.69 2.71 2.65 2.64 2.66 2.7 2.67 2.71 2.6 2.6 2.72 2.71 2.7 2.75 2.68 2.7 2.67 2.7 2.72 88.35 0.0005 0.01 64 resnet18
1.57 2.76 2.58 2.65 2.76 2.68 2.65 2.66 2.76 2.69 2.67 2.66 2.6 2.67 2.63 2.68 2.71 2.69 2.72 2.71 2.74 87.04 0.0005 0.01 128 resnet18
1.57 2.78 2.74 2.75 2.77 2.7 2.73 2.69 2.68 2.71 2.77 2.82 2.8 2.92 2.81 2.8 2.78 2.79 2.8 2.74 2.75 83.32 0.0005 0.01 256 resnet18
1.57 2.85 2.81 2.8 2.78 2.79 2.9 2.89 2.84 2.9 2.93 2.95 2.94 2.91 2.97 3.02 2.93 2.97 2.95 2.91 2.95 80.59 0.0005 0.01 512 resnet18
1.57 2.72 2.75 2.66 2.63 2.78 2.89 2.74 2.88 2.71 2.65 2.56 2.58 2.57 2.6 2.6 2.7 2.61 2.67 2.72 2.72 89.35 0.0005 0.01 32 resnet18
1.89 2.74 2.65 2.78 2.72 2.72 2.73 2.79 2.55 2.73 2.5 2.59 2.55 2.62 2.51 2.37 2.32 2.41 2.33 2.42 2.36 89.65 0.0005 0.01 16 resnet18
1.57 3.08 3.06 3.01 3.09 3.08 3.06 3.06 3.11 3.06 3.12 3.12 3.19 3.07 3.1 3.11 3.13 3.06 3.06 3.11 3.12 76.77 0.0005 0.01 1024 resnet18
1.57 3.56 3.51 3.61 3.61 3.6 3.63 3.54 3.66 3.63 3.63 3.74 3.67 3.59 3.67 3.65 3.62 3.66 3.67 3.71 3.71 72.07 0.0005 0.01 2048 resnet18
1.26 2.68 2.78 2.62 2.76 2.54 2.52 2.59 2.63 2.53 2.45 2.62 2.63 2.58 2.56 2.68 2.67 2.65 2.61 2.64 2.68 88.22 0.0005 0.01 64 resnet18
1.26 2.78 2.67 2.66 2.6 2.64 2.7 2.63 2.77 2.72 2.58 2.67 2.68 2.57 2.64 2.66 2.53 2.53 2.57 2.59 2.57 87.5 0.0005 0.01 128 resnet18
1.26 2.67 2.66 2.66 2.72 2.7 2.7 2.71 2.78 2.82 2.84 2.8 2.85 2.79 2.78 2.8 2.82 2.79 2.78 2.77 2.79 83.23 0.0005 0.01 256 resnet18
1.26 2.65 2.65 2.68 2.66 2.66 2.71 2.69 2.7 2.73 2.76 2.76 2.73 2.78 2.89 2.86 2.84 2.82 2.8 2.86 2.83 80.69 0.0005 0.01 512 resnet18
1.26 2.57 2.67 2.68 2.74 2.85 2.66 2.62 2.63 2.54 2.47 2.79 2.6 2.46 2.49 2.58 2.56 2.57 2.54 2.66 2.59 88.81 0.0005 0.01 32 resnet18
1.26 3.2 3.09 3.08 3.1 3.09 3.08 3.16 3.21 3.12 3.16 3.19 3.22 3.22 3.1 3.26 3.18 3.17 3.22 3.19 3.15 76.9 0.0005 0.01 1024 resnet18
1.26 3.52 3.35 3.37 3.46 3.4 3.44 3.39 3.38 3.39 3.37 3.34 3.34 3.33 3.34 3.36 3.4 3.34 3.35 3.33 3.33 72.94 0.0005 0.01 2048 resnet18
1.57 2.85 2.78 2.74 2.89 2.76 2.85 2.64 2.87 2.77 2.62 2.72 2.77 2.75 2.66 2.59 2.55 2.55 2.61 2.56 2.6 88.85 0.0005 0.01 16 resnet18
1.26 2.63 2.66 2.61 2.69 2.86 2.62 2.56 2.57 2.58 2.68 2.58 2.66 2.7 2.61 2.55 2.5 2.69 2.62 2.56 2.56 89.07 0.0005 0.01 16 resnet18
1.89 2.75 2.66 2.65 2.65 2.64 2.65 2.68 2.72 2.74 2.68 2.66 2.55 2.67 2.56 2.55 2.53 2.53 2.59 2.52 2.48 88.81 0.0005 0.01 8 resnet18
1.57 2.84 2.62 2.76 2.85 2.72 2.74 2.82 2.73 2.68 2.86 2.77 2.77 2.69 2.7 2.65 2.61 2.55 2.54 2.54 2.55 89.3 0.0005 0.01 8 resnet18
1.26 2.65 2.62 2.47 2.64 2.63 2.57 2.65 2.5 2.66 2.76 2.7 2.5 2.64 2.63 2.6 2.43 2.53 2.49 2.44 2.48 89.27 0.0005 0.01 8 resnet18