1.79 1.04 3.08 3.36 3.08 3.17 3.13 3.0 2.83 3.08 2.86 2.77 2.91 2.82 2.82 2.83 2.9 2.91 2.88 2.92 2.9 79.64 1e-05 0.5 256 DPN92
1.79 1.01 3.01 3.59 3.22 3.2 3.35 3.22 3.17 3.1 3.22 3.29 3.24 3.28 3.19 3.16 3.18 3.15 3.14 3.24 3.16 80.46 1e-06 0.5 256 DPN92
1.79 3.35 3.16 2.93 3.19 3.27 3.15 3.12 3.13 3.22 3.2 3.12 3.11 3.09 3.22 3.07 3.16 3.12 3.12 3.13 3.14 80.72 1e-07 0.5 256 DPN92
1.79 2.77 3.18 2.79 3.01 2.94 2.85 2.86 2.92 2.93 2.84 2.92 2.95 2.97 2.93 2.94 2.98 2.96 3.0 2.97 2.99 82.4 1e-05 0.1 256 DPN92
1.79 2.87 2.85 2.69 2.92 2.81 2.92 2.81 2.7 3.02 2.79 2.84 2.88 2.88 2.78 2.88 2.86 2.81 2.94 2.96 2.92 83.19 1e-06 0.1 256 DPN92
1.79 3.02 3.12 3.12 2.9 2.75 2.84 2.89 2.84 2.85 2.98 2.78 2.9 2.96 2.85 2.86 2.81 2.86 2.79 2.84 2.83 80.09 1e-07 0.1 256 DPN92
1.79 3.0 2.88 2.97 2.76 2.94 2.88 2.83 2.95 2.94 2.83 2.84 2.77 3.0 2.86 2.97 2.84 2.84 2.84 2.84 2.89 83.96 1e-05 0.05 256 DPN92
1.79 2.89 3.08 3.21 2.91 3.03 3.09 2.99 3.02 3.03 2.91 3.06 3.02 3.06 3.01 3.11 3.02 3.04 3.02 2.99 2.99 81.6 1e-06 0.05 256 DPN92
1.79 3.3 3.28 3.06 3.09 3.23 3.12 3.15 3.08 3.1 3.1 3.05 3.11 3.08 3.12 3.08 3.14 3.15 3.13 3.13 3.12 80.12 1e-05 0.01 256 DPN92
1.79 3.32 3.51 3.17 3.06 3.19 3.15 3.09 3.0 3.1 3.07 3.04 3.06 3.09 3.14 3.17 3.07 3.14 3.17 3.06 3.04 79.46 1e-06 0.01 256 DPN92
1.79 3.35 3.22 3.13 3.05 3.27 3.21 3.16 3.22 3.14 3.18 3.25 3.1 3.13 3.23 3.13 3.11 3.2 3.14 3.16 3.09 80.15 1e-07 0.01 256 DPN92
1.79 3.65 3.54 3.73 3.59 3.67 3.66 3.66 3.6 3.67 3.73 3.7 3.6 3.64 3.66 3.66 3.62 3.65 3.58 3.61 3.72 75.46 1e-05 0.005 256 DPN92
1.79 3.75 3.93 3.75 3.72 3.82 3.75 3.78 3.69 3.71 3.73 3.64 3.74 3.6 3.73 3.65 3.71 3.65 3.73 3.78 3.8 73.77 1e-06 0.005 256 DPN92
1.79 3.72 3.74 4.04 3.98 3.81 3.77 3.87 3.76 3.8 3.81 3.8 3.83 3.84 3.85 3.84 3.9 3.89 3.95 3.84 3.89 75.2 1e-07 0.005 256 DPN92
1.79 5.28 6.06 6.1 5.86 5.29 5.44 5.63 5.32 5.47 5.37 5.62 5.42 5.62 5.49 5.59 5.58 5.64 5.58 5.44 5.6 67.09 1e-05 0.001 256 DPN92
1.79 4.89 6.04 5.94 5.35 5.28 5.9 5.81 5.69 5.64 5.44 5.42 5.38 5.6 5.65 5.65 5.47 5.71 5.65 5.47 5.53 67.25 1e-06 0.001 256 DPN92
1.0 3.11 2.99 3.25 3.13 3.13 3.18 3.13 3.0 2.99 3.03 3.12 3.23 3.09 3.13 3.14 3.14 3.19 3.12 3.21 3.1 78.57 1e-05 0.5 256 DPN92
1.0 2.96 3.53 3.75 3.56 3.62 3.62 3.55 3.63 3.76 3.44 3.43 3.49 3.46 3.5 3.49 3.37 3.53 3.46 3.45 3.57 76.03 1e-06 0.5 256 DPN92
1.0 3.47 3.62 3.13 3.26 3.12 3.07 3.1 3.37 3.29 3.2 3.41 3.3 3.23 3.28 3.28 3.25 3.32 3.3 3.29 3.21 79.72 1e-07 0.5 256 DPN92
1.0 3.09 3.25 3.31 3.15 3.22 3.16 3.17 3.08 3.04 3.08 3.11 3.09 3.15 3.12 3.09 3.17 3.1 3.08 3.05 3.07 76.44 1e-05 0.1 256 DPN92
1.0 3.21 2.98 3.03 2.99 3.16 3.09 3.05 2.99 2.99 3.06 3.05 3.03 3.06 3.08 2.95 3.17 3.11 3.09 2.99 3.07 80.78 1e-06 0.1 256 DPN92
1.0 3.43 3.36 3.31 3.49 3.24 3.29 3.07 3.21 3.29 3.19 3.25 3.25 3.17 3.18 3.21 3.13 3.16 3.12 3.2 3.11 78.87 1e-07 0.1 256 DPN92
1.0 2.95 3.14 3.21 3.12 3.09 2.96 3.02 2.97 3.08 3.04 3.2 3.22 3.07 3.16 3.14 3.15 3.19 3.16 3.19 3.11 80.13 1e-05 0.05 256 DPN92
1.0 3.52 3.4 3.31 3.58 3.43 3.36 3.56 3.22 3.25 3.34 3.23 3.17 3.24 3.22 3.3 3.21 3.3 3.25 3.41 3.22 74.8 1e-06 0.05 256 DPN92
1.0 3.37 3.23 3.16 3.0 3.07 3.11 3.19 3.09 3.19 3.18 3.15 3.19 3.2 3.23 3.22 3.14 3.22 3.14 3.14 3.17 80.57 1e-05 0.01 256 DPN92
1.0 3.43 3.19 3.19 3.29 3.42 3.23 3.25 3.51 3.24 3.26 3.4 3.33 3.24 3.25 3.29 3.14 3.38 3.38 3.29 3.19 79.33 1e-06 0.01 256 DPN92
1.0 3.52 3.35 3.33 3.18 3.28 3.26 3.3 3.3 3.18 3.29 3.28 3.32 3.44 3.43 3.36 3.35 3.39 3.4 3.34 3.36 79.52 1e-07 0.01 256 DPN92
1.0 3.68 3.55 3.74 3.72 3.87 3.68 3.72 3.71 3.66 3.7 3.57 3.69 3.59 3.71 3.72 3.66 3.72 3.69 3.62 3.74 75.65 1e-05 0.005 256 DPN92
1.0 3.83 3.83 3.9 3.82 4.06 4.08 3.83 3.97 3.85 3.86 3.81 3.8 3.85 3.87 3.72 3.72 3.81 3.74 3.89 3.86 75.36 1e-06 0.005 256 DPN92
1.0 3.86 3.58 3.77 3.8 3.85 3.9 3.85 3.83 3.69 3.72 3.8 3.8 3.8 3.67 3.74 3.64 3.71 3.72 3.66 3.67 76.22 1e-07 0.005 256 DPN92
1.0 5.83 6.15 5.44 5.55 5.63 5.94 5.56 5.44 5.79 5.58 5.6 5.46 5.48 5.57 5.52 5.5 5.51 5.57 5.44 5.53 66.53 1e-05 0.001 256 DPN92
1.0 5.61 6.01 5.89 6.0 5.86 5.89 5.89 6.04 5.87 6.1 6.09 6.05 6.2 5.92 5.89 6.11 6.14 6.08 6.06 5.98 65.64 1e-06 0.001 256 DPN92
1.0 4.01 3.41 2.99 3.31 3.13 3.07 3.24 3.14 3.13 3.04 3.06 3.19 3.13 3.08 3.04 3.06 3.08 3.12 3.25 3.09 80.92 1e-06 0.5 256 DPN92
1.0 3.4 3.08 3.13 2.88 2.98 3.11 3.12 2.99 3.02 3.01 3.09 3.1 3.22 3.16 3.15 3.09 3.14 3.07 3.2 3.06 79.74 1e-07 0.5 256 DPN92
1.0 3.06 2.97 3.16 3.04 2.89 2.93 2.86 2.95 2.95 2.85 2.97 2.91 2.93 2.86 2.95 2.92 2.97 2.91 2.93 2.91 80.53 1e-05 0.1 256 DPN92
1.0 3.01 3.07 2.96 2.96 2.85 3.03 2.97 2.88 2.92 2.82 2.91 2.91 2.91 2.95 2.89 2.97 2.88 2.92 2.89 2.87 79.12 1e-06 0.1 256 DPN92
1.0 2.99 3.23 3.15 3.15 3.12 3.17 3.23 3.18 3.24 3.16 3.11 3.14 3.21 3.18 3.22 3.19 3.17 3.12 3.11 3.14 76.8 1e-07 0.1 256 DPN92
