3.03 6.82 7.09 7.08 7.45 8.59 8.64 7.99 8.33 7.99 7.69 7.9 7.81 8.0 7.94 7.94 7.93 7.92 7.85 7.86 7.87 77.14 1e-06 0.1 256 PreActResNet18
3.03 1.6 6.56 6.36 6.91 6.99 8.14 8.61 8.42 7.97 8.06 8.11 8.02 8.07 8.11 8.02 8.04 7.93 7.97 8.04 8.1 74.15 1e-05 0.1 256 PreActResNet18
3.03 5.71 5.81 5.66 5.35 5.3 5.21 5.26 5.24 5.33 5.28 5.33 5.35 5.29 5.3 5.25 5.32 5.26 5.25 5.21 5.23 84.94 1e-07 0.1 256 PreActResNet18
3.03 5.67 5.67 5.39 5.21 5.19 5.21 5.19 5.19 5.16 5.13 5.16 5.17 5.14 5.2 5.12 5.18 5.16 5.15 5.21 5.17 85.56 1e-05 0.1 512 PreActResNet18
3.03 5.35 5.46 5.31 5.23 5.22 5.19 5.21 5.18 5.2 5.2 5.19 5.18 5.18 5.21 5.21 5.2 5.19 5.2 5.2 5.15 84.57 1e-05 0.1 1024 PreActResNet18
3.03 5.74 5.76 5.64 5.33 5.29 5.28 5.36 5.27 5.29 5.23 5.27 5.28 5.24 5.27 5.23 5.27 5.27 5.27 5.25 5.25 84.46 1e-07 0.1 512 PreActResNet18
3.03 5.55 5.51 5.42 4.87 4.91 4.91 4.89 4.93 4.89 4.89 4.91 4.9 4.92 4.91 4.89 4.88 4.93 4.88 4.89 4.9 85.44 1e-06 0.1 512 PreActResNet18
3.03 5.6 5.57 5.44 5.31 5.31 5.31 5.29 5.27 5.27 5.25 5.29 5.32 5.23 5.24 5.25 5.23 5.28 5.24 5.26 5.33 84.33 1e-06 0.1 1024 PreActResNet18
3.03 5.58 5.4 5.24 5.19 5.13 5.14 5.13 5.16 5.15 5.16 5.17 5.17 5.13 5.15 5.16 5.1 5.17 5.17 5.13 5.17 84.79 1e-07 0.1 1024 PreActResNet18
3.03 5.34 5.05 5.11 5.16 5.18 5.13 5.09 5.19 5.12 5.13 5.15 5.08 5.15 5.16 5.09 5.1 5.11 5.08 5.16 5.12 84.37 1e-05 0.01 256 PreActResNet18
3.03 5.41 5.29 5.15 5.2 5.23 5.21 5.15 5.22 5.25 5.03 5.16 5.09 5.05 5.17 5.21 5.16 5.08 5.15 5.09 5.15 83.76 1e-07 0.01 256 PreActResNet18
3.03 5.92 5.42 5.42 5.43 5.46 5.48 5.46 5.45 5.47 5.45 5.46 5.47 5.43 5.43 5.45 5.44 5.46 5.52 5.48 5.39 81.97 1e-06 0.01 512 PreActResNet18
3.03 5.59 5.32 5.1 5.0 4.98 4.95 5.0 5.04 5.05 5.02 4.96 5.04 5.0 5.0 4.99 5.04 5.04 4.99 5.06 4.98 84.3 1e-06 0.01 256 PreActResNet18
3.03 5.98 5.28 5.34 5.3 5.33 5.31 5.28 5.3 5.33 5.3 5.34 5.32 5.33 5.33 5.38 5.33 5.35 5.34 5.29 5.33 81.94 1e-07 0.01 512 PreActResNet18
3.03 6.14 6.0 5.94 5.9 5.88 5.89 5.89 5.9 5.9 5.9 5.92 5.96 5.96 5.94 5.94 5.93 5.91 5.9 5.88 5.93 77.9 1e-05 0.01 1024 PreActResNet18
3.03 5.72 5.48 5.44 5.4 5.42 5.37 5.44 5.39 5.39 5.33 5.34 5.35 5.38 5.34 5.35 5.34 5.36 5.37 5.32 5.33 82.3 1e-05 0.01 512 PreActResNet18
3.03 6.65 6.17 6.07 6.05 6.07 6.05 6.07 6.03 6.1 6.07 6.08 6.08 6.09 6.09 6.04 6.06 6.07 6.07 6.03 6.07 78.05 1e-06 0.01 1024 PreActResNet18
3.03 6.35 6.17 6.11 6.03 6.01 6.06 6.08 6.08 6.07 6.06 6.13 6.08 6.08 6.07 6.09 6.05 6.12 6.1 6.09 6.06 77.89 1e-07 0.01 1024 PreActResNet18
3.03 7.23 7.82 7.96 7.82 7.78 7.85 7.88 7.99 8.07 7.97 8.08 7.94 7.93 7.97 8.07 7.98 8.03 8.1 8.09 8.04 73.15 1e-07 0.001 256 PreActResNet18
3.03 6.89 7.68 7.83 7.92 7.75 7.96 7.85 7.86 7.86 7.83 7.88 7.91 7.91 7.86 7.84 7.95 7.85 7.94 7.91 7.9 72.62 1e-05 0.001 256 PreActResNet18
3.03 6.85 7.55 7.68 7.73 7.47 7.67 7.62 7.69 7.73 7.76 7.57 7.65 7.71 7.6 7.62 7.75 7.82 7.68 7.72 7.69 72.58 1e-06 0.001 256 PreActResNet18
3.03 6.43 8.78 8.93 8.72 9.01 8.95 9.0 8.86 9.1 9.03 9.0 8.93 8.99 8.96 9.07 8.97 9.01 8.95 8.94 9.03 68.48 1e-05 0.001 512 PreActResNet18
3.03 6.64 9.02 8.97 9.2 9.15 9.26 9.25 8.99 9.15 9.08 9.07 9.04 9.11 9.13 9.09 9.13 9.2 9.22 9.22 9.18 68.25 1e-06 0.001 512 PreActResNet18
3.03 6.37 7.5 9.2 9.81 9.87 9.83 10.03 10.02 10.08 9.88 9.86 10.01 9.95 10.05 9.87 10.06 10.07 9.9 9.98 10.03 65.21 1e-05 0.001 1024 PreActResNet18
3.03 6.34 7.55 9.36 9.66 9.74 9.74 9.82 9.82 9.89 9.67 9.79 9.81 9.86 9.95 9.81 10.09 9.95 9.91 9.97 9.83 65.21 1e-06 0.001 1024 PreActResNet18
3.03 6.49 8.72 8.76 8.8 8.87 8.83 8.86 8.94 8.91 9.03 8.91 8.94 9.01 8.92 8.93 8.97 9.07 9.0 9.08 8.9 68.24 1e-07 0.001 512 PreActResNet18
3.03 6.2 7.55 9.47 9.65 9.89 9.94 9.93 9.81 9.89 9.81 9.85 9.8 9.92 9.85 9.89 9.98 9.87 9.83 9.96 9.87 64.94 1e-07 0.001 1024 PreActResNet18
1.8 3.86 5.62 8.19 1.66 1.11 1.11 3.24 1.07 1.27 1.23 1.48 1.97 5.24 6.07 6.05 6.38 6.05 6.15 6.43 6.33 35.04 1e-05 0.1 512 PreActResNet18
1.8 1.0 1.0 1.0 1.0 1.0 1.0 1.0 1.0 1.0 1.0 1.0 1.0 1.0 1.0 1.0 1.0 1.0 1.0 1.0 1.0 10.0 1e-07 0.1 256 PreActResNet18
1.8 6.58 6.69 7.69 8.0 7.59 7.34 7.34 7.31 7.37 7.49 7.32 7.46 7.28 7.37 7.55 7.32 7.32 7.38 7.3 7.33 69.25 1e-05 0.1 256 PreActResNet18
1.8 6.15 6.8 6.66 6.85 6.78 8.12 8.1 8.01 7.65 7.76 7.46 7.53 7.56 7.66 7.62 7.69 7.6 7.67 7.61 7.69 71.54 1e-06 0.1 256 PreActResNet18
1.8 5.09 5.77 5.55 5.6 5.51 5.47 5.48 5.51 5.48 5.42 5.47 5.44 5.49 5.43 5.42 5.45 5.47 5.44 5.42 5.42 84.08 1e-06 0.1 1024 PreActResNet18
1.8 1.0 1.0 1.0 1.0 1.0 1.0 1.0 1.0 1.0 1.0 1.0 1.0 1.0 1.0 1.0 1.0 1.0 1.0 1.0 1.0 10.0 1e-06 0.1 512 PreActResNet18
1.8 5.78 5.98 5.39 5.34 5.37 5.37 5.39 5.36 5.39 5.39 5.43 5.37 5.41 5.41 5.39 5.4 5.45 5.37 5.41 5.39 84.87 1e-05 0.1 1024 PreActResNet18
1.8 5.33 6.18 6.81 6.91 7.92 8.54 8.96 8.71 8.56 8.42 8.82 8.84 8.86 8.73 8.67 8.68 8.62 8.61 8.71 8.75 65.56 1e-07 0.1 512 PreActResNet18
1.8 5.61 5.78 5.51 5.53 5.53 5.47 5.61 5.53 5.53 5.52 5.48 5.5 5.51 5.5 5.52 5.54 5.49 5.51 5.53 5.52 84.05 1e-07 0.1 1024 PreActResNet18
1.8 6.02 5.53 5.46 5.49 5.49 5.43 5.46 5.47 5.48 5.46 5.5 5.44 5.5 5.44 5.46 5.49 5.47 5.49 5.46 5.54 82.01 1e-05 0.01 512 PreActResNet18
1.8 5.22 5.2 5.11 5.13 5.15 5.11 5.07 5.13 5.17 5.16 5.1 5.09 5.07 5.13 5.17 5.07 5.16 5.12 5.05 5.06 84.35 1e-05 0.01 256 PreActResNet18
1.8 5.19 5.02 4.99 5.0 4.92 4.97 4.95 4.98 4.98 4.99 4.98 4.98 4.98 4.94 4.93 4.98 4.97 4.99 4.96 5.01 84.26 1e-06 0.01 256 PreActResNet18
1.8 5.32 5.03 4.98 4.94 4.91 4.94 4.92 4.89 4.89 4.9 4.97 4.9 4.98 4.95 4.89 4.92 4.88 4.91 4.94 4.88 84.31 1e-07 0.01 256 PreActResNet18
1.8 5.97 5.44 5.42 5.43 5.48 5.42 5.48 5.45 5.41 5.4 5.43 5.34 5.38 5.37 5.42 5.33 5.4 5.37 5.38 5.39 81.75 1e-06 0.01 512 PreActResNet18
1.8 6.43 6.39 6.3 6.26 6.25 6.23 6.17 6.22 6.16 6.15 6.18 6.18 6.12 6.19 6.16 6.15 6.2 6.23 6.19 6.12 77.81 1e-05 0.01 1024 PreActResNet18
1.8 5.55 6.23 6.08 6.04 6.07 6.12 6.08 6.04 6.02 6.1 6.07 6.11 6.07 6.14 6.11 6.14 6.1 6.17 6.18 6.15 77.91 1e-07 0.01 1024 PreActResNet18
1.8 5.41 5.32 5.39 5.3 5.39 5.31 5.35 5.37 5.33 5.38 5.36 5.34 5.4 5.4 5.46 5.34 5.38 5.45 5.36 5.38 81.79 1e-07 0.01 512 PreActResNet18
1.8 6.79 6.09 6.1 6.05 6.07 6.03 6.09 6.08 6.03 6.05 6.07 5.99 6.05 6.03 6.03 6.04 6.04 5.97 6.0 5.98 78.53 1e-06 0.01 1024 PreActResNet18
1.8 6.84 7.67 7.49 7.44 7.45 7.42 7.42 7.56 7.49 7.5 7.46 7.44 7.56 7.52 7.6 7.48 7.62 7.55 7.63 7.48 73.66 1e-06 0.001 256 PreActResNet18
1.8 6.69 7.54 7.4 7.75 7.76 7.55 7.52 7.57 7.57 7.6 7.58 7.55 7.59 7.58 7.67 7.59 7.58 7.57 7.53 7.61 73.41 1e-07 0.001 256 PreActResNet18
1.8 7.13 7.49 7.57 7.65 7.56 7.64 7.46 7.49 7.43 7.42 7.42 7.48 7.64 7.57 7.57 7.46 7.49 7.5 7.48 7.56 73.79 1e-05 0.001 256 PreActResNet18