0.0 0.9520030524664058 0.9778852325586253 0.9401536495950853 0.957268642082061 0.9533476635917439 0.9715388697766316 0.9541225638005844 0.9442678855763971 0.9453371385597171 0.9101547506065395 0.9383953602294326 0.9314260812596755 0.9363772810796962 0.9409881207158898 0.9257934865289295 0.9357028073529909 0.93935448151193 0.9150658082748803 0.9459389595852385 0.9411567085692443 76.26 1e-05 0.1 256 MobileNet
0.0 0.9711308210843564 0.9080947831998961 0.9785971153004053 0.9845281529484011 0.9429267157660047 1.003274250103205 0.9787930601046964 0.9402099536803431 0.932036865453434 0.9413564602594028 0.9330382043118419 0.9596889531548948 0.9542227856259398 0.9459396813119818 0.948389549392512 0.9504585603222279 0.9507946902048792 0.9559743625064202 0.9450038154641963 0.9676539558248 75.83 1e-06 0.1 256 MobileNet
0.0 0.9194757668587756 0.9126215163596537 0.9378735594631035 0.8844097171622376 0.8704573879226117 0.9390781176690457 0.9064124315190776 0.8968952193890065 0.8924800686050979 0.9022837063916771 0.9342656283974315 0.9200992183370343 0.932363072804577 0.9280141293647067 0.9194882953630167 0.9208828423322221 0.9307607596119634 0.9232606333006157 0.9343795143147452 0.937591472428725 76.22 1e-07 0.1 256 MobileNet
0.0 0.9685943625393315 0.9760224749791707 0.9552304575466714 0.9422559276607734 0.9253772973743761 0.9198029655763501 0.9377649983576959 0.9280467437926302 0.9368896040782216 0.9351526716790025 0.9200955596488645 0.9234481673262634 0.9193829540044858 0.9308967231570001 0.9167743030037534 0.9165964351400825 0.9226069774799703 0.9257108824493605 0.9168473062338249 0.9295372270635393 73.68 1e-05 0.1 512 MobileNet
0.0 0.9135595357966372 0.9107235628777899 0.9608811121437977 0.8994103667405139 0.9576272913518402 1.0008524407198047 0.9409650823630119 0.9609133113900273 0.9533768127320349 0.9583377216160548 0.9594620748863407 0.9536515325528632 0.9693338692441001 0.9531433980258442 0.9566936735887605 0.9587891842555892 0.9520858470911426 0.962914032015064 0.9645933259373465 0.9687377750833477 73.48 1e-06 0.1 512 MobileNet
0.0 0.9300433731756966 0.9723405619265302 0.9710976760300192 1.008553767459978 1.040200268355402 0.9990139704021607 1.0014099038614754 0.9883066053486909 0.9728158848560023 0.9848725596980178 0.988529501079628 0.9703690135002584 0.9834714725099737 0.9742904872119172 0.9696176888820611 0.979122155939584 0.9658300851942161 0.9661468884708713 0.985472450294662 0.9843204675951728 71.11 1e-07 0.1 512 MobileNet
0.0 1.0602571213621947 1.0528196374651784 1.0665595487118835 1.0423449173962769 1.0392049198020854 1.0395979382482177 1.0402432265714947 1.0446085655821757 1.0444201400751938 1.0450588685118276 1.0393004026252153 1.040257464464341 1.045953601136731 1.0448955133842708 1.044685245028566 1.0421422777955014 1.0430747812721406 1.0302987646111277 1.0441758202137184 1.0449502306584133 70.16 1e-05 0.1 1024 MobileNet
0.0 1.0798331009153888 1.06475750207563 1.0711382970696686 1.037411822707451 1.0031634645143477 0.9952228305830911 0.9891718655086577 0.9917085368756363 0.9815760730694177 0.9885126415276188 0.9830886672482968 0.9802848780928017 0.9933032188099215 0.9954887883607202 0.9893383515852535 0.9848989506815939 0.989628605028173 0.9891251790300026 0.9753445649552117 0.9843717202562446 67.88 1e-06 0.1 1024 MobileNet
0.0 1.0590309393448063 1.0471750440868857 1.0279888045332424 1.0349755495777773 1.0173360385668397 1.0222692374251758 1.0307524371477224 1.0264753612867157 1.0280604422748543 1.021476494926739 1.0313530207604773 1.0207400939176883 1.0390773486482037 1.0363921899281852 1.0280318511070203 1.0297395493834995 1.037797820551235 1.0325245112896884 1.025427496867695 1.0315436823621509 68.93 1e-07 0.1 1024 MobileNet
0.0 1.0963606316255674 1.1337863417640717 1.1643503505995936 1.0890255739276837 1.0708033731660032 1.1167512241215547 1.1013149673250693 1.0722138187760433 1.064840600233849 1.1125876584841679 1.08442120405646 1.1125312343128737 1.0811540130277029 1.072917656713006 1.069375618820378 1.0687436112031432 1.0915672400895333 1.0845215317950219 1.0816481943095717 1.093461363222465 66.11 1e-05 0.01 256 MobileNet
0.0 1.1148399171853762 1.0576027323338655 1.0768179699422706 1.1049736466518245 1.121398575365247 1.11287046658593 1.0958434024240982 1.0883634386948284 1.0850184443408575 1.117497601892547 1.0823013135214727 1.104762869786592 1.083541953013839 1.0754804848668622 1.0919039998034519 1.0928813693398853 1.0867331470482073 1.1046725331147016 1.1028001102767253 1.1019986590289512 69.24 1e-06 0.01 256 MobileNet
0.0 1.16046533454305 1.1078977034967148 1.0808021201607545 1.1070933460540153 1.118534425304781 1.1451631075258868 1.1485894899521703 1.1534487798768351 1.1601672368462133 1.1448737463734882 1.163981191197756 1.1662422597483968 1.1703280283402102 1.1660752739286873 1.1853197761912484 1.1577069669156659 1.1869319056156808 1.1586634195644465 1.1716420488033077 1.1927863600691941 67.9 1e-07 0.01 256 MobileNet
0.0 1.3436235496991864 1.3527433418645194 1.293133095151638 1.2816974332236655 1.270432793833993 1.2930485528961642 1.278401913212772 1.2785278549613712 1.28873705269828 1.2833873622190521 1.2961938203940975 1.2779988059285927 1.2925621048798472 1.280644457284094 1.2846182022767996 1.294363453687278 1.2913578768701104 1.285138384764091 1.2833328892735545 1.2912775369299596 63.11 1e-05 0.01 512 MobileNet
0.0 1.2986869308626592 1.2890085429602658 1.2177296617194644 1.211120498702095 1.167006957686304 1.1765492519961915 1.188657327826707 1.2074165854108414 1.208246266704694 1.1879452396717425 1.1831976848154222 1.1775803607116484 1.1911525009826147 1.1881539654986402 1.1631291821409595 1.1831868305290762 1.1684114840588977 1.1916940632277555 1.175007830292816 1.1777046164853209 65.45 1e-06 0.01 512 MobileNet
0.0 1.27071055037763 1.2896130340037153 1.2715228370668223 1.1929211009686156 1.1640130633670076 1.162869981866613 1.1550655333811877 1.1701939314151268 1.1894954897006935 1.168026845531815 1.1554154815221682 1.1633118455756166 1.1985283730160783 1.1801469348772704 1.1700756062151627 1.1823115950072696 1.1723375634334945 1.1839872069319528 1.1823889428798353 1.16559734920307 64.35 1e-07 0.01 512 MobileNet
0.0 1.5303143711903047 1.4355233165371102 1.4480898203206811 1.454066109332563 1.4621082631026936 1.4817347599105561 1.4552024557745977 1.4562449325169615 1.4622563229460661 1.4619784336068 1.466536866145727 1.451152251853199 1.4472195287255514 1.4608210442561518 1.4697889857679471 1.4554788485870824 1.464520207544079 1.4711598598263902 1.4669468534980639 1.476450427204921 59.29 1e-05 0.01 1024 MobileNet
0.0 1.4406738518555673 1.4776903953993799 1.4582305924397279 1.431037440296141 1.4152689818032411 1.4259273909455106 1.4064167973354957 1.4071407409090617 1.4204497271041674 1.4140241717203832 1.4088681064036854 1.4078791591218573 1.4122034259566323 1.4133800395292808 1.4105305930080223 1.405357860211742 1.4170298234057193 1.426805578778045 1.416895271371026 1.4109248632948188 60.29 1e-06 0.01 1024 MobileNet
0.0 1.388535298683899 1.4383771145365671 1.4086420604058472 1.361547973838225 1.3797409529770461 1.359460130549484 1.353106503668877 1.3686004327808545 1.3686183368733182 1.3706902293324197 1.3699487869102298 1.3627120696247303 1.371585871437642 1.3645444403014197 1.3599641101243265 1.3674889041168925 1.3586297694550447 1.3686065856082308 1.366735632251145 1.36162204087052 60.25 1e-07 0.01 1024 MobileNet
0.0 1.642930287230122 1.5618285028974304 1.6011917153916488 1.587996416361598 1.538042044795542 1.553618726654548 1.4947032549913808 1.538278134535276 1.5349442010003056 1.5194399933080198 1.5349610029039753 1.5367029625905892 1.546515237586761 1.5523538704757376 1.529651610044909 1.5432908885926941 1.5405768325512474 1.5424615242664992 1.5119975087123283 1.542962157206611 57.61 1e-05 0.001 256 MobileNet
0.0 1.650279782373754 1.6364032871759404 1.7564913567054312 1.65340937807556 1.591850912798121 1.5516058205508525 1.5409968482740757 1.6034853327061374 1.600626451220529 1.5601878926734887 1.5614250491303365 1.5904167209991118 1.5872762718552205 1.5623680644089446 1.5774973293595218 1.5767440297102977 1.5812290516795946 1.5902471544759178 1.5628195350390055 1.583212099925375 56.65 1e-06 0.001 256 MobileNet
0.0 1.6183833119016335 1.6226761545194786 1.661373662376968 1.6468077609995626 1.569123642601248 1.6124004643538954 1.602756384168252 1.6034057748646697 1.5743851019252917 1.580620931798564 1.5922520401172695 1.575751989975302 1.6346452924574455 1.6025397489500626 1.5907537284147375 1.590320730147473 1.5754424777914198 1.5748423839467625 1.5683610388458717 1.603187761980156 57.51 1e-07 0.001 256 MobileNet
0.0 2.1475811058311187 1.6339508220531882 1.8368804300636343 2.081209143536202 2.0329488574212586 1.9777293885454563 1.9774385518239765 2.004197401301941 1.9957482371084583 1.950323462547762 1.9472226239689778 1.9459176534533853 1.9631919072427657 1.9792661084669327 1.9638990741607991 1.9676178864803502 1.9506054370721466 1.9662640907206212 1.9533220779807967 1.9514962531047708 50.72 1e-05 0.001 512 MobileNet
0.0 1.9338289489495621 1.74195410261991 1.8087696865707847 1.8923813991032774 1.9551184117105376 1.8778140005200015 1.8829159695199695 1.8960322658577078 1.9204942355818744 1.8854158458445573 1.8523965939739833 1.8665120161381124 1.8715519919970824 1.8715666112293976 1.8656678551757793 1.8484390963753554 1.8708808741561413 1.8507048022931725 1.8783269728299339 1.8675148284467673 49.72 1e-06 0.001 512 MobileNet
0.0 1.9781199444263953 1.6805767989292255 1.9031872750594423 2.0647363810050896 1.9565777676645535 1.8812527437079571 1.8921432181434001 1.9068899510345136 1.9216695893921736 1.8721724796175883 1.8764639955750642 1.8613477985152367 1.8880574378609278 1.911626184304736 1.8890295136491675 1.8901317816089536 1.9040573845735422 1.9091371081829973 1.9008149762093303 1.9045827200660599 50.24 1e-07 0.001 512 MobileNet
0.0 2.6223932513628454 1.9727937291995128 1.9898467644998883 2.0943633882719483 2.3102783472211676 2.401658975720984 2.408483472119165 2.407556934317114 2.395767927620959 2.397578361620296 2.355623154118504 2.3643323616195158 2.383030858206557 2.391904694785895 2.3790393916006276 2.373909349521162 2.383786927869339 2.3500508824848176 2.3812011433670883 2.3622105565844533 42.14 1e-05 0.001 1024 MobileNet
0.0 2.521766492207984 2.062688076790179 1.9593749459062215 2.031858399056205 2.255659495579327 2.3206618337407887 2.3668504744752035 2.340495702840299 2.346708361230902 2.33311437665476 2.3079595641587596 2.34458628146321 2.3231950467576947 2.362389888103126 2.3328253353253774 2.346979768821205 2.32768157207093 2.3144270673034453 2.345563562199506 2.345013364501015 45.11 1e-06 0.001 1024 MobileNet
0.0 2.567465861552537 2.0765777585367515 1.9793699395410007 2.1017426241443515 2.2386422724652335 2.360318373061845 2.3289505522374885 2.35353542174396 2.3363007911543376 2.3085334182900725 2.332896180367023 2.3176344158861117 2.3225972157942185 2.3195729161670977 2.299361725277486 2.312341433583128 2.3305507253559794 2.320089729313265 2.3346579224030144 2.3262283026395103 43.35 1e-07 0.001 1024 MobileNet
0.0 0.9728354457313797 0.9687557967251856 0.9676481698021892 0.9767603661834862 0.9299964614943046 0.9318437020282826 0.9113996558176093 0.9566504743584092 0.9438454099468698 0.9587806549798376 0.9317943127562376 0.9328417134005592 0.9463626630756893 0.9298018842996499 0.9441175647248707 0.9349314960687383 0.9516153409699618 0.9574537684709192 0.9438282183816118 0.9282970797076107 77.13 1e-05 0.1 256 MobileNet
0.0 0.9221139918561875 0.9043975145286626 0.9732216118389541 0.9343314534222315 0.9392548494260154 0.8929642089074757 0.9054206968578349 0.8963724150947666 0.9347406095330985 0.9677888050474182 0.9831391631147132 0.9784337994110097 0.9742241249020619 0.9709486584811947 0.9628054143876719 0.947325001608323 0.9750988876829322 0.9583232613248961 0.9588364029669759 0.9454814120014268 77.94 1e-06 0.1 256 MobileNet
0.0 0.8669717526590446 0.9541575947500518 0.9378581293883247 0.9450704564203599 0.9421750549997685 0.9454043526826298 0.964796684661365 0.9502391896924994 0.9814457940426534 0.9582919740270601 0.9646835064814044 0.9694012251508549 0.9690788694723638 0.9463747487596622 0.9547954919430326 0.9728459223920467 0.9426095150100108 0.954216679958607 0.9482189698857799 0.9579197060163618 76.08 1e-07 0.1 256 MobileNet
0.0 1.0607049289691028 1.0384372023695958 1.0539538175257903 0.9741758636101082 1.0208903099492885 1.020731849125207 1.0151846075385051 0.978865747252567 1.004700814079163 1.0023348669317915 1.0030095479141705 0.998392600039201 1.0058533525040492 0.9962240640400293 0.9861759028264513 0.9970784000869191 0.9924905160887891 0.9994618369641447 0.9985483939881499 1.0037456359005987 72.91 1e-05 0.1 512 MobileNet
0.0 1.0568102986569547 1.0069090156157792 1.0329550311108493 1.0123592561555899 1.0265386379317054 1.0214445900579985 1.030885970305674 1.021510164269351 1.011875313778075 1.0311789657830464 1.0432796828849624 1.0533402930489784 1.0344792793404465 1.0399843844363281 1.0432166017332682 1.0491751814465595 1.0193876058179594 1.0435505995678345 1.0342025193237725 1.0404612761660335 72.87 1e-06 0.1 512 MobileNet
0.0 1.0050242071211428 1.004259874583905 1.0220964554843603 1.010873997156084 1.0165003696649182 0.997947011582967 1.0144941511008927 1.0103925158730704 1.0040435740971172 1.0157487632186037 0.9877817974159662 0.9949015491366346 1.0016843062413998 0.9944875717373008 0.9884032983028826 0.9982235342902679 0.9838845705799676 0.9992653232755679 0.9892019171785779 0.9886007329493925 72.25 1e-07 0.1 512 MobileNet
0.0 1.1586086395816668 1.0222369370198374 1.114851085780574 1.03643484855802 1.111635003997576 1.1033167835029498 1.1089698522940656 1.1018085935170088 1.1081550561214442 1.1001542225723897 1.0920253966416218 1.0985087361970076 1.1039826136634288 1.0995747787727885 1.104293261678113 1.0989327548464245 1.0981648170326337 1.1145198637181308 1.1044466678066154 1.0974018555383056 68.96 1e-05 0.1 1024 MobileNet
0.0 1.1234644580813338 1.1281879381900561 1.036455984170945 1.1255980909818855 1.1166681578537943 1.1174209989836783 1.104837642485134 1.1142075869142412 1.128440549992908 1.118160307714515 1.123568098357716 1.1275564758948837 1.1210327978131156 1.1150820638712085 1.115979516678125 1.1188637561801327 1.12214228112289 1.1094103539675282 1.121258325475113 1.1242718390319033 68.2 1e-06 0.1 1024 MobileNet
0.0 1.1050810743660568 1.0818925685788237 1.1405101197953313 1.0940527976114707 1.0433745729609865 1.0317938662201107 1.0345025234781884 1.0308373624151381 1.0238794787197765 1.0447643557917252 1.0288532353334268 1.0427004071058774 1.0388385073746962 1.019810236445239 1.0274927791501756 1.0315504102117536 1.023615308723644 1.0362359556827152 1.0333075404796679 1.0398558364294417 68.88 1e-07 0.1 1024 MobileNet
0.0 1.1323722386239654 1.142739208734157 1.1886025197051218 1.1506815187723876 1.0649325595274213 1.1297215476967777 1.1414717032721102 1.137887093550533 1.1371027851274638 1.1085375582941213 1.1130469347310916 1.1116523854032165 1.1115361567718451 1.1070882520245737 1.103034607799103 1.1006477145384026 1.1000524977083763 1.0855209246531496 1.095503797979218 1.1318272885359986 67.45 1e-05 0.01 256 MobileNet
0.0 1.1455587001544172 1.1595128684295692 1.0720036013000995 1.1310675853927687 1.0887368001869882 1.0898681331370021 1.1275525542687503 1.1325730197120858 1.145091922066765 1.1432274180745652 1.1407868968475683 1.134926738564757 1.1445081322680781 1.1295291740511748 1.138022489596089 1.1579818796442531 1.1396992708542737 1.1407736599334553 1.1345084704423556 1.136011691694859 68.34 1e-06 0.01 256 MobileNet
0.0 1.1951759234203772 1.1400279403000704 1.1870321582215615 1.0925306475261203 1.053259357013185 1.0599323086617236 1.0352058431359057 1.0667531099073948 1.0488801330865498 1.0864109745296717 1.0723907242186135 1.0742440033262148 1.0689011616197037 1.0611277757142183 1.0800080316303957 1.0480805655571919 1.0790593256436045 1.0593083911540178 1.0630431187862528 1.054050695452872 68.16 1e-07 0.01 256 MobileNet
0.0 1.2928785764223998 1.183832525428988 1.2264432817459596 1.2552063842343724 1.1732109356310378 1.1708191723095303 1.193384107180405 1.1828455616062903 1.1868410291850002 1.1812903027448514 1.1812663786437292 1.1950065407386776 1.1869342901900937 1.185783677197063 1.1830754617913322 1.1853251091277768 1.1821348494293207 1.1722722868426922 1.204613796993065 1.1901548167390283 64.82 1e-05 0.01 512 MobileNet
0.0 1.3992250562659987 1.341778669782287 1.2523705215914225 1.259709078657806 1.290106762429364 1.3014426880467864 1.2894635491894102 1.2950486717844623 1.3271572055273158 1.2933413781856566 1.296612983884639 1.2943134571877428 1.2986285180204833 1.2918626749392967 1.2799818458796446 1.284784198475772 1.2965582537053002 1.309470916745321 1.315311827574013 1.3127039217633811 63.1 1e-06 0.01 512 MobileNet
0.0 1.2805365196320009 1.2633531966898113 1.3004561135987753 1.257173027513568 1.2572773555096122 1.2817941623625773 1.2759586401555427 1.2570309430952271 1.2791544195846043 1.2793068125778744 1.2669423695761588 1.2716179098808809 1.273524113181918 1.2624650480107282 1.2815622698260147 1.2659361612465463 1.2651854934690518 1.2780525697674499 1.2582365252360588 1.273679362740026 63.17 1e-07 0.01 512 MobileNet
0.0 1.5292105924682864 1.4405472222572089 1.4303347908514359 1.4233889943481595 1.3980285379614616 1.4050718626531502 1.4071227552552843 1.4054525849218344 1.3995872329113872 1.4007757749858252 1.3890065959596973 1.4044973129129406 1.400603190776958 1.3924961944812373 1.400556364239889 1.4061367976336583 1.3955331184029924 1.3924801437669698 1.3891688525619557 1.4092769139275125 60.2 1e-05 0.01 1024 MobileNet
0.0 1.549120605590947 1.4947650372895351 1.4523364007734176 1.410146275412354 1.4138710100193554 1.4091324504832161 1.4121954061107738 1.4041117366297642 1.4167319623017207 1.4176021567490351 1.4319620137197833 1.429476399670268 1.433182132729778 1.4205199113112104 1.4134736828370769 1.4261169980385424 1.423565929285922 1.4288282882620913 1.417329666323674 1.4263087532996515 60.47 1e-06 0.01 1024 MobileNet
0.0 1.4638444173832303 1.4813404390328133 1.4693142732844746 1.4418206929076083 1.4311105148128687 1.4289347975235906 1.4300625019440096 1.4240183348509847 1.44121390732654 1.4401618181820115 1.4238265937630536 1.4301854022353633 1.4302346785994913 1.4350879080008505 1.4243775769146554 1.429497447662592 1.4245810359244053 1.4290185028166544 1.4355830033145913 1.4312509664863686 61.54 1e-07 0.01 1024 MobileNet
0.0 1.7355036720558519 1.760164859517082 1.7763445007150245 1.6459419033617941 1.6689035341570593 1.7185018581631821 1.6997467327229348 1.7076987735830003 1.676784449355838 1.6861639722657664 1.6882478565371226 1.6956683273467517 1.6657066429388758 1.7200376127451802 1.7150782827928606 1.6933252761763313 1.681997491631082 1.705876526422704 1.7134335430076952 1.704357524895455 57.88 1e-05 0.001 256 MobileNet
0.0 1.6451769219517598 1.724498963267548 1.7732205590869672 1.6762164295282753 1.647407681271555 1.663392109909013 1.6974279094908633 1.6379810829212897 1.6164182119202986 1.6639288564664552 1.665413291398183 1.6623922670421734 1.648229892064675 1.6539613418370518 1.6945778303509746 1.6571673983832411 1.644385322819244 1.6518230786199986 1.6457555609513892 1.6486701479129642 57.46 1e-06 0.001 256 MobileNet
0.0 1.7749603360460395 1.7734401945472718 1.7775079154000424 1.7939775837477006 1.6930751576377636 1.763586684273632 1.714928368842427 1.6909205756504009 1.6766305301562179 1.6852589372999285 1.672672890074553 1.6766533755862616 1.677693048616611 1.6810095317482023 1.6936884528828842 1.687960220175993 1.6528454754276054 1.6829444007308247 1.678362918829786 1.6844014243452121 57.15 1e-07 0.001 256 MobileNet
0.0 2.0658975775121116 1.716709220643399 1.9401506911848472 2.0192748166149284 1.965647672317446 1.964402114773153 1.9502821405476218 1.8905005648229305 1.88716108432182 1.8746693278077884 1.8780774591987843 1.8949650068708317 1.8805631219875767 1.8779874479421246 1.8959159193060608 1.8851799370236093 1.8713815254523718 1.884730480086099 1.8728116196981197 1.8734181570717343 51.83 1e-05 0.001 512 MobileNet
0.0 2.1881012954700307 1.8140259201618056 1.9433601199379555 2.0146134883620768 1.9216479240609876 1.9542486274996507 1.9610950703871577 1.8981845007102895 1.9030764874227528 1.885731859796108 1.8899076951771925 1.8934535264277772 1.907771826638654 1.9008652839169735 1.9324858754463008 1.904179369815123 1.8901437196288071 1.8875512500585732 1.8916202720254531 1.9184286701488973 51.89 1e-06 0.001 512 MobileNet
0.0 2.0799167234916034 1.8052337477394547 1.98256089974163 2.1091830120273185 2.01255221827364 2.077424909189283 2.0639222575474867 2.0398426563835286 1.9894853188030823 1.9971862550826414 2.065977231901671 2.029946778664855 2.03031862077276 1.9892028091775313 1.9866749953654312 1.99110743857318 2.0416685476142753 2.0111848420508833 2.0157823853432957 1.9986984081726116 51.63 1e-07 0.001 512 MobileNet
0.0 2.547732869428535 2.173065722272475 2.144495023779709 2.274288822565933 2.4701558270426887 2.5357876737472367 2.4733264054064716 2.484918650640731 2.5086123418939685 2.5157871291765916 2.48661427452719 2.534490909847825 2.5238470784722944 2.515610838518584 2.512271515776385 2.51438033945431 2.5217633682885205 2.52081500760033 2.5263768429788054 2.5048587073185202 45.12 1e-05 0.001 1024 MobileNet
0.0 2.5963274675816406 2.105416196457503 1.9989339526971543 2.1401907251140098 2.2664804627462716 2.3305510236477076 2.347781056271509 2.3385843300384987 2.3243299498081926 2.3375826492614804 2.2874917686985183 2.285535450707418 2.293662943724087 2.2801721859230724 2.276230047842121 2.3030164751361344 2.2903273029741196 2.294813107443428 2.285230559083976 2.2814783714520837 44.61 1e-06 0.001 1024 MobileNet
0.0 2.6988475565840635 2.255033229075459 1.9764673876562318 2.1419682783131244 2.315760659231567 2.4325852809301427 2.4362002160904295 2.430283632497942 2.4184277590974337 2.4399892002383687 2.38998843277283 2.36292373379881 2.3949950943510667 2.4034101371105883 2.385121711737908 2.395745097480033 2.4109503006110513 2.398330699363791 2.399935828501482 2.4020369390884806 46.01 1e-07 0.001 1024 MobileNet
0.0 0.9227352399725387 0.9779791079232467 0.9309935384752215 0.9020357508881304 0.9461433397566439 0.9272207028793289 0.9372625445240677 0.9441616537634182 0.9394849615208866 0.9372661386697755 0.8987067353452085 0.91397913676809 0.9247405927153234 0.9209563727748217 0.9181685883035392 0.9210090621115397 0.9239359072802096 0.9271155880153998 0.9272270358035593 0.9294750044393493 76.35 1e-05 0.1 256 MobileNet
0.0 0.9571206945643503 0.9678305959980059 0.9420050238012097 0.9480477724976807 0.9234151672024933 0.9309725333467117 0.9219200706849755 0.9285216220535407 0.9264115475253992 0.9200615921827137 0.9371666015745654 0.9502221441564519 0.9371234960242493 0.933650028962282 0.936322321754588 0.9285938781098063 0.9256385998989665 0.9477950307510035 0.9436659439418574 0.9479025683111832 75.37 1e-06 0.1 256 MobileNet
0.0 0.8842105950241641 0.8715390722152037 0.93181916797854 0.8826654953014564 0.8880439715778281 0.9249880331014717 0.9562318001908853 0.9182121853549198 0.9626577445373187 0.9879868879765995 0.9787902724377803 0.9511130465363451 0.9528728146560198 0.9415272281813084 0.940997820214224 0.9341704168734383 0.9412378866981618 0.9519550349851207 0.9470344596405121 0.9422927482085817 76.13 1e-07 0.1 256 MobileNet
0.0 0.9176404766863036 0.9823609181721067 0.9740780564416638 0.9833622892245579 0.9767762953222859 0.9852643713639283 0.9717395404479773 0.9696607300992025 0.9699194158653858 0.969449505419201 0.9701439801844294 0.9680464109024264 0.9624080686053543 0.9603235666471313 0.9547005585919629 0.9569755812688285 0.9633576022125295 0.9687277852447636 0.9619633811833116 0.9684424425691621 73.02 1e-05 0.1 512 MobileNet
0.0 1.014925895233261 0.9831646291659477 1.0037345922411962 0.9432290326322444 1.035531011985401 0.9723247038633537 0.9862531061813519 0.9787949614880489 0.979612850011535 0.9740619113187912 0.9706969740031954 0.9933866281992255 0.9830906820876266 0.9807142879456385 0.971934838069836 0.9861534415499094 0.9752286439949152 0.9867749170131854 0.9822597051966528 0.9718244644961037 70.82 1e-06 0.1 512 MobileNet
0.0 1.035678112237936 1.0009548386369744 0.9734961195024764 0.9672097596874161 0.9897875901759658 0.9991097126186375 0.9970557995939144 1.0035663895625726 1.0012681363211755 0.9982857182031235 0.9950723974459805 0.9984680333557087 0.9893988454162056 0.9833159059890855 0.9874131994932295 1.002160357680808 0.9939127562673444 0.9883996354341533 0.988874632132114 0.9798874028066816 73.21 1e-07 0.1 512 MobileNet
0.0 1.1740666246932756 1.1451148924682972 1.1453827713188778 1.162586602713409 1.0698431386288716 1.0629513037446112 1.0779891443284044 1.0630640711482677 1.0761532255564545 1.0669316349008993 1.0584116580392815 1.0691361119623848 1.0699028931839865 1.0702541422817116 1.070607746400777 1.0674872358138792 1.0638388718761007 1.0631696372161858 1.0722387680070322 1.0796507188008149 66.3 1e-05 0.1 1024 MobileNet
0.0 1.1185392814836121 1.0587286289130822 1.0981794587957525 1.0774342430159904 1.0818726118691737 1.0808912742399235 1.0867905350671632 1.0822261757079086 1.0896502724654262 1.075079090055216 1.0878938675770293 1.0873068648682183 1.0678379892244587 1.086972602327749 1.092791132993256 1.0898794191965384 1.0796393300900682 1.0871563366864365 1.0879790839343406 1.0793391686425629 67.84 1e-06 0.1 1024 MobileNet
0.0 1.1425622417955197 1.1040343398725687 1.071655808401111 1.0696288266358165 1.0551658298272066 1.0676733881972442 1.0522541991700824 1.0507951690339268 1.0584137453381102 1.0649067046667613 1.0641592537760596 1.0566381211778113 1.060111699439841 1.0539450779309758 1.0478737069934558 1.060769714185125 1.0535446354221891 1.0605451576564895 1.0619133126694316 1.0542406669215794 68.77 1e-07 0.1 1024 MobileNet
0.0 1.1661264244910239 1.068742964790094 1.0706286977908173 1.0972119978303916 1.0584828450772132 1.0987873793043732 1.059206518578352 1.0709175668662567 1.0373618462319727 1.0623767371684498 1.07433028979221 1.0604758766389548 1.0506280950819005 1.0791083707735765 1.070244613451947 1.0690665047976227 1.077574967458723 1.0757395521515196 1.0711832279497902 1.0932144095200755 68.38 1e-05 0.01 256 MobileNet
0.0 1.1975053040404184 1.0750980188410073 1.1241054568960778 1.194202381508515 1.1337897537764632 1.1537301873269987 1.1241429436109573 1.1171857677450716 1.122906832435323 1.170970330828578 1.1385568983341847 1.1412388846383985 1.1694218431949273 1.166832639443616 1.1549165839171456 1.1534829285012191 1.1718011300799027 1.1661278503755899 1.1600420735223218 1.155129132619671 67.22 1e-06 0.01 256 MobileNet
0.0 1.1658851290402221 1.1222175102769467 1.1741384012551677 1.1063448207770537 1.104334453046513 1.1311154623250939 1.1207006943692823 1.0833320264977357 1.0832149912557223 1.08301082830038 1.0959333922411223 1.0903272179317764 1.0912403922205753 1.09204442382878 1.1003634130606286 1.1057089032740455 1.11773929447077 1.1004376399058864 1.0957998101493347 1.0850817405400621 68.51 1e-07 0.01 256 MobileNet
0.0 1.2309826727246809 1.263644849288063 1.2965996638734603 1.21914348587853 1.2134489159087734 1.208796238494739 1.1998378508805527 1.2118159207023254 1.2129662525368832 1.205643108384333 1.2156240896840038 1.204974747524634 1.203640267779781 1.1946099481538546 1.2086484172377767 1.191513864576462 1.2044699943039985 1.1825501961785216 1.2109305366866527 1.2041592420669884 65.18 1e-05 0.01 512 MobileNet
0.0 1.2876749156791822 1.257473728120706 1.290904991751998 1.3001685796064668 1.2746962502870713 1.2721304019736794 1.2902129680697367 1.2785603093568205 1.2785602561668126 1.2937510815854976 1.3004447453640355 1.29848039280419 1.2990576262745004 1.3126962367531172 1.3165278671922471 1.293798401164275 1.293335056017632 1.2995311579733042 1.292245084725919 1.292611179050342 63.06 1e-06 0.01 512 MobileNet
0.0 1.2372760651231902 1.3321096058347062 1.188105215274393 1.27033003618427 1.2970507897757906 1.3105056924760061 1.282765024956634 1.288034575979921 1.2930728965753011 1.2932446139743512 1.2877758741168617 1.2960159147857677 1.2849774845674822 1.2819745357057228 1.264713816363998 1.2735455958546218 1.2860470326337452 1.2854135282369046 1.278431739555911 1.287847848019903 63.44 1e-07 0.01 512 MobileNet
0.0 1.5927521708638406 1.4818073478800347 1.5189547164957915 1.5640323590464829 1.5767774503006862 1.5634306866689907 1.541128371106194 1.5491590305260887 1.564838800833381 1.5468738224899212 1.5357596548655985 1.5387518475552178 1.5293641913001617 1.533579788132383 1.552251269910813 1.5376254068530928 1.5484042778591678 1.5352162720340312 1.5552445897650806 1.535630378396738 57.33 1e-05 0.01 1024 MobileNet
0.0 1.5034841696051393 1.4620220804197113 1.453802833802722 1.461163832355164 1.4699326240577373 1.4564993246256928 1.4766010995265404 1.4837253996420512 1.4789110983160436 1.4631053534381713 1.4604919492952106 1.4697805150783918 1.4621789044510272 1.4657551136909561 1.4812351921719595 1.4629839001016276 1.466850012853513 1.466127301078326 1.4649265783508036 1.450983852222439 59.77 1e-06 0.01 1024 MobileNet
0.0 1.5124707227890617 1.4949967670026763 1.3694481680921775 1.3610580592353572 1.343392809367075 1.373954990536977 1.3546111713429099 1.3488526785056474 1.3678847356086248 1.3686633786724673 1.3612471534925885 1.3645641033992997 1.357920619357005 1.364164466541833 1.3766644159747512 1.3715749534600534 1.3876547615150328 1.3712425919331657 1.3752525480551467 1.3760271750365605 60.36 1e-07 0.01 1024 MobileNet
0.0 1.6915181751150046 1.694615481479698 1.7502782000734893 1.6877973658888115 1.6517641886676535 1.6163760400220053 1.6299915255472188 1.6183894420885299 1.6080702739340293 1.6084884267428534 1.626313958140731 1.5955658123146526 1.6206684052599716 1.6058690832974503 1.5954983960899727 1.5708743209966087 1.604394360211571 1.5994811051566749 1.5997916508591945 1.5978438504571275 57.88 1e-05 0.001 256 MobileNet
0.0 1.6813516006703801 1.562402989265487 1.6216099708762146 1.5480241949868951 1.5289966681277145 1.5221225757775694 1.5401971265173544 1.5581174029514469 1.5204746044228328 1.5554443383522143 1.5674046169028801 1.5224093589805354 1.5299725094299106 1.5118494039959691 1.5246748864019204 1.5300067830503792 1.5298856369281046 1.5283406637760881 1.5405333291814995 1.5293805380588474 58.96 1e-06 0.001 256 MobileNet
0.0 1.6134995978033972 1.6416934476533904 1.7215086840439588 1.635264161248104 1.5694247406746182 1.5773426081092166 1.5816963839684368 1.5973156041576053 1.5771781749476514 1.5602872888194605 1.5673670078003743 1.5559330803372753 1.5662514700268915 1.561470042929131 1.561450389140912 1.5538602084979969 1.5494156885998494 1.5791280676166755 1.5796374308895949 1.5624775114982776 57.35 1e-07 0.001 256 MobileNet
0.0 2.1237899672613376 1.810226237936001 1.9414528792157157 1.992662243037115 2.0089333288780735 1.9578770682243842 1.9485302787807612 1.9485649892022434 1.9826746900096637 1.9669145308982274 1.9489970720403995 1.921388926900791 1.9584478636967253 1.9458558384464495 1.9476475753678735 1.9532005689040524 1.9423111582929824 1.9053373960287125 1.9155004860257256 1.9237941317656981 51.65 1e-05 0.001 512 MobileNet
0.0 2.1152156744294492 1.647478425789214 1.7926772157891937 1.9161343786401306 1.9842977203808883 1.9521517839730753 1.9081876948870578 1.8811341887146873 1.8998478621894335 1.9047503029170947 1.8659433799663743 1.8833313678376473 1.9061085191441003 1.8948066740853713 1.8925381633157345 1.9016497008542559 1.911941461263462 1.8797401637595312 1.8798274838659763 1.9189060974069383 52.47 1e-06 0.001 512 MobileNet
0.0 2.213079704968495 1.847984173552191 1.8505966711689121 2.0057117420895643 2.0299601888170473 1.9896802182368634 1.9557029637435508 1.9956928201728235 1.9869758860112718 1.9732436047516648 1.9625993123034218 1.955156628818097 1.9820452634550705 1.9716895121908322 1.9633822185569036 1.9838610703676236 1.9898192133675559 1.9679177654391038 1.9822626363998601 1.9735608765649 51.63 1e-07 0.001 512 MobileNet
0.0 2.7026106367775964 2.116775694212091 1.9925739902033461 2.048678708205176 2.2497146473833673 2.317167896538885 2.297758378128879 2.303201375135234 2.264104613853027 2.2821232527892863 2.266123592174803 2.2573961815160066 2.2583999776529624 2.297152524053557 2.28455662343086 2.2861583022214145 2.2779889931239503 2.2725434767680976 2.289074996408206 2.260452726894646 43.76 1e-05 0.001 1024 MobileNet
0.0 2.719340589690183 2.0438476163596615 1.9458994463450736 2.0150165983527195 2.2404656642264116 2.296470744735798 2.3022313986541407 2.331024201446711 2.2953365577206157 2.249379092039668 2.2406886238027734 2.2893859456508325 2.280785635294478 2.2622419043144446 2.2638346067845814 2.268575695307954 2.287389724628161 2.2482567125335104 2.2578007814913614 2.2558214781439183 45.69 1e-06 0.001 1024 MobileNet
0.0 2.599781894322672 2.126409457097615 2.0048220863216404 2.165415155166704 2.315049551512381 2.3668399748713433 2.3608683253453586 2.373667430063079 2.3471588061071453 2.3498721763938533 2.3385208474370556 2.3430556446570527 2.29900739441046 2.3481964522090637 2.3336965503099036 2.3318309514379485 2.3466435416363067 2.3122206551701865 2.330354182247475 2.3476405785536154 44.54 1e-07 0.001 1024 MobileNet