1.3 2.93 2.83 3.03 2.92 2.95 2.78 2.78 2.8 2.76 2.86 2.77 2.78 2.8 2.78 2.82 2.77 2.76 2.77 2.77 2.79 81.33 1e-05 0.5 256 DenseNet121
1.3 2.82 2.98 3.08 2.97 2.99 2.97 2.98 2.96 3.05 2.97 2.91 3.0 3.04 3.02 3.07 3.05 3.03 2.99 3.03 3.03 79.56 1e-06 0.5 256 DenseNet121
1.3 2.95 2.88 2.83 2.79 2.8 2.76 2.78 2.74 2.77 2.84 2.9 2.96 2.85 2.87 2.86 2.84 2.82 2.87 2.81 2.92 79.05 1e-07 0.5 256 DenseNet121
1.3 2.82 3.02 2.96 2.95 2.95 2.89 2.91 2.91 2.88 2.9 2.95 2.96 2.86 2.88 2.88 2.9 2.85 2.91 2.88 2.9 77.72 1e-05 0.5 512 DenseNet121
1.3 2.78 2.96 2.91 3.0 2.99 2.96 2.94 2.92 2.92 2.97 2.94 3.0 3.01 2.94 2.9 2.94 2.94 2.96 2.98 2.94 78.93 1e-06 0.5 512 DenseNet121
1.3 2.8 3.01 3.01 2.79 2.95 2.84 2.89 2.88 2.88 2.93 2.9 2.93 2.92 2.98 2.98 2.96 2.93 2.94 2.97 2.99 76.87 1e-07 0.5 512 DenseNet121
1.3 2.65 2.59 2.54 2.52 2.51 2.52 2.54 2.55 2.54 2.54 2.47 2.53 2.53 2.55 2.55 2.56 2.52 2.54 2.6 2.52 90.22 1e-05 0.1 256 DenseNet121
1.3 2.64 2.66 2.54 2.51 2.5 2.49 2.51 2.54 2.47 2.51 2.52 2.48 2.48 2.56 2.49 2.49 2.48 2.48 2.5 2.49 90.11 1e-06 0.1 256 DenseNet121
1.3 2.7 2.48 2.51 2.51 2.49 2.48 2.46 2.46 2.46 2.49 2.47 2.5 2.48 2.49 2.48 2.45 2.5 2.47 2.45 2.48 89.42 1e-07 0.1 256 DenseNet121
1.3 2.65 2.49 2.43 2.47 2.46 2.49 2.51 2.48 2.46 2.5 2.49 2.49 2.51 2.52 2.51 2.52 2.52 2.51 2.47 2.51 90.16 1e-05 0.1 512 DenseNet121
1.3 2.62 2.66 2.67 2.57 2.59 2.57 2.56 2.56 2.56 2.6 2.54 2.54 2.54 2.55 2.58 2.58 2.6 2.6 2.54 2.54 90.09 1e-06 0.1 512 DenseNet121
1.3 2.59 2.67 2.56 2.47 2.46 2.47 2.46 2.48 2.46 2.47 2.45 2.47 2.49 2.47 2.46 2.46 2.47 2.46 2.46 2.48 89.61 1e-07 0.1 512 DenseNet121
1.3 2.49 2.62 2.47 2.46 2.5 2.51 2.49 2.51 2.5 2.55 2.53 2.5 2.53 2.53 2.5 2.52 2.54 2.52 2.49 2.58 90.28 1e-05 0.05 256 DenseNet121
1.3 2.62 2.46 2.52 2.5 2.53 2.46 2.43 2.43 2.45 2.45 2.43 2.48 2.44 2.5 2.48 2.43 2.43 2.43 2.51 2.5 90.13 1e-06 0.05 256 DenseNet121
1.3 2.64 2.57 2.54 2.49 2.55 2.56 2.49 2.51 2.5 2.54 2.54 2.52 2.56 2.55 2.57 2.58 2.52 2.56 2.55 2.54 90.25 1e-07 0.05 256 DenseNet121
1.3 2.73 2.69 2.58 2.58 2.55 2.57 2.56 2.55 2.54 2.6 2.56 2.55 2.59 2.55 2.57 2.59 2.57 2.55 2.56 2.55 89.68 1e-05 0.05 512 DenseNet121
1.3 2.63 2.63 2.62 2.54 2.56 2.55 2.59 2.58 2.61 2.59 2.58 2.56 2.58 2.57 2.59 2.57 2.59 2.6 2.57 2.59 89.88 1e-06 0.05 512 DenseNet121
1.3 2.61 2.47 2.54 2.5 2.54 2.51 2.5 2.53 2.54 2.54 2.54 2.51 2.5 2.52 2.53 2.53 2.48 2.54 2.46 2.52 89.85 1e-07 0.05 512 DenseNet121
1.3 2.87 2.53 2.54 2.51 2.57 2.47 2.48 2.51 2.49 2.55 2.5 2.56 2.54 2.48 2.44 2.45 2.47 2.46 2.5 2.46 89.39 1e-05 0.01 256 DenseNet121
1.3 2.66 2.57 2.69 2.63 2.57 2.57 2.57 2.51 2.59 2.55 2.52 2.56 2.49 2.52 2.56 2.55 2.53 2.55 2.55 2.55 89.12 1e-06 0.01 256 DenseNet121
1.3 2.83 2.62 2.52 2.57 2.62 2.66 2.61 2.59 2.59 2.53 2.58 2.59 2.54 2.6 2.56 2.55 2.6 2.56 2.53 2.6 88.64 1e-07 0.01 256 DenseNet121
1.3 2.82 2.66 2.59 2.58 2.61 2.62 2.61 2.58 2.66 2.64 2.63 2.6 2.64 2.61 2.61 2.6 2.61 2.62 2.57 2.65 87.75 1e-05 0.01 512 DenseNet121
1.3 2.87 2.73 2.7 2.7 2.65 2.71 2.68 2.67 2.73 2.73 2.71 2.68 2.72 2.69 2.67 2.71 2.66 2.73 2.7 2.74 87.59 1e-06 0.01 512 DenseNet121
1.3 2.91 2.76 2.51 2.59 2.58 2.68 2.58 2.63 2.54 2.57 2.53 2.57 2.55 2.61 2.55 2.62 2.55 2.6 2.62 2.6 87.38 1e-07 0.01 512 DenseNet121
1.3 2.72 2.74 2.62 2.7 2.72 2.68 2.68 2.69 2.66 2.76 2.67 2.73 2.7 2.72 2.76 2.74 2.79 2.72 2.79 2.74 88.04 1e-05 0.005 256 DenseNet121
1.3 2.9 2.67 2.59 2.68 2.62 2.64 2.65 2.6 2.63 2.57 2.65 2.68 2.6 2.65 2.57 2.59 2.59 2.6 2.61 2.62 87.91 1e-06 0.005 256 DenseNet121
1.3 2.77 2.7 2.63 2.67 2.69 2.72 2.68 2.66 2.66 2.69 2.76 2.69 2.63 2.71 2.7 2.64 2.69 2.61 2.68 2.69 87.91 1e-07 0.005 256 DenseNet121
1.3 3.14 2.97 2.95 2.88 2.9 2.93 2.9 2.93 2.84 2.89 2.86 2.86 2.84 2.82 2.82 2.93 2.89 2.93 2.88 2.85 85.6 1e-05 0.005 512 DenseNet121
1.3 2.95 2.93 3.0 2.91 2.96 2.9 2.87 2.88 2.88 2.88 2.88 2.92 2.94 2.9 2.9 2.87 2.87 2.91 2.91 2.87 85.7 1e-06 0.005 512 DenseNet121
1.3 2.91 2.97 2.83 2.91 2.89 2.95 2.89 2.94 2.93 2.92 2.9 2.91 2.87 3.0 2.91 2.86 2.89 2.95 2.96 2.93 86.06 1e-07 0.005 512 DenseNet121
1.3 3.49 3.38 3.31 3.25 3.28 3.17 3.18 3.23 3.27 3.16 3.23 3.25 3.14 3.19 3.22 3.29 3.22 3.29 3.23 3.25 81.01 1e-05 0.001 256 DenseNet121
1.3 3.44 3.45 3.38 3.22 3.27 3.38 3.34 3.19 3.3 3.32 3.44 3.39 3.28 3.35 3.38 3.27 3.36 3.19 3.33 3.36 81.98 1e-06 0.001 256 DenseNet121
1.3 3.34 3.25 3.17 3.18 3.33 3.27 3.28 3.35 3.39 3.29 3.38 3.22 3.28 3.37 3.42 3.38 3.33 3.34 3.29 3.26 81.22 1e-07 0.001 256 DenseNet121
1.3 3.15 3.68 3.95 3.7 3.73 3.66 3.69 3.71 3.66 3.68 3.69 3.73 3.75 3.74 3.57 3.64 3.67 3.64 3.82 3.69 75.45 1e-05 0.001 512 DenseNet121
1.3 3.29 3.76 4.05 4.01 4.01 4.14 3.99 4.04 3.92 4.05 4.0 4.0 4.01 4.01 4.01 3.97 3.97 4.07 4.02 4.02 75.49 1e-06 0.001 512 DenseNet121
1.3 3.24 3.9 3.51 3.99 3.96 4.13 4.11 4.15 4.0 4.05 4.08 4.12 3.94 4.02 4.13 4.07 4.04 4.12 4.07 4.04 75.64 1e-07 0.001 512 DenseNet121
1.45 2.88 3.09 2.82 2.96 2.99 2.76 2.74 2.83 2.76 2.87 2.84 2.9 2.9 2.85 2.82 2.84 2.82 2.86 2.86 2.83 81.71 1e-05 0.5 256 DenseNet121
1.45 3.05 2.93 2.91 3.04 3.08 3.07 3.15 3.14 3.09 3.16 3.11 3.03 3.03 3.15 3.16 3.13 3.12 3.03 3.09 3.11 78.38 1e-06 0.5 256 DenseNet121
1.45 3.07 3.1 3.11 3.03 2.93 2.92 2.94 2.89 2.99 2.95 2.92 2.93 2.93 2.86 2.88 2.94 2.91 2.91 2.92 2.91 77.72 1e-07 0.5 256 DenseNet121
1.45 3.09 3.1 3.13 3.15 3.09 3.08 3.22 2.93 3.13 3.07 3.05 3.05 3.11 3.09 3.04 3.09 3.14 3.1 3.07 3.05 75.32 1e-05 0.5 512 DenseNet121
1.45 3.01 3.09 3.26 3.31 3.15 3.01 3.21 3.01 3.09 3.11 3.13 3.15 3.11 3.16 3.06 3.19 3.09 3.1 3.14 3.15 75.17 1e-06 0.5 512 DenseNet121
1.45 2.97 3.13 3.23 3.27 3.19 3.12 3.13 3.11 3.16 3.16 3.12 3.12 3.13 3.06 3.15 3.17 3.15 3.21 3.16 3.23 77.54 1e-07 0.5 512 DenseNet121
1.45 2.64 2.61 2.49 2.62 2.53 2.56 2.6 2.56 2.6 2.57 2.58 2.57 2.63 2.55 2.53 2.63 2.62 2.56 2.54 2.58 89.99 1e-05 0.1 256 DenseNet121
1.45 2.69 2.76 2.69 2.61 2.63 2.57 2.63 2.59 2.59 2.6 2.58 2.61 2.6 2.59 2.59 2.58 2.59 2.69 2.58 2.61 89.75 1e-06 0.1 256 DenseNet121
1.45 2.59 2.78 2.65 2.69 2.7 2.7 2.69 2.73 2.68 2.73 2.7 2.68 2.71 2.71 2.71 2.72 2.74 2.72 2.76 2.73 89.79 1e-07 0.1 256 DenseNet121
1.45 2.67 2.76 2.59 2.6 2.59 2.62 2.61 2.62 2.6 2.59 2.6 2.61 2.61 2.63 2.61 2.58 2.61 2.63 2.62 2.61 89.85 1e-05 0.1 512 DenseNet121
1.45 2.6 2.8 2.55 2.57 2.56 2.6 2.56 2.57 2.58 2.58 2.56 2.58 2.58 2.56 2.57 2.59 2.6 2.57 2.57 2.61 89.87 1e-06 0.1 512 DenseNet121
1.45 2.68 2.7 2.51 2.58 2.58 2.6 2.59 2.58 2.58 2.53 2.55 2.59 2.58 2.54 2.55 2.57 2.53 2.57 2.55 2.54 90.08 1e-07 0.1 512 DenseNet121
1.45 2.72 2.79 2.67 2.78 2.74 2.74 2.77 2.74 2.74 2.76 2.74 2.76 2.79 2.75 2.74 2.77 2.8 2.75 2.76 2.78 90.51 1e-05 0.05 256 DenseNet121
1.45 2.75 2.71 2.72 2.68 2.61 2.61 2.69 2.69 2.64 2.72 2.68 2.65 2.65 2.64 2.64 2.66 2.66 2.64 2.66 2.65 90.36 1e-06 0.05 256 DenseNet121
1.45 2.81 2.67 2.69 2.69 2.67 2.68 2.66 2.65 2.64 2.66 2.63 2.7 2.71 2.69 2.7 2.67 2.64 2.71 2.66 2.68 90.15 1e-07 0.05 256 DenseNet121
1.45 2.67 2.56 2.67 2.65 2.65 2.61 2.67 2.67 2.6 2.62 2.58 2.64 2.64 2.62 2.63 2.65 2.64 2.63 2.63 2.63 90.16 1e-05 0.05 512 DenseNet121
1.45 2.58 2.56 2.56 2.56 2.56 2.55 2.58 2.56 2.58 2.56 2.55 2.56 2.57 2.56 2.55 2.56 2.58 2.56 2.55 2.55 89.81 1e-06 0.05 512 DenseNet121
1.45 2.65 2.62 2.74 2.67 2.71 2.69 2.69 2.71 2.71 2.68 2.68 2.7 2.71 2.68 2.69 2.63 2.69 2.7 2.68 2.64 89.71 1e-07 0.05 512 DenseNet121
1.45 2.77 2.69 2.64 2.68 2.71 2.66 2.67 2.68 2.66 2.55 2.6 2.7 2.7 2.67 2.66 2.7 2.71 2.7 2.7 2.69 89.71 1e-05 0.01 256 DenseNet121
1.45 2.7 2.68 2.8 2.8 2.76 2.75 2.79 2.81 2.79 2.76 2.74 2.76 2.81 2.74 2.75 2.73 2.79 2.68 2.74 2.76 89.28 1e-06 0.01 256 DenseNet121
1.45 2.77 2.74 2.66 2.66 2.65 2.68 2.65 2.68 2.6 2.67 2.62 2.64 2.65 2.66 2.64 2.63 2.65 2.68 2.69 2.68 89.24 1e-07 0.01 256 DenseNet121
1.45 2.75 2.84 2.87 2.78 2.8 2.82 2.81 2.82 2.79 2.75 2.75 2.82 2.76 2.78 2.72 2.75 2.78 2.82 2.81 2.77 88.0 1e-05 0.01 512 DenseNet121
1.45 3.03 2.73 2.71 2.75 2.78 2.76 2.74 2.73 2.73 2.73 2.74 2.75 2.73 2.76 2.74 2.72 2.73 2.76 2.75 2.75 87.49 1e-06 0.01 512 DenseNet121
1.45 3.0 2.66 2.81 2.85 2.85 2.86 2.83 2.8 2.78 2.82 2.8 2.78 2.77 2.78 2.85 2.81 2.8 2.84 2.8 2.79 87.36 1e-07 0.01 512 DenseNet121
1.45 2.94 2.89 2.79 2.78 2.77 2.78 2.76 2.87 2.76 2.74 2.71 2.78 2.79 2.74 2.75 2.85 2.81 2.79 2.78 2.8 87.81 1e-05 0.005 256 DenseNet121
1.45 2.73 2.91 2.82 2.74 2.8 2.76 2.74 2.76 2.71 2.72 2.66 2.72 2.79 2.71 2.79 2.74 2.77 2.75 2.76 2.78 88.24 1e-06 0.005 256 DenseNet121
1.45 3.12 2.87 2.76 2.78 2.82 2.79 2.76 2.71 2.75 2.78 2.77 2.7 2.74 2.76 2.74 2.74 2.77 2.79 2.81 2.78 88.04 1e-07 0.005 256 DenseNet121
1.45 2.99 2.93 2.97 2.98 2.95 2.98 2.92 3.01 2.92 2.98 2.96 2.93 2.97 2.93 2.94 2.9 2.96 2.93 2.97 2.94 85.37 1e-05 0.005 512 DenseNet121
1.45 3.21 3.01 3.06 3.06 3.08 3.13 3.1 3.21 3.1 3.08 3.12 3.16 3.1 3.15 3.17 3.07 3.07 3.15 3.2 3.09 85.73 1e-06 0.005 512 DenseNet121
1.45 3.0 2.87 2.94 2.82 2.94 2.87 2.93 2.92 2.91 2.81 2.93 2.94 2.85 2.88 2.9 2.88 2.89 2.93 2.93 2.88 85.62 1e-07 0.005 512 DenseNet121
1.45 3.21 3.39 3.51 3.38 3.45 3.36 3.28 3.26 3.34 3.27 3.29 3.3 3.31 3.29 3.24 3.25 3.22 3.32 3.3 3.28 81.47 1e-05 0.001 256 DenseNet121
1.45 3.14 3.44 3.29 3.52 3.51 3.42 3.49 3.5 3.45 3.46 3.39 3.33 3.52 3.5 3.48 3.56 3.49 3.42 3.57 3.46 81.81 1e-06 0.001 256 DenseNet121
1.45 3.07 3.4 3.39 3.56 3.42 3.52 3.47 3.5 3.29 3.42 3.32 3.33 3.38 3.37 3.39 3.34 3.34 3.4 3.43 3.37 81.04 1e-07 0.001 256 DenseNet121
1.45 3.74 3.86 4.01 3.91 4.09 4.03 3.83 4.08 4.0 4.01 4.1 4.06 4.02 3.96 4.11 4.09 3.95 4.05 4.14 4.06 75.79 1e-05 0.001 512 DenseNet121
1.45 3.58 3.93 4.02 3.85 3.83 3.98 3.97 3.95 4.02 4.05 4.0 4.04 4.06 4.08 3.94 4.11 4.15 4.07 3.96 4.12 75.32 1e-06 0.001 512 DenseNet121
1.45 3.31 3.77 4.11 3.82 3.84 3.86 3.88 3.8 3.86 3.91 3.91 3.9 3.98 3.92 3.92 3.9 3.97 3.96 3.94 4.08 74.99 1e-07 0.001 512 DenseNet121
1.0 3.03 2.89 3.06 3.09 3.13 3.1 3.01 3.09 3.07 3.12 3.11 3.07 3.09 3.05 3.0 2.98 3.05 3.08 3.11 3.09 80.8 1e-05 0.5 256 DenseNet121
1.0 3.05 3.06 3.16 3.23 3.23 3.25 3.19 3.17 3.28 3.22 3.28 3.31 3.25 3.25 3.19 3.27 3.23 3.27 3.24 3.28 74.99 1e-06 0.5 256 DenseNet121
1.0 3.09 2.93 3.14 2.99 3.06 3.12 3.14 3.11 3.0 3.02 3.06 3.05 2.99 3.0 3.01 3.03 2.99 3.01 3.02 3.04 80.87 1e-07 0.5 256 DenseNet121
1.0 2.89 3.04 3.29 3.05 3.06 3.13 2.97 2.99 3.03 3.12 3.15 3.08 3.1 3.07 2.99 3.06 3.08 3.0 3.05 3.04 77.73 1e-05 0.5 512 DenseNet121
1.0 2.89 2.97 2.92 2.94 2.95 2.91 2.96 3.0 2.94 2.98 2.99 2.98 2.99 3.0 2.97 3.02 3.0 2.97 2.97 2.99 75.99 1e-06 0.5 512 DenseNet121
1.0 2.9 3.06 3.29 3.32 3.37 3.39 3.3 3.3 3.38 3.47 3.42 3.4 3.39 3.4 3.32 3.39 3.37 3.37 3.4 3.4 76.08 1e-07 0.5 512 DenseNet121
1.0 2.73 2.67 2.59 2.55 2.54 2.57 2.56 2.57 2.6 2.55 2.57 2.54 2.49 2.47 2.48 2.49 2.59 2.53 2.47 2.45 90.11 1e-05 0.1 256 DenseNet121
1.0 2.6 2.57 2.57 2.54 2.54 2.55 2.52 2.54 2.54 2.51 2.55 2.54 2.55 2.56 2.57 2.55 2.59 2.52 2.59 2.55 90.2 1e-06 0.1 256 DenseNet121
1.0 2.63 2.74 2.62 2.74 2.76 2.71 2.63 2.73 2.72 2.72 2.76 2.72 2.77 2.75 2.74 2.75 2.73 2.75 2.72 2.77 89.54 1e-07 0.1 256 DenseNet121
1.0 2.8 2.7 2.73 2.71 2.71 2.71 2.67 2.73 2.71 2.71 2.68 2.74 2.77 2.71 2.73 2.76 2.68 2.68 2.7 2.72 89.93 1e-05 0.1 512 DenseNet121
1.0 2.78 2.49 2.71 2.66 2.67 2.69 2.68 2.7 2.67 2.69 2.67 2.73 2.72 2.69 2.74 2.69 2.72 2.69 2.74 2.69 89.88 1e-06 0.1 512 DenseNet121
1.0 2.77 2.75 2.57 2.56 2.61 2.59 2.62 2.58 2.63 2.59 2.6 2.59 2.58 2.59 2.61 2.58 2.59 2.59 2.58 2.57 89.82 1e-07 0.1 512 DenseNet121
1.0 2.58 2.69 2.64 2.62 2.64 2.65 2.62 2.65 2.66 2.63 2.65 2.66 2.58 2.6 2.66 2.65 2.65 2.72 2.69 2.61 90.2 1e-05 0.05 256 DenseNet121
1.0 2.57 2.73 2.5 2.47 2.46 2.52 2.54 2.54 2.54 2.51 2.51 2.54 2.53 2.49 2.51 2.53 2.53 2.52 2.51 2.51 90.25 1e-06 0.05 256 DenseNet121
1.0 2.79 2.7 2.7 2.69 2.72 2.69 2.66 2.69 2.65 2.69 2.67 2.67 2.67 2.66 2.63 2.65 2.64 2.69 2.66 2.66 90.34 1e-07 0.05 256 DenseNet121
1.0 2.67 2.73 2.74 2.78 2.71 2.78 2.75 2.69 2.75 2.71 2.68 2.75 2.72 2.68 2.65 2.69 2.71 2.71 2.73 2.71 89.91 1e-05 0.05 512 DenseNet121
1.0 2.68 2.62 2.68 2.64 2.65 2.64 2.62 2.62 2.59 2.64 2.62 2.6 2.64 2.64 2.61 2.63 2.59 2.59 2.59 2.61 89.78 1e-06 0.05 512 DenseNet121
1.0 2.92 2.54 2.66 2.61 2.6 2.62 2.61 2.62 2.64 2.6 2.58 2.59 2.62 2.6 2.59 2.59 2.61 2.61 2.63 2.6 90.04 1e-07 0.05 512 DenseNet121
1.0 2.71 2.65 2.63 2.6 2.63 2.68 2.64 2.64 2.61 2.59 2.66 2.65 2.64 2.62 2.6 2.65 2.64 2.65 2.7 2.68 89.37 1e-05 0.01 256 DenseNet121