1.0 2.92 2.77 2.71 2.55 2.9 2.76 2.77 2.64 2.79 2.88 2.82 2.83 2.77 2.72 2.8 2.77 2.78 2.78 2.76 2.76 95.78979717271051 1e-05 0.1 1024 resnet18
1.0 2.69 2.78 2.7 2.8 2.71 2.78 2.67 2.73 2.77 2.67 2.72 2.66 2.65 2.67 2.64 2.67 2.72 2.7 2.7 2.71 95.79363859864782 1e-05 0.1 256 resnet18
1.0 2.94 2.77 2.73 2.9 2.76 2.8 2.82 2.77 2.71 2.82 2.79 2.87 2.69 2.81 2.8 2.84 2.76 2.81 2.84 2.83 95.75522433927473 1e-06 0.1 512 resnet18
1.0 3.0 2.7 2.67 2.76 2.85 2.83 2.78 2.73 2.74 2.87 2.75 2.82 2.78 2.74 2.72 2.66 2.67 2.67 2.69 2.66 95.76290719114935 1e-07 0.1 512 resnet18
1.0 2.96 2.96 2.87 2.87 2.77 2.95 2.79 2.87 2.95 2.85 2.98 2.98 2.91 2.84 2.94 2.89 2.83 2.82 2.83 2.84 95.79748002458513 1e-05 0.1 512 resnet18
1.0 2.73 2.72 2.62 2.77 2.73 2.75 2.79 2.8 2.71 2.84 2.71 2.68 2.7 2.66 2.68 2.69 2.72 2.66 2.65 2.72 95.87814996926859 1e-06 0.1 256 resnet18
1.0 2.82 2.8 2.69 2.73 2.77 2.92 2.8 2.84 2.74 2.74 2.81 2.71 2.73 2.8 2.74 2.68 2.67 2.67 2.67 2.67 95.65150583896742 1e-07 0.1 1024 resnet18
1.0 2.8 2.76 2.74 2.65 2.95 2.98 2.82 2.83 2.96 2.8 2.89 2.8 2.8 2.83 2.77 2.77 2.75 2.74 2.76 2.76 95.58236017209589 1e-06 0.1 1024 resnet18
1.0 2.68 2.76 2.74 2.77 2.82 2.9 2.73 2.9 2.77 2.72 2.72 2.72 2.82 2.7 2.84 2.71 2.7 2.72 2.73 2.69 95.92424708051628 1e-07 0.1 256 resnet18
1.0 2.56 2.69 2.72 2.75 2.88 2.89 2.82 2.93 2.78 2.94 2.89 2.85 2.76 2.82 2.79 2.76 2.75 2.77 2.78 2.75 95.61309157959434 1e-06 0.01 512 resnet18
1.0 2.73 2.8 2.72 2.78 2.79 2.78 2.85 2.77 2.73 2.73 2.7 2.77 2.72 2.73 2.76 2.67 2.74 2.75 2.76 2.69 95.72065150583897 1e-07 0.01 256 resnet18
1.0 2.81 2.91 2.88 2.85 2.71 2.85 2.85 2.84 2.96 2.88 2.88 2.9 2.96 3.01 2.95 2.96 2.93 2.92 2.96 2.94 95.009987707437 1e-05 0.01 1024 resnet18
1.0 2.89 2.86 3.03 3.02 2.89 2.88 2.96 2.88 2.9 2.93 2.9 2.82 2.9 3.05 2.98 2.88 2.97 2.93 2.93 2.95 95.20974185617702 1e-07 0.01 1024 resnet18
1.0 2.69 2.81 2.75 2.85 2.82 2.8 2.72 2.81 2.74 2.79 2.71 2.75 2.81 2.79 2.8 2.83 2.79 2.78 2.77 2.8 95.55931161647203 1e-05 0.01 512 resnet18
1.0 2.99 2.91 2.91 3.05 2.89 2.9 3.05 2.78 2.88 2.79 2.84 2.79 2.89 2.9 3.01 2.9 2.89 2.87 2.88 2.89 92.99323909035034 1e-07 0.001 1024 resnet18
1.0 2.9 2.86 2.9 2.77 2.82 2.83 2.94 2.76 2.75 2.83 2.76 2.75 2.72 2.74 2.79 2.71 2.73 2.73 2.75 2.74 94.9638905961893 1e-06 0.01 1024 resnet18
1.0 2.94 2.95 2.92 2.91 2.84 2.86 3.01 2.94 2.86 2.94 2.98 2.99 2.97 2.83 2.97 3.13 3.06 3.01 3.08 3.13 93.00860479409957 1e-06 0.001 1024 resnet18
1.0 2.85 3.01 2.89 2.88 2.82 2.86 2.96 2.79 2.95 2.88 2.93 3.06 2.99 2.9 2.98 3.09 2.98 3.03 3.12 3.07 92.83574062692071 1e-05 0.001 1024 resnet18
1.0 2.92 2.93 2.71 2.89 2.79 2.91 2.82 2.94 2.79 2.9 3.06 3.09 3.0 3.12 3.04 2.98 2.98 3.07 3.04 2.99 94.39535955746773 1e-07 0.001 256 resnet18
1.34 2.94 2.69 2.75 2.7 2.94 2.74 2.82 2.67 2.83 2.75 2.86 2.67 2.75 2.71 2.67 2.68 2.72 2.69 2.65 2.63 95.3979717271051 1e-06 0.1 512 resnet18
1.34 2.69 2.73 2.61 2.63 2.73 2.7 2.74 2.83 2.71 2.7 2.76 2.69 2.62 2.7 2.65 2.69 2.66 2.66 2.72 2.67 95.14059618930547 1e-05 0.1 512 resnet18
1.0 2.81 2.94 2.79 2.82 2.91 2.91 2.85 2.86 2.92 2.92 3.03 3.1 3.0 3.07 3.03 3.06 3.0 3.06 3.06 3.03 94.59127228027043 1e-05 0.001 256 resnet18
1.34 2.81 2.7 2.7 2.76 2.79 2.71 2.84 2.68 2.78 2.7 2.59 2.72 2.67 2.69 2.71 2.67 2.69 2.72 2.67 2.7 95.52858020897357 1e-06 0.1 1024 resnet18
1.0 2.89 2.83 2.92 2.76 2.9 2.86 2.81 2.81 2.86 3.02 2.85 2.78 2.87 2.82 2.78 2.85 2.84 2.79 2.74 2.79 93.72695144437616 1e-05 0.001 512 resnet18
1.34 3.08 2.64 2.77 2.59 2.81 2.75 2.73 2.84 2.71 2.79 2.69 2.68 2.66 2.69 2.65 2.63 2.66 2.67 2.77 2.76 95.40565457897972 1e-07 0.1 1024 resnet18
