6.43 5.53 5.6 5.4 5.49 5.45 99.996 94.85 0.0005 0.1 32 0.2 ResNeXt29_2x64d
6.81 5.63 5.77 5.82 5.77 5.7 99.994 94.41 0.0005 0.1 32 0.2 ResNeXt29_2x64d
6.14 5.46 5.66 5.48 5.5 5.56 99.992 94.76 0.0005 0.1 32 0.2 ResNeXt29_2x64d
6.27 5.28 5.78 5.56 5.67 5.52 100.0 94.39 0.0005 0.1 32 0.35 ResNeXt29_2x64d
6.99 5.52 5.9 5.76 5.8 5.76 99.998 94.73 0.0005 0.1 32 0.35 ResNeXt29_2x64d
6.3 5.22 5.85 5.55 5.59 5.57 99.992 94.7 0.0005 0.1 32 0.35 ResNeXt29_2x64d
5.49 5.8 5.72 5.68 5.77 5.74 99.998 94.7 0.0005 0.1 32 0.5 ResNeXt29_2x64d
6.73 5.57 5.37 5.64 5.6 5.47 99.996 94.56 0.0005 0.1 32 0.5 ResNeXt29_2x64d
5.24 5.66 5.61 5.63 5.69 5.63 100.0 94.35 0.0005 0.1 32 0.65 ResNeXt29_2x64d
6.27 5.62 5.57 5.5 5.52 5.46 99.998 94.62 0.0005 0.1 32 0.8 ResNeXt29_2x64d
8.29 5.58 5.73 5.68 5.73 5.67 99.992 94.66 0.0005 0.1 32 0.8 ResNeXt29_2x64d
6.66 5.6 5.72 5.75 5.64 5.76 99.994 94.78 0.0005 0.1 32 0.8 ResNeXt29_2x64d
6.26 5.6 5.37 5.75 5.69 5.72 99.994 94.56 0.0005 0.1 32 0.5 ResNeXt29_2x64d
5.72 5.6 5.59 5.62 5.57 5.53 99.996 94.98 0.0005 0.1 32 0.5 ResNeXt29_2x64d
7.94 5.37 5.36 5.28 5.27 5.23 99.988 95.11 0.0005 0.1 32 0.5 ResNeXt29_2x64d
5.49 5.8 5.72 5.68 5.77 5.74 99.998 94.7 0.0005 0.1 32 0.5 ResNeXt29_2x64d
6.73 5.57 5.37 5.64 5.6 5.47 99.996 94.56 0.0005 0.1 32 0.5 ResNeXt29_2x64d
7.53 5.88 5.91 6.05 5.98 6.06 99.998 93.99 0.0005 0.1 32 0.5 ResNeXt29_2x64d
4.77 6.08 6.28 6.35 6.22 6.23 99.996 93.38 0.0005 0.1 32 0.5 ResNeXt29_2x64d
5.49 5.8 5.72 5.68 5.77 5.74 99.998 94.7 0.0005 0.1 32 0.5 ResNeXt29_2x64d
6.73 5.57 5.37 5.64 5.6 5.47 99.996 94.56 0.0005 0.1 32 0.5 ResNeXt29_2x64d
7.16 5.55 5.77 5.7 5.59 5.64 99.994 95.02 0.0005 0.1 32 0.5 ResNeXt29_2x64d
6.32 5.75 6.04 5.95 5.8 5.8 100.0 94.76 0.0005 0.1 34 0.5 ResNeXt29_2x64d
4.15 5.77 5.77 5.71 5.69 5.78 100.0 94.39 0.0005 0.1 34 0.5 ResNeXt29_2x64d
7.4 5.61 5.75 5.59 5.58 5.52 100.0 94.98 0.0005 0.1 34 0.5 ResNeXt29_2x64d
7.19 5.34 5.66 5.65 5.78 5.71 100.0 94.34 0.0005 0.1 36 0.5 ResNeXt29_2x64d
6.84 5.39 5.36 5.22 5.15 5.29 100.0 94.6 0.0005 0.1 36 0.5 ResNeXt29_2x64d
6.14 5.62 5.85 5.79 5.76 5.76 99.996 94.79 0.001 0.1 32 0.5 ResNeXt29_2x64d
6.06 5.61 5.62 5.77 5.74 5.62 99.994 94.6 0.001 0.1 32 0.5 ResNeXt29_2x64d
6.88 5.47 5.69 5.48 5.42 5.44 99.99 94.91 0.001 0.1 32 0.5 ResNeXt29_2x64d
6.85 6.27 6.3 6.26 6.21 6.19 99.988 93.37 0.0001 0.1 32 0.5 ResNeXt29_2x64d
8.25 6.26 6.27 6.24 6.29 6.27 99.986 93.25 0.0001 0.1 32 0.5 ResNeXt29_2x64d
6.28 7.41 7.46 7.33 7.5 7.52 99.948 91.18 1e-05 0.1 32 0.5 ResNeXt29_2x64d
6.64 5.86 6.29 6.11 6.18 6.26 99.988 92.87 0.0001 0.1 32 0.5 ResNeXt29_2x64d
7.08 7.1 7.11 6.98 6.9 7.14 99.962 92.03 1e-05 0.1 32 0.5 ResNeXt29_2x64d
8.34 6.45 6.69 6.74 6.85 6.57 99.796 89.02 0.0005 0.001 32 0.5 ResNeXt29_2x64d
8.85 6.93 6.8 6.74 6.75 6.81 99.782 89.41 0.0005 0.001 32 0.5 ResNeXt29_2x64d