1.0 3.13 3.15 3.0 2.99 2.87 2.92 2.92 2.89 2.52 2.64 2.91 2.67 2.73 2.77 2.82 2.84 2.82 2.73 2.73 2.69 87.96 0.0005 0.1 256 ResNeXt29_2x64d
1.0 2.96 2.85 2.98 2.91 2.94 2.95 2.82 2.98 2.69 2.89 2.53 2.61 2.75 2.73 2.85 2.64 2.59 2.64 2.61 2.6 90.26 0.0005 0.09 256 ResNeXt29_2x64d
1.0 3.01 2.95 2.74 2.89 2.75 2.86 2.64 2.76 2.83 2.61 2.66 2.71 2.63 2.67 2.74 2.67 2.72 2.86 2.75 2.8 89.56 0.0005 0.08 256 ResNeXt29_2x64d
1.0 2.96 3.03 2.71 2.78 2.58 2.84 2.8 2.75 2.61 2.53 2.68 2.76 2.74 2.76 2.79 2.81 2.8 2.79 2.81 2.78 87.61 0.0005 0.07 256 ResNeXt29_2x64d
1.0 3.01 2.94 2.91 2.9 2.91 2.99 2.77 2.67 2.79 2.7 2.73 2.63 2.71 2.65 2.68 2.64 2.71 2.7 2.74 2.81 89.57 0.0005 0.06 256 ResNeXt29_2x64d
1.0 3.09 2.98 2.79 2.83 2.84 2.73 2.89 2.86 2.9 2.64 2.76 2.73 2.8 2.68 2.78 2.66 2.61 2.63 2.65 2.61 89.35 0.0005 0.05 256 ResNeXt29_2x64d
1.0 2.75 2.84 2.8 2.67 2.81 2.83 2.69 2.65 2.64 2.9 2.55 2.58 2.6 2.68 2.71 2.67 2.73 2.74 2.69 2.68 87.82 0.0005 0.04 256 ResNeXt29_2x64d
1.0 2.85 2.81 2.61 2.65 2.67 2.79 2.54 2.59 2.59 2.61 2.56 2.58 2.6 2.69 2.66 2.68 2.7 2.68 2.71 2.66 88.64 0.0005 0.03 256 ResNeXt29_2x64d
1.0 2.76 2.66 2.65 2.73 2.75 2.83 3.03 2.77 2.71 2.63 2.67 2.65 2.57 2.58 2.66 2.69 2.68 2.6 2.65 2.67 87.63 0.0005 0.02 256 ResNeXt29_2x64d
1.0 2.94 2.9 2.97 2.97 3.11 3.1 3.08 3.11 3.16 3.14 3.19 3.28 3.19 3.3 3.43 3.4 3.42 3.37 3.44 3.38 82.07 0.0005 0.01 256 ResNeXt29_2x64d
1.0 2.93 2.95 2.83 2.94 2.96 2.97 2.98 3.08 3.07 3.12 3.19 3.33 3.12 3.27 3.25 3.35 3.18 3.29 3.36 3.28 81.57 0.0005 0.009 256 ResNeXt29_2x64d
1.0 3.2 2.87 2.91 2.9 2.99 2.97 3.01 3.07 3.14 3.14 3.17 3.25 3.25 3.33 3.25 3.23 3.29 3.43 3.31 3.39 81.78 0.0005 0.008 256 ResNeXt29_2x64d
1.0 3.06 3.08 3.0 3.13 3.11 3.08 3.16 3.2 3.26 3.43 3.38 3.27 3.28 3.29 3.31 3.29 3.22 3.37 3.18 3.36 81.23 0.0005 0.007 256 ResNeXt29_2x64d
1.0 3.22 3.1 3.09 3.04 3.22 3.13 3.22 3.19 3.32 3.18 3.33 3.15 3.42 3.32 3.5 3.34 3.4 3.34 3.34 3.38 80.02 0.0005 0.006 256 ResNeXt29_2x64d
1.0 3.27 3.31 3.42 3.33 3.28 3.22 3.34 3.34 3.36 3.29 3.27 3.45 3.27 3.37 3.3 3.38 3.33 3.37 3.39 3.32 78.98 0.0005 0.005 256 ResNeXt29_2x64d
1.0 3.59 3.77 3.69 3.66 3.79 3.98 3.84 3.83 3.65 3.78 3.97 3.82 3.8 3.94 3.82 3.96 3.83 3.93 3.85 3.99 77.83 0.0005 0.004 256 ResNeXt29_2x64d
1.0 4.0 4.02 3.92 3.96 3.81 3.98 3.97 4.07 4.03 4.11 4.05 3.98 3.93 4.02 4.06 3.9 4.05 3.98 4.0 3.98 76.29 0.0005 0.003 256 ResNeXt29_2x64d
1.0 3.84 4.21 4.24 4.07 4.04 4.25 3.98 4.06 4.09 4.25 4.07 4.12 4.07 3.95 4.18 4.05 4.29 4.29 4.27 4.16 74.08 0.0005 0.002 256 ResNeXt29_2x64d
1.0 4.5 5.07 5.22 5.12 5.27 5.36 5.09 5.29 5.18 5.46 5.66 5.19 5.35 5.25 5.29 5.21 5.18 5.24 5.22 5.39 69.41 0.0005 0.001 256 ResNeXt29_2x64d
1.37 3.09 3.08 2.93 3.0 2.85 2.93 2.73 2.87 2.9 2.79 2.85 2.83 2.89 2.74 2.78 2.91 2.87 2.88 2.79 2.81 89.93 0.0005 0.1 256 ResNeXt29_2x64d
1.37 2.81 3.08 2.92 2.87 2.54 2.74 2.77 2.91 2.76 3.02 2.81 2.67 2.76 2.75 2.74 2.82 2.81 2.78 2.77 2.78 90.82 0.0005 0.09 256 ResNeXt29_2x64d
1.37 3.02 3.13 2.92 3.01 3.01 2.96 2.89 2.83 2.8 2.86 2.88 2.89 2.97 2.82 2.97 2.92 3.0 2.95 2.93 3.01 90.14 0.0005 0.08 256 ResNeXt29_2x64d
1.37 2.9 3.02 2.94 2.89 2.79 2.86 2.77 2.74 2.83 2.7 2.77 2.86 2.81 2.97 2.98 2.94 3.03 2.89 2.94 2.88 88.32 0.0005 0.07 256 ResNeXt29_2x64d
1.37 2.94 3.19 2.86 3.18 2.79 2.94 2.95 2.74 2.86 2.96 2.81 2.81 2.67 2.76 2.83 2.83 2.91 2.97 2.91 2.96 88.6 0.0005 0.06 256 ResNeXt29_2x64d
1.37 2.98 2.73 2.75 2.77 2.85 2.85 2.71 2.79 2.71 2.72 2.77 2.75 2.72 2.76 2.72 2.71 2.76 2.82 2.79 2.78 89.66 0.0005 0.05 256 ResNeXt29_2x64d
1.37 2.87 3.05 2.75 2.76 2.85 2.8 2.73 2.67 2.74 2.72 2.73 2.79 2.87 2.91 2.83 2.85 2.87 2.95 2.94 2.96 88.59 0.0005 0.04 256 ResNeXt29_2x64d
1.37 2.85 2.85 2.98 2.93 2.89 2.76 2.84 2.69 2.81 2.78 2.75 2.79 2.74 2.87 2.78 2.85 2.77 2.92 2.84 2.81 88.82 0.0005 0.03 256 ResNeXt29_2x64d
1.37 2.87 2.83 2.8 2.8 2.87 2.81 3.11 2.93 2.76 2.84 2.76 2.79 2.76 2.74 2.69 2.76 2.72 2.77 2.71 2.75 87.6 0.0005 0.02 256 ResNeXt29_2x64d
1.37 2.9 3.12 2.93 3.05 3.08 3.09 3.05 3.14 3.09 3.22 3.18 3.1 3.2 3.26 3.21 3.25 3.26 3.21 3.2 3.21 82.9 0.0005 0.01 256 ResNeXt29_2x64d
1.37 3.04 3.15 3.11 3.25 3.18 3.15 3.23 3.33 3.32 3.32 3.25 3.35 3.25 3.34 3.36 3.21 3.39 3.32 3.38 3.38 81.89 0.0005 0.009 256 ResNeXt29_2x64d
1.37 3.09 3.16 3.06 3.01 3.2 3.51 3.47 3.47 3.42 3.4 3.56 3.55 3.57 3.53 3.68 3.47 3.43 3.41 3.39 3.53 81.72 0.0005 0.008 256 ResNeXt29_2x64d
1.37 3.33 3.22 3.29 3.15 3.31 3.2 3.26 3.41 3.42 3.39 3.19 3.31 3.25 3.27 3.25 3.36 3.27 3.32 3.33 3.22 81.59 0.0005 0.007 256 ResNeXt29_2x64d
1.37 3.3 3.2 3.28 3.29 3.27 3.27 3.22 3.39 3.36 3.5 3.37 3.44 3.42 3.43 3.51 3.46 3.41 3.44 3.42 3.47 80.54 0.0005 0.006 256 ResNeXt29_2x64d
1.37 3.47 3.55 3.61 3.69 3.68 3.73 3.69 3.68 3.77 3.84 3.83 3.86 3.91 3.74 3.91 3.88 3.84 3.86 3.86 3.93 78.96 0.0005 0.005 256 ResNeXt29_2x64d
1.37 3.49 3.6 3.56 3.66 3.59 3.54 3.62 3.54 3.59 3.59 3.66 3.59 3.67 3.49 3.5 3.64 3.56 3.66 3.71 3.61 78.39 0.0005 0.004 256 ResNeXt29_2x64d
1.37 3.93 3.74 3.89 3.91 3.79 4.0 4.03 4.03 4.22 3.9 3.99 4.08 3.94 4.14 3.85 4.08 4.3 4.02 4.21 4.08 76.67 0.0005 0.003 256 ResNeXt29_2x64d
1.37 3.74 4.38 4.62 4.5 4.39 4.47 4.67 4.56 4.73 4.61 4.64 4.71 4.63 4.5 4.6 4.77 4.65 4.57 4.74 4.62 73.74 0.0005 0.002 256 ResNeXt29_2x64d
1.37 4.54 5.8 5.64 5.67 5.8 5.75 5.75 6.04 6.3 6.15 6.11 5.83 6.12 6.03 5.95 5.94 5.9 6.28 5.96 6.02 68.71 0.0005 0.001 256 ResNeXt29_2x64d
1.75 3.02 2.87 2.95 2.9 2.84 3.02 2.77 2.67 2.79 2.74 2.57 2.72 2.95 2.63 2.66 2.67 2.75 2.74 2.74 2.8 89.64 0.0005 0.1 256 ResNeXt29_2x64d
1.75 2.89 3.02 2.94 2.86 2.63 2.79 2.64 2.69 2.78 2.75 2.75 2.72 2.66 2.62 2.77 2.77 2.77 2.82 2.79 2.77 89.21 0.0005 0.09 256 ResNeXt29_2x64d
1.75 2.76 2.85 2.8 2.77 2.69 2.72 2.75 2.64 2.49 2.64 2.66 2.63 2.6 2.58 2.63 2.78 2.7 2.69 2.79 2.69 89.15 0.0005 0.08 256 ResNeXt29_2x64d
1.75 2.87 3.19 2.81 2.87 2.77 2.79 2.72 2.77 2.74 2.67 2.66 2.81 2.92 2.65 2.68 2.69 2.72 2.69 2.7 2.68 90.72 0.0005 0.07 256 ResNeXt29_2x64d
1.75 2.78 3.0 2.77 2.74 2.8 2.75 2.84 2.69 2.73 2.75 2.71 2.75 2.79 2.76 2.92 2.74 2.76 2.79 2.76 2.78 88.6 0.0005 0.06 256 ResNeXt29_2x64d
1.75 2.89 2.97 2.98 2.81 2.76 2.79 2.78 2.67 2.69 2.68 2.87 2.61 2.79 2.76 2.84 2.79 2.76 2.72 2.8 2.77 90.0 0.0005 0.05 256 ResNeXt29_2x64d
1.75 2.78 2.89 2.75 2.77 2.85 2.73 2.77 2.71 2.82 2.66 2.8 2.81 2.98 2.63 2.65 2.73 2.76 2.73 2.75 2.85 89.0 0.0005 0.04 256 ResNeXt29_2x64d
1.75 2.91 2.69 2.76 2.84 2.86 2.57 2.71 2.75 2.75 2.84 2.72 2.63 2.63 2.66 2.62 2.74 2.68 2.72 2.66 2.7 88.85 0.0005 0.03 256 ResNeXt29_2x64d
1.75 2.87 2.82 2.75 2.77 3.0 2.98 3.06 3.18 2.95 2.83 2.83 2.84 2.79 2.86 2.84 2.92 2.85 2.89 2.89 2.81 87.88 0.0005 0.02 256 ResNeXt29_2x64d
1.75 3.14 3.02 2.99 3.08 3.2 3.16 3.21 3.2 3.14 3.21 3.29 3.2 3.2 3.23 3.15 3.24 3.29 3.2 3.21 3.2 81.8 0.0005 0.01 256 ResNeXt29_2x64d
1.75 2.84 3.12 3.13 3.14 3.28 3.34 3.25 3.31 3.28 3.28 3.31 3.24 3.34 3.41 3.3 3.23 3.31 3.33 3.29 3.27 81.73 0.0005 0.009 256 ResNeXt29_2x64d
1.75 3.03 3.2 3.13 3.08 3.06 2.99 3.0 3.09 3.13 3.15 3.09 3.17 3.14 3.19 3.27 3.21 3.18 3.28 3.22 3.18 81.27 0.0005 0.008 256 ResNeXt29_2x64d
1.75 2.98 3.17 3.13 3.22 3.24 3.05 3.21 3.3 3.28 3.34 3.4 3.23 3.31 3.26 3.46 3.34 3.4 3.45 3.46 3.45 80.89 0.0005 0.007 256 ResNeXt29_2x64d
1.75 3.32 3.26 3.23 3.27 3.37 3.4 3.38 3.36 3.35 3.25 3.15 3.26 3.42 3.34 3.3 3.42 3.33 3.4 3.38 3.26 80.06 0.0005 0.006 256 ResNeXt29_2x64d
1.75 3.33 3.16 3.12 3.31 3.33 3.3 3.26 3.34 3.39 3.4 3.4 3.54 3.43 3.44 3.62 3.47 3.51 3.35 3.49 3.36 79.22 0.0005 0.005 256 ResNeXt29_2x64d
1.75 3.6 3.25 3.29 3.4 3.41 3.36 3.43 3.41 3.43 3.43 3.42 3.33 3.39 3.51 3.41 3.64 3.45 3.42 3.42 3.73 78.0 0.0005 0.004 256 ResNeXt29_2x64d
1.75 3.82 3.92 3.83 3.81 3.74 3.93 3.69 3.73 3.82 3.78 3.74 3.77 3.87 3.83 3.82 3.91 3.72 3.82 3.82 3.87 76.44 0.0005 0.003 256 ResNeXt29_2x64d
1.75 4.02 4.04 4.12 4.1 3.92 4.12 4.06 4.07 3.93 3.95 4.03 3.92 3.83 4.06 3.89 4.2 3.91 3.98 4.16 4.06 74.02 0.0005 0.002 256 ResNeXt29_2x64d
1.75 4.74 5.1 5.29 5.36 5.21 5.43 5.42 5.47 5.45 5.22 5.12 5.27 5.3 5.38 5.15 5.42 5.17 5.6 5.47 5.46 68.6 0.0005 0.001 256 ResNeXt29_2x64d
1.0 3.11 3.08 2.86 2.68 3.02 2.92 2.73 2.87 2.86 2.89 2.87 2.89 2.88 2.78 2.86 2.84 2.95 2.88 3.0 3.01 86.99 0.0005 0.1 256 MobileNet
1.0 2.96 2.93 2.92 2.77 2.98 3.01 2.95 2.88 2.73 3.01 2.63 2.8 2.91 2.78 2.83 2.69 2.7 2.7 2.61 2.62 87.03 0.0005 0.09 256 MobileNet
1.0 2.98 3.26 2.93 2.83 3.12 2.93 2.99 3.04 2.87 3.21 2.76 2.91 2.92 2.79 2.83 2.65 2.66 2.62 2.63 2.64 86.56 0.0005 0.08 256 MobileNet
1.0 3.64 3.19 3.16 2.93 2.99 2.95 3.02 3.01 2.8 2.82 3.16 2.96 2.77 2.74 2.96 2.74 2.83 2.87 2.78 2.75 85.46 0.0005 0.07 256 MobileNet
1.0 3.25 3.1 3.02 2.84 3.08 3.01 2.91 2.88 2.92 2.82 2.86 2.87 3.08 2.83 2.84 2.87 2.84 2.77 2.83 2.89 85.51 0.0005 0.06 256 MobileNet
1.0 3.12 3.22 3.12 3.25 3.06 3.24 3.13 3.16 2.92 3.13 2.86 2.95 2.81 2.96 2.82 2.76 2.7 2.69 2.7 2.72 84.63 0.0005 0.05 256 MobileNet
1.0 3.31 3.28 3.27 3.07 3.01 3.05 3.13 2.91 3.02 3.05 2.97 3.05 2.91 2.95 2.94 2.88 2.82 2.98 2.92 2.91 83.8 0.0005 0.04 256 MobileNet
1.0 3.75 3.37 3.69 3.47 3.4 3.21 3.06 3.34 3.21 3.15 2.98 3.07 2.82 2.91 2.79 2.9 2.87 2.94 2.9 2.8 80.12 0.0005 0.03 256 MobileNet
1.0 4.04 4.07 3.8 3.63 3.65 3.51 3.49 3.31 3.25 3.28 3.22 3.29 3.32 3.2 3.36 3.28 3.14 3.23 3.23 3.13 77.67 0.0005 0.02 256 MobileNet
1.0 4.68 4.39 4.64 3.91 3.99 3.96 4.06 3.89 4.09 4.0 4.05 4.01 3.87 4.02 3.85 3.81 4.04 3.93 4.18 3.91 70.36 0.0005 0.01 256 MobileNet
1.0 4.54 4.45 4.62 4.36 4.14 4.09 4.12 3.99 4.04 4.09 3.96 4.07 4.05 4.1 4.12 4.13 4.02 4.13 4.07 3.98 70.2 0.0005 0.009 256 MobileNet
1.0 4.78 4.86 4.63 4.46 4.33 4.37 4.29 4.42 4.28 4.37 4.35 4.33 4.45 4.34 4.32 4.35 4.37 4.37 4.3 4.37 68.77 0.0005 0.008 256 MobileNet
1.0 4.87 4.92 4.62 4.44 4.56 4.4 4.33 4.34 4.34 4.07 4.14 4.15 4.18 4.17 4.31 4.09 4.27 4.38 4.16 4.25 68.58 0.0005 0.007 256 MobileNet
1.0 5.01 5.11 4.69 4.79 4.58 4.51 4.51 4.82 4.41 4.46 4.67 4.48 4.24 4.4 4.39 4.25 4.38 4.59 4.45 4.39 67.52 0.0005 0.006 256 MobileNet
1.0 5.74 5.22 4.94 4.99 4.88 4.93 4.67 5.08 5.23 4.99 4.98 4.86 5.02 4.95 4.82 5.08 4.89 5.0 5.09 4.68 67.2 0.0005 0.005 256 MobileNet
1.0 6.67 6.16 5.19 5.55 5.45 5.26 5.61 5.35 5.12 5.31 5.53 5.4 5.69 5.58 5.65 5.46 5.42 5.42 5.29 5.68 65.46 0.0005 0.004 256 MobileNet
1.0 6.3 6.65 6.34 5.92 5.87 5.94 5.69 5.53 5.69 5.77 5.96 6.05 5.94 5.76 5.98 5.81 5.88 5.9 6.05 5.76 64.15 0.0005 0.003 256 MobileNet
1.0 7.07 7.33 6.65 6.4 6.26 6.53 6.52 5.98 6.36 5.96 6.5 6.41 6.3 6.34 5.99 6.16 6.3 6.35 6.53 6.32 61.54 0.0005 0.002 256 MobileNet
1.0 10.26 10.28 10.12 9.76 9.38 9.28 8.9 8.48 8.65 8.64 8.52 8.48 8.58 8.66 8.25 8.46 8.7 8.33 8.65 8.63 57.44 0.0005 0.001 256 MobileNet
1.0 3.18 2.83 2.98 3.11 3.18 2.82 3.03 3.12 3.04 3.07 3.02 3.24 3.01 3.21 3.04 2.94 2.88 2.89 2.84 2.91 87.78 0.0005 0.1 256 MobileNet
1.0 2.95 3.04 2.96 2.99 2.85 3.2 3.01 2.97 3.09 3.15 3.0 2.99 3.08 3.13 2.95 2.86 3.02 2.94 3.0 2.96 87.08 0.0005 0.09 256 MobileNet
1.0 3.03 3.08 3.39 2.92 3.0 2.85 2.9 3.04 2.89 3.05 2.97 3.0 2.97 3.14 2.87 2.88 2.76 2.76 2.77 2.69 87.04 0.0005 0.08 256 MobileNet
1.0 2.96 2.79 3.2 3.12 3.11 3.12 2.85 3.03 3.08 3.16 3.08 3.09 2.98 3.08 2.85 2.78 2.79 2.84 2.93 2.84 86.29 0.0005 0.07 256 MobileNet
