1.0 3.64 3.61 3.69 3.52 3.51 3.48 3.45 3.48 3.39 3.35 3.4 3.36 3.41 3.39 3.4 3.38 3.45 3.41 3.37 3.42 61.57 0.0005 0.01 1024 EfficientNetB0
1.0 3.51 3.33 3.4 3.37 3.28 3.24 3.22 3.23 3.23 3.21 3.29 3.2 3.22 3.23 3.26 3.3 3.31 3.28 3.23 3.29 68.43 0.0005 0.01 512 EfficientNetB0
1.0 2.9 2.89 2.92 2.79 2.76 2.72 2.73 2.72 2.91 2.52 2.61 2.58 2.63 2.63 2.71 2.62 2.66 2.66 2.68 2.66 78.44 0.0005 0.01 256 EfficientNetB0
1.0 2.79 2.73 2.88 2.78 2.7 2.59 2.7 2.67 2.51 2.53 2.62 2.67 2.67 2.68 2.65 2.62 2.58 2.66 2.69 2.64 82.51 0.0005 0.01 128 EfficientNetB0
1.0 2.95 3.12 2.84 2.79 2.83 2.84 2.87 2.83 2.83 2.84 2.84 2.83 2.87 2.91 2.9 2.87 2.86 2.86 2.83 2.89 76.86 0.0005 0.01 256 EfficientNetB0
1.0 3.65 3.71 3.62 3.62 3.63 3.61 3.62 3.58 3.55 3.6 3.6 3.6 3.56 3.57 3.53 3.59 3.53 3.56 3.5 3.58 59.97 0.0005 0.01 1024 EfficientNetB0
1.0 3.47 3.21 3.2 3.2 3.17 3.15 3.17 3.09 3.17 3.17 3.13 3.12 3.14 3.09 3.12 3.21 3.17 3.17 3.14 3.1 67.6 0.0005 0.01 512 EfficientNetB0
1.0 2.96 2.98 2.8 2.74 2.67 2.65 2.68 2.63 2.59 2.69 2.67 2.65 2.59 2.58 2.66 2.59 2.62 2.59 2.58 2.62 81.95 0.0005 0.01 128 EfficientNetB0
1.0 3.8 3.92 3.76 3.66 3.76 3.63 3.66 3.58 3.57 3.59 3.61 3.57 3.61 3.56 3.55 3.66 3.6 3.65 3.66 3.62 60.16 0.0005 0.01 1024 EfficientNetB0
1.0 2.72 2.7 2.64 2.94 2.6 2.43 2.73 2.55 2.6 2.57 2.68 2.53 2.7 2.67 2.59 2.67 2.63 2.61 2.69 2.63 84.33 0.0005 0.01 64 EfficientNetB0
1.0 3.28 3.39 3.31 3.25 3.25 3.27 3.31 3.33 3.32 3.3 3.28 3.27 3.27 3.24 3.25 3.27 3.22 3.32 3.24 3.21 68.83 0.0005 0.01 512 EfficientNetB0
1.0 2.7 2.65 2.64 2.84 2.68 2.72 2.85 2.64 2.7 2.71 2.79 2.69 2.68 2.65 2.68 2.69 2.66 2.66 2.69 2.67 84.53 0.0005 0.01 64 EfficientNetB0
1.0 2.82 3.0 2.88 2.87 2.78 2.72 2.6 2.72 2.7 2.68 2.65 2.59 2.56 2.62 2.55 2.59 2.61 2.53 2.55 2.6 82.37 0.0005 0.01 128 EfficientNetB0
1.0 3.02 3.08 2.93 2.9 2.98 3.1 3.1 3.09 3.1 2.91 2.9 2.79 2.8 2.8 2.85 2.81 2.88 2.85 2.82 2.83 77.1 0.0005 0.01 256 EfficientNetB0
1.01 4.09 4.3 3.89 3.89 4.0 3.91 4.04 3.93 3.98 4.09 4.04 4.12 4.12 4.07 4.11 3.92 4.13 4.14 4.01 4.03 77.58 0.0005 0.01 512 RegNetX_200MF
1.0 2.82 2.64 2.57 2.68 2.72 2.66 2.68 2.49 2.51 2.5 2.5 2.5 2.7 2.63 2.6 2.62 2.65 2.63 2.6 2.59 85.45 0.0005 0.01 32 EfficientNetB0
1.01 4.65 5.23 5.49 5.06 5.2 5.24 5.03 4.88 5.05 4.89 4.92 4.84 4.9 5.03 5.15 5.1 5.05 5.02 5.01 5.13 72.46 0.0005 0.01 1024 RegNetX_200MF
1.0 3.41 3.58 3.21 3.22 3.11 3.22 3.21 3.28 3.41 3.27 3.39 3.35 3.47 3.48 3.5 3.6 3.5 3.43 3.6 3.55 81.14 0.0005 0.01 256 RegNetX_200MF
1.0 4.13 4.11 3.65 3.62 3.66 3.73 3.66 3.78 3.79 3.67 3.81 3.58 3.68 3.81 3.81 3.83 3.87 3.91 3.79 3.89 76.34 0.0005 0.01 512 RegNetX_200MF
1.0 3.13 2.99 3.13 2.91 3.05 2.92 2.9 2.79 2.94 3.09 2.88 2.72 2.86 2.75 2.78 2.68 2.68 2.81 2.74 2.77 87.19 0.0005 0.01 128 RegNetX_200MF
1.0 2.86 2.82 2.74 2.79 2.79 2.75 2.85 2.71 2.83 2.65 2.79 2.79 2.73 2.8 2.71 2.82 2.85 2.78 2.81 2.85 85.73 0.0005 0.01 32 EfficientNetB0
1.0 2.79 2.7 2.54 2.77 2.71 2.55 2.64 2.6 2.56 2.62 2.5 2.51 2.58 2.54 2.59 2.57 2.6 2.54 2.66 2.53 84.49 0.0005 0.01 64 EfficientNetB0
1.57 4.51 4.62 5.0 4.84 4.8 5.18 5.18 5.09 5.08 5.02 4.94 5.04 4.89 4.96 4.87 4.95 4.85 4.86 4.93 5.02 72.97 0.0005 0.01 1024 RegNetX_200MF
1.0 2.95 2.86 2.92 2.78 2.85 2.74 2.86 2.69 2.88 2.68 2.71 2.7 2.79 2.64 2.51 2.59 2.54 2.58 2.65 2.63 88.9 0.0005 0.01 64 RegNetX_200MF
1.01 3.47 3.74 3.45 3.17 3.27 3.39 3.44 3.66 3.6 3.75 3.72 3.75 3.77 3.95 3.75 3.79 3.85 3.86 3.79 3.83 81.0 0.0005 0.01 256 RegNetX_200MF
1.01 3.22 2.87 3.12 2.99 3.08 3.03 3.2 3.18 3.24 3.03 3.06 2.82 2.8 2.71 2.78 2.8 2.75 2.82 2.75 2.75 87.44 0.0005 0.01 128 RegNetX_200MF
1.0 2.75 2.64 2.58 2.7 2.78 2.74 2.75 2.8 2.68 2.62 2.62 2.72 2.6 2.59 2.64 2.7 2.6 2.69 2.68 2.66 90.56 0.0005 0.01 32 RegNetX_200MF
1.57 3.27 3.2 3.33 3.25 3.2 3.29 3.39 3.3 3.47 3.47 3.47 3.54 3.57 3.36 3.63 3.52 3.58 3.56 3.52 3.64 81.64 0.0005 0.01 256 RegNetX_200MF
1.0 3.08 3.22 3.04 2.95 3.02 3.0 3.03 3.15 3.24 3.08 3.14 3.08 3.11 3.07 3.04 3.06 2.97 3.07 3.1 3.05 81.44 0.0005 0.01 512 SimpleDLA
1.0 3.81 3.79 3.83 3.9 3.92 3.91 3.86 3.99 3.98 3.9 3.97 3.93 3.78 3.75 3.88 3.86 3.81 3.85 3.78 3.72 76.54 0.0005 0.01 1024 SimpleDLA
1.57 4.12 3.87 3.76 3.85 3.77 3.73 3.78 3.66 3.73 3.8 3.95 3.98 3.89 3.88 3.69 4.02 3.96 3.95 3.98 3.95 77.26 0.0005 0.01 512 RegNetX_200MF
1.57 3.04 3.0 3.0 2.92 2.99 2.96 3.01 3.0 3.03 3.02 2.62 2.83 2.7 2.74 2.75 2.78 2.78 2.72 2.77 2.89 87.74 0.0005 0.01 128 RegNetX_200MF
1.0 2.79 2.58 2.63 2.58 2.69 2.62 2.52 2.64 2.63 2.73 2.58 2.7 2.72 2.71 2.73 2.68 2.66 2.56 2.6 2.61 85.81 0.0005 0.01 32 EfficientNetB0
1.01 2.87 2.89 2.78 3.0 2.94 2.97 2.95 2.87 2.81 2.79 2.87 2.73 2.78 2.79 2.91 2.9 2.81 2.89 2.89 2.93 89.15 0.0005 0.01 64 RegNetX_200MF
1.57 2.98 2.82 2.79 2.81 2.65 2.67 2.67 2.68 2.49 2.78 2.71 2.63 2.71 2.58 2.62 2.63 2.71 2.71 2.75 2.66 88.67 0.0005 0.01 64 RegNetX_200MF
1.0 2.83 2.74 2.8 2.85 2.81 2.8 2.75 2.75 2.81 2.91 2.84 2.85 2.87 2.88 2.9 2.84 2.9 2.93 2.92 2.95 84.32 0.0005 0.01 256 SimpleDLA
1.0 2.65 2.77 2.59 2.73 2.55 2.72 2.58 2.62 2.62 2.83 2.47 2.72 2.65 2.56 2.63 2.58 2.57 2.49 2.55 2.55 92.18 0.0005 0.01 16 RegNetX_200MF
1.0 2.9 3.19 3.19 3.18 3.14 3.12 3.11 3.09 3.18 3.26 3.23 3.22 3.16 3.14 3.2 3.12 3.17 3.12 3.17 3.17 82.34 0.0005 0.01 512 SimpleDLA
1.0 3.61 3.6 3.76 3.74 3.79 3.8 3.82 3.79 3.82 3.88 3.81 3.86 3.81 3.95 3.85 3.92 3.94 3.83 3.8 3.82 76.98 0.0005 0.01 1024 SimpleDLA
1.0 2.68 2.75 2.75 2.78 2.86 2.72 2.63 2.63 2.77 2.71 2.65 2.58 2.81 2.69 2.81 2.63 2.55 2.61 2.69 2.67 86.66 0.0005 0.01 16 EfficientNetB0
1.01 2.71 2.98 2.93 2.9 2.79 2.76 2.8 2.94 2.71 2.9 2.87 2.89 2.87 2.84 2.84 2.8 2.71 2.97 2.84 2.78 90.29 0.0005 0.01 32 RegNetX_200MF
1.57 2.63 2.58 2.63 2.81 2.78 2.77 2.69 2.66 2.49 2.66 2.78 2.6 2.69 2.57 2.65 2.64 2.72 2.6 2.67 2.65 90.91 0.0005 0.01 32 RegNetX_200MF
1.0 2.71 2.55 2.59 2.65 2.53 2.62 2.56 2.47 2.49 2.61 2.56 2.62 2.57 2.57 2.55 2.47 2.57 2.54 2.56 2.51 86.29 0.0005 0.01 16 EfficientNetB0
1.0 3.04 2.84 2.77 2.78 2.8 2.86 2.85 2.75 2.79 2.82 2.74 2.87 2.86 2.82 2.81 2.79 2.82 2.79 2.82 2.79 84.44 0.0005 0.01 256 SimpleDLA
1.0 2.73 2.91 2.63 2.88 2.96 2.86 2.8 2.81 2.8 2.97 2.95 2.82 2.8 2.87 2.69 2.6 2.65 2.64 2.67 2.68 88.09 0.0005 0.01 16 SimpleDLA
1.0 3.18 3.34 3.25 3.21 3.17 3.22 3.18 3.23 3.26 3.26 3.29 3.29 3.38 3.23 3.25 3.25 3.21 3.29 3.26 3.3 81.44 0.0005 0.01 512 SimpleDLA
1.0 2.92 2.94 2.82 2.81 2.83 2.79 2.7 2.71 2.7 2.75 2.69 2.71 2.64 2.68 2.75 2.67 2.72 2.66 2.72 2.68 87.58 0.0005 0.01 64 SimpleDLA
1.0 2.93 2.86 2.75 2.71 2.74 2.73 2.75 2.73 2.74 2.77 2.86 2.65 2.76 2.74 2.68 2.71 2.73 2.75 2.66 2.74 87.38 0.0005 0.01 128 SimpleDLA
1.0 2.83 2.99 2.62 2.79 2.73 2.8 2.68 2.75 2.74 2.75 2.74 2.72 2.77 2.75 2.85 2.77 2.79 2.73 2.78 2.74 87.51 0.0005 0.01 128 SimpleDLA
1.0 3.38 3.39 3.25 3.3 3.16 3.22 3.23 3.2 3.34 3.23 3.21 3.27 3.32 3.25 3.3 3.28 3.33 3.3 3.29 3.31 78.32 0.0005 0.01 1024 SimpleDLA
1.57 2.66 2.64 2.74 2.58 2.67 2.67 2.55 2.45 2.67 2.64 2.67 2.68 2.5 2.58 2.64 2.6 2.56 2.59 2.59 2.63 91.72 0.0005 0.01 16 RegNetX_200MF
1.0 3.04 2.86 2.89 2.8 2.84 2.8 2.91 2.85 2.89 2.83 2.86 2.84 2.81 2.95 2.97 2.92 2.91 2.92 2.93 2.85 83.77 0.0005 0.01 256 SimpleDLA
1.0 2.74 2.75 2.84 2.98 2.78 2.65 2.95 2.8 2.75 2.94 2.78 2.74 2.83 2.79 2.85 2.79 2.77 2.73 2.8 2.77 87.92 0.0005 0.01 64 SimpleDLA
1.0 2.67 2.64 2.72 2.71 2.66 2.64 2.69 2.66 2.68 2.6 2.64 2.69 2.68 2.62 2.63 2.76 2.67 2.58 2.57 2.56 86.64 0.0005 0.01 16 EfficientNetB0
1.0 2.7 2.85 2.83 2.71 2.93 2.72 2.59 2.72 2.6 2.67 2.71 2.73 2.64 2.77 2.63 2.73 2.55 2.63 2.62 2.66 88.13 0.0005 0.01 64 SimpleDLA
1.01 2.81 2.86 2.8 2.73 2.85 2.89 2.97 2.7 2.96 2.82 2.87 2.75 2.67 2.71 2.67 2.61 2.66 2.7 2.67 2.65 92.29 0.0005 0.01 16 RegNetX_200MF
1.01 2.82 2.96 2.63 2.92 2.58 2.69 2.8 2.86 2.8 2.55 2.67 2.68 2.71 2.66 2.78 2.66 2.66 2.56 2.57 2.58 92.71 0.0005 0.01 8 RegNetX_200MF
1.0 2.76 2.72 2.88 2.76 2.93 2.8 2.85 2.92 2.85 2.78 2.8 2.77 2.75 2.82 2.79 2.75 2.65 2.84 2.72 2.78 86.41 0.0005 0.01 128 SimpleDLA
1.0 2.74 2.84 2.81 2.97 2.81 2.77 2.62 2.75 2.7 2.86 2.87 2.64 2.65 2.67 2.64 2.64 2.68 2.72 2.69 2.71 89.05 0.0005 0.01 32 SimpleDLA
1.0 2.79 2.87 2.83 2.73 2.75 2.83 2.69 2.8 2.85 2.69 2.81 2.81 2.7 2.74 2.65 2.76 2.69 2.68 2.73 2.68 88.49 0.0005 0.01 32 SimpleDLA
1.0 2.79 3.0 2.89 2.96 3.02 2.91 2.82 2.92 2.86 2.79 2.89 2.67 2.9 2.74 2.79 2.84 2.74 2.76 2.72 2.7 88.15 0.0005 0.01 32 SimpleDLA
1.0 2.67 2.69 2.77 2.74 2.79 2.85 2.79 2.87 2.64 2.78 2.69 2.77 2.77 2.67 2.67 2.64 2.58 2.63 2.54 2.55 88.05 0.0005 0.01 16 SimpleDLA
1.0 2.7 2.78 2.88 2.88 2.85 2.99 2.9 2.83 2.76 2.72 2.72 2.57 2.67 2.86 2.63 2.69 2.68 2.71 2.74 2.71 87.99 0.0005 0.01 16 SimpleDLA
1.0 2.78 2.84 2.79 2.86 2.63 2.75 2.82 2.88 2.89 2.67 2.78 2.76 2.81 2.83 2.8 2.72 2.79 2.77 2.68 2.82 86.13 0.0005 0.01 8 EfficientNetB0
1.57 2.71 2.62 2.74 2.58 2.66 2.85 2.58 2.56 2.73 2.7 2.67 2.7 2.55 2.8 2.6 2.68 2.57 2.69 2.67 2.59 92.7 0.0005 0.01 8 RegNetX_200MF
1.0 2.79 2.72 2.66 2.58 2.55 2.51 2.77 2.69 2.65 2.67 2.53 2.56 2.5 2.55 2.65 2.61 2.69 2.65 2.67 2.61 85.1 0.0005 0.01 8 EfficientNetB0
1.0 2.7 2.58 2.7 2.84 2.8 2.83 2.7 2.59 2.56 2.69 2.56 2.61 2.53 2.69 2.5 2.65 2.61 2.51 2.62 2.69 92.34 0.0005 0.01 8 RegNetX_200MF
1.0 2.84 2.76 2.71 2.9 2.88 2.73 2.63 2.98 2.68 2.75 2.85 2.85 2.78 3.02 2.88 2.81 2.66 2.71 2.6 2.65 86.96 0.0005 0.01 8 SimpleDLA
1.0 2.72 2.59 2.7 2.91 2.71 2.68 2.6 2.59 2.72 2.88 2.6 2.66 2.66 2.57 2.66 2.73 2.67 2.62 2.61 2.57 84.34 0.0005 0.01 8 EfficientNetB0
1.0 2.71 2.72 2.85 2.68 2.83 2.67 2.89 2.77 2.72 2.75 2.9 2.76 2.67 2.71 2.77 2.87 2.68 2.71 2.67 2.76 87.33 0.0005 0.01 8 SimpleDLA
1.0 3.14 2.76 2.85 3.07 2.57 2.82 2.93 3.1 2.81 2.84 2.65 3.04 2.91 2.87 2.9 2.94 2.83 2.82 2.8 2.81 86.23 0.0005 0.01 8 SimpleDLA
