1.81 2.77 2.94 2.73 2.88 2.96 2.82 2.6 2.92 2.77 2.82 2.82 2.8 2.76 2.63 2.73 2.6 2.56 2.57 2.55 2.55 89.8 0.0005 0.1 256 DPN92
1.81 2.77 2.84 2.6 2.81 2.82 2.69 2.78 2.7 2.82 2.81 2.58 2.84 2.68 2.72 2.54 2.58 2.59 2.5 2.62 2.58 91.02 0.0005 0.09 256 DPN92
1.81 2.94 2.73 2.83 2.73 2.79 2.61 2.73 2.58 2.68 2.67 2.72 2.64 2.71 2.68 2.74 2.61 2.57 2.62 2.69 2.64 89.64 0.0005 0.08 256 DPN92
1.81 2.89 2.93 2.71 2.91 2.9 2.83 2.79 2.7 2.96 2.6 2.81 2.67 2.67 2.63 2.65 2.6 2.59 2.53 2.62 2.57 89.34 0.0005 0.07 256 DPN92
1.81 3.18 2.92 3.03 2.91 2.83 2.7 2.7 2.89 2.78 2.86 2.7 2.7 2.63 2.52 2.65 2.65 2.61 2.6 2.61 2.6 88.74 0.0005 0.06 256 DPN92
1.81 2.82 2.86 2.67 2.77 2.7 2.59 2.77 2.51 2.69 2.86 2.65 2.62 2.56 2.6 2.74 2.62 2.61 2.61 2.64 2.6 88.4 0.0005 0.05 256 DPN92
1.81 2.93 2.82 2.71 2.96 2.86 2.78 2.74 2.6 2.74 2.73 2.76 2.63 2.63 2.65 2.7 2.74 2.7 2.76 2.73 2.72 88.41 0.0005 0.04 256 DPN92
1.81 2.9 3.02 2.88 2.85 2.67 2.66 2.72 2.99 2.72 2.57 2.61 2.72 2.73 2.76 2.81 2.81 2.94 2.88 2.91 2.96 85.3 0.0005 0.03 256 DPN92
1.0 3.09 2.85 3.02 2.74 2.81 3.09 2.85 2.83 2.93 2.83 2.99 2.73 2.81 2.67 2.8 2.78 2.81 2.72 2.68 2.7 89.09 0.0005 0.07 256 DPN92
1.0 3.19 2.83 2.77 2.88 2.97 2.7 3.0 2.74 2.87 2.8 2.79 2.7 2.66 2.63 2.66 2.62 2.77 2.68 2.72 2.71 88.51 0.0005 0.06 256 DPN92
1.0 3.09 2.86 2.8 2.93 2.81 2.9 2.88 2.75 3.01 2.83 2.95 2.8 2.77 2.77 2.9 2.69 2.71 2.76 2.83 2.8 87.68 0.0005 0.05 256 DPN92
1.0 3.05 3.02 2.87 3.06 2.81 2.99 2.87 2.88 2.74 2.94 2.77 2.83 2.74 2.65 2.91 2.92 2.93 2.9 2.87 2.87 87.41 0.0005 0.04 256 DPN92
1.0 3.26 3.3 3.03 3.03 2.9 3.05 2.86 2.91 2.83 2.9 2.93 2.8 2.83 2.75 2.69 2.71 2.8 2.79 2.85 2.77 86.47 0.0005 0.03 256 DPN92
1.0 3.13 3.07 2.93 2.89 2.89 2.76 2.81 2.94 2.78 3.01 2.88 2.78 2.75 2.74 2.7 2.77 2.82 2.74 2.79 2.72 85.7 0.0005 0.02 256 DPN92
1.0 3.56 3.12 3.2 3.22 3.08 3.08 3.01 3.4 3.44 3.21 3.21 3.31 3.41 3.33 3.31 3.45 3.43 3.53 3.3 3.3 80.1 0.0005 0.01 256 DPN92
1.0 3.6 3.21 3.39 3.54 3.57 3.5 3.48 3.51 3.54 3.45 3.47 3.54 3.51 3.4 3.46 3.53 3.59 3.58 3.47 3.41 79.97 0.0005 0.009 256 DPN92
1.0 2.97 2.87 2.7 2.82 2.89 2.82 2.8 2.72 2.77 2.77 2.6 2.7 2.74 2.77 2.7 2.67 2.71 2.64 2.69 2.69 87.66 0.0005 0.04 256 DPN92
1.84 2.67 2.72 2.69 2.81 2.86 2.67 2.64 2.62 2.65 2.65 2.6 2.57 2.58 2.54 2.58 2.59 2.6 2.58 2.56 2.61 88.67 0.0005 0.1 256 SENet18
1.0 2.85 2.86 2.96 2.9 2.58 2.86 2.7 2.72 2.72 2.82 2.91 2.62 2.7 2.64 2.65 2.7 2.65 2.64 2.66 2.63 87.31 0.0005 0.03 256 DPN92
1.0 3.68 3.29 3.42 3.33 3.64 3.38 3.33 3.27 3.14 3.24 3.25 3.24 3.22 3.42 3.33 3.31 3.33 3.41 3.38 3.23 80.45 0.0005 0.008 256 DPN92
1.0 3.3 3.49 3.2 3.14 3.28 3.11 3.24 3.47 3.49 3.31 3.31 3.43 3.24 3.24 3.33 3.4 3.3 3.26 3.36 3.32 81.78 0.0005 0.01 256 DPN92
1.84 2.66 2.78 2.81 2.61 2.57 2.49 2.68 2.73 2.78 2.86 2.7 2.65 2.66 2.58 2.56 2.58 2.63 2.51 2.55 2.52 88.84 0.0005 0.09 256 SENet18
1.0 3.09 3.17 2.9 3.1 3.0 2.9 2.93 2.86 2.93 2.96 2.95 2.9 2.84 2.83 2.87 2.87 2.88 2.93 2.93 2.82 84.57 0.0005 0.02 256 DPN92
1.84 2.85 2.56 2.76 2.79 2.58 2.53 2.71 2.76 2.63 2.55 2.53 2.55 2.62 2.57 2.57 2.52 2.55 2.53 2.53 2.57 88.06 0.0005 0.07 256 SENet18
1.0 3.65 3.56 3.81 3.44 3.3 3.47 3.47 3.39 3.33 3.55 3.32 3.48 3.4 3.45 3.36 3.38 3.44 3.44 3.48 3.44 79.51 0.0005 0.007 256 DPN92
1.84 2.7 2.75 2.71 2.74 2.81 2.69 2.78 2.82 2.75 2.63 2.63 2.67 2.57 2.52 2.54 2.57 2.63 2.53 2.58 2.54 88.35 0.0005 0.08 256 SENet18
1.0 3.34 3.28 3.35 3.17 3.12 3.1 3.19 3.17 3.14 3.14 3.09 3.15 3.23 3.16 3.15 3.11 3.18 3.15 3.23 3.1 81.88 0.0005 0.009 256 DPN92
1.0 3.81 3.62 3.42 3.49 3.65 3.63 3.62 3.8 3.86 3.82 3.88 3.77 4.11 3.65 3.62 3.87 3.73 3.78 3.92 3.77 79.05 0.0005 0.006 256 DPN92
1.84 2.8 2.64 2.76 2.77 2.66 2.54 2.83 2.6 2.61 2.69 2.62 2.53 2.54 2.59 2.72 2.8 2.83 2.78 2.78 2.81 85.51 0.0005 0.06 256 SENet18
1.84 2.81 2.67 2.64 2.71 2.82 2.56 2.54 2.48 2.51 2.54 2.56 2.49 2.55 2.53 2.54 2.57 2.55 2.54 2.57 2.58 86.54 0.0005 0.04 256 SENet18
1.84 2.93 2.79 2.65 2.76 2.73 2.58 2.51 2.48 2.48 2.51 2.55 2.55 2.55 2.73 2.68 2.57 2.64 2.62 2.6 2.6 84.21 0.0005 0.05 256 SENet18
1.84 2.77 2.61 2.62 2.55 2.61 2.62 2.63 2.73 2.81 2.77 2.81 2.74 2.79 2.8 2.88 2.51 2.58 2.57 2.64 2.62 85.36 0.0005 0.02 256 SENet18
1.84 2.69 2.63 2.57 2.6 2.57 2.54 2.53 2.53 2.63 2.56 2.56 2.59 2.55 2.53 2.57 2.57 2.53 2.59 2.63 2.6 81.37 0.0005 0.01 256 SENet18
1.84 2.77 2.66 2.69 2.63 2.6 2.69 2.62 2.59 2.69 2.66 2.56 2.57 2.64 2.78 2.73 2.7 2.73 2.7 2.74 2.74 86.08 0.0005 0.03 256 SENet18
1.84 2.79 2.6 2.62 2.67 2.61 2.6 2.65 2.72 2.73 2.72 2.67 2.74 2.72 2.82 2.7 2.76 2.67 2.74 2.76 2.8 81.36 0.0005 0.009 256 SENet18
1.84 2.82 2.65 2.69 2.67 2.7 2.77 2.69 2.79 2.75 2.71 2.67 2.65 2.7 2.7 2.71 2.68 2.72 2.66 2.68 2.69 81.13 0.0005 0.008 256 SENet18
1.84 2.77 2.69 2.67 2.67 2.62 2.58 2.66 2.66 2.65 2.62 2.67 2.67 2.66 2.72 2.67 2.76 2.77 2.71 2.78 2.73 80.51 0.0005 0.007 256 SENet18
1.84 2.97 2.71 2.7 2.73 2.75 2.74 2.74 2.8 2.76 2.73 2.75 2.78 2.77 2.76 2.76 2.76 2.7 2.68 2.76 2.74 79.57 0.0005 0.006 256 SENet18
1.84 2.92 2.78 2.75 2.74 2.76 2.78 2.73 2.76 2.79 2.78 2.76 2.85 2.78 2.79 2.86 2.8 2.76 2.88 2.84 2.8 79.17 0.0005 0.005 256 SENet18
1.84 2.93 2.76 2.78 2.8 2.8 2.83 2.88 2.89 2.79 2.95 2.88 2.89 2.79 2.86 2.83 2.76 2.87 2.84 2.75 2.79 78.0 0.0005 0.004 256 SENet18
1.84 2.99 2.85 2.91 2.83 2.87 2.98 2.92 2.97 3.02 2.93 3.0 2.91 2.9 2.95 2.91 2.9 2.98 2.96 2.95 2.98 76.29 0.0005 0.003 256 SENet18
1.84 3.04 3.06 3.09 3.15 3.1 3.08 3.05 2.99 3.07 3.03 2.98 3.04 3.07 3.0 2.99 3.04 3.01 2.98 2.96 2.99 73.79 0.0005 0.002 256 SENet18
1.84 3.19 3.61 3.83 3.84 3.81 3.81 3.96 3.85 3.7 3.94 3.95 3.93 3.85 3.83 3.88 3.82 3.87 3.87 3.91 3.96 69.69 0.0005 0.001 256 SENet18
2.25 2.98 2.79 2.97 2.71 2.77 2.78 2.74 2.64 2.68 2.79 2.73 2.73 2.67 2.73 2.63 2.76 2.67 2.64 2.63 2.66 88.48 0.0005 0.09 256 SENet18
2.25 2.7 2.98 2.79 2.86 2.67 2.64 2.82 2.73 2.99 2.64 2.74 2.61 2.63 2.59 2.61 2.66 2.63 2.63 2.64 2.64 88.88 0.0005 0.08 256 SENet18
2.25 2.76 2.87 2.74 2.85 2.93 2.63 2.84 2.92 2.95 2.78 2.78 2.71 2.76 2.8 2.83 2.86 2.78 2.75 2.82 2.79 89.23 0.0005 0.1 256 SENet18
