1.0 1.0 2.17 3.02 2.94 2.91 2.8 2.9 2.89 2.82 3.08 2.96 2.86 2.94 2.83 2.97 2.88 2.85 2.89 2.9 2.85 94.84480639213275 1e-06 0.1 512 VGG19
1.0 1.06 1.06 1.01 1.0 1.0 1.01 1.04 2.04 4.01 3.13 3.25 2.99 2.98 2.98 3.15 3.05 3.02 3.06 3.07 3.09 93.98432698217579 1e-07 0.1 1024 VGG19
1.0 2.72 2.89 2.72 2.77 2.76 2.88 2.95 2.69 2.81 2.88 2.69 2.76 2.88 2.82 2.73 2.77 2.77 2.78 2.78 2.78 95.27120467117393 1e-05 0.01 1024 VGG19
1.0 1.04 1.0 1.0 1.02 1.0 1.02 1.01 1.12 1.49 3.42 3.0 2.82 2.9 2.8 2.9 2.99 2.93 3.04 2.96 2.94 94.16871542716656 1e-05 0.1 512 VGG19
1.0 2.62 2.92 2.79 2.96 2.83 2.89 2.84 2.91 2.85 2.76 2.78 2.8 2.69 2.79 2.71 2.81 2.77 2.82 2.81 2.8 95.34035033804548 1e-06 0.01 1024 VGG19
1.0 1.11 1.01 1.02 1.01 1.02 1.02 1.02 1.01 1.02 2.95 3.24 3.11 3.09 2.88 3.04 2.93 3.0 2.93 3.01 3.04 93.14689612784265 1e-06 0.1 1024 VGG19
1.0 1.07 1.01 1.04 1.0 1.08 1.03 1.02 1.0 1.0 1.0 1.0 1.0 1.0 1.0 1.0 1.0 1.0 1.0 1.0 1.0 19.587430854333128 1e-05 0.1 1024 VGG19
1.0 2.83 2.78 2.94 2.86 2.88 2.73 2.73 2.96 2.7 2.89 2.77 2.81 2.67 2.75 2.73 2.75 2.8 2.79 2.77 2.79 95.52473878303627 1e-05 0.01 512 VGG19
1.0 2.66 2.77 2.7 2.76 2.84 2.81 2.7 2.9 2.75 2.75 2.82 2.71 2.8 2.7 2.77 2.8 2.74 2.74 2.78 2.8 95.5439459127228 1e-07 0.01 512 VGG19
1.0 1.0 1.0 1.0 1.0 1.0 1.0 1.0 1.0 1.0 2.86 2.98 2.93 3.18 3.08 3.02 3.09 3.08 3.11 3.11 3.07 94.79870928088506 1e-07 0.1 256 VGG19
1.0 2.69 2.9 2.8 2.71 2.73 2.71 2.84 2.69 2.76 2.85 2.75 2.71 2.65 2.75 2.78 2.78 2.81 2.77 2.81 2.81 95.12907191149354 1e-07 0.01 1024 VGG19
1.0 1.0 2.94 2.95 2.87 2.79 2.67 2.84 2.96 2.93 2.79 2.96 2.86 2.9 2.98 2.98 2.85 2.8 2.84 2.83 2.79 95.35571604179471 1e-05 0.1 256 VGG19
1.0 1.0 1.0 1.0 1.0 1.0 1.0 1.0 1.0 1.0 1.0 1.0 1.0 1.0 1.0 1.0 1.0 1.0 1.0 1.0 1.0 19.587430854333128 1e-06 0.1 256 VGG19
1.0 1.0 3.17 3.02 2.91 3.03 2.81 2.88 2.92 2.86 3.06 2.95 2.9 2.9 3.04 2.86 3.09 2.97 2.99 2.96 3.04 94.5759065765212 1e-07 0.1 512 VGG19
1.0 2.93 2.91 3.04 2.76 2.89 2.86 2.95 2.88 2.99 2.85 2.87 3.02 2.91 2.96 2.91 2.9 2.8 2.84 2.89 2.91 93.39658881376766 1e-05 0.001 1024 VGG19
1.0 2.84 2.83 2.77 2.87 2.79 2.76 2.86 2.78 2.78 2.67 2.72 2.7 2.72 2.69 2.68 2.72 2.72 2.71 2.75 2.73 95.53242163491088 1e-07 0.01 256 VGG19
1.0 2.78 2.94 2.91 2.99 2.76 2.83 2.86 3.01 2.96 3.1 3.05 3.15 3.15 3.02 3.05 3.04 3.04 3.04 3.08 3.07 93.5041487400123 1e-07 0.001 1024 VGG19
1.0 2.8 2.93 2.92 2.82 2.84 2.88 2.92 2.94 3.0 2.88 2.88 2.94 2.85 2.91 3.04 2.91 2.91 2.98 2.9 2.92 94.13414259373079 1e-05 0.001 512 VGG19
1.0 2.79 2.89 2.85 2.89 2.77 2.84 2.92 2.8 2.94 2.81 3.0 2.95 2.9 2.81 2.91 2.86 2.91 2.92 2.91 2.91 93.24677320221267 1e-06 0.001 1024 VGG19
1.0 2.87 2.93 2.76 2.74 3.08 2.89 2.88 2.96 2.91 2.99 3.01 2.96 2.97 2.95 2.99 2.98 3.02 2.94 3.0 3.0 94.39535955746773 1e-07 0.001 512 VGG19
1.0 2.81 2.79 2.67 2.74 2.85 2.77 2.73 2.78 2.88 2.84 2.78 2.88 2.81 2.79 2.72 2.78 2.81 2.78 2.83 2.78 94.82944068838353 1e-05 0.001 256 VGG19
1.0 2.79 2.93 2.73 2.8 2.78 2.85 2.82 2.81 2.95 2.71 2.81 2.91 2.75 2.83 2.79 2.78 2.85 2.82 2.8 2.84 95.60156730178242 1e-06 0.01 512 VGG19
1.0 2.85 2.76 2.81 2.75 2.82 3.0 2.96 2.93 2.88 2.86 2.9 2.8 2.85 2.78 2.97 2.95 2.91 2.96 2.84 2.96 94.95236631837739 1e-06 0.001 256 VGG19
1.0 1.0 1.0 1.02 1.0 1.01 1.02 1.01 1.99 3.29 2.89 2.85 2.71 2.72 2.7 2.74 2.8 2.79 2.82 2.93 2.98 94.07652120467118 1e-05 0.1 1024 VGG19
1.0 1.0 1.02 1.07 3.1 2.8 3.02 2.71 2.75 2.91 2.77 2.72 2.94 2.87 2.85 2.85 2.86 2.81 2.89 2.83 2.87 94.46450522433928 1e-05 0.1 512 VGG19
1.0 2.88 2.8 2.9 2.8 2.89 2.82 2.89 2.94 2.97 2.75 2.78 2.82 2.91 2.87 2.87 2.83 2.9 2.81 2.85 2.88 94.89474492931777 1e-07 0.001 256 VGG19
1.0 2.82 2.81 2.83 2.88 2.68 2.79 2.88 2.87 2.87 2.74 2.74 2.79 2.75 2.77 2.73 2.73 2.76 2.72 2.7 2.72 95.78211432083589 1e-05 0.01 256 VGG19
1.0 2.76 2.76 2.85 2.78 2.86 2.87 2.72 2.75 2.85 2.86 2.84 2.8 2.8 2.81 2.85 2.81 2.74 2.8 2.78 2.79 95.48248309772588 1e-06 0.01 256 VGG19
1.0 1.05 1.0 1.0 1.0 1.0 1.0 1.0 1.0 1.0 1.0 1.0 1.0 1.0 1.0 1.0 1.0 1.0 1.0 1.0 1.0 19.587430854333128 1e-06 0.1 512 VGG19
1.0 1.01 1.0 1.0 3.19 2.84 2.72 2.68 2.67 2.84 2.77 2.68 2.89 2.96 2.82 2.86 2.95 2.95 2.94 2.94 2.97 94.63352796558083 1e-07 0.1 1024 VGG19
1.0 2.67 2.63 2.53 2.74 2.55 2.65 2.69 2.67 2.61 2.68 2.59 2.75 2.71 2.64 2.64 2.68 2.66 2.7 2.7 2.68 95.18669330055316 1e-07 0.01 1024 VGG19
1.0 2.93 2.84 2.88 2.82 2.94 2.8 2.92 2.99 2.7 2.86 2.99 2.94 2.82 2.95 2.81 2.91 2.88 2.93 2.87 2.88 94.39920098340504 1e-06 0.001 512 VGG19
1.0 1.0 1.0 1.0 1.0 1.0 1.0 1.0 1.0 1.0 1.0 1.0 1.0 1.0 1.0 1.0 1.0 1.0 1.0 1.0 1.0 19.587430854333128 1e-07 0.1 256 VGG19
1.0 2.56 2.68 2.83 2.71 2.66 2.64 2.74 2.76 2.83 2.78 2.77 2.68 2.67 2.67 2.59 2.66 2.66 2.63 2.64 2.69 95.21742470805162 1e-06 0.01 1024 VGG19
1.0 1.0 1.0 1.0 1.0 1.0 2.48 5.08 3.68 2.82 2.75 2.96 2.94 3.0 2.83 2.85 2.88 2.95 2.91 2.97 2.96 94.0381069452981 1e-06 0.1 1024 VGG19
