
1.0 1.12 1.05 1.07 1.07 1.06 1.06 1.07 1.07 1.08 1.07 1.05 1.08 1.08 1.07 1.08 1.07 1.08 1.08 1.09 1.08 83.86 1e-05 0.1 512 SimpleDLA
1.0 1.08 1.05 1.02 1.01 1.01 1.06 1.03 1.04 1.05 1.07 1.03 1.06 1.03 1.04 1.03 1.02 1.03 1.04 1.03 1.05 82.95 1e-06 0.1 1024 SimpleDLA
1.0 1.12 1.04 1.03 1.03 1.03 1.03 1.04 1.02 1.03 1.02 1.03 1.02 1.02 1.03 1.03 1.03 1.15 1.03 1.03 1.03 81.88 1e-05 0.1 1024 SimpleDLA
1.0 1.05 1.06 1.07 1.09 1.11 1.1 1.09 1.11 1.1 1.11 1.1 1.11 1.1 1.1 1.1 1.11 1.12 1.12 1.12 1.12 83.89 1e-07 0.1 256 SimpleDLA
1.0 1.11 1.12 1.11 1.11 1.1 1.13 1.12 1.1 1.12 1.1 1.13 1.1 1.1 1.1 1.1 1.11 1.11 1.1 1.09 1.1 84.0 1e-05 0.1 256 SimpleDLA
1.0 1.14 1.08 1.08 1.08 1.08 1.08 1.13 1.1 1.11 1.11 1.1 1.11 1.1 1.09 1.1 1.2 1.11 1.1 1.1 1.09 82.27 1e-07 0.1 1024 SimpleDLA
1.0 1.08 1.02 1.1 1.1 1.14 1.1 1.1 1.1 1.09 1.1 1.09 1.11 1.1 1.1 1.09 1.09 1.08 1.11 1.09 1.1 84.03 1e-06 0.1 512 SimpleDLA
1.0 1.05 1.04 1.03 1.05 1.05 1.06 1.07 1.05 1.06 1.05 1.07 1.07 1.05 1.04 1.05 1.05 1.05 1.05 1.05 1.06 83.28 1e-07 0.1 512 SimpleDLA
1.0 1.22 1.12 1.1 1.15 1.12 1.15 1.16 1.1 1.2 1.11 1.11 1.09 1.08 1.09 1.14 1.11 1.13 1.14 1.1 1.16 77.37 1e-05 0.01 1024 SimpleDLA
1.0 1.12 1.11 1.13 1.15 1.16 1.13 1.14 1.13 1.15 1.13 1.13 1.11 1.13 1.14 1.13 1.13 1.13 1.15 1.12 1.12 84.45 1e-06 0.1 256 SimpleDLA
1.0 1.14 1.07 1.06 1.06 1.08 1.07 1.08 1.07 1.07 1.07 1.08 1.08 1.08 1.08 1.08 1.08 1.08 1.07 1.08 1.07 76.61 1e-06 0.01 1024 SimpleDLA
1.0 1.23 1.1 1.1 1.26 1.11 1.13 1.1 1.13 1.17 1.17 1.18 1.19 1.12 1.12 1.13 1.15 1.19 1.13 1.12 1.14 77.53 1e-07 0.01 1024 SimpleDLA
1.0 1.25 1.34 1.48 1.41 1.42 1.43 1.45 1.65 1.43 1.45 1.58 1.67 1.42 1.5 1.45 1.51 1.44 1.55 1.52 1.5 63.91 1e-07 0.001 512 SimpleDLA
1.0 1.12 1.09 1.05 1.12 1.1 1.14 1.1 1.09 1.09 1.1 1.1 1.1 1.09 1.09 1.14 1.12 1.08 1.06 1.11 1.08 83.67 1e-07 0.01 256 SimpleDLA
1.0 1.08 1.04 1.07 1.1 1.06 1.08 1.08 1.06 1.08 1.08 1.06 1.08 1.05 1.08 1.07 1.09 1.08 1.08 1.08 1.08 82.96 1e-07 0.1 1024 SimpleDLA
1.0 1.02 1.1 1.07 1.08 1.07 1.13 1.09 1.07 1.08 1.07 1.09 1.07 1.21 1.07 1.08 1.11 1.07 1.07 1.06 1.09 81.35 1e-07 0.01 512 SimpleDLA
1.0 1.39 1.43 1.24 1.63 1.54 1.47 1.56 1.51 1.44 1.55 1.4 1.46 1.47 1.36 1.49 1.46 1.49 1.48 1.67 1.49 64.01 1e-05 0.001 512 SimpleDLA
1.0 1.19 1.13 1.06 1.15 1.09 1.08 1.09 1.09 1.09 1.08 1.07 1.17 1.09 1.07 1.23 1.11 1.22 1.17 1.12 1.11 78.15 1e-07 0.01 1024 SimpleDLA
1.0 1.17 1.12 1.09 1.1 1.12 1.13 1.11 1.12 1.14 1.1 1.14 1.12 1.11 1.13 1.12 1.09 1.12 1.11 1.13 1.09 81.79 1e-06 0.01 512 SimpleDLA
1.0 1.42 1.26 1.24 1.29 1.33 1.25 1.26 1.23 1.24 1.28 1.22 1.25 1.32 1.27 1.22 1.34 1.36 1.37 1.25 1.32 71.76 1e-05 0.001 256 SimpleDLA
1.0 1.11 1.1 1.03 1.04 1.06 1.04 1.06 1.03 1.04 1.04 1.06 1.05 1.07 1.05 1.04 1.04 1.05 1.04 1.06 1.04 82.82 1e-05 0.1 1024 SimpleDLA
1.0 1.09 1.08 1.08 1.07 1.06 1.09 1.07 1.07 1.07 1.08 1.12 1.08 1.09 1.13 1.07 1.08 1.07 1.09 1.07 1.07 83.31 1e-05 0.01 256 SimpleDLA
1.0 1.06 1.04 1.07 1.05 1.13 1.07 1.06 1.1 1.12 1.13 1.04 1.09 1.09 1.06 1.08 1.04 1.06 1.06 1.11 1.06 83.04 1e-06 0.01 256 SimpleDLA
1.0 1.21 1.26 1.14 1.23 1.13 1.18 1.15 1.19 1.17 1.15 1.18 1.25 1.23 1.28 1.25 1.22 1.15 1.12 1.18 1.23 72.79 1e-06 0.001 256 SimpleDLA
1.0 1.08 1.13 1.14 1.19 1.18 1.23 1.22 1.17 1.15 1.32 1.16 1.18 1.14 1.13 1.15 1.18 1.19 1.15 1.17 1.15 81.71 1e-05 0.01 512 SimpleDLA
1.0 1.05 1.14 1.11 1.12 1.17 1.16 1.12 1.14 1.13 1.18 1.16 1.18 1.15 1.17 1.1 1.13 1.13 1.11 1.12 1.13 83.95 1e-05 0.01 256 SimpleDLA
1.0 1.3 1.33 1.34 1.29 1.35 1.43 1.38 1.37 1.42 1.41 1.33 1.55 1.41 1.45 1.52 1.38 1.37 1.41 1.37 1.42 63.59 1e-06 0.001 512 SimpleDLA
1.0 1.2 1.23 1.11 1.16 1.24 1.15 1.27 1.16 1.18 1.15 1.19 1.22 1.28 1.18 1.13 1.3 1.17 1.21 1.22 1.32 73.0 1e-06 0.001 256 SimpleDLA
1.0 1.2 1.23 1.18 1.23 1.28 1.24 1.27 1.26 1.27 1.25 1.35 1.31 1.2 1.24 1.24 1.24 1.24 1.2 1.27 1.29 70.99 1e-07 0.001 256 SimpleDLA
1.0 1.05 1.06 1.02 1.06 1.05 1.06 1.07 1.06 1.04 1.05 1.12 1.06 1.06 1.05 1.06 1.06 1.04 1.05 1.07 1.08 83.75 1e-06 0.1 256 SimpleDLA
1.0 1.07 1.05 1.04 1.03 1.07 1.03 1.05 1.05 1.07 1.06 1.06 1.06 1.05 1.06 1.06 1.06 1.07 1.06 1.06 1.05 84.17 1e-05 0.1 256 SimpleDLA
1.0 1.02 1.04 1.07 1.04 1.03 1.09 1.1 1.06 1.07 1.08 1.08 1.14 1.06 1.09 1.03 1.08 1.03 1.02 1.03 1.05 81.96 1e-05 0.01 512 SimpleDLA
1.0 1.05 1.13 1.04 1.07 1.07 1.09 1.09 1.06 1.08 1.08 1.08 1.09 1.06 1.08 1.06 1.06 1.07 1.05 1.06 1.07 84.04 1e-07 0.1 256 SimpleDLA
1.0 1.11 1.02 1.04 1.03 1.03 1.02 1.03 1.03 1.03 1.03 1.02 1.03 1.02 1.04 1.03 1.03 1.02 1.04 1.03 1.06 83.94 1e-06 0.01 256 SimpleDLA
1.0 1.1 1.05 1.07 1.09 1.07 1.05 1.07 1.04 1.05 1.06 1.04 1.07 1.05 1.05 1.08 1.05 1.05 1.13 1.09 1.05 80.89 1e-07 0.01 512 SimpleDLA
1.0 1.06 1.01 1.03 1.07 1.03 1.02 1.03 1.02 1.05 1.02 1.01 1.02 1.04 1.04 1.05 1.02 1.05 1.02 1.02 1.05 83.28 1e-05 0.01 256 SimpleDLA
1.0 1.17 1.09 1.17 1.1 1.07 1.08 1.16 1.12 1.07 1.08 1.08 1.1 1.05 1.06 1.08 1.06 1.05 1.08 1.07 1.08 82.25 1e-06 0.01 512 SimpleDLA
1.0 1.17 1.02 1.02 1.02 1.03 1.03 1.01 1.02 1.02 1.02 1.03 1.02 1.01 1.04 1.02 1.01 1.02 1.02 1.02 1.01 83.92 1e-07 0.01 256 SimpleDLA
1.0 1.21 1.42 1.15 1.14 1.16 1.26 1.3 1.16 1.19 1.19 1.11 1.18 1.15 1.25 1.24 1.19 1.2 1.13 1.26 1.22 71.81 1e-05 0.001 256 SimpleDLA
1.0 1.12 1.08 1.1 1.11 1.07 1.07 1.08 1.1 1.1 1.07 1.07 1.12 1.14 1.09 1.12 1.11 1.11 1.18 1.09 1.15 83.57 1e-07 0.01 256 SimpleDLA
1.0 1.21 1.16 1.18 1.12 1.17 1.23 1.2 1.1 1.17 1.24 1.16 1.11 1.2 1.16 1.2 1.15 1.09 1.34 1.42 1.23 72.84 1e-07 0.001 256 SimpleDLA
1.0 1.08 1.14 1.13 1.11 1.09 1.06 1.08 1.08 1.07 1.11 1.08 1.07 1.06 1.08 1.07 1.06 1.06 1.1 1.06 1.07 81.3 1e-06 0.01 512 SimpleDLA
1.0 1.17 1.08 1.1 1.14 1.13 1.13 1.14 1.12 1.12 1.14 1.12 1.13 1.13 1.15 1.15 1.14 1.13 1.09 1.13 1.13 80.0 1e-05 0.01 512 SimpleDLA
1.0 1.09 1.06 1.07 1.05 1.05 1.07 1.07 1.06 1.1 1.12 1.12 1.06 1.07 1.08 1.1 1.09 1.05 1.06 1.04 1.1 84.47 1e-05 0.1 256 SimpleDLA
1.0 1.22 1.3 1.12 1.24 1.2 1.22 1.18 1.17 1.12 1.13 1.16 1.22 1.11 1.14 1.19 1.14 1.18 1.14 1.16 1.12 74.42 1e-05 0.001 256 SimpleDLA
1.0 1.14 1.22 1.27 1.34 1.26 1.34 1.25 1.54 1.27 1.27 1.29 1.25 1.43 1.32 1.27 1.31 1.31 1.34 1.36 1.33 72.66 1e-06 0.001 256 SimpleDLA
1.0 1.1 1.21 1.16 1.13 1.15 1.12 1.1 1.09 1.1 1.16 1.12 1.1 1.15 1.22 1.07 1.17 1.1 1.1 1.09 1.11 73.82 1e-07 0.001 256 SimpleDLA
