1.0 1.0 1.1 1.07 2.09 3.24 2.89 2.86 2.77 2.83 2.97 3.03 2.92 3.07 3.06 3.09 3.08 3.04 3.05 3.06 3.07 94.80255070682237 1e-05 0.1 1024 RegNetX_200MF
1.0 1.03 1.22 3.19 3.18 2.81 2.93 3.07 2.97 2.87 3.05 2.97 3.08 3.05 3.11 3.11 3.18 3.06 3.04 3.05 3.03 94.82175783650891 1e-06 0.1 1024 RegNetX_200MF
1.0 1.41 2.79 2.86 2.9 2.84 2.92 2.92 2.86 2.97 2.87 2.86 2.95 2.91 2.74 2.88 2.77 2.9 2.68 2.76 2.74 95.6860786724032 1e-05 0.1 256 RegNetX_200MF
1.0 1.0 1.0 1.0 1.0 1.0 1.0 1.0 1.0 2.83 2.76 2.85 2.8 2.91 2.91 2.92 2.9 2.92 3.1 2.97 3.09 94.93700061462815 1e-06 0.1 256 RegNetX_200MF
1.0 1.33 3.02 2.84 2.86 2.97 3.05 2.88 2.96 2.89 2.9 2.87 2.75 2.87 2.73 2.72 2.73 2.82 2.76 2.73 2.76 95.51705593116165 1e-05 0.1 512 RegNetX_200MF
1.0 3.15 2.82 2.96 2.74 2.91 3.01 3.01 3.06 2.95 2.84 2.92 3.02 2.93 2.91 2.99 2.9 2.92 2.97 2.96 2.96 95.68992009834051 1e-07 0.1 256 RegNetX_200MF
1.0 3.12 3.16 2.97 2.88 2.94 3.03 3.08 2.89 2.99 2.97 2.97 2.95 3.01 2.83 3.07 2.88 3.01 2.92 2.95 2.93 95.66303011677935 1e-06 0.1 512 RegNetX_200MF
1.0 3.0 2.88 3.03 2.88 2.89 2.97 3.04 3.15 3.09 3.07 3.02 3.06 3.13 3.0 2.99 3.07 2.98 3.07 3.06 3.03 95.03687768899816 1e-06 0.01 512 RegNetX_200MF
1.0 1.0 3.21 3.04 2.86 2.83 2.83 3.0 2.93 2.83 2.96 2.89 2.94 2.83 2.98 2.91 2.99 2.93 2.84 2.87 2.93 95.71296865396435 1e-07 0.1 512 RegNetX_200MF
1.0 2.99 2.91 2.85 3.01 2.97 3.03 3.01 3.07 2.83 2.97 3.01 3.2 3.08 2.92 2.95 3.01 2.95 3.0 2.94 2.99 95.04071911493547 1e-05 0.01 512 RegNetX_200MF
1.0 2.86 2.82 2.96 3.01 3.09 3.03 2.98 3.14 2.94 2.96 2.97 2.95 2.83 2.85 2.93 2.86 2.84 2.93 2.97 2.92 95.23279041180086 1e-07 0.01 512 RegNetX_200MF
1.0 3.34 2.6 2.6 2.77 2.85 2.8 2.94 2.93 2.99 2.99 2.82 2.91 2.79 2.77 2.84 2.77 2.84 2.86 2.83 2.87 95.92424708051628 1e-06 0.1 256 RegNetX_200MF
1.0 1.0 2.89 2.68 2.85 2.69 2.75 2.8 2.8 2.81 2.8 2.66 2.71 2.64 2.66 2.7 2.68 2.62 2.64 2.67 2.68 95.57467732022127 1e-07 0.1 256 RegNetX_200MF
1.0 3.65 3.2 3.13 3.04 3.04 3.11 2.93 3.12 3.12 2.98 3.06 3.2 3.15 3.18 3.25 3.27 3.17 3.17 3.17 3.15 93.50030731407499 1e-05 0.001 512 RegNetX_200MF
1.0 3.42 3.08 3.06 3.22 3.02 2.97 3.21 3.05 3.06 3.23 2.96 3.09 3.17 3.11 3.23 3.13 3.13 3.09 3.13 3.07 93.52335586969883 1e-05 0.001 256 RegNetX_200MF
1.0 3.88 3.27 3.06 3.19 3.13 3.19 3.0 2.95 3.03 3.0 3.03 3.02 3.11 3.07 3.09 3.08 3.1 3.01 3.19 3.03 93.25061462814998 1e-06 0.001 512 RegNetX_200MF
1.0 3.48 2.87 3.06 2.92 3.02 3.0 2.89 3.23 3.21 3.26 2.97 3.12 2.96 3.05 2.99 3.19 3.03 3.18 3.1 3.19 93.53103872157345 1e-06 0.001 256 RegNetX_200MF
1.0 3.0 2.72 2.76 2.71 2.82 2.79 2.93 2.77 2.8 2.85 2.84 2.79 2.78 2.78 2.75 2.7 2.63 2.67 2.62 2.63 95.57083589428396 1e-05 0.1 512 RegNetX_200MF
1.0 3.16 2.92 2.66 2.99 2.83 2.81 2.81 2.76 2.8 2.85 2.79 2.82 2.87 2.82 2.75 2.91 2.8 2.89 2.83 2.81 95.78979717271051 1e-05 0.1 256 RegNetX_200MF
1.11 2.88 2.81 2.82 2.73 2.78 2.95 2.89 2.93 2.92 2.84 2.88 2.9 2.88 2.86 2.88 2.82 2.86 2.76 2.78 2.8 95.47480024585126 1e-05 0.01 256 RegNetX_200MF
1.0 2.81 2.95 2.81 2.8 2.98 2.91 2.93 2.88 2.78 2.9 2.9 2.95 2.92 2.81 2.89 2.85 2.83 2.86 2.87 2.86 95.39028887523048 1e-05 0.01 256 RegNetX_200MF
1.0 3.29 2.93 2.82 2.88 2.9 2.99 2.83 2.99 2.98 3.3 3.04 3.09 3.03 3.16 3.07 3.07 3.0 3.06 3.02 3.19 93.56561155500921 1e-05 0.001 256 RegNetX_200MF
1.0 2.87 2.81 2.78 2.94 2.73 2.76 2.75 2.89 2.79 2.87 2.71 2.73 2.79 2.72 2.67 2.72 2.72 2.73 2.7 2.74 95.43638598647819 1e-06 0.01 256 RegNetX_200MF
1.0 2.77 3.03 2.94 2.93 3.03 3.02 2.95 2.94 3.03 2.8 2.86 2.83 2.85 2.81 2.9 2.77 2.91 2.82 2.85 2.84 95.68223724646589 1e-05 0.01 256 RegNetX_200MF
1.0 3.03 3.02 3.03 3.05 3.06 3.0 3.09 2.99 3.03 3.03 2.9 2.97 2.98 2.91 2.94 3.06 2.95 2.98 3.0 3.07 95.40949600491703 1e-07 0.01 256 RegNetX_200MF
1.0 2.92 2.85 2.73 2.95 2.95 3.06 2.87 3.03 2.92 3.0 2.94 3.0 2.92 2.98 2.9 2.91 2.89 2.98 2.99 2.92 95.71681007990166 1e-06 0.01 256 RegNetX_200MF
1.0 4.14 3.46 3.05 3.17 3.11 3.21 2.98 3.21 3.15 3.32 3.22 3.31 3.21 3.28 3.3 3.21 3.24 3.3 3.21 3.21 92.98171481253841 1e-07 0.001 512 RegNetX_200MF
1.0 3.27 3.04 2.87 2.94 2.8 3.03 3.12 3.12 3.12 3.16 3.09 3.07 3.09 3.09 3.23 3.04 3.16 3.09 3.06 3.04 93.77304855562384 1e-07 0.001 256 RegNetX_200MF
1.11 1.0 1.0 3.13 2.9 2.77 2.77 2.81 2.87 2.9 2.89 2.76 2.93 2.93 2.79 2.87 2.84 2.83 2.86 2.86 2.85 95.99723417332514 1e-05 0.1 256 RegNetX_200MF
1.11 5.35 3.69 3.23 3.09 2.92 3.03 3.03 2.99 3.02 2.95 2.99 3.0 3.07 3.17 3.22 3.14 3.17 3.19 3.13 3.07 93.36585740626921 1e-05 0.001 512 RegNetX_200MF
1.11 4.66 3.46 2.94 2.97 2.94 2.9 2.94 2.98 3.16 2.99 3.12 3.14 3.07 3.03 3.13 3.04 3.1 3.1 3.2 3.12 93.30439459127228 1e-06 0.001 512 RegNetX_200MF
1.11 3.01 3.03 2.88 2.99 2.87 3.08 2.87 2.99 2.98 2.87 3.06 2.97 3.0 2.9 2.93 2.93 2.85 2.94 2.96 2.9 95.16364474492931 1e-05 0.01 512 RegNetX_200MF
1.11 3.45 3.08 2.85 3.1 3.02 2.93 3.15 3.14 2.94 3.39 3.01 3.08 3.27 3.18 3.19 3.06 3.09 3.06 3.06 3.04 93.76920712968654 1e-05 0.001 256 RegNetX_200MF
1.11 2.79 2.92 2.75 2.89 2.88 2.92 3.09 2.88 2.89 2.89 2.86 2.76 2.89 2.87 2.83 2.79 2.78 2.88 2.8 2.93 95.55931161647203 1e-07 0.01 256 RegNetX_200MF
