1.0 1.22 1.19 1.13 1.2 1.15 1.17 1.17 1.17 1.22 1.24 1.2 1.18 1.17 1.18 1.17 1.18 1.19 1.2 1.18 1.18 85.36 1e-05 0.1 256 VGG19
1.0 1.26 1.19 1.17 1.23 1.17 1.14 1.18 1.19 1.15 1.15 1.15 1.15 1.19 1.22 1.2 1.19 1.22 1.19 1.2 1.18 85.41 1e-06 0.1 256 VGG19
1.0 1.19 1.24 1.15 1.24 1.2 1.2 1.26 1.18 1.16 1.26 1.22 1.24 1.24 1.2 1.22 1.25 1.22 1.23 1.22 1.26 84.97 1e-07 0.1 256 VGG19
1.0 1.12 1.17 1.18 1.21 1.14 1.25 1.21 1.12 1.12 1.16 1.15 1.14 1.14 1.13 1.14 1.13 1.15 1.14 1.13 1.14 84.37 1e-05 0.1 512 VGG19
1.0 1.02 1.27 1.14 1.27 1.24 1.22 1.21 1.13 1.13 1.2 1.15 1.15 1.16 1.15 1.14 1.13 1.15 1.12 1.15 1.13 84.47 1e-06 0.1 512 VGG19
1.0 1.06 1.26 1.12 1.18 1.14 1.17 1.22 1.26 1.21 1.18 1.19 1.22 1.2 1.23 1.22 1.21 1.18 1.2 1.22 1.16 84.76 1e-07 0.1 512 VGG19
1.0 1.05 1.25 1.22 1.22 1.16 1.21 1.24 1.18 1.14 1.13 1.12 1.16 1.16 1.17 1.16 1.15 1.15 1.16 1.15 1.16 82.02 1e-05 0.1 1024 VGG19
1.0 1.07 1.25 1.21 1.19 1.26 1.24 1.13 1.21 1.14 1.19 1.15 1.17 1.25 1.25 1.26 1.28 1.24 1.26 1.26 1.25 83.77 1e-06 0.1 1024 VGG19
1.0 1.04 1.18 1.14 1.25 1.21 1.31 1.21 1.21 1.17 1.2 1.15 1.15 1.14 1.13 1.17 1.16 1.16 1.14 1.14 1.15 81.24 1e-07 0.1 1024 VGG19
1.0 1.1 1.13 1.08 1.11 1.1 1.11 1.12 1.13 1.11 1.13 1.1 1.12 1.11 1.1 1.11 1.12 1.12 1.11 1.1 1.12 86.25 1e-05 0.01 256 VGG19
1.0 1.11 1.08 1.13 1.08 1.06 1.07 1.08 1.1 1.09 1.05 1.06 1.08 1.06 1.06 1.06 1.05 1.12 1.09 1.06 1.08 86.38 1e-06 0.01 256 VGG19
1.0 1.11 1.13 1.04 1.08 1.08 1.09 1.08 1.08 1.09 1.08 1.09 1.1 1.09 1.08 1.09 1.1 1.09 1.11 1.08 1.09 86.51 1e-07 0.01 256 VGG19
1.0 1.2 1.12 1.09 1.09 1.09 1.09 1.09 1.08 1.07 1.08 1.08 1.08 1.08 1.08 1.08 1.08 1.07 1.07 1.07 1.08 84.97 1e-05 0.01 512 VGG19
1.0 1.19 1.09 1.09 1.12 1.12 1.11 1.1 1.12 1.1 1.11 1.1 1.1 1.1 1.11 1.1 1.12 1.11 1.1 1.11 1.11 84.78 1e-06 0.01 512 VGG19
1.0 1.16 1.08 1.16 1.08 1.13 1.11 1.1 1.13 1.1 1.16 1.1 1.12 1.13 1.12 1.1 1.12 1.13 1.12 1.1 1.1 85.06 1e-07 0.01 512 VGG19
1.0 1.09 1.1 1.14 1.13 1.14 1.14 1.15 1.15 1.16 1.16 1.16 1.16 1.16 1.14 1.17 1.16 1.14 1.16 1.16 1.16 82.24 1e-05 0.01 1024 VGG19
1.0 1.08 1.08 1.09 1.09 1.12 1.11 1.1 1.12 1.12 1.11 1.1 1.12 1.12 1.11 1.13 1.12 1.12 1.12 1.12 1.11 82.14 1e-06 0.01 1024 VGG19
1.0 1.11 1.11 1.08 1.08 1.09 1.11 1.11 1.1 1.07 1.11 1.09 1.09 1.1 1.11 1.1 1.11 1.1 1.11 1.1 1.1 82.35 1e-07 0.01 1024 VGG19
1.0 1.17 1.12 1.13 1.16 1.13 1.15 1.15 1.2 1.2 1.14 1.17 1.17 1.14 1.16 1.17 1.13 1.14 1.15 1.19 1.14 77.98 1e-05 0.001 256 VGG19
1.0 1.26 1.23 1.23 1.29 1.25 1.22 1.23 1.24 1.23 1.23 1.24 1.21 1.23 1.2 1.23 1.26 1.21 1.24 1.27 1.23 78.05 1e-06 0.001 256 VGG19
1.0 1.2 1.12 1.11 1.15 1.11 1.1 1.1 1.1 1.11 1.11 1.15 1.09 1.12 1.09 1.11 1.11 1.11 1.12 1.13 1.14 77.79 1e-07 0.001 256 VGG19
1.0 1.37 1.22 1.2 1.18 1.22 1.25 1.21 1.2 1.23 1.2 1.22 1.19 1.23 1.2 1.2 1.2 1.22 1.18 1.25 1.18 73.18 1e-05 0.001 512 VGG19
1.0 1.23 1.28 1.26 1.27 1.26 1.3 1.31 1.3 1.3 1.3 1.31 1.31 1.31 1.28 1.3 1.31 1.3 1.27 1.34 1.29 73.46 1e-06 0.001 512 VGG19
1.0 1.39 1.25 1.23 1.24 1.24 1.23 1.23 1.21 1.21 1.19 1.2 1.21 1.24 1.2 1.26 1.22 1.24 1.21 1.24 1.21 72.39 1e-07 0.001 512 VGG19
1.0 1.41 1.53 1.49 1.51 1.45 1.49 1.46 1.48 1.46 1.49 1.47 1.5 1.49 1.48 1.44 1.49 1.52 1.48 1.47 1.52 66.25 1e-05 0.001 1024 VGG19
1.0 1.57 1.63 1.68 1.69 1.66 1.64 1.66 1.58 1.69 1.67 1.66 1.66 1.63 1.61 1.64 1.64 1.64 1.64 1.64 1.69 66.28 1e-06 0.001 1024 VGG19
1.0 1.64 1.64 1.61 1.66 1.59 1.67 1.57 1.63 1.65 1.63 1.69 1.65 1.62 1.64 1.67 1.71 1.68 1.68 1.67 1.65 66.99 1e-07 0.001 1024 VGG19
1.0 1.15 1.09 1.16 1.12 1.12 1.13 1.1 1.09 1.14 1.11 1.09 1.12 1.14 1.13 1.15 1.17 1.14 1.16 1.16 1.17 86.29 1e-05 0.1 256 VGG19
1.0 1.18 1.17 1.16 1.17 1.09 1.06 1.07 1.11 1.13 1.09 1.1 1.1 1.11 1.1 1.09 1.09 1.13 1.11 1.11 1.11 86.65 1e-06 0.1 256 VGG19
1.0 1.12 1.09 1.2 1.19 1.16 1.17 1.14 1.13 1.18 1.17 1.22 1.18 1.2 1.18 1.15 1.15 1.18 1.16 1.17 1.17 87.09 1e-07 0.1 256 VGG19
1.0 1.17 1.23 1.28 1.2 1.29 1.18 1.26 1.17 1.25 1.23 1.23 1.2 1.19 1.2 1.19 1.2 1.2 1.21 1.22 1.2 84.18 1e-05 0.1 512 VGG19
1.0 1.11 1.18 1.21 1.35 1.25 1.26 1.25 1.23 1.22 1.27 1.22 1.27 1.25 1.25 1.24 1.28 1.21 1.26 1.28 1.22 82.82 1e-06 0.1 512 VGG19
1.0 1.06 1.24 1.13 1.13 1.17 1.12 1.17 1.1 1.11 1.11 1.12 1.11 1.12 1.09 1.12 1.11 1.1 1.1 1.12 1.11 84.33 1e-07 0.1 512 VGG19
1.0 1.02 1.21 1.2 1.27 1.2 1.2 1.41 1.26 1.21 1.24 1.2 1.2 1.18 1.19 1.19 1.21 1.21 1.18 1.2 1.21 83.24 1e-05 0.1 1024 VGG19
1.0 1.02 1.2 1.16 1.16 1.16 1.2 1.18 1.17 1.15 1.13 1.2 1.13 1.15 1.12 1.16 1.17 1.15 1.16 1.15 1.14 84.71 1e-06 0.1 1024 VGG19
1.0 1.02 1.2 1.13 1.24 1.23 1.21 1.13 1.14 1.16 1.14 1.13 1.14 1.14 1.14 1.13 1.14 1.15 1.16 1.15 1.16 84.26 1e-07 0.1 1024 VGG19
1.0 1.07 1.08 1.1 1.08 1.08 1.08 1.09 1.08 1.09 1.12 1.12 1.1 1.08 1.11 1.09 1.09 1.1 1.12 1.09 1.1 86.49 1e-05 0.01 256 VGG19
1.0 1.06 1.07 1.11 1.09 1.07 1.06 1.08 1.07 1.06 1.07 1.07 1.07 1.04 1.06 1.07 1.07 1.07 1.07 1.08 1.07 86.56 1e-06 0.01 256 VGG19
1.0 1.07 1.07 1.1 1.06 1.16 1.11 1.12 1.11 1.11 1.13 1.14 1.1 1.13 1.12 1.14 1.11 1.12 1.11 1.1 1.1 86.81 1e-07 0.01 256 VGG19
1.0 1.09 1.07 1.07 1.05 1.05 1.07 1.06 1.06 1.06 1.06 1.06 1.07 1.07 1.07 1.07 1.07 1.07 1.07 1.08 1.05 85.07 1e-05 0.01 512 VGG19
1.0 1.12 1.1 1.14 1.11 1.13 1.12 1.12 1.11 1.12 1.1 1.09 1.1 1.11 1.13 1.1 1.13 1.13 1.13 1.14 1.09 85.29 1e-06 0.01 512 VGG19
1.0 1.07 1.07 1.12 1.08 1.06 1.04 1.06 1.04 1.05 1.05 1.06 1.05 1.05 1.04 1.05 1.07 1.06 1.06 1.08 1.06 84.75 1e-07 0.01 512 VGG19
1.0 1.12 1.12 1.11 1.1 1.09 1.1 1.09 1.1 1.11 1.1 1.1 1.11 1.1 1.1 1.12 1.1 1.11 1.1 1.1 1.12 82.11 1e-05 0.01 1024 VGG19
1.0 1.11 1.14 1.06 1.05 1.06 1.08 1.06 1.06 1.07 1.1 1.09 1.08 1.1 1.09 1.1 1.09 1.1 1.08 1.1 1.08 81.7 1e-06 0.01 1024 VGG19
1.0 1.11 1.09 1.06 1.07 1.06 1.06 1.06 1.06 1.06 1.06 1.06 1.05 1.05 1.06 1.05 1.07 1.04 1.06 1.06 1.05 82.13 1e-07 0.01 1024 VGG19
1.0 1.18 1.17 1.12 1.09 1.11 1.14 1.09 1.07 1.14 1.1 1.09 1.09 1.11 1.08 1.08 1.11 1.08 1.06 1.06 1.06 78.18 1e-05 0.001 256 VGG19
1.0 1.12 1.14 1.14 1.13 1.16 1.14 1.13 1.12 1.18 1.15 1.15 1.16 1.19 1.13 1.15 1.14 1.18 1.16 1.14 1.17 78.44 1e-06 0.001 256 VGG19
1.0 1.23 1.17 1.17 1.14 1.17 1.15 1.18 1.17 1.15 1.17 1.15 1.14 1.16 1.14 1.19 1.17 1.13 1.15 1.16 1.13 78.32 1e-07 0.001 256 VGG19
1.0 1.28 1.19 1.15 1.18 1.18 1.18 1.18 1.2 1.17 1.19 1.17 1.17 1.18 1.17 1.17 1.18 1.19 1.18 1.17 1.17 72.25 1e-05 0.001 512 VGG19
1.0 1.3 1.35 1.37 1.38 1.31 1.32 1.29 1.31 1.29 1.28 1.3 1.28 1.32 1.28 1.28 1.29 1.29 1.27 1.33 1.31 73.3 1e-06 0.001 512 VGG19
1.0 1.28 1.2 1.18 1.2 1.17 1.17 1.2 1.23 1.17 1.22 1.18 1.21 1.18 1.19 1.2 1.19 1.2 1.2 1.18 1.18 72.77 1e-07 0.001 512 VGG19
1.0 1.38 1.36 1.36 1.36 1.36 1.35 1.36 1.33 1.35 1.38 1.34 1.35 1.38 1.4 1.34 1.35 1.35 1.35 1.37 1.36 66.15 1e-05 0.001 1024 VGG19
1.0 1.52 1.46 1.46 1.45 1.41 1.43 1.39 1.41 1.37 1.36 1.36 1.39 1.41 1.38 1.38 1.35 1.35 1.4 1.42 1.35 64.79 1e-06 0.001 1024 VGG19
1.0 1.44 1.51 1.54 1.52 1.47 1.53 1.51 1.47 1.49 1.5 1.53 1.48 1.51 1.48 1.5 1.5 1.46 1.48 1.53 1.49 64.76 1e-07 0.001 1024 VGG19
1.0 1.11 1.17 1.16 1.21 1.18 1.14 1.12 1.12 1.08 1.07 1.07 1.07 1.07 1.09 1.07 1.1 1.09 1.06 1.08 1.08 86.41 1e-05 0.1 256 VGG19
1.0 1.1 1.2 1.17 1.25 1.16 1.13 1.17 1.19 1.14 1.17 1.14 1.18 1.2 1.23 1.14 1.19 1.17 1.18 1.21 1.18 85.73 1e-06 0.1 256 VGG19
1.0 1.13 1.06 1.12 1.07 1.09 1.11 1.13 1.11 1.1 1.12 1.13 1.13 1.15 1.13 1.08 1.13 1.15 1.12 1.14 1.19 85.99 1e-07 0.1 256 VGG19
1.0 1.06 1.26 1.15 1.16 1.13 1.3 1.17 1.17 1.16 1.2 1.21 1.2 1.19 1.16 1.18 1.18 1.19 1.18 1.19 1.21 83.37 1e-05 0.1 512 VGG19
1.0 1.14 1.18 1.23 1.25 1.2 1.25 1.19 1.21 1.21 1.17 1.17 1.21 1.22 1.17 1.19 1.2 1.18 1.17 1.2 1.19 84.06 1e-06 0.1 512 VGG19
1.0 1.05 1.24 1.16 1.17 1.25 1.22 1.2 1.25 1.22 1.26 1.23 1.21 1.23 1.19 1.2 1.21 1.2 1.19 1.19 1.21 83.7 1e-07 0.1 512 VGG19
1.0 1.03 1.19 1.14 1.2 1.24 1.19 1.25 1.3 1.3 1.26 1.23 1.25 1.23 1.24 1.24 1.24 1.23 1.24 1.23 1.21 82.77 1e-05 0.1 1024 VGG19
1.0 1.0 1.13 1.25 1.24 1.37 1.24 1.19 1.21 1.24 1.21 1.18 1.15 1.18 1.18 1.17 1.16 1.16 1.19 1.18 1.17 83.47 1e-06 0.1 1024 VGG19
1.0 1.03 1.17 1.19 1.19 1.19 1.19 1.21 1.19 1.21 1.23 1.2 1.21 1.2 1.22 1.21 1.17 1.19 1.2 1.19 1.21 83.23 1e-07 0.1 1024 VGG19
1.0 1.17 1.11 1.14 1.06 1.05 1.05 1.05 1.06 1.06 1.07 1.06 1.06 1.05 1.07 1.08 1.08 1.05 1.04 1.04 1.06 86.85 1e-05 0.01 256 VGG19
1.0 1.12 1.1 1.08 1.06 1.09 1.1 1.08 1.12 1.06 1.09 1.08 1.09 1.09 1.14 1.08 1.1 1.12 1.12 1.11 1.1 86.83 1e-06 0.01 256 VGG19
1.0 1.09 1.11 1.08 1.09 1.08 1.1 1.12 1.11 1.11 1.11 1.09 1.1 1.11 1.09 1.08 1.1 1.1 1.11 1.1 1.1 86.87 1e-07 0.01 256 VGG19
1.0 1.19 1.11 1.08 1.06 1.05 1.05 1.05 1.06 1.04 1.05 1.05 1.04 1.04 1.05 1.05 1.05 1.04 1.04 1.04 1.04 85.07 1e-05 0.01 512 VGG19
1.0 1.12 1.1 1.03 1.05 1.04 1.08 1.07 1.08 1.08 1.07 1.07 1.07 1.07 1.06 1.07 1.07 1.09 1.07 1.08 1.08 84.75 1e-06 0.01 512 VGG19
1.0 1.12 1.1 1.06 1.08 1.11 1.08 1.09 1.08 1.09 1.09 1.08 1.1 1.09 1.1 1.1 1.11 1.11 1.13 1.1 1.09 85.03 1e-07 0.01 512 VGG19
1.0 1.09 1.11 1.12 1.11 1.1 1.09 1.11 1.12 1.09 1.1 1.11 1.11 1.09 1.09 1.09 1.09 1.09 1.1 1.09 1.09 82.42 1e-05 0.01 1024 VGG19
1.0 1.12 1.13 1.13 1.14 1.14 1.13 1.15 1.17 1.14 1.16 1.14 1.13 1.14 1.14 1.16 1.13 1.14 1.16 1.15 1.13 81.69 1e-06 0.01 1024 VGG19
1.0 1.04 1.07 1.09 1.09 1.08 1.08 1.08 1.1 1.09 1.1 1.08 1.09 1.09 1.09 1.09 1.09 1.09 1.09 1.12 1.09 82.38 1e-07 0.01 1024 VGG19
1.0 1.27 1.16 1.16 1.17 1.17 1.16 1.15 1.12 1.13 1.18 1.11 1.1 1.12 1.1 1.11 1.14 1.12 1.12 1.12 1.11 78.34 1e-05 0.001 256 VGG19
1.0 1.22 1.14 1.19 1.2 1.24 1.21 1.18 1.2 1.21 1.2 1.2 1.19 1.18 1.18 1.26 1.22 1.18 1.22 1.17 1.22 78.7 1e-06 0.001 256 VGG19
1.0 1.17 1.16 1.14 1.09 1.1 1.11 1.13 1.11 1.13 1.14 1.14 1.15 1.13 1.18 1.11 1.15 1.16 1.16 1.14 1.14 77.6 1e-07 0.001 256 VGG19
1.0 1.28 1.37 1.37 1.38 1.31 1.33 1.35 1.35 1.33 1.43 1.34 1.38 1.34 1.38 1.37 1.34 1.35 1.39 1.36 1.35 72.49 1e-05 0.001 512 VGG19
1.0 1.39 1.39 1.35 1.29 1.31 1.35 1.31 1.28 1.34 1.29 1.32 1.33 1.34 1.35 1.3 1.29 1.32 1.29 1.31 1.34 73.24 1e-06 0.001 512 VGG19
1.0 1.24 1.33 1.32 1.35 1.35 1.32 1.3 1.38 1.36 1.41 1.3 1.35 1.33 1.33 1.36 1.36 1.36 1.33 1.3 1.31 73.28 1e-07 0.001 512 VGG19
1.0 1.62 1.61 1.61 1.65 1.62 1.61 1.65 1.6 1.59 1.59 1.59 1.62 1.61 1.54 1.61 1.65 1.62 1.6 1.6 1.6 66.3 1e-05 0.001 1024 VGG19
1.0 1.68 1.7 1.62 1.68 1.69 1.63 1.63 1.62 1.64 1.62 1.69 1.62 1.65 1.64 1.62 1.66 1.61 1.6 1.61 1.63 66.28 1e-06 0.001 1024 VGG19
1.0 1.58 1.71 1.69 1.74 1.77 1.72 1.66 1.68 1.63 1.68 1.69 1.69 1.71 1.67 1.67 1.75 1.65 1.76 1.72 1.73 66.08 1e-07 0.001 1024 VGG19