1.06 1.03 1.08 1.07 1.08 1.05 1.04 1.04 1.04 1.03 1.04 1.04 1.05 1.05 1.05 1.04 1.03 1.04 1.04 1.04 1.04 82.49 1e-05 0.1 512 resnet18
1.06 1.04 1.02 1.09 1.07 1.03 1.09 1.03 1.03 1.02 1.01 1.02 1.03 1.01 1.04 1.03 1.03 1.02 1.02 1.02 1.02 81.65 1e-07 0.1 512 resnet18
1.06 1.07 1.06 1.05 1.07 1.04 1.05 1.04 1.08 1.08 1.03 1.06 1.05 1.05 1.04 1.06 1.04 1.04 1.12 1.03 1.08 82.54 1e-06 0.1 512 resnet18
1.06 1.02 1.01 1.05 1.07 1.06 1.08 1.07 1.05 1.07 1.05 1.05 1.04 1.07 1.06 1.06 1.06 1.03 1.13 1.07 1.07 84.32 1e-05 0.1 256 resnet18
1.06 1.03 1.1 1.11 1.14 1.12 1.11 1.1 1.1 1.09 1.1 1.1 1.1 1.1 1.1 1.1 1.09 1.1 1.09 1.12 1.08 82.44 1e-05 0.1 1024 resnet18
1.06 1.02 1.03 1.01 1.02 1.03 1.04 1.06 1.05 1.03 1.06 1.06 1.04 1.05 1.05 1.03 1.02 1.03 1.04 1.04 1.04 84.19 1e-06 0.1 256 resnet18
1.06 1.01 1.02 1.03 1.03 1.04 1.0 1.04 1.04 1.03 1.02 1.01 1.03 1.01 1.01 1.03 1.02 1.03 1.01 1.03 1.03 84.28 1e-07 0.1 256 resnet18
1.06 1.02 1.05 1.04 1.05 1.04 1.05 1.05 1.05 1.04 1.06 1.05 1.03 1.04 1.05 1.04 1.04 1.03 1.04 1.03 1.04 82.12 1e-06 0.1 1024 resnet18
1.06 1.06 1.11 1.07 1.07 1.07 1.05 1.05 1.06 1.05 1.05 1.04 1.05 1.05 1.05 1.05 1.05 1.05 1.04 1.06 1.05 82.21 1e-07 0.1 1024 resnet18
1.06 1.11 1.1 1.14 1.08 1.07 1.07 1.08 1.07 1.08 1.06 1.1 1.16 1.09 1.07 1.06 1.08 1.07 1.1 1.14 1.07 76.58 1e-07 0.01 1024 resnet18
1.06 1.04 1.09 1.04 1.04 1.04 1.03 1.05 1.04 1.06 1.05 1.04 1.07 1.05 1.05 1.07 1.05 1.05 1.04 1.05 1.06 80.43 1e-07 0.01 512 resnet18
1.06 1.02 1.01 1.04 1.04 1.02 1.04 1.02 1.02 1.03 1.13 1.06 1.02 1.03 1.02 1.03 1.01 1.01 1.02 1.02 1.02 81.35 1e-06 0.01 512 resnet18
1.06 1.08 1.09 1.08 1.09 1.09 1.08 1.07 1.08 1.05 1.07 1.16 1.09 1.1 1.1 1.09 1.08 1.1 1.09 1.1 1.09 76.84 1e-06 0.01 1024 resnet18
1.06 1.04 1.02 1.06 1.08 1.03 1.03 1.05 1.03 1.03 1.05 1.02 1.06 1.03 1.05 1.04 1.06 1.05 1.05 1.08 1.05 83.59 1e-06 0.01 256 resnet18
1.06 1.15 1.08 1.06 1.07 1.08 1.08 1.07 1.06 1.11 1.08 1.06 1.13 1.06 1.07 1.08 1.08 1.08 1.08 1.11 1.1 83.25 1e-07 0.01 256 resnet18
1.06 1.09 1.1 1.1 1.1 1.08 1.08 1.1 1.08 1.11 1.14 1.09 1.16 1.1 1.09 1.1 1.09 1.11 1.19 1.08 1.12 76.21 1e-05 0.01 1024 resnet18
1.06 1.06 1.05 1.07 1.05 1.06 1.04 1.09 1.05 1.07 1.03 1.11 1.04 1.11 1.06 1.05 1.08 1.03 1.04 1.04 1.04 83.73 1e-05 0.01 256 resnet18
1.06 1.12 1.39 1.24 1.29 1.37 1.32 1.23 1.38 1.21 1.35 1.44 1.25 1.35 1.25 1.31 1.16 1.34 1.28 1.26 1.25 64.45 1e-05 0.001 1024 resnet18
1.06 1.03 1.18 1.07 1.08 1.06 1.06 1.07 1.07 1.08 1.07 1.07 1.06 1.09 1.06 1.16 1.12 1.07 1.06 1.06 1.08 81.21 1e-05 0.01 512 resnet18
1.06 1.16 1.23 1.21 1.24 1.26 1.25 1.28 1.2 1.21 1.2 1.26 1.2 1.26 1.17 1.2 1.17 1.19 1.19 1.24 1.23 67.09 1e-07 0.001 512 resnet18
1.06 1.1 1.14 1.49 1.33 1.34 1.38 1.35 1.3 1.33 1.33 1.27 1.35 1.26 1.35 1.24 1.48 1.31 1.31 1.41 1.29 64.25 1e-06 0.001 1024 resnet18
1.06 1.18 1.23 1.21 1.18 1.17 1.16 1.13 1.16 1.18 1.16 1.09 1.36 1.2 1.16 1.27 1.26 1.19 1.16 1.27 1.19 72.13 1e-07 0.001 256 resnet18
1.06 1.31 1.22 1.18 1.23 1.13 1.26 1.17 1.25 1.29 1.18 1.16 1.23 1.21 1.29 1.16 1.25 1.19 1.21 1.23 1.2 67.17 1e-06 0.001 512 resnet18
1.06 1.15 1.22 1.21 1.26 1.31 1.36 1.36 1.38 1.24 1.31 1.34 1.35 1.25 1.32 1.3 1.34 1.31 1.41 1.33 1.35 63.82 1e-07 0.001 1024 resnet18
1.06 1.33 1.18 1.24 1.29 1.23 1.27 1.26 1.19 1.19 1.28 1.24 1.21 1.2 1.22 1.27 1.41 1.31 1.28 1.21 1.27 71.99 1e-05 0.001 256 resnet18
1.06 1.15 1.13 1.09 1.13 1.11 1.28 1.12 1.12 1.09 1.11 1.07 1.17 1.13 1.13 1.13 1.1 1.09 1.07 1.22 1.18 71.02 1e-06 0.001 256 resnet18
1.01 1.05 1.05 1.02 1.01 1.0 1.01 1.01 1.01 1.01 1.0 1.0 1.0 1.0 1.0 1.0 1.02 1.02 1.01 1.02 1.02 84.62 1e-05 0.1 256 resnet18
1.01 1.04 1.09 1.05 1.05 1.08 1.08 1.06 1.06 1.07 1.14 1.06 1.06 1.06 1.06 1.06 1.12 1.1 1.07 1.06 1.06 79.41 1e-07 0.1 1024 resnet18
1.06 1.25 1.28 1.21 1.3 1.39 1.28 1.18 1.33 1.26 1.26 1.21 1.18 1.21 1.19 1.21 1.34 1.17 1.31 1.28 1.21 66.63 1e-05 0.001 512 resnet18
1.01 1.02 1.04 1.04 1.07 1.11 1.05 1.05 1.08 1.06 1.04 1.06 1.06 1.07 1.06 1.05 1.06 1.06 1.07 1.05 1.05 80.86 1e-05 0.1 1024 resnet18
1.01 1.04 1.0 1.02 1.01 1.0 1.0 1.0 1.0 1.0 1.0 1.0 1.0 1.0 1.0 1.0 1.0 1.0 1.0 1.0 1.0 80.96 1e-06 0.1 1024 resnet18
1.01 1.05 1.05 1.07 1.08 1.07 1.02 1.13 1.04 1.04 1.04 1.1 1.03 1.04 1.06 1.08 1.06 1.05 1.05 1.03 1.04 83.87 1e-06 0.1 256 resnet18
1.01 1.07 1.19 1.07 1.12 1.05 1.04 1.05 1.06 1.03 1.06 1.05 1.08 1.05 1.08 1.04 1.06 1.05 1.04 1.19 1.05 81.34 1e-06 0.01 512 resnet18
1.01 1.03 1.04 1.02 1.03 1.03 1.05 1.04 1.02 1.07 1.04 1.04 1.02 1.03 1.03 1.03 1.03 1.03 1.04 1.06 1.04 79.36 1e-07 0.1 512 resnet18
1.01 1.0 1.05 1.03 1.04 1.05 1.04 1.03 1.07 1.05 1.04 1.06 1.04 1.02 1.03 1.03 1.03 1.05 1.04 1.05 1.05 79.14 1e-05 0.1 512 resnet18
1.01 1.04 1.05 1.04 1.05 1.05 1.05 1.09 1.06 1.07 1.07 1.09 1.09 1.06 1.06 1.08 1.05 1.06 1.06 1.07 1.09 80.13 1e-06 0.1 512 resnet18
1.01 1.13 1.18 1.1 1.12 1.1 1.09 1.09 1.1 1.11 1.12 1.09 1.13 1.09 1.11 1.1 1.12 1.17 1.12 1.09 1.11 76.81 1e-05 0.01 1024 resnet18
1.01 1.07 1.05 1.04 1.02 1.04 1.04 1.03 1.03 1.04 1.02 1.01 1.03 1.04 1.01 1.04 1.03 1.02 1.03 1.03 1.03 84.22 1e-07 0.1 256 resnet18
1.01 1.26 1.32 1.22 1.45 1.29 1.33 1.29 1.29 1.24 1.31 1.35 1.27 1.34 1.38 1.23 1.21 1.26 1.35 1.34 1.34 68.37 1e-05 0.001 512 resnet18
1.01 1.1 1.09 1.29 1.18 1.22 1.25 1.26 1.24 1.24 1.27 1.28 1.21 1.31 1.25 1.36 1.26 1.27 1.27 1.27 1.26 64.42 1e-05 0.001 1024 resnet18
1.01 1.16 1.25 1.17 1.2 1.22 1.28 1.26 1.25 1.26 1.25 1.26 1.28 1.25 1.26 1.27 1.25 1.31 1.26 1.39 1.31 64.63 1e-06 0.001 1024 resnet18
1.01 1.18 1.02 1.04 1.06 1.04 1.03 1.05 1.05 1.04 1.05 1.04 1.04 1.05 1.04 1.07 1.04 1.04 1.04 1.05 1.06 76.7 1e-06 0.01 1024 resnet18
1.01 1.09 1.12 1.22 1.07 1.12 1.1 1.08 1.19 1.1 1.08 1.08 1.08 1.15 1.09 1.11 1.15 1.09 1.08 1.11 1.12 76.57 1e-07 0.01 1024 resnet18
1.01 1.22 1.14 1.07 1.07 1.11 1.11 1.1 1.09 1.06 1.08 1.16 1.17 1.11 1.17 1.23 1.14 1.17 1.1 1.08 1.11 73.08 1e-06 0.001 256 resnet18
1.01 1.18 1.35 1.18 1.11 1.16 1.17 1.23 1.14 1.16 1.17 1.21 1.19 1.12 1.14 1.15 1.13 1.2 1.32 1.14 1.16 63.98 1e-07 0.001 1024 resnet18
1.01 1.11 1.2 1.2 1.14 1.26 1.22 1.22 1.14 1.23 1.19 1.23 1.2 1.23 1.26 1.21 1.23 1.15 1.29 1.21 1.3 68.64 1e-07 0.001 512 resnet18