1.06 1.08 1.12 1.05 1.09 1.1 1.08 1.08 1.08 1.05 1.06 1.04 1.04 1.05 1.07 1.08 1.06 1.05 1.06 1.07 1.1 81.52 1e-05 0.1 512 resnet18
1.06 1.08 1.02 1.08 1.07 1.07 1.06 1.06 1.06 1.07 1.07 1.06 1.06 1.06 1.05 1.07 1.05 1.08 1.07 1.07 1.05 85.28 1e-05 0.1 256 resnet18
1.06 1.04 1.09 1.04 1.06 1.09 1.05 1.04 1.05 1.04 1.06 1.05 1.05 1.12 1.08 1.08 1.04 1.09 1.04 1.05 1.07 79.89 1e-06 0.1 512 resnet18
1.06 1.06 1.03 1.04 1.07 1.05 1.07 1.06 1.06 1.06 1.06 1.06 1.06 1.05 1.05 1.06 1.06 1.05 1.06 1.06 1.05 81.29 1e-05 0.1 1024 resnet18
1.06 1.03 1.02 1.05 1.08 1.04 1.04 1.05 1.04 1.04 1.04 1.04 1.04 1.04 1.04 1.06 1.04 1.06 1.03 1.04 1.04 83.28 1e-07 0.1 512 resnet18
1.06 1.05 1.07 1.09 1.08 1.08 1.07 1.07 1.08 1.1 1.09 1.09 1.07 1.06 1.08 1.09 1.09 1.05 1.06 1.07 1.1 83.72 1e-06 0.1 1024 resnet18
1.06 1.1 1.12 1.1 1.08 1.09 1.08 1.06 1.06 1.06 1.06 1.07 1.05 1.04 1.06 1.06 1.06 1.06 1.05 1.07 1.06 84.66 1e-06 0.1 256 resnet18
1.06 1.13 1.09 1.09 1.07 1.06 1.06 1.06 1.06 1.06 1.06 1.04 1.06 1.06 1.07 1.07 1.06 1.07 1.07 1.07 1.06 84.66 1e-07 0.1 256 resnet18
1.06 1.1 1.1 1.09 1.07 1.07 1.12 1.08 1.11 1.09 1.09 1.09 1.08 1.09 1.09 1.09 1.09 1.09 1.09 1.08 1.09 83.17 1e-07 0.1 1024 resnet18
1.06 1.02 1.03 1.11 1.07 1.04 1.1 1.04 1.04 1.04 1.12 1.03 1.07 1.04 1.18 1.12 1.02 1.03 1.08 1.02 1.1 76.63 1e-05 0.01 1024 resnet18
1.06 1.05 1.08 1.07 1.07 1.08 1.11 1.08 1.1 1.08 1.09 1.08 1.08 1.08 1.08 1.13 1.1 1.08 1.09 1.09 1.08 80.57 1e-06 0.01 512 resnet18
1.06 1.04 1.07 1.06 1.09 1.06 1.04 1.12 1.06 1.05 1.05 1.04 1.05 1.05 1.06 1.05 1.04 1.14 1.03 1.03 1.03 80.72 1e-07 0.01 512 resnet18
1.06 1.09 1.15 1.08 1.17 1.11 1.07 1.07 1.07 1.07 1.06 1.06 1.06 1.06 1.06 1.06 1.06 1.06 1.06 1.06 1.06 76.9 1e-06 0.01 1024 resnet18
1.06 1.05 1.04 1.04 1.04 1.05 1.05 1.07 1.05 1.05 1.05 1.05 1.05 1.05 1.05 1.05 1.05 1.05 1.05 1.05 1.05 77.03 1e-07 0.01 1024 resnet18
1.06 1.03 1.05 1.06 1.06 1.06 1.06 1.05 1.06 1.05 1.05 1.05 1.04 1.05 1.05 1.06 1.06 1.1 1.06 1.05 1.04 81.03 1e-05 0.01 512 resnet18
1.06 1.07 1.13 1.05 1.02 1.03 1.02 1.02 1.02 1.02 1.03 1.05 1.02 1.03 1.05 1.02 1.03 1.1 1.04 1.02 1.03 83.6 1e-06 0.01 256 resnet18
1.06 1.2 1.3 1.27 1.12 1.21 1.26 1.31 1.21 1.24 1.24 1.25 1.3 1.27 1.3 1.26 1.26 1.25 1.28 1.16 1.26 71.82 1e-05 0.001 256 resnet18
1.06 1.14 1.25 1.29 1.31 1.22 1.2 1.29 1.27 1.31 1.39 1.27 1.34 1.32 1.2 1.29 1.32 1.19 1.37 1.28 1.21 66.71 1e-07 0.001 512 resnet18
1.06 1.05 1.04 1.11 1.07 1.04 1.06 1.08 1.05 1.08 1.04 1.04 1.03 1.11 1.06 1.05 1.05 1.06 1.08 1.05 1.04 83.78 1e-05 0.01 256 resnet18
1.06 1.14 1.23 1.33 1.22 1.37 1.5 1.36 1.29 1.45 1.29 1.37 1.34 1.31 1.35 1.32 1.38 1.29 1.28 1.3 1.38 64.41 1e-05 0.001 1024 resnet18
1.06 1.2 1.19 1.24 1.15 1.09 1.13 1.14 1.09 1.11 1.11 1.14 1.13 1.17 1.19 1.16 1.14 1.11 1.25 1.13 1.11 72.35 1e-06 0.001 256 resnet18
1.06 1.03 1.09 1.04 1.04 1.05 1.04 1.04 1.04 1.04 1.05 1.05 1.05 1.05 1.04 1.05 1.05 1.04 1.04 1.04 1.04 83.73 1e-07 0.01 256 resnet18
1.06 1.19 1.16 1.35 1.14 1.21 1.15 1.15 1.22 1.15 1.15 1.23 1.25 1.39 1.23 1.25 1.17 1.2 1.22 1.29 1.19 71.53 1e-07 0.001 256 resnet18
1.06 1.32 1.17 1.26 1.15 1.17 1.26 1.36 1.3 1.22 1.17 1.19 1.2 1.25 1.25 1.17 1.25 1.21 1.21 1.22 1.21 64.07 1e-06 0.001 1024 resnet18
1.06 1.11 1.22 1.27 1.16 1.22 1.13 1.2 1.15 1.17 1.19 1.15 1.2 1.19 1.15 1.16 1.2 1.18 1.19 1.21 1.19 66.76 1e-05 0.001 512 resnet18
1.06 1.15 1.21 1.18 1.22 1.27 1.26 1.18 1.23 1.25 1.35 1.18 1.18 1.22 1.2 1.16 1.25 1.2 1.18 1.15 1.17 63.71 1e-07 0.001 1024 resnet18
1.06 1.14 1.22 1.18 1.22 1.31 1.33 1.2 1.23 1.22 1.22 1.26 1.22 1.19 1.21 1.26 1.19 1.17 1.3 1.21 1.28 67.44 1e-06 0.001 512 resnet18
1.08 1.05 1.08 1.03 1.05 1.07 1.04 1.03 1.04 1.04 1.04 1.04 1.05 1.03 1.04 1.03 1.05 1.06 1.03 1.05 1.03 82.2 1e-06 0.1 1024 resnet18
1.08 1.01 1.03 1.03 1.05 1.03 1.02 1.03 1.02 1.05 1.1 1.03 1.02 1.02 1.07 1.06 1.05 1.05 1.04 1.03 1.04 81.5 1e-05 0.1 256 resnet18
1.08 1.03 1.04 1.02 1.04 1.04 1.07 1.05 1.07 1.09 1.05 1.05 1.05 1.07 1.05 1.04 1.03 1.04 1.04 1.05 1.05 81.88 1e-05 0.1 1024 resnet18
1.08 1.05 1.1 1.04 1.01 1.06 1.03 1.03 1.03 1.04 1.02 1.04 1.03 1.02 1.01 1.03 1.01 1.02 1.01 1.02 1.01 81.65 1e-06 0.1 256 resnet18
1.08 1.09 1.06 1.07 1.08 1.07 1.08 1.08 1.07 1.08 1.07 1.06 1.06 1.06 1.06 1.06 1.07 1.08 1.07 1.07 1.07 83.24 1e-06 0.1 512 resnet18
1.08 1.05 1.05 1.11 1.06 1.05 1.04 1.05 1.03 1.06 1.05 1.04 1.07 1.04 1.04 1.03 1.03 1.03 1.03 1.06 1.04 83.44 1e-05 0.1 512 resnet18
1.08 1.03 1.04 1.05 1.03 1.01 1.01 1.07 1.0 1.01 1.01 1.0 1.0 1.05 1.0 1.01 1.0 1.03 1.0 1.01 1.03 79.59 1e-07 0.1 1024 resnet18
1.08 1.06 1.04 1.04 1.04 1.02 1.02 1.03 1.03 1.02 1.03 1.03 1.03 1.05 1.03 1.02 1.03 1.03 1.03 1.03 1.04 83.8 1e-07 0.1 512 resnet18
1.08 1.01 1.06 1.03 1.03 1.0 1.03 1.05 1.04 1.02 1.04 1.05 1.05 1.02 1.03 1.04 1.03 1.03 1.04 1.04 1.03 81.22 1e-07 0.1 256 resnet18
1.08 1.02 1.05 1.01 1.01 1.04 1.02 1.01 1.02 1.03 1.02 1.03 1.01 1.01 1.02 1.01 1.01 1.0 1.01 1.04 1.02 80.49 1e-05 0.01 512 resnet18
1.08 1.1 1.05 1.04 1.03 1.03 1.03 1.04 1.02 1.04 1.05 1.03 1.02 1.03 1.05 1.05 1.04 1.03 1.04 1.04 1.04 83.54 1e-07 0.01 256 resnet18
1.08 1.14 1.06 1.17 1.04 1.04 1.06 1.06 1.03 1.11 1.04 1.04 1.07 1.09 1.09 1.03 1.04 1.07 1.05 1.05 1.05 78.22 1e-06 0.01 1024 resnet18
1.08 1.08 1.07 1.08 1.07 1.07 1.06 1.07 1.08 1.1 1.08 1.09 1.08 1.08 1.1 1.09 1.08 1.09 1.08 1.06 1.09 80.97 1e-07 0.01 512 resnet18
1.08 1.02 1.02 1.04 1.01 1.02 1.01 1.02 1.03 1.06 1.06 1.01 1.03 1.01 1.02 1.04 1.05 1.01 1.03 1.02 1.02 84.08 1e-05 0.01 256 resnet18
1.08 1.04 1.01 1.02 1.03 1.01 1.01 1.07 1.02 1.04 1.04 1.0 1.02 1.05 1.03 1.04 1.02 1.06 1.03 1.03 1.04 83.85 1e-06 0.01 256 resnet18
1.08 1.15 1.23 1.2 1.24 1.21 1.48 1.26 1.25 1.33 1.22 1.4 1.47 1.45 1.22 1.14 1.28 1.18 1.28 1.31 1.2 64.66 1e-07 0.001 1024 resnet18
1.08 1.05 1.04 1.06 1.05 1.06 1.04 1.1 1.09 1.06 1.11 1.11 1.07 1.14 1.07 1.09 1.09 1.07 1.12 1.13 1.07 80.71 1e-06 0.01 512 resnet18
1.08 1.08 1.05 1.07 1.06 1.03 1.04 1.15 1.05 1.07 1.07 1.03 1.03 1.05 1.03 1.05 1.03 1.03 1.07 1.09 1.08 77.2 1e-05 0.01 1024 resnet18
1.08 1.05 1.07 1.05 1.06 1.06 1.06 1.06 1.06 1.06 1.06 1.06 1.08 1.06 1.06 1.06 1.06 1.07 1.07 1.09 1.06 76.56 1e-07 0.01 1024 resnet18
1.08 1.28 1.46 1.23 1.23 1.29 1.2 1.28 1.21 1.21 1.19 1.2 1.19 1.31 1.23 1.21 1.23 1.2 1.24 1.21 1.24 64.31 1e-06 0.001 1024 resnet18
1.08 1.16 1.25 1.22 1.36 1.33 1.31 1.35 1.3 1.55 1.27 1.35 1.34 1.21 1.29 1.26 1.26 1.28 1.33 1.3 1.37 64.16 1e-05 0.001 1024 resnet18
1.01 1.08 1.06 1.07 1.07 1.09 1.04 1.05 1.05 1.03 1.05 1.07 1.05 1.05 1.04 1.05 1.05 1.05 1.06 1.05 1.06 81.74 1e-07 0.1 1024 resnet18
1.08 1.17 1.24 1.29 1.22 1.3 1.25 1.42 1.24 1.25 1.27 1.22 1.29 1.25 1.23 1.25 1.3 1.32 1.24 1.24 1.25 68.27 1e-05 0.001 512 resnet18
1.08 1.3 1.18 1.13 1.2 1.19 1.18 1.16 1.16 1.16 1.2 1.19 1.2 1.12 1.14 1.17 1.19 1.14 1.16 1.18 1.26 67.87 1e-07 0.001 512 resnet18
1.0 1.03 1.07 1.04 1.1 1.1 1.16 1.08 1.05 1.03 1.13 1.05 1.16 1.14 1.05 1.04 1.05 1.06 1.04 1.05 1.06 72.33 1e-07 0.1 512 MobileNet
1.01 1.06 1.05 1.07 1.05 1.05 1.07 1.06 1.08 1.06 1.06 1.09 1.07 1.05 1.05 1.05 1.06 1.07 1.05 1.06 1.07 82.05 1e-06 0.1 1024 resnet18
1.0 1.18 1.24 1.15 1.13 1.06 1.1 1.16 1.18 1.24 1.17 1.08 1.07 1.06 1.07 1.23 1.06 1.06 1.06 1.11 1.29 68.51 1e-06 0.1 1024 MobileNet
1.0 1.07 1.1 1.26 1.13 1.07 1.1 1.17 1.09 1.18 1.06 1.06 1.07 1.11 1.25 1.08 1.05 1.08 1.12 1.07 1.1 68.76 1e-07 0.1 1024 MobileNet
1.0 1.13 1.13 1.03 1.17 1.16 1.12 1.18 1.23 1.11 1.07 1.13 1.19 1.13 1.12 1.24 1.08 1.07 1.15 1.19 1.1 64.13 1e-05 0.01 512 MobileNet
1.01 1.06 1.03 1.03 1.04 1.06 1.05 1.05 1.04 1.06 1.02 1.01 1.04 1.03 1.07 1.03 1.01 1.02 1.12 1.02 1.03 80.84 1e-06 0.1 512 resnet18
1.0 1.12 1.08 1.12 1.08 1.08 1.17 1.1 1.19 1.18 1.11 1.12 1.1 1.16 1.14 1.12 1.13 1.16 1.16 1.17 1.12 76.84 1e-05 0.1 256 MobileNet
1.01 1.09 1.07 1.02 1.04 1.09 1.05 1.05 1.02 1.04 1.03 1.03 1.02 1.02 1.03 1.02 1.07 1.02 1.02 1.03 1.03 84.03 1e-06 0.1 256 resnet18
1.0 1.1 1.1 1.15 1.07 1.1 1.17 1.11 1.11 1.14 1.18 1.17 1.12 1.14 1.16 1.15 1.28 1.16 1.18 1.15 1.15 77.2 1e-06 0.1 256 MobileNet
1.0 1.23 1.33 1.21 1.25 1.18 1.14 1.16 1.13 1.13 1.12 1.13 1.11 1.15 1.24 1.15 1.21 1.14 1.23 1.24 1.11 60.42 1e-05 0.01 1024 MobileNet
1.0 1.44 1.09 1.18 1.14 1.32 1.27 1.2 1.12 1.12 1.19 1.17 1.12 1.3 1.17 1.15 1.19 1.25 1.17 1.16 1.27 62.95 1e-07 0.01 512 MobileNet
1.0 1.29 1.38 1.29 1.42 1.23 1.39 1.24 1.29 1.24 1.23 1.28 1.28 1.22 1.31 1.34 1.41 1.35 1.42 1.36 1.29 60.11 1e-06 0.01 1024 MobileNet
1.01 1.09 1.05 1.03 1.04 1.05 1.05 1.06 1.06 1.06 1.05 1.05 1.09 1.06 1.06 1.04 1.06 1.04 1.04 1.05 1.05 82.98 1e-05 0.1 512 resnet18
1.01 1.05 1.08 1.1 1.08 1.02 1.03 1.02 1.03 1.05 1.06 1.01 1.02 1.07 1.06 1.04 1.04 1.08 1.05 1.02 1.05 84.99 1e-05 0.1 256 resnet18
1.01 1.04 1.09 1.09 1.07 1.09 1.07 1.08 1.08 1.05 1.09 1.06 1.09 1.06 1.06 1.05 1.05 1.05 1.05 1.06 1.06 81.78 1e-05 0.1 1024 resnet18
1.01 1.09 1.08 1.05 1.06 1.13 1.08 1.08 1.08 1.11 1.11 1.09 1.08 1.06 1.08 1.18 1.08 1.08 1.08 1.12 1.09 85.34 1e-07 0.1 256 resnet18
1.01 1.08 1.07 1.04 1.04 1.06 1.06 1.06 1.06 1.06 1.06 1.05 1.05 1.07 1.04 1.04 1.04 1.04 1.04 1.04 1.04 80.22 1e-07 0.1 512 resnet18
1.01 1.07 1.09 1.12 1.08 1.08 1.06 1.08 1.09 1.13 1.06 1.06 1.07 1.08 1.07 1.08 1.07 1.08 1.1 1.07 1.08 76.62 1e-05 0.01 1024 resnet18
1.01 1.27 1.21 1.3 1.22 1.19 1.26 1.28 1.2 1.34 1.19 1.23 1.52 1.22 1.18 1.2 1.21 1.21 1.2 1.17 1.22 67.35 1e-05 0.001 512 resnet18
1.0 1.33 1.42 1.18 1.33 1.49 1.21 1.24 1.26 1.28 1.21 1.29 1.41 1.33 1.3 1.35 1.24 1.45 1.4 1.39 1.25 58.82 1e-07 0.01 1024 MobileNet
1.01 1.3 1.24 1.29 1.43 1.31 1.27 1.4 1.32 1.33 1.35 1.35 1.31 1.5 1.39 1.36 1.28 1.32 1.33 1.3 1.32 63.72 1e-05 0.001 1024 resnet18
1.0 1.09 1.11 1.09 1.19 1.14 1.13 1.17 1.08 1.22 1.1 1.04 1.12 1.09 1.24 1.13 1.09 1.11 1.17 1.13 1.12 68.06 1e-05 0.01 256 MobileNet
1.0 1.63 1.58 1.62 1.33 1.61 1.48 1.5 1.36 1.33 1.27 1.31 1.3 1.34 1.32 1.28 1.24 1.25 1.33 1.3 1.53 57.39 1e-05 0.001 256 MobileNet
1.0 1.22 1.24 1.09 1.2 1.43 1.66 1.33 1.24 1.25 1.51 1.14 1.37 1.28 1.22 1.34 1.31 1.17 1.22 1.26 1.47 63.44 1e-06 0.01 512 MobileNet
1.0 2.89 1.91 1.8 1.81 2.02 2.24 1.93 1.88 2.1 1.87 1.82 2.02 1.9 1.85 2.06 1.82 1.92 1.86 1.71 1.75 49.95 1e-07 0.001 512 MobileNet
1.0 4.91 3.57 2.11 2.24 2.54 2.83 2.92 2.82 2.47 2.82 2.65 2.51 2.44 2.49 2.74 2.79 2.9 2.56 2.41 2.55 44.6 1e-05 0.001 1024 MobileNet
1.0 1.1 1.14 1.1 1.2 1.35 1.07 1.12 1.11 1.09 1.09 1.51 1.18 1.22 1.17 1.2 1.15 1.17 1.13 1.09 1.15 68.64 1e-06 0.01 256 MobileNet
1.0 1.22 1.1 1.09 1.05 1.12 1.18 1.12 1.24 1.13 1.05 1.21 1.09 1.14 1.13 1.2 1.12 1.14 1.05 1.08 1.09 67.62 1e-07 0.01 256 MobileNet
1.01 1.1 1.05 1.05 1.04 1.09 1.03 1.07 1.05 1.09 1.12 1.04 1.08 1.03 1.05 1.06 1.07 1.03 1.09 1.1 1.03 81.78 1e-06 0.01 512 resnet18
1.01 1.11 1.13 1.17 1.15 1.24 1.13 1.2 1.2 1.13 1.23 1.15 1.15 1.38 1.13 1.13 1.18 1.14 1.12 1.15 1.14 77.17 1e-06 0.01 1024 resnet18
1.0 1.08 1.1 1.17 1.06 1.18 1.07 1.07 1.15 1.11 1.05 1.22 1.05 1.35 1.04 1.18 1.08 1.24 1.16 1.3 1.04 69.0 1e-06 0.1 1024 MobileNet
1.01 1.3 1.29 1.28 1.25 1.23 1.3 1.4 1.34 1.26 1.24 1.31 1.32 1.27 1.27 1.27 1.22 1.3 1.23 1.26 1.29 67.27 1e-06 0.001 512 resnet18
1.0 2.78 1.92 2.07 1.77 1.83 1.84 1.75 1.66 1.61 1.71 1.64 1.72 1.61 1.72 1.67 1.78 1.7 1.62 1.82 1.78 50.43 1e-05 0.001 512 MobileNet
1.0 2.69 1.68 2.24 2.03 1.93 1.85 1.81 1.73 1.81 1.67 1.6 1.58 1.64 1.73 1.73 1.61 1.71 1.59 1.84 1.83 51.23 1e-06 0.001 512 MobileNet
1.0 1.22 1.14 1.06 1.03 1.06 1.06 1.04 1.1 1.04 1.03 1.06 1.06 1.04 1.04 1.02 1.04 1.06 1.09 1.04 1.03 73.01 1e-05 0.1 512 MobileNet
1.0 1.43 1.6 1.68 1.52 1.47 1.45 1.69 1.51 1.33 1.38 1.48 1.44 1.44 1.35 1.49 1.43 1.48 1.33 1.43 1.4 55.82 1e-06 0.001 256 MobileNet
1.0 1.48 1.47 1.56 1.48 1.49 1.23 1.27 1.58 1.42 1.52 1.43 1.54 1.83 1.45 1.58 1.51 1.63 1.49 1.43 1.64 56.79 1e-07 0.001 256 MobileNet
1.0 1.06 1.25 1.08 1.16 1.2 1.08 1.07 1.06 1.12 1.17 1.23 1.19 1.09 1.11 1.16 1.23 1.05 1.27 1.06 1.27 69.2 1e-05 0.1 1024 MobileNet
1.08 1.15 1.09 1.16 1.1 1.15 1.08 1.18 1.07 1.09 1.21 1.08 1.09 1.11 1.08 1.11 1.05 1.07 1.11 1.09 1.07 72.33 1e-05 0.001 256 resnet18
1.01 1.07 1.11 1.14 1.16 1.07 1.08 1.1 1.12 1.12 1.11 1.12 1.12 1.15 1.11 1.12 1.12 1.15 1.11 1.14 1.14 80.63 1e-07 0.01 512 resnet18
1.0 1.09 1.06 1.06 1.06 1.1 1.08 1.04 1.04 1.16 1.13 1.05 1.17 1.05 1.08 1.12 1.21 1.07 1.14 1.12 1.09 76.29 1e-06 0.1 256 MobileNet
1.01 1.12 1.12 1.11 1.12 1.08 1.21 1.12 1.11 1.12 1.15 1.11 1.15 1.11 1.15 1.12 1.14 1.17 1.18 1.12 1.1 72.6 1e-06 0.001 256 resnet18
1.0 1.11 1.2 1.08 1.12 1.18 1.13 1.15 1.11 1.12 1.1 1.11 1.16 1.14 1.1 1.21 1.12 1.09 1.09 1.12 1.16 69.06 1e-07 0.1 1024 MobileNet
1.0 1.32 1.35 1.15 1.43 1.21 1.45 1.31 1.42 1.5 1.46 1.35 1.39 1.36 1.42 1.35 1.33 1.45 1.43 1.33 1.36 60.57 1e-07 0.01 1024 MobileNet
1.0 1.05 1.14 1.09 1.05 1.06 1.02 1.19 1.09 1.13 1.1 1.03 1.03 1.02 1.02 1.1 1.01 1.02 1.23 1.04 1.03 72.7 1e-07 0.1 512 MobileNet
1.0 1.04 1.03 1.15 1.09 1.16 1.05 1.09 1.02 1.02 1.04 1.06 1.06 1.06 1.09 1.17 1.17 1.02 1.05 1.01 1.04 67.47 1e-05 0.01 256 MobileNet
1.0 1.03 1.07 1.14 1.06 1.09 1.06 1.05 1.01 1.06 1.14 1.04 1.09 1.22 1.03 1.06 1.05 1.14 1.18 1.08 1.05 78.15 1e-05 0.1 256 MobileNet
1.0 1.07 1.06 1.02 1.11 1.06 1.05 1.14 1.13 1.14 1.13 1.22 1.08 1.14 1.07 1.21 1.16 1.11 1.18 1.1 1.12 72.98 1e-06 0.1 512 MobileNet
1.0 1.27 1.13 1.11 1.31 1.19 1.12 1.14 1.18 1.17 1.18 1.14 1.19 1.21 1.15 1.15 1.08 1.15 1.26 1.21 1.24 64.91 1e-07 0.01 512 MobileNet
1.01 1.1 1.18 1.12 1.17 1.31 1.14 1.11 1.13 1.23 1.17 1.2 1.12 1.16 1.15 1.09 1.12 1.08 1.11 1.09 1.14 72.3 1e-07 0.001 256 resnet18
1.0 1.28 1.55 1.27 1.18 1.26 1.25 1.36 1.25 1.33 1.31 1.26 1.29 1.27 1.3 1.19 1.27 1.26 1.29 1.27 1.43 60.75 1e-05 0.01 1024 MobileNet
1.0 1.39 1.26 1.32 1.1 1.15 1.15 1.33 1.24 1.17 1.18 1.26 1.14 1.21 1.18 1.19 1.29 1.25 1.21 1.19 1.21 60.61 1e-06 0.01 1024 MobileNet
1.08 1.27 1.11 1.25 1.2 1.25 1.17 1.2 1.22 1.16 1.26 1.21 1.14 1.15 1.19 1.17 1.19 1.34 1.22 1.25 1.16 68.17 1e-06 0.001 512 resnet18
1.0 1.08 1.18 1.03 1.07 1.06 1.08 1.05 1.06 1.05 1.07 1.17 1.05 1.09 1.06 1.14 1.1 1.07 1.03 1.04 1.05 75.75 1e-07 0.1 256 MobileNet
1.0 2.22 1.59 1.81 1.73 1.78 1.76 1.67 1.8 1.9 1.88 1.95 1.91 1.97 1.78 1.71 2.02 1.63 1.91 1.89 1.81 52.19 1e-05 0.001 512 MobileNet
1.0 2.64 1.74 1.74 1.92 1.8 1.78 1.91 2.01 1.84 1.79 1.82 2.06 1.61 1.83 2.1 1.62 1.83 2.05 1.75 1.98 51.64 1e-06 0.001 512 MobileNet
1.0 4.61 2.5 2.01 2.04 2.3 2.38 2.33 2.25 2.64 2.36 2.27 2.51 2.29 2.22 2.33 2.28 2.24 2.17 2.03 2.17 44.24 1e-06 0.001 1024 MobileNet
1.0 4.59 2.86 2.11 2.01 2.76 2.45 2.63 2.63 2.78 2.26 2.4 2.41 2.59 2.62 2.4 2.44 2.44 2.39 2.6 2.56 44.63 1e-05 0.001 1024 MobileNet
1.0 1.12 1.14 1.19 1.13 1.06 1.41 1.05 1.09 1.07 1.12 1.09 1.05 1.06 1.04 1.04 1.04 1.04 1.03 1.06 1.02 65.37 1e-05 0.01 512 MobileNet
1.08 1.16 1.19 1.23 1.24 1.17 1.23 1.23 1.15 1.22 1.15 1.15 1.27 1.17 1.17 1.24 1.18 1.17 1.28 1.23 1.18 72.92 1e-06 0.001 256 resnet18
1.0 2.98 1.79 1.74 1.71 1.9 1.49 1.73 1.65 1.7 1.57 1.63 1.68 1.53 1.49 1.68 1.6 1.53 1.48 1.85 1.42 51.03 1e-07 0.001 512 MobileNet
1.0 4.48 2.58 2.15 2.59 2.63 2.39 2.62 2.66 2.5 2.53 2.44 2.37 2.5 2.65 2.43 2.47 2.37 2.66 2.59 2.26 44.76 1e-07 0.001 1024 MobileNet
1.0 1.31 1.11 1.07 1.17 1.13 1.1 1.13 1.1 1.13 1.1 1.05 1.11 1.05 1.06 1.08 1.06 1.09 1.12 1.09 1.1 68.9 1e-06 0.01 256 MobileNet
1.0 1.16 1.15 1.17 1.07 1.21 1.09 1.13 1.08 1.08 1.11 1.26 1.12 1.16 1.06 1.08 1.24 1.1 1.1 1.07 1.08 64.48 1e-06 0.01 512 MobileNet
1.08 1.18 1.24 1.22 1.18 1.3 1.15 1.25 1.22 1.28 1.17 1.13 1.24 1.14 1.33 1.34 1.15 1.25 1.18 1.15 1.15 72.22 1e-07 0.001 256 resnet18
1.0 1.12 1.12 1.08 1.04 1.14 1.12 1.14 1.11 1.04 1.15 1.14 1.23 1.06 1.02 1.02 1.06 1.12 1.08 1.06 1.1 74.87 1e-06 0.1 256 MobileNet
1.0 1.11 1.17 1.07 1.08 1.36 1.21 1.03 1.11 1.11 1.1 1.16 1.28 1.16 1.07 1.03 1.09 1.17 1.17 1.19 1.1 67.24 1e-07 0.01 256 MobileNet
1.0 1.07 1.06 1.03 1.03 1.01 1.03 1.1 1.1 1.05 1.05 1.06 1.02 1.07 1.09 1.16 1.03 1.13 1.04 1.05 1.04 75.1 1e-05 0.1 256 MobileNet
1.0 1.07 1.21 1.12 1.11 1.04 1.12 1.06 1.02 1.08 1.04 1.01 1.09 1.04 1.05 1.05 1.22 1.1 1.21 1.05 1.03 67.03 1e-05 0.1 1024 MobileNet
1.0 1.11 1.04 1.11 1.06 1.07 1.03 1.11 1.03 1.08 1.06 1.07 1.14 1.24 1.15 1.09 1.13 1.09 1.31 1.07 1.21 72.01 1e-06 0.1 512 MobileNet
1.0 1.06 1.05 1.06 1.07 1.08 1.07 1.07 1.09 1.11 1.04 1.07 1.11 1.06 1.04 1.06 1.03 1.05 1.07 1.04 1.03 72.23 1e-07 0.1 512 MobileNet
1.0 1.1 1.09 1.08 1.06 1.1 1.1 1.06 1.12 1.28 1.05 1.1 1.07 1.11 1.09 1.09 1.05 1.1 1.07 1.06 1.09 71.1 1e-05 0.1 512 MobileNet
1.0 1.06 1.07 1.16 1.05 1.03 1.1 1.05 1.13 1.23 1.19 1.08 1.05 1.08 1.07 1.07 1.07 1.07 1.1 1.1 1.08 76.6 1e-07 0.1 256 MobileNet
1.0 1.11 1.03 1.11 1.12 1.14 1.2 1.17 1.16 1.21 1.28 1.21 1.18 1.17 1.11 1.12 1.2 1.16 1.12 1.27 1.17 66.46 1e-06 0.1 1024 MobileNet
1.0 1.09 1.09 1.16 1.11 1.15 1.19 1.09 1.37 1.2 1.15 1.15 1.31 1.17 1.16 1.52 1.31 1.21 1.24 1.19 1.28 66.45 1e-07 0.1 1024 MobileNet
1.0 1.58 1.62 1.44 1.41 1.56 1.25 1.28 1.58 1.39 1.22 1.35 1.31 1.43 1.27 1.21 1.28 1.5 1.38 1.36 1.37 58.52 1e-05 0.001 256 MobileNet
1.0 1.71 1.56 1.37 1.45 1.77 1.48 1.37 1.38 1.26 1.49 1.3 1.44 1.32 1.41 1.43 1.5 1.44 1.47 1.47 1.55 58.0 1e-06 0.001 256 MobileNet
1.0 1.09 1.17 1.1 1.14 1.12 1.09 1.16 1.12 1.12 1.22 1.32 1.28 1.18 1.14 1.18 1.16 1.16 1.09 1.13 1.17 67.38 1e-07 0.01 256 MobileNet
1.0 1.69 1.6 1.66 1.51 1.59 1.41 1.52 1.38 1.48 1.42 1.47 1.33 1.46 1.31 1.4 1.38 1.43 1.3 1.41 1.39 59.15 1e-07 0.001 256 MobileNet
1.0 1.24 1.55 1.07 1.09 1.18 1.09 1.15 1.18 1.09 1.25 1.11 1.18 1.13 1.17 1.22 1.09 1.21 1.08 1.1 1.17 61.83 1e-05 0.01 512 MobileNet
1.0 1.66 1.31 1.43 1.47 1.28 1.2 1.26 1.23 1.5 1.35 1.3 1.24 1.24 1.31 1.4 1.34 1.25 1.23 1.33 1.33 60.06 1e-06 0.01 1024 MobileNet
1.0 1.12 1.25 1.23 1.21 1.09 1.15 1.18 1.19 1.16 1.2 1.18 1.18 1.48 1.15 1.15 1.12 1.13 1.28 1.17 1.15 63.3 1e-06 0.01 512 MobileNet
1.0 1.17 1.22 1.0 1.16 1.09 1.05 1.07 1.07 1.17 1.14 1.09 1.16 1.14 1.14 1.18 1.19 1.14 1.17 1.08 1.2 68.49 1e-05 0.01 256 MobileNet
1.0 1.16 1.19 1.2 1.16 1.26 1.22 1.14 1.28 1.08 1.07 1.08 1.17 1.12 1.14 1.08 1.06 1.21 1.11 1.09 1.11 63.44 1e-07 0.01 512 MobileNet
1.0 1.15 1.16 1.22 1.18 1.28 1.16 1.15 1.22 1.22 1.03 1.1 1.1 1.17 1.1 1.11 1.16 1.13 1.21 1.1 1.14 68.32 1e-06 0.01 256 MobileNet
1.0 1.56 1.38 1.22 1.24 1.15 1.14 1.13 1.27 1.13 1.27 1.2 1.24 1.12 1.23 1.19 1.14 1.18 1.2 1.15 1.22 59.83 1e-05 0.01 1024 MobileNet
1.0 1.39 1.14 1.4 1.41 1.18 1.31 1.25 1.49 1.45 1.5 1.49 1.42 1.39 1.33 1.55 1.32 1.33 1.41 1.26 1.3 59.58 1e-07 0.01 1024 MobileNet
1.0 2.71 1.79 2.02 1.88 1.89 2.01 1.82 2.0 1.79 1.81 1.88 1.81 1.96 1.76 1.77 1.85 1.88 2.01 1.75 1.75 52.21 1e-07 0.001 512 MobileNet
1.0 1.74 1.53 1.67 1.58 1.49 1.48 1.34 1.33 1.37 1.57 1.3 1.65 1.45 1.39 1.46 1.47 1.57 1.55 1.59 1.42 57.67 1e-06 0.001 256 MobileNet
1.01 1.03 1.04 1.05 1.06 1.03 1.04 1.04 1.03 1.03 1.02 1.04 1.05 1.04 1.06 1.08 1.03 1.16 1.1 1.07 1.04 80.93 1e-05 0.01 512 resnet18
1.0 5.54 2.7 2.38 2.25 2.56 2.69 2.61 2.89 2.47 2.78 2.95 2.53 2.54 2.91 2.75 2.57 2.63 2.75 2.58 2.75 44.23 1e-05 0.001 1024 MobileNet
1.0 1.74 1.6 1.63 1.49 1.6 1.4 1.38 1.52 1.36 1.45 1.39 1.38 1.37 1.33 1.36 1.45 1.42 1.47 1.42 1.39 57.87 1e-05 0.001 256 MobileNet
1.0 5.7 3.76 2.71 2.55 2.67 2.79 3.03 2.83 2.91 2.85 2.72 2.69 2.72 2.56 2.87 2.68 2.42 2.59 2.55 2.66 44.14 1e-06 0.001 1024 MobileNet
1.0 2.7 1.96 1.97 1.78 1.8 2.19 1.87 1.99 1.75 1.79 1.76 1.62 1.58 1.95 1.74 1.83 1.77 1.84 1.95 1.98 51.24 1e-05 0.001 512 MobileNet
1.0 1.93 1.65 1.55 1.78 1.46 1.53 1.58 1.58 1.53 1.72 1.46 1.58 1.49 1.52 1.45 1.55 1.41 1.46 1.52 1.65 57.25 1e-07 0.001 256 MobileNet
1.0 2.7 1.74 1.7 1.73 1.92 1.74 1.88 1.66 1.78 1.76 1.68 1.75 1.78 1.81 1.7 1.63 1.59 1.65 1.65 1.7 51.47 1e-06 0.001 512 MobileNet
1.01 1.05 1.07 1.07 1.05 1.06 1.05 1.05 1.05 1.05 1.05 1.05 1.05 1.06 1.05 1.05 1.05 1.05 1.05 1.05 1.04 83.77 1e-05 0.01 256 resnet18
1.0 5.28 3.65 2.67 2.52 2.85 2.77 3.01 3.23 3.06 2.64 3.01 2.7 3.03 3.08 3.19 3.12 3.21 3.04 3.17 2.91 44.06 1e-07 0.001 1024 MobileNet
1.01 1.03 1.03 1.06 1.06 1.06 1.07 1.07 1.04 1.08 1.08 1.07 1.07 1.06 1.11 1.07 1.07 1.08 1.06 1.06 1.09 83.61 1e-07 0.01 256 resnet18
1.01 1.07 1.02 1.02 1.01 1.02 1.01 1.03 1.03 1.03 1.04 1.01 1.04 1.02 1.05 1.02 1.02 1.03 1.05 1.08 1.02 83.64 1e-06 0.01 256 resnet18
1.01 1.14 1.21 1.22 1.26 1.18 1.32 1.2 1.25 1.21 1.18 1.25 1.27 1.23 1.44 1.24 1.46 1.26 1.32 1.23 1.21 67.11 1e-07 0.001 512 resnet18
1.01 1.2 1.17 1.19 1.23 1.15 1.16 1.25 1.24 1.27 1.13 1.26 1.16 1.22 1.25 1.13 1.28 1.2 1.22 1.16 1.24 72.61 1e-05 0.001 256 resnet18
1.0 1.12 1.05 1.07 1.07 1.06 1.06 1.07 1.07 1.08 1.07 1.05 1.08 1.08 1.07 1.08 1.07 1.08 1.08 1.09 1.08 83.86 1e-05 0.1 512 SimpleDLA
1.0 1.08 1.05 1.02 1.01 1.01 1.06 1.03 1.04 1.05 1.07 1.03 1.06 1.03 1.04 1.03 1.02 1.03 1.04 1.03 1.05 82.95 1e-06 0.1 1024 SimpleDLA
1.0 1.12 1.04 1.03 1.03 1.03 1.03 1.04 1.02 1.03 1.02 1.03 1.02 1.02 1.03 1.03 1.03 1.15 1.03 1.03 1.03 81.88 1e-05 0.1 1024 SimpleDLA
1.0 1.05 1.06 1.07 1.09 1.11 1.1 1.09 1.11 1.1 1.11 1.1 1.11 1.1 1.1 1.1 1.11 1.12 1.12 1.12 1.12 83.89 1e-07 0.1 256 SimpleDLA
1.0 1.11 1.12 1.11 1.11 1.1 1.13 1.12 1.1 1.12 1.1 1.13 1.1 1.1 1.1 1.1 1.11 1.11 1.1 1.09 1.1 84.0 1e-05 0.1 256 SimpleDLA
1.0 1.14 1.08 1.08 1.08 1.08 1.08 1.13 1.1 1.11 1.11 1.1 1.11 1.1 1.09 1.1 1.2 1.11 1.1 1.1 1.09 82.27 1e-07 0.1 1024 SimpleDLA
1.0 1.08 1.02 1.1 1.1 1.14 1.1 1.1 1.1 1.09 1.1 1.09 1.11 1.1 1.1 1.09 1.09 1.08 1.11 1.09 1.1 84.03 1e-06 0.1 512 SimpleDLA
1.0 1.05 1.04 1.03 1.05 1.05 1.06 1.07 1.05 1.06 1.05 1.07 1.07 1.05 1.04 1.05 1.05 1.05 1.05 1.05 1.06 83.28 1e-07 0.1 512 SimpleDLA
1.0 1.22 1.12 1.1 1.15 1.12 1.15 1.16 1.1 1.2 1.11 1.11 1.09 1.08 1.09 1.14 1.11 1.13 1.14 1.1 1.16 77.37 1e-05 0.01 1024 SimpleDLA
1.0 1.12 1.11 1.13 1.15 1.16 1.13 1.14 1.13 1.15 1.13 1.13 1.11 1.13 1.14 1.13 1.13 1.13 1.15 1.12 1.12 84.45 1e-06 0.1 256 SimpleDLA
1.0 1.14 1.07 1.06 1.06 1.08 1.07 1.08 1.07 1.07 1.07 1.08 1.08 1.08 1.08 1.08 1.08 1.08 1.07 1.08 1.07 76.61 1e-06 0.01 1024 SimpleDLA
1.0 1.23 1.1 1.1 1.26 1.11 1.13 1.1 1.13 1.17 1.17 1.18 1.19 1.12 1.12 1.13 1.15 1.19 1.13 1.12 1.14 77.53 1e-07 0.01 1024 SimpleDLA
1.0 1.25 1.34 1.48 1.41 1.42 1.43 1.45 1.65 1.43 1.45 1.58 1.67 1.42 1.5 1.45 1.51 1.44 1.55 1.52 1.5 63.91 1e-07 0.001 512 SimpleDLA
1.0 1.12 1.09 1.05 1.12 1.1 1.14 1.1 1.09 1.09 1.1 1.1 1.1 1.09 1.09 1.14 1.12 1.08 1.06 1.11 1.08 83.67 1e-07 0.01 256 SimpleDLA
1.0 1.08 1.04 1.07 1.1 1.06 1.08 1.08 1.06 1.08 1.08 1.06 1.08 1.05 1.08 1.07 1.09 1.08 1.08 1.08 1.08 82.96 1e-07 0.1 1024 SimpleDLA
1.0 1.02 1.1 1.07 1.08 1.07 1.13 1.09 1.07 1.08 1.07 1.09 1.07 1.21 1.07 1.08 1.11 1.07 1.07 1.06 1.09 81.35 1e-07 0.01 512 SimpleDLA
1.0 1.39 1.43 1.24 1.63 1.54 1.47 1.56 1.51 1.44 1.55 1.4 1.46 1.47 1.36 1.49 1.46 1.49 1.48 1.67 1.49 64.01 1e-05 0.001 512 SimpleDLA
1.0 1.19 1.13 1.06 1.15 1.09 1.08 1.09 1.09 1.09 1.08 1.07 1.17 1.09 1.07 1.23 1.11 1.22 1.17 1.12 1.11 78.15 1e-07 0.01 1024 SimpleDLA
1.0 1.17 1.12 1.09 1.1 1.12 1.13 1.11 1.12 1.14 1.1 1.14 1.12 1.11 1.13 1.12 1.09 1.12 1.11 1.13 1.09 81.79 1e-06 0.01 512 SimpleDLA
1.0 1.42 1.26 1.24 1.29 1.33 1.25 1.26 1.23 1.24 1.28 1.22 1.25 1.32 1.27 1.22 1.34 1.36 1.37 1.25 1.32 71.76 1e-05 0.001 256 SimpleDLA
1.0 1.11 1.1 1.03 1.04 1.06 1.04 1.06 1.03 1.04 1.04 1.06 1.05 1.07 1.05 1.04 1.04 1.05 1.04 1.06 1.04 82.82 1e-05 0.1 1024 SimpleDLA
1.0 1.09 1.08 1.08 1.07 1.06 1.09 1.07 1.07 1.07 1.08 1.12 1.08 1.09 1.13 1.07 1.08 1.07 1.09 1.07 1.07 83.31 1e-05 0.01 256 SimpleDLA
1.0 1.06 1.04 1.07 1.05 1.13 1.07 1.06 1.1 1.12 1.13 1.04 1.09 1.09 1.06 1.08 1.04 1.06 1.06 1.11 1.06 83.04 1e-06 0.01 256 SimpleDLA
1.0 1.21 1.26 1.14 1.23 1.13 1.18 1.15 1.19 1.17 1.15 1.18 1.25 1.23 1.28 1.25 1.22 1.15 1.12 1.18 1.23 72.79 1e-06 0.001 256 SimpleDLA
1.0 1.08 1.13 1.14 1.19 1.18 1.23 1.22 1.17 1.15 1.32 1.16 1.18 1.14 1.13 1.15 1.18 1.19 1.15 1.17 1.15 81.71 1e-05 0.01 512 SimpleDLA
1.0 1.05 1.14 1.11 1.12 1.17 1.16 1.12 1.14 1.13 1.18 1.16 1.18 1.15 1.17 1.1 1.13 1.13 1.11 1.12 1.13 83.95 1e-05 0.01 256 SimpleDLA
1.0 1.3 1.33 1.34 1.29 1.35 1.43 1.38 1.37 1.42 1.41 1.33 1.55 1.41 1.45 1.52 1.38 1.37 1.41 1.37 1.42 63.59 1e-06 0.001 512 SimpleDLA
1.0 1.2 1.23 1.11 1.16 1.24 1.15 1.27 1.16 1.18 1.15 1.19 1.22 1.28 1.18 1.13 1.3 1.17 1.21 1.22 1.32 73.0 1e-06 0.001 256 SimpleDLA
1.0 1.2 1.23 1.18 1.23 1.28 1.24 1.27 1.26 1.27 1.25 1.35 1.31 1.2 1.24 1.24 1.24 1.24 1.2 1.27 1.29 70.99 1e-07 0.001 256 SimpleDLA
1.0 1.05 1.06 1.02 1.06 1.05 1.06 1.07 1.06 1.04 1.05 1.12 1.06 1.06 1.05 1.06 1.06 1.04 1.05 1.07 1.08 83.75 1e-06 0.1 256 SimpleDLA
1.0 1.07 1.05 1.04 1.03 1.07 1.03 1.05 1.05 1.07 1.06 1.06 1.06 1.05 1.06 1.06 1.06 1.07 1.06 1.06 1.05 84.17 1e-05 0.1 256 SimpleDLA
1.0 1.02 1.04 1.07 1.04 1.03 1.09 1.1 1.06 1.07 1.08 1.08 1.14 1.06 1.09 1.03 1.08 1.03 1.02 1.03 1.05 81.96 1e-05 0.01 512 SimpleDLA
1.0 1.05 1.13 1.04 1.07 1.07 1.09 1.09 1.06 1.08 1.08 1.08 1.09 1.06 1.08 1.06 1.06 1.07 1.05 1.06 1.07 84.04 1e-07 0.1 256 SimpleDLA
1.0 1.11 1.02 1.04 1.03 1.03 1.02 1.03 1.03 1.03 1.03 1.02 1.03 1.02 1.04 1.03 1.03 1.02 1.04 1.03 1.06 83.94 1e-06 0.01 256 SimpleDLA
1.0 1.1 1.05 1.07 1.09 1.07 1.05 1.07 1.04 1.05 1.06 1.04 1.07 1.05 1.05 1.08 1.05 1.05 1.13 1.09 1.05 80.89 1e-07 0.01 512 SimpleDLA
1.0 1.06 1.01 1.03 1.07 1.03 1.02 1.03 1.02 1.05 1.02 1.01 1.02 1.04 1.04 1.05 1.02 1.05 1.02 1.02 1.05 83.28 1e-05 0.01 256 SimpleDLA
1.0 1.17 1.09 1.17 1.1 1.07 1.08 1.16 1.12 1.07 1.08 1.08 1.1 1.05 1.06 1.08 1.06 1.05 1.08 1.07 1.08 82.25 1e-06 0.01 512 SimpleDLA
1.0 1.17 1.02 1.02 1.02 1.03 1.03 1.01 1.02 1.02 1.02 1.03 1.02 1.01 1.04 1.02 1.01 1.02 1.02 1.02 1.01 83.92 1e-07 0.01 256 SimpleDLA
1.0 1.21 1.42 1.15 1.14 1.16 1.26 1.3 1.16 1.19 1.19 1.11 1.18 1.15 1.25 1.24 1.19 1.2 1.13 1.26 1.22 71.81 1e-05 0.001 256 SimpleDLA
1.0 1.12 1.08 1.1 1.11 1.07 1.07 1.08 1.1 1.1 1.07 1.07 1.12 1.14 1.09 1.12 1.11 1.11 1.18 1.09 1.15 83.57 1e-07 0.01 256 SimpleDLA
1.0 1.21 1.16 1.18 1.12 1.17 1.23 1.2 1.1 1.17 1.24 1.16 1.11 1.2 1.16 1.2 1.15 1.09 1.34 1.42 1.23 72.84 1e-07 0.001 256 SimpleDLA
1.0 1.08 1.14 1.13 1.11 1.09 1.06 1.08 1.08 1.07 1.11 1.08 1.07 1.06 1.08 1.07 1.06 1.06 1.1 1.06 1.07 81.3 1e-06 0.01 512 SimpleDLA
1.0 1.17 1.08 1.1 1.14 1.13 1.13 1.14 1.12 1.12 1.14 1.12 1.13 1.13 1.15 1.15 1.14 1.13 1.09 1.13 1.13 80.0 1e-05 0.01 512 SimpleDLA
1.0 1.09 1.06 1.07 1.05 1.05 1.07 1.07 1.06 1.1 1.12 1.12 1.06 1.07 1.08 1.1 1.09 1.05 1.06 1.04 1.1 84.47 1e-05 0.1 256 SimpleDLA
1.0 1.22 1.3 1.12 1.24 1.2 1.22 1.18 1.17 1.12 1.13 1.16 1.22 1.11 1.14 1.19 1.14 1.18 1.14 1.16 1.12 74.42 1e-05 0.001 256 SimpleDLA
1.0 1.14 1.22 1.27 1.34 1.26 1.34 1.25 1.54 1.27 1.27 1.29 1.25 1.43 1.32 1.27 1.31 1.31 1.34 1.36 1.33 72.66 1e-06 0.001 256 SimpleDLA
1.0 1.1 1.21 1.16 1.13 1.15 1.12 1.1 1.09 1.1 1.16 1.12 1.1 1.15 1.22 1.07 1.17 1.1 1.1 1.09 1.11 73.82 1e-07 0.001 256 SimpleDLA
