1.0 3.0 2.82 3.11 2.95 3.01 3.15 3.03 3.14 3.09 3.09 3.11 3.06 3.16 3.11 3.12 3.08 3.01 3.16 3.12 3.06 80.24 1e-05 0.1 256 ShuffleNetV2
1.0 2.9 2.89 2.88 2.98 2.92 3.0 2.96 2.88 3.03 2.98 2.98 2.96 3.0 3.04 2.98 2.93 2.94 2.91 2.92 3.01 81.82 1e-06 0.1 256 ShuffleNetV2
1.0 3.01 3.33 3.25 3.38 3.46 3.4 3.32 3.34 3.33 3.37 3.43 3.4 3.4 3.48 3.35 3.3 3.37 3.36 3.39 3.42 76.47 1e-05 0.1 512 ShuffleNetV2
1.0 3.21 3.02 3.09 3.02 3.07 3.02 3.1 3.08 3.05 3.05 3.09 3.1 3.05 3.05 3.02 3.05 3.04 3.0 3.09 3.03 81.21 1e-07 0.1 256 ShuffleNetV2
1.0 3.06 2.95 2.82 2.98 2.95 2.97 2.91 2.97 2.98 2.89 3.01 2.95 2.93 2.93 2.95 2.98 3.01 2.9 2.89 2.97 78.27 1e-06 0.1 512 ShuffleNetV2
1.0 3.11 3.34 3.17 3.27 3.31 3.32 3.33 3.2 3.21 3.34 3.22 3.24 3.24 3.25 3.23 3.23 3.33 3.38 3.2 3.3 77.32 1e-07 0.1 512 ShuffleNetV2
1.0 3.18 3.32 3.67 3.24 3.34 3.32 3.41 3.34 3.31 3.36 3.36 3.4 3.27 3.32 3.34 3.31 3.29 3.37 3.4 3.25 74.67 1e-05 0.1 1024 ShuffleNetV2
1.0 3.39 3.46 3.43 3.39 3.33 3.38 3.39 3.39 3.3 3.4 3.35 3.36 3.41 3.39 3.37 3.4 3.33 3.37 3.28 3.34 74.91 1e-06 0.1 1024 ShuffleNetV2
1.0 3.7 3.47 3.57 3.45 3.43 3.43 3.47 3.51 3.51 3.43 3.52 3.5 3.48 3.47 3.51 3.49 3.43 3.48 3.53 3.56 74.19 1e-07 0.1 1024 ShuffleNetV2
1.0 3.57 3.63 3.63 3.61 3.52 3.6 3.47 3.53 3.5 3.61 3.61 3.47 3.57 3.54 3.55 3.56 3.36 3.52 3.56 3.47 73.34 1e-06 0.01 256 ShuffleNetV2
1.0 3.65 3.89 3.45 3.51 3.61 3.65 3.56 3.44 3.54 3.52 3.58 3.69 3.64 3.59 3.64 3.55 3.49 3.63 3.62 3.63 74.27 1e-07 0.01 256 ShuffleNetV2
1.0 4.74 4.65 4.34 4.55 4.48 4.51 4.55 4.58 4.54 4.54 4.45 4.49 4.55 4.41 4.47 4.61 4.46 4.5 4.65 4.6 67.92 1e-06 0.01 512 ShuffleNetV2
1.0 4.51 4.55 4.59 4.28 4.26 4.43 4.31 4.23 4.22 4.37 4.28 4.19 4.2 4.23 4.18 4.22 4.25 4.19 4.16 4.21 68.36 1e-07 0.01 512 ShuffleNetV2
1.0 5.57 6.4 5.69 5.72 5.38 5.57 5.52 5.36 5.4 5.31 5.47 5.48 5.35 5.3 5.38 5.41 5.19 5.42 5.38 5.38 64.59 1e-05 0.01 1024 ShuffleNetV2
1.0 3.95 4.1 3.45 3.72 3.5 3.62 3.63 3.63 3.55 3.57 3.63 3.59 3.62 3.63 3.49 3.61 3.63 3.52 3.53 3.59 73.74 1e-05 0.01 256 ShuffleNetV2
1.0 5.64 6.12 5.94 5.78 5.52 5.57 5.39 5.45 5.52 5.4 5.51 5.4 5.43 5.48 5.44 5.49 5.43 5.47 5.47 5.4 63.52 1e-06 0.01 1024 ShuffleNetV2
1.0 6.23 6.68 6.31 6.15 6.55 6.67 6.48 6.54 6.36 6.58 6.22 6.35 6.46 6.34 6.37 6.46 6.49 6.26 6.44 6.28 63.37 1e-07 0.01 1024 ShuffleNetV2
1.0 4.63 4.34 4.49 4.21 4.34 4.4 4.33 4.54 4.6 4.35 4.58 4.47 4.64 4.37 4.36 4.65 4.45 4.49 4.5 4.49 69.18 1e-05 0.01 512 ShuffleNetV2
1.0 16.71 10.5 11.88 12.69 16.53 17.17 18.4 19.29 19.04 18.96 19.06 19.23 18.72 19.14 18.62 18.8 18.71 18.96 18.6 18.39 38.72 1e-05 0.001 1024 ShuffleNetV2
1.0 16.48 11.54 11.31 13.74 16.41 17.37 18.71 18.71 18.29 19.2 19.64 18.76 19.51 18.53 18.54 18.82 18.58 18.95 18.48 18.79 39.59 1e-06 0.001 1024 ShuffleNetV2
1.0 11.35 9.03 10.16 11.25 12.8 12.22 11.61 11.98 11.78 11.6 12.19 11.57 11.87 11.57 11.81 11.67 11.87 11.42 11.9 12.21 49.95 1e-07 0.001 512 ShuffleNetV2
1.0 8.16 7.63 7.75 8.42 8.44 8.1 8.04 7.92 7.92 8.33 7.73 7.86 8.1 7.98 7.81 7.8 8.2 7.82 8.17 7.62 57.34 1e-07 0.001 256 ShuffleNetV2
1.0 15.44 11.55 11.81 13.37 15.56 16.67 17.41 18.06 18.8 19.3 18.18 18.28 18.65 18.82 18.45 18.62 18.17 18.82 18.55 18.27 39.01 1e-07 0.001 1024 ShuffleNetV2
1.0 7.37 7.55 7.72 8.11 7.89 8.33 7.58 7.76 7.39 7.41 7.37 7.27 7.38 7.48 7.36 7.58 7.49 7.39 7.42 7.57 58.14 1e-06 0.001 256 ShuffleNetV2
1.0 7.53 6.48 8.24 7.81 7.71 7.98 8.0 7.29 7.75 7.38 7.35 7.49 7.55 7.75 7.64 7.71 7.35 7.48 7.44 7.62 57.11 1e-05 0.001 256 ShuffleNetV2
1.0 10.08 8.78 9.23 10.62 11.23 12.24 11.69 11.44 11.77 11.42 11.71 11.54 11.31 11.52 11.69 11.64 11.62 11.53 11.32 11.49 49.32 1e-06 0.001 512 ShuffleNetV2
1.0 10.6 8.93 9.13 11.08 11.47 12.19 11.86 11.58 10.96 10.89 11.39 11.36 11.38 11.07 11.01 11.09 11.16 11.1 11.03 10.95 49.76 1e-05 0.001 512 ShuffleNetV2
1.0 3.47 3.49 3.29 3.17 3.31 3.28 3.29 3.25 3.21 3.22 3.18 3.29 3.34 3.34 3.21 3.24 3.25 3.37 3.22 3.24 78.47 1e-05 0.1 512 ShuffleNetV2
1.0 3.51 3.65 3.28 3.38 3.43 3.4 3.37 3.4 3.32 3.31 3.39 3.31 3.33 3.36 3.38 3.39 3.28 3.28 3.3 3.27 74.12 1e-07 0.1 1024 ShuffleNetV2
1.0 3.56 3.57 3.66 3.53 3.79 3.71 3.7 3.66 3.61 3.65 3.54 3.62 3.59 3.53 3.65 3.64 3.65 3.6 3.56 3.64 73.85 1e-05 0.1 1024 ShuffleNetV2
1.0 3.83 3.71 3.51 3.56 3.67 3.64 3.59 3.63 3.6 3.52 3.52 3.54 3.55 3.59 3.54 3.61 3.68 3.65 3.61 3.65 75.22 1e-06 0.1 1024 ShuffleNetV2
1.0 3.2 3.1 3.22 3.2 3.14 3.27 3.18 3.16 3.22 3.12 3.17 3.14 3.17 3.14 3.2 3.18 3.21 3.13 3.19 3.15 80.88 1e-06 0.1 256 ShuffleNetV2
1.0 3.12 3.32 3.28 3.27 3.24 3.29 3.32 3.28 3.27 3.35 3.26 3.28 3.3 3.32 3.21 3.22 3.25 3.3 3.29 3.3 78.44 1e-06 0.1 512 ShuffleNetV2
1.0 3.08 2.98 3.21 2.9 2.96 2.9 2.95 2.95 2.88 2.87 2.87 2.94 2.91 2.88 2.86 2.87 2.79 2.8 2.97 2.88 80.7 1e-05 0.1 256 ShuffleNetV2
1.0 6.33 6.27 6.41 5.73 5.7 5.77 5.82 5.59 5.58 5.76 5.89 5.91 5.76 5.6 5.88 5.73 5.58 5.73 5.79 5.6 63.68 1e-06 0.01 1024 ShuffleNetV2
1.0 3.24 3.14 3.16 3.1 3.2 3.19 3.13 3.12 3.26 3.2 3.2 3.21 3.2 3.1 3.11 3.24 3.09 3.16 3.16 3.15 80.97 1e-07 0.1 256 ShuffleNetV2
1.0 4.73 4.66 4.34 4.46 4.5 4.57 4.7 4.55 4.53 4.63 4.75 4.54 4.75 4.55 4.48 4.58 4.6 4.76 4.54 4.72 69.33 1e-06 0.01 512 ShuffleNetV2
1.0 3.52 3.19 3.29 3.23 3.21 3.28 3.2 3.26 3.28 3.28 3.24 3.23 3.23 3.25 3.26 3.24 3.27 3.28 3.24 3.23 77.58 1e-07 0.1 512 ShuffleNetV2
1.0 4.0 4.14 3.69 3.7 3.74 3.77 3.75 3.67 3.76 3.9 3.81 3.76 3.71 3.85 3.81 3.64 3.75 3.61 3.69 3.74 73.07 1e-05 0.01 256 ShuffleNetV2
1.0 5.87 6.55 5.93 5.97 5.49 6.26 6.14 6.01 6.12 6.15 6.02 6.06 5.86 6.08 6.05 5.93 6.12 6.23 6.11 6.22 63.76 1e-07 0.01 1024 ShuffleNetV2
1.0 3.88 3.62 3.84 3.78 3.72 3.64 3.87 3.69 3.82 3.73 3.66 3.82 3.7 3.72 3.75 3.71 3.66 3.66 3.62 3.74 73.12 1e-06 0.01 256 ShuffleNetV2
1.0 18.73 13.86 13.34 15.53 18.07 18.78 19.89 19.5 20.04 19.63 20.21 19.28 19.3 18.84 19.9 20.17 19.84 19.85 19.8 19.33 39.77 1e-05 0.001 1024 ShuffleNetV2
1.0 4.81 5.0 4.71 4.05 4.01 4.02 3.87 3.97 3.96 4.04 3.99 4.0 4.06 3.94 4.04 4.05 4.05 3.98 3.96 4.09 69.82 1e-05 0.01 512 ShuffleNetV2
1.0 3.83 3.69 3.81 3.75 3.51 3.58 3.68 3.66 3.64 3.83 3.72 3.8 4.08 3.95 3.99 3.91 3.84 3.74 3.86 3.89 74.19 1e-07 0.01 256 ShuffleNetV2
1.0 5.76 5.57 5.92 5.95 5.71 5.64 5.76 5.7 5.57 5.65 5.66 5.49 5.51 5.53 5.75 5.58 5.64 5.73 5.53 5.62 64.87 1e-05 0.01 1024 ShuffleNetV2
1.0 8.98 7.32 7.67 8.32 7.62 7.47 7.44 7.61 8.04 8.41 8.08 7.85 7.77 7.72 7.81 7.9 7.76 7.7 7.84 7.77 57.91 1e-05 0.001 256 ShuffleNetV2
1.0 17.33 13.92 13.23 15.73 17.32 17.98 19.94 18.64 18.99 19.2 18.78 18.51 19.01 18.45 18.46 18.86 19.0 19.03 18.7 18.91 40.43 1e-07 0.001 1024 ShuffleNetV2
1.0 4.67 4.89 4.64 4.55 4.5 4.54 4.49 4.5 4.52 4.5 4.55 4.56 4.53 4.57 4.55 4.6 4.66 4.53 4.56 4.5 68.8 1e-07 0.01 512 ShuffleNetV2
1.0 8.8 8.05 7.46 9.32 8.22 8.34 8.01 8.59 8.04 7.84 8.01 8.07 8.02 7.96 8.14 7.76 8.09 7.6 7.56 8.12 56.68 1e-06 0.001 256 ShuffleNetV2
1.0 8.97 7.13 8.83 9.16 8.89 8.5 8.55 7.93 8.65 7.66 8.01 8.53 8.39 8.32 8.29 8.2 8.35 8.27 8.27 7.86 58.89 1e-07 0.001 256 ShuffleNetV2
1.0 11.41 10.08 9.95 11.36 12.29 12.62 12.52 13.12 12.33 12.3 11.95 12.58 11.83 12.29 11.95 12.15 11.79 12.17 12.43 11.43 49.22 1e-07 0.001 512 ShuffleNetV2
1.0 12.3 9.52 9.83 11.35 11.83 12.65 11.48 12.03 11.87 12.06 11.32 11.81 11.76 11.58 11.84 11.82 12.06 12.09 11.65 12.19 50.31 1e-05 0.001 512 ShuffleNetV2
1.0 3.62 3.44 3.68 3.57 3.56 3.55 3.51 3.47 3.58 3.57 3.57 3.5 3.52 3.53 3.55 3.57 3.52 3.49 3.44 3.55 74.87 1e-06 0.1 1024 ShuffleNetV2
1.0 18.3 12.99 13.53 16.74 19.18 19.71 20.29 19.64 19.68 19.07 18.72 18.64 19.21 20.01 19.91 19.88 19.76 19.51 19.56 19.62 39.7 1e-06 0.001 1024 ShuffleNetV2
1.0 12.35 9.89 10.78 12.57 12.17 12.6 12.23 12.33 12.25 11.81 11.81 12.22 12.15 12.25 11.91 11.83 12.0 12.25 11.72 12.31 49.24 1e-06 0.001 512 ShuffleNetV2
1.0 4.0 3.55 3.33 3.31 3.33 3.29 3.26 3.33 3.32 3.29 3.37 3.3 3.39 3.24 3.32 3.27 3.39 3.31 3.27 3.3 74.68 1e-07 0.1 1024 ShuffleNetV2
1.0 2.95 2.94 2.96 3.0 3.1 3.14 3.09 3.16 3.17 3.11 3.16 3.1 3.22 3.13 3.04 3.08 3.04 3.19 3.17 3.08 80.97 1e-07 0.1 256 ShuffleNetV2
1.0 3.2 3.1 3.33 3.18 3.16 3.13 3.15 3.21 3.23 3.28 3.17 3.18 3.12 3.19 3.15 3.18 3.11 3.17 3.14 3.2 76.87 1e-07 0.1 512 ShuffleNetV2
1.0 3.15 3.41 3.04 3.05 3.12 3.1 3.08 3.05 3.11 3.15 3.11 3.1 3.15 3.1 3.07 3.1 3.1 3.12 3.1 3.08 77.72 1e-06 0.1 512 ShuffleNetV2
1.0 3.25 3.05 3.13 3.04 2.97 2.99 3.02 3.06 3.0 3.0 2.99 2.96 2.96 2.95 3.0 2.96 2.99 3.02 3.02 2.98 77.4 1e-05 0.1 512 ShuffleNetV2
1.0 3.18 3.16 3.19 3.1 2.98 3.0 2.96 3.04 3.03 2.99 2.99 2.98 2.97 3.0 2.96 3.02 2.93 2.99 2.93 3.07 81.19 1e-05 0.1 256 ShuffleNetV2
1.0 3.33 3.53 3.48 3.36 3.27 3.26 3.29 3.28 3.34 3.34 3.25 3.28 3.28 3.21 3.22 3.3 3.31 3.28 3.26 3.32 75.15 1e-05 0.1 1024 ShuffleNetV2
1.0 3.11 2.97 2.95 3.19 3.25 3.29 3.19 3.2 3.17 3.32 3.2 3.18 3.16 3.15 3.14 3.17 3.19 3.2 3.23 3.12 80.7 1e-06 0.1 256 ShuffleNetV2
1.0 5.97 6.22 5.72 5.91 6.09 6.08 6.21 6.35 6.24 6.04 6.22 6.28 6.18 6.32 6.2 6.26 6.31 6.23 6.36 6.27 63.84 1e-07 0.01 1024 ShuffleNetV2
1.0 5.57 6.6 6.63 5.59 5.55 5.86 5.85 6.0 5.8 5.82 5.92 5.88 5.72 5.72 5.86 5.83 5.84 5.83 5.8 5.72 64.26 1e-05 0.01 1024 ShuffleNetV2
1.0 4.66 4.44 3.9 4.03 3.85 3.82 3.95 3.96 3.91 3.88 3.94 3.93 3.93 4.06 3.96 3.92 3.9 3.85 4.05 3.94 69.88 1e-06 0.01 512 ShuffleNetV2
1.0 5.81 6.46 5.9 5.83 5.24 5.38 5.51 5.41 5.64 5.53 5.39 5.44 5.52 5.33 5.57 5.39 5.5 5.42 5.44 5.41 64.45 1e-06 0.01 1024 ShuffleNetV2
1.0 3.6 3.67 3.48 3.78 3.6 3.58 3.58 3.61 3.55 3.53 3.64 3.58 3.55 3.66 3.62 3.62 3.64 3.69 3.71 3.59 72.53 1e-07 0.01 256 ShuffleNetV2
1.0 4.6 4.61 4.74 4.36 4.35 4.54 4.38 4.15 4.41 4.31 4.27 4.4 4.38 4.32 4.26 4.24 4.3 4.41 4.4 4.35 68.49 1e-05 0.01 512 ShuffleNetV2
1.0 17.03 13.21 12.67 14.81 17.4 17.6 18.32 18.97 18.64 18.61 18.77 18.41 18.48 18.39 18.7 19.02 18.27 18.52 18.66 18.8 42.06 1e-06 0.001 1024 ShuffleNetV2
1.0 12.33 8.98 9.72 11.34 11.67 11.91 10.88 11.33 11.19 11.18 11.52 11.71 11.7 10.98 11.26 11.57 11.31 11.2 11.31 11.13 52.2 1e-05 0.001 512 ShuffleNetV2
1.0 7.73 7.65 8.25 8.72 8.08 7.95 7.74 8.11 8.09 7.76 8.14 7.85 8.14 8.09 8.23 7.7 7.79 7.49 7.87 8.2 57.95 1e-05 0.001 256 ShuffleNetV2
1.0 7.58 7.24 7.88 7.87 7.62 7.41 7.33 7.23 7.43 6.81 7.39 7.24 7.22 6.75 7.13 7.14 7.51 7.2 7.24 7.13 59.33 1e-06 0.001 256 ShuffleNetV2
1.0 3.82 3.72 3.67 3.24 3.38 3.4 3.33 3.47 3.33 3.4 3.51 3.41 3.48 3.56 3.38 3.56 3.53 3.39 3.56 3.55 73.51 1e-05 0.01 256 ShuffleNetV2
1.0 3.75 3.79 3.93 3.38 3.51 3.38 3.65 3.51 3.62 3.56 3.47 3.48 3.57 3.54 3.62 3.61 3.46 3.56 3.73 3.5 72.97 1e-06 0.01 256 ShuffleNetV2
1.0 10.9 9.2 10.06 11.92 11.63 12.0 10.95 11.31 11.3 11.84 12.07 11.72 11.81 11.31 11.71 11.89 11.49 11.99 11.41 11.5 51.48 1e-06 0.001 512 ShuffleNetV2
1.0 4.56 4.77 4.52 4.21 4.42 4.36 4.44 4.49 4.47 4.54 4.46 4.3 4.54 4.54 4.6 4.66 4.71 4.54 4.49 4.43 67.66 1e-07 0.01 512 ShuffleNetV2
1.0 20.31 12.73 12.14 13.56 16.46 17.04 18.16 17.04 18.28 18.71 18.56 18.88 18.3 18.96 18.58 18.68 18.32 18.09 18.41 18.5 42.96 1e-05 0.001 1024 ShuffleNetV2
1.0 12.17 8.06 9.14 10.13 11.91 11.58 10.92 11.36 10.59 10.5 10.62 10.78 10.83 10.42 10.65 11.16 11.08 11.2 10.77 11.36 51.04 1e-07 0.001 512 ShuffleNetV2
1.0 14.9 13.57 12.14 12.78 16.26 16.41 17.6 17.71 18.24 17.57 18.63 18.16 18.74 18.53 19.29 18.36 18.54 19.17 18.59 19.12 41.58 1e-07 0.001 1024 ShuffleNetV2
1.0 7.07 6.93 8.23 7.98 7.42 7.13 7.14 7.25 7.28 7.7 7.76 7.43 7.56 7.58 7.6 7.66 7.5 7.69 7.59 7.74 59.14 1e-07 0.001 256 ShuffleNetV2