3.28 6.16 6.48 7.05 7.16 6.96 7.08 7.04 7.09 7.05 7.04 7.0 7.01 6.94 6.93 7.0 7.0 6.98 7.0 6.98 6.98 72.38 1e-06 0.5 1024 resnet18
3.28 6.0 6.21 7.16 7.17 7.13 7.26 7.25 7.28 7.25 7.35 7.29 7.37 7.38 7.3 7.27 7.31 7.26 7.32 7.25 7.26 73.55 1e-05 0.5 1024 resnet18
3.28 6.31 6.59 6.64 6.48 6.2 6.3 6.24 6.37 6.26 6.33 6.38 6.29 6.27 6.33 6.33 6.41 6.29 6.31 6.33 6.34 75.29 1e-05 0.5 256 resnet18
3.28 6.02 6.81 7.23 6.88 6.61 6.36 6.3 6.37 6.33 6.3 6.29 6.25 6.29 6.32 6.28 6.21 6.25 6.25 6.2 6.24 81.42 1e-05 0.5 512 resnet18
3.28 5.85 6.76 6.87 6.04 6.26 6.27 6.28 6.11 6.13 6.08 6.11 6.16 6.11 6.11 6.11 6.12 6.11 6.13 6.17 6.13 80.98 1e-06 0.5 512 resnet18
3.28 6.98 7.46 7.14 6.92 6.94 6.98 6.86 6.94 6.89 6.94 6.95 6.97 6.87 6.83 6.97 6.91 6.91 6.92 6.9 6.84 70.99 1e-06 0.5 256 resnet18
3.28 6.1 6.94 7.07 6.61 6.69 6.68 6.71 6.68 6.7 6.67 6.67 6.7 6.65 6.63 6.68 6.69 6.62 6.69 6.73 6.61 75.69 1e-07 0.5 512 resnet18
3.28 6.62 7.5 6.73 6.58 6.62 6.58 6.62 6.6 6.5 6.57 6.72 6.7 6.67 6.59 6.61 6.6 6.7 6.6 6.6 6.59 69.97 1e-07 0.5 256 resnet18
3.28 5.27 5.09 5.07 5.09 5.08 5.08 5.13 5.09 5.09 5.12 5.14 5.1 5.14 5.06 5.13 5.13 5.08 5.16 5.07 5.12 83.19 1e-05 0.05 1024 resnet18
3.28 5.48 5.9 6.44 7.92 7.7 7.7 7.7 7.84 7.77 7.77 7.69 7.69 7.72 7.68 7.68 7.65 7.65 7.72 7.71 7.74 70.18 1e-07 0.5 1024 resnet18
3.28 7.99 8.06 7.99 7.91 8.01 7.96 8.05 8.05 7.87 7.87 7.96 7.9 7.91 7.99 7.93 7.95 7.98 7.98 7.9 7.96 72.12 1e-07 0.005 1024 resnet18
3.28 5.43 4.9 4.97 4.92 4.92 4.91 4.96 4.87 4.9 4.84 4.88 4.91 4.92 4.87 4.9 4.88 4.91 4.85 4.85 4.84 85.26 1e-05 0.05 256 resnet18
3.28 5.28 5.04 4.98 4.98 4.95 4.94 4.96 4.93 4.92 4.9 4.93 4.92 4.96 4.93 4.94 4.93 4.95 4.94 4.93 4.91 85.05 1e-06 0.05 512 resnet18
3.28 5.41 5.13 5.04 4.97 5.0 5.04 5.02 5.0 5.0 5.0 4.97 5.0 5.01 5.0 5.01 5.01 4.98 5.04 5.01 4.97 84.92 1e-05 0.05 512 resnet18
3.28 5.4 5.21 5.26 5.18 5.17 5.12 5.24 5.31 5.21 5.13 5.14 5.25 5.21 5.16 5.18 5.18 5.23 5.22 5.13 5.17 85.18 1e-06 0.05 256 resnet18
3.28 5.58 5.16 5.12 5.09 5.15 5.16 5.13 5.13 5.16 5.16 5.15 5.11 5.14 5.12 5.17 5.13 5.13 5.16 5.13 5.14 82.37 1e-06 0.05 1024 resnet18
3.28 5.4 4.98 4.92 4.93 4.92 4.95 4.94 4.93 4.93 4.94 4.9 4.91 4.95 4.91 4.94 4.91 4.92 4.96 4.9 4.92 82.41 1e-07 0.05 1024 resnet18
3.28 5.27 5.18 5.05 4.99 5.03 4.98 5.02 5.02 5.1 5.1 5.04 5.09 5.04 5.02 5.05 5.07 5.14 5.09 5.13 5.05 84.86 1e-07 0.05 256 resnet18
3.28 6.28 6.4 6.33 6.39 6.38 6.4 6.47 6.43 6.42 6.45 6.41 6.4 6.51 6.42 6.45 6.43 6.38 6.48 6.54 6.41 76.89 1e-05 0.005 512 resnet18
3.28 5.59 5.07 5.07 5.1 5.06 5.11 5.1 5.05 5.06 5.08 5.05 5.06 5.06 5.07 5.11 5.03 5.08 5.06 5.01 5.09 84.89 1e-07 0.05 512 resnet18
3.28 7.55 7.73 7.62 7.72 7.75 7.72 7.69 7.68 7.72 7.72 7.73 7.78 7.74 7.72 7.71 7.75 7.76 7.77 7.77 7.74 72.22 1e-06 0.005 1024 resnet18
2.02 7.22 6.41 7.84 8.36 7.48 7.56 7.61 7.32 7.53 7.38 7.51 7.44 7.36 7.35 7.54 7.48 7.52 7.51 7.49 7.61 78.11 1e-07 0.5 512 resnet18
3.28 5.64 5.55 5.59 5.71 5.67 5.58 5.64 5.59 5.52 5.63 5.67 5.67 5.72 5.63 5.57 5.64 5.68 5.63 5.64 5.53 80.77 1e-07 0.005 256 resnet18
3.28 7.51 7.58 7.62 7.56 7.62 7.6 7.69 7.76 7.7 7.75 7.76 7.68 7.68 7.71 7.66 7.73 7.76 7.75 7.78 7.71 71.83 1e-05 0.005 1024 resnet18
3.28 6.24 6.28 6.27 6.27 6.19 6.19 6.24 6.37 6.17 6.31 6.22 6.18 6.28 6.3 6.23 6.22 6.22 6.21 6.18 6.14 77.16 1e-07 0.005 512 resnet18
2.02 1.32 6.55 7.33 7.38 7.23 7.28 6.5 6.46 6.68 6.71 6.54 6.56 6.45 6.6 6.64 6.57 6.65 6.66 6.65 6.62 79.01 1e-05 0.5 256 resnet18
1.5 6.88 6.51 6.8 6.87 6.75 6.83 6.87 6.81 6.78 6.79 6.77 6.77 6.75 6.8 6.82 6.78 6.71 6.73 6.82 6.83 76.34 1e-06 0.5 1024 resnet18
2.02 1.51 1.27 6.6 6.61 6.87 6.63 6.6 6.55 6.72 6.63 6.54 6.66 6.7 6.73 6.69 6.57 6.58 6.58 6.53 6.59 80.95 1e-07 0.5 256 resnet18
2.02 1.0 7.34 7.52 8.12 7.55 7.06 6.4 6.45 6.44 6.31 6.42 6.37 6.3 6.36 6.39 6.29 6.38 6.37 6.35 6.37 79.86 1e-06 0.5 256 resnet18
3.28 5.68 5.57 5.48 5.5 5.53 5.51 5.48 5.49 5.45 5.43 5.49 5.53 5.55 5.58 5.43 5.52 5.48 5.49 5.55 5.5 81.17 1e-05 0.005 256 resnet18
3.28 5.56 5.42 5.44 5.49 5.44 5.51 5.54 5.53 5.52 5.55 5.52 5.5 5.52 5.53 5.57 5.58 5.59 5.46 5.62 5.52 80.97 1e-06 0.005 256 resnet18
2.02 6.19 6.84 6.93 6.88 6.72 6.51 6.72 6.64 6.65 6.63 6.67 6.66 6.73 6.62 6.6 6.63 6.61 6.73 6.67 6.65 77.03 1e-06 0.5 512 resnet18
2.02 5.28 5.03 5.02 4.97 4.91 4.93 4.97 4.97 4.91 4.88 4.93 4.91 4.92 4.91 4.92 4.91 4.96 4.93 4.92 4.96 84.96 1e-05 0.05 512 resnet18
2.02 5.38 4.95 5.03 5.02 4.99 4.93 4.96 4.96 4.99 4.98 4.94 4.94 5.03 4.97 4.96 5.03 4.98 4.97 5.01 4.96 85.39 1e-05 0.05 256 resnet18
2.02 5.39 5.23 5.18 5.16 5.2 5.17 5.2 5.09 5.19 5.17 5.17 5.14 5.13 5.14 5.18 5.12 5.18 5.2 5.2 5.16 85.42 1e-06 0.05 256 resnet18
1.5 5.47 5.22 5.29 5.23 5.26 5.27 5.25 5.3 5.33 5.28 5.27 5.23 5.26 5.26 5.27 5.27 5.23 5.3 5.31 5.25 85.7 1e-05 0.05 256 resnet18
2.02 5.36 5.36 5.04 5.02 5.01 5.01 5.0 5.02 5.09 5.02 5.04 5.01 4.99 5.01 5.0 4.99 4.99 5.04 5.03 4.99 85.31 1e-07 0.05 256 resnet18
3.28 6.42 6.62 6.74 6.61 6.58 6.64 6.62 6.58 6.6 6.52 6.6 6.57 6.56 6.58 6.62 6.6 6.55 6.54 6.57 6.58 77.6 1e-06 0.005 512 resnet18
2.02 5.75 6.56 6.81 6.65 6.71 6.57 6.69 6.63 6.68 6.66 6.62 6.62 6.6 6.65 6.61 6.65 6.59 6.67 6.64 6.64 77.32 1e-05 0.5 512 resnet18
2.02 5.19 5.06 5.06 5.07 5.08 5.09 5.09 5.08 5.09 5.17 5.08 5.12 5.14 5.12 5.13 5.14 5.1 5.14 5.1 5.13 83.99 1e-06 0.05 512 resnet18
1.5 7.72 7.68 7.77 7.86 7.81 7.84 7.8 7.82 7.89 7.89 7.88 7.86 7.85 7.88 7.84 7.85 7.9 7.87 7.89 8.01 72.01 1e-07 0.005 1024 resnet18
1.0 7.3 7.9 7.56 7.47 7.21 7.22 6.9 7.17 6.89 6.92 6.69 6.74 6.61 6.72 6.78 6.7 6.86 6.79 6.7 6.74 79.67 1e-05 0.5 256 MobileNet
1.0 7.9 8.9 9.08 9.33 8.54 8.43 8.42 8.31 8.34 8.23 8.31 8.29 8.43 8.5 8.46 8.24 8.15 8.23 8.35 8.38 77.63 1e-06 0.5 256 MobileNet
1.0 8.75 9.08 8.93 8.71 8.4 8.36 8.47 8.23 8.34 8.5 8.54 8.47 8.62 8.39 8.56 8.58 8.58 8.79 8.58 8.65 76.94 1e-07 0.5 256 MobileNet
1.0 9.31 11.21 10.36 10.76 10.54 10.94 10.61 10.65 10.45 10.31 10.4 10.48 10.3 10.32 10.49 10.5 10.39 10.53 10.49 10.45 67.86 1e-05 0.5 512 MobileNet
1.0 9.33 11.97 12.49 11.89 12.53 12.21 12.36 11.5 11.58 11.73 11.43 11.68 11.79 11.66 11.86 11.83 11.78 11.66 11.84 11.87 64.64 1e-06 0.5 512 MobileNet
1.0 8.71 9.9 9.73 8.93 9.24 9.23 9.5 9.23 9.12 9.18 9.15 9.08 8.94 9.18 9.11 9.19 9.17 9.16 9.25 9.2 73.06 1e-07 0.5 512 MobileNet
1.0 9.97 12.42 11.79 11.78 11.83 11.66 11.46 11.42 11.49 11.43 11.51 11.31 11.29 11.44 11.36 11.37 11.34 11.4 11.44 11.56 66.56 1e-05 0.5 1024 MobileNet
1.0 10.02 13.35 14.85 16.33 15.04 16.23 15.55 15.67 15.25 15.07 15.19 15.16 15.34 15.15 15.31 15.3 15.3 15.36 15.3 15.42 59.88 1e-06 0.5 1024 MobileNet
1.0 10.42 12.04 13.8 12.83 12.17 12.18 11.63 11.99 12.09 12.12 12.09 12.12 12.08 12.16 12.25 12.2 12.21 12.19 12.19 12.18 67.97 1e-07 0.5 1024 MobileNet
1.0 9.29 8.7 7.81 7.96 8.43 8.25 8.18 7.91 8.35 8.22 8.32 8.2 8.33 8.4 8.41 8.24 8.42 8.23 8.14 8.25 73.01 1e-05 0.05 256 MobileNet
1.0 8.89 8.21 8.58 8.42 7.92 8.05 7.71 7.68 8.11 8.12 7.86 8.13 8.07 8.05 8.13 8.04 8.11 7.84 8.07 8.15 74.62 1e-06 0.05 256 MobileNet
1.0 8.93 9.28 9.04 8.55 8.28 8.31 8.14 8.18 8.1 8.15 8.4 8.17 8.29 8.3 8.26 8.32 8.3 8.27 8.29 8.42 73.74 1e-07 0.05 256 MobileNet
1.0 10.07 9.8 9.68 9.63 9.19 9.42 9.13 9.28 9.27 9.22 9.12 9.2 9.17 9.23 9.19 9.11 9.14 9.19 9.28 9.22 71.78 1e-05 0.05 512 MobileNet
1.0 10.54 10.24 9.92 9.53 9.23 9.28 9.35 9.18 9.14 9.28 9.45 9.28 9.39 9.28 9.24 9.26 9.35 9.19 9.34 9.32 70.24 1e-06 0.05 512 MobileNet
1.0 10.74 10.34 10.02 9.43 9.59 9.5 9.54 9.52 9.5 9.48 9.39 9.43 9.39 9.52 9.52 9.53 9.45 9.45 9.5 9.45 69.74 1e-07 0.05 512 MobileNet
1.0 13.27 13.17 12.94 12.21 12.37 12.31 12.27 12.23 12.24 12.33 12.22 12.32 12.23 12.29 12.29 12.27 12.27 12.2 12.27 12.28 65.59 1e-05 0.05 1024 MobileNet
1.0 13.35 12.73 12.49 11.84 11.48 11.57 11.41 11.67 11.4 11.57 11.48 11.56 11.5 11.58 11.67 11.57 11.6 11.54 11.51 11.57 64.81 1e-07 0.05 1024 MobileNet
1.0 12.97 12.67 12.4 12.32 11.98 11.96 11.86 11.91 11.91 11.91 12.05 12.02 11.94 11.85 12.02 11.8 12.0 11.97 11.9 12.0 66.07 1e-06 0.05 1024 MobileNet
1.0 15.87 14.35 14.09 14.97 13.64 14.23 13.93 13.99 13.8 13.7 13.57 13.69 13.67 13.83 13.84 13.88 13.75 13.71 14.36 13.84 64.94 1e-05 0.005 256 MobileNet
1.0 14.57 15.08 13.54 12.99 12.86 12.61 12.57 12.66 12.82 12.85 12.93 12.87 12.69 12.77 12.73 12.56 12.73 12.68 12.98 12.52 65.86 1e-07 0.005 256 MobileNet
1.0 14.29 14.34 13.59 13.31 13.03 12.96 13.07 13.01 12.96 13.13 13.23 12.96 12.89 13.0 13.12 12.89 13.07 13.18 13.12 12.93 63.98 1e-06 0.005 256 MobileNet
1.0 18.1 20.36 18.37 17.74 17.22 17.18 16.72 16.92 16.99 17.02 16.55 17.17 16.94 17.06 16.97 16.91 16.91 17.39 16.88 16.93 60.41 1e-05 0.005 512 MobileNet
1.0 19.36 21.02 19.45 18.06 17.9 17.52 17.83 18.03 17.69 17.65 17.65 17.71 17.33 17.64 17.43 17.95 17.64 17.59 17.68 17.62 59.53 1e-06 0.005 512 MobileNet
1.0 19.08 19.99 17.97 17.45 17.35 17.0 17.18 17.05 17.12 17.35 17.17 17.41 17.32 17.3 17.43 17.51 17.48 17.57 17.61 17.38 59.97 1e-07 0.005 512 MobileNet
1.0 20.21 27.24 27.57 25.77 25.36 25.28 25.11 25.36 25.19 25.52 25.16 25.16 25.07 25.35 25.13 25.41 25.64 25.17 25.34 25.15 55.61 1e-05 0.005 1024 MobileNet
1.0 18.85 25.19 24.73 23.61 23.4 23.13 23.26 23.42 23.3 23.02 23.3 23.16 22.99 23.19 22.95 23.13 23.35 23.07 22.93 23.12 56.51 1e-06 0.005 1024 MobileNet
1.0 7.43 8.04 7.71 7.27 6.66 7.37 6.85 7.2 7.06 6.69 6.87 6.92 6.94 6.97 6.98 6.95 6.79 6.88 7.01 6.93 79.34 1e-05 0.5 256 MobileNet
1.0 20.95 28.31 27.37 25.61 24.44 24.95 24.3 24.18 24.48 24.48 24.48 24.72 24.32 24.36 24.2 24.39 24.34 24.4 24.27 24.36 56.18 1e-07 0.005 1024 MobileNet
1.0 8.72 10.92 12.13 12.19 11.75 11.38 11.92 11.62 11.8 11.74 11.29 11.62 11.59 11.64 11.44 11.45 11.21 11.46 11.34 11.49 63.64 1e-07 0.5 256 MobileNet
1.0 9.53 8.17 10.33 10.95 10.42 10.79 9.75 9.45 9.46 9.2 9.41 9.29 9.32 9.22 9.49 9.29 9.32 9.41 9.49 9.5 73.21 1e-06 0.5 256 MobileNet
1.0 8.29 8.24 7.75 8.09 7.95 7.84 8.12 8.1 7.79 7.72 7.79 7.79 7.62 7.72 7.66 7.64 7.61 7.65 7.61 7.56 74.34 1e-05 0.5 512 MobileNet
1.0 7.51 8.21 8.21 7.92 7.63 7.78 7.47 7.63 7.73 7.67 7.65 7.7 7.86 7.67 7.77 7.73 7.75 7.7 7.66 7.65 75.89 1e-06 0.5 512 MobileNet
1.0 11.27 12.63 13.47 12.86 12.69 12.14 11.69 12.21 12.38 12.33 12.35 12.75 12.76 12.68 12.51 12.61 12.6 12.6 12.68 12.61 69.11 1e-07 0.5 1024 MobileNet
1.0 10.81 11.91 12.1 11.7 11.75 11.87 11.65 11.42 11.43 11.21 11.33 11.44 11.43 11.47 11.46 11.39 11.16 11.13 11.18 11.38 71.32 1e-05 0.5 1024 MobileNet
1.0 9.78 10.46 11.19 10.0 9.61 8.63 9.27 9.09 8.95 9.19 9.19 9.13 9.13 9.22 9.25 9.35 9.36 9.3 9.15 9.33 71.85 1e-06 0.5 1024 MobileNet
1.0 9.81 10.05 9.68 9.46 9.63 9.58 9.33 9.58 9.53 9.5 9.54 9.48 9.55 9.45 9.59 9.43 9.52 9.5 9.57 9.53 70.04 1e-05 0.05 512 MobileNet
1.0 8.38 8.4 7.85 7.56 7.85 7.58 7.79 7.4 7.63 7.8 7.87 7.62 7.74 7.72 7.84 7.51 7.41 7.4 7.54 7.57 74.63 1e-06 0.05 256 MobileNet
1.0 8.25 8.04 7.87 7.99 7.58 7.88 7.81 7.17 7.35 7.34 7.29 7.47 7.54 7.48 7.45 7.5 7.3 7.5 7.52 7.33 75.39 1e-05 0.05 256 MobileNet
1.0 8.81 8.41 8.17 8.15 7.9 8.09 7.9 8.14 8.12 8.15 8.13 7.99 8.03 7.98 7.97 8.0 7.89 7.94 7.92 7.91 75.02 1e-07 0.05 256 MobileNet
1.0 10.24 9.88 9.72 9.4 9.53 9.55 9.6 9.69 9.6 9.52 9.55 9.58 9.6 9.55 9.6 9.56 9.56 9.5 9.53 9.58 71.13 1e-06 0.05 512 MobileNet
1.0 12.57 11.66 11.3 11.69 11.67 11.82 11.92 11.88 11.86 11.91 11.78 11.9 11.86 11.87 11.88 11.9 11.77 11.68 11.83 11.69 66.24 1e-06 0.05 1024 MobileNet
1.0 10.81 10.24 9.51 9.82 10.02 9.75 9.72 9.82 9.73 9.7 9.63 9.82 9.8 9.65 9.76 9.76 9.68 9.79 9.71 9.69 70.07 1e-07 0.05 512 MobileNet
1.0 14.44 13.57 13.33 13.53 12.64 12.42 12.59 12.65 12.66 12.67 12.63 12.73 12.73 12.59 12.61 12.82 12.71 12.63 12.73 12.65 64.9 1e-05 0.05 1024 MobileNet
1.0 12.39 12.49 12.03 11.78 11.86 11.96 11.91 12.05 11.96 11.92 11.85 11.93 11.89 11.81 11.9 11.92 11.9 11.89 11.91 11.9 66.57 1e-07 0.05 1024 MobileNet
1.0 14.58 14.22 14.01 13.85 12.73 12.59 12.85 12.91 13.17 13.02 13.31 13.22 13.08 13.23 13.1 13.19 13.35 13.34 13.21 13.29 64.1 1e-06 0.005 256 MobileNet
1.0 13.99 13.42 12.95 12.33 12.13 12.02 11.83 12.19 12.35 12.32 12.11 12.25 12.1 12.14 12.1 12.29 12.11 12.17 12.26 12.35 66.03 1e-05 0.005 256 MobileNet
1.0 19.3 21.38 17.8 18.47 18.46 18.68 18.22 18.35 18.21 18.22 17.79 18.11 18.15 18.11 17.97 18.3 17.99 17.8 18.08 18.04 60.97 1e-05 0.005 512 MobileNet
1.0 14.57 13.49 13.14 12.7 12.83 12.47 12.51 12.6 13.13 12.65 12.55 12.68 12.53 12.34 12.86 12.68 12.55 12.29 12.94 12.88 65.83 1e-07 0.005 256 MobileNet
1.0 18.24 19.31 17.78 17.77 18.23 18.18 17.89 17.79 18.28 18.13 18.35 17.97 18.15 18.04 18.21 18.13 18.08 18.29 18.38 18.22 61.33 1e-06 0.005 512 MobileNet
1.0 16.85 18.89 16.9 15.95 16.09 16.06 16.24 16.34 16.37 16.36 16.29 16.17 16.75 16.22 16.26 16.24 16.56 16.37 16.4 16.3 63.27 1e-07 0.005 512 MobileNet
1.0 20.99 26.07 26.86 25.34 24.77 24.75 24.61 24.75 24.38 24.2 24.45 24.42 24.56 24.66 24.36 24.48 24.69 24.49 24.32 24.61 55.86 1e-05 0.005 1024 MobileNet
1.0 20.05 26.89 25.52 23.97 23.7 23.59 23.73 23.63 23.66 23.75 23.46 23.52 23.64 23.67 23.43 23.49 23.75 23.2 23.09 23.57 56.5 1e-06 0.005 1024 MobileNet
1.0 21.7 26.81 25.99 23.67 24.13 24.0 24.38 24.05 23.8 23.89 24.14 24.11 24.05 23.88 23.77 24.23 23.97 23.87 24.12 23.98 56.38 1e-07 0.005 1024 MobileNet
1.0 7.59 8.16 8.49 7.63 7.52 7.6 7.63 7.15 7.45 7.74 7.33 7.25 7.42 7.39 7.41 7.42 7.31 7.44 7.48 7.39 78.3 1e-05 0.5 256 MobileNet
1.0 7.45 7.8 7.97 8.41 7.85 7.53 8.08 7.53 7.72 7.41 7.48 7.71 7.68 7.69 7.81 7.73 7.81 7.73 7.81 7.67 79.38 1e-06 0.5 256 MobileNet
1.0 8.24 10.0 9.68 9.23 9.56 8.62 9.1 9.77 9.4 9.07 9.0 8.74 8.55 8.86 8.65 8.7 8.66 8.72 8.91 8.87 74.17 1e-07 0.5 256 MobileNet
1.0 7.82 10.09 9.83 9.41 9.49 8.96 9.42 9.03 8.43 8.54 8.61 8.56 8.6 8.6 8.75 8.66 8.73 8.62 8.64 8.56 73.9 1e-05 0.5 512 MobileNet
1.0 1.86 1.81 1.86 2.0 8.22 9.97 10.92 12.62 12.44 12.3 12.05 11.84 11.73 11.96 11.7 11.71 11.91 12.15 11.93 11.95 68.63 1e-06 0.5 512 MobileNet
