2.0 2.73 2.94 2.66 2.64 2.62 2.63 2.62 2.6 2.62 2.56 2.61 2.61 2.6 2.59 2.59 2.58 2.59 2.61 2.59 2.6 83.18 1e-05 0.1 256 resnet18
2.0 2.95 2.68 2.59 2.58 2.61 2.58 2.61 2.59 2.63 2.58 2.59 2.55 2.58 2.57 2.58 2.59 2.59 2.6 2.58 2.59 83.78 1e-06 0.1 256 resnet18
2.0 2.79 2.75 2.66 2.63 2.63 2.62 2.61 2.61 2.62 2.61 2.62 2.62 2.63 2.64 2.61 2.61 2.62 2.61 2.62 2.63 84.45 1e-07 0.1 256 resnet18
2.0 2.92 3.07 2.72 2.72 2.72 2.7 2.66 2.7 2.75 2.72 2.7 2.71 2.68 2.65 2.69 2.66 2.72 2.7 2.72 2.65 79.07 1e-06 0.1 512 resnet18
2.0 3.04 2.86 2.84 2.83 2.81 2.79 2.81 2.76 2.79 2.77 2.75 2.77 2.75 2.76 2.77 2.78 2.75 2.75 2.76 2.81 82.15 1e-05 0.1 512 resnet18
2.0 2.92 2.83 2.68 2.71 2.72 2.75 2.75 2.7 2.72 2.71 2.69 2.73 2.72 2.73 2.72 2.69 2.69 2.77 2.8 2.8 81.82 1e-07 0.1 512 resnet18
2.0 2.96 2.97 2.88 2.76 2.78 2.78 2.75 2.71 2.72 2.74 2.73 2.71 2.72 2.72 2.73 2.72 2.72 2.73 2.72 2.77 79.32 1e-05 0.1 1024 resnet18
2.0 2.94 2.96 2.72 2.74 2.74 2.74 2.74 2.76 2.73 2.74 2.75 2.76 2.76 2.77 2.77 2.74 2.73 2.76 2.71 2.72 79.32 1e-06 0.1 1024 resnet18
2.0 2.81 2.97 2.86 2.93 2.9 2.91 2.9 2.93 2.85 2.88 2.91 2.87 2.86 2.87 2.86 2.86 2.86 2.86 2.86 2.87 77.64 1e-07 0.1 1024 resnet18
2.0 2.61 2.65 2.62 2.57 2.54 2.59 2.56 2.59 2.61 2.6 2.56 2.57 2.58 2.56 2.58 2.56 2.56 2.55 2.55 2.58 83.82 1e-05 0.01 256 resnet18
2.0 2.68 2.54 2.53 2.56 2.55 2.55 2.51 2.52 2.54 2.5 2.56 2.5 2.53 2.54 2.52 2.52 2.52 2.49 2.51 2.51 83.55 1e-07 0.01 256 resnet18
2.0 2.73 2.67 2.69 2.69 2.71 2.67 2.7 2.7 2.74 2.72 2.7 2.7 2.73 2.69 2.74 2.71 2.7 2.72 2.74 2.73 81.23 1e-05 0.01 512 resnet18
2.0 2.82 2.83 2.81 2.81 2.81 2.84 2.85 2.84 2.8 2.85 2.84 2.86 2.84 2.81 2.87 2.83 2.86 2.87 2.84 2.86 76.81 1e-05 0.01 1024 resnet18
2.0 2.75 2.63 2.66 2.65 2.67 2.65 2.68 2.7 2.67 2.71 2.72 2.7 2.67 2.69 2.68 2.71 2.72 2.68 2.7 2.68 76.89 1e-06 0.01 1024 resnet18
2.0 2.82 2.85 2.85 2.8 2.82 2.79 2.79 2.79 2.84 2.83 2.79 2.82 2.82 2.82 2.8 2.82 2.79 2.82 2.8 2.79 77.22 1e-07 0.01 1024 resnet18
2.0 2.72 2.63 2.57 2.61 2.59 2.59 2.59 2.58 2.6 2.56 2.56 2.57 2.57 2.58 2.6 2.56 2.55 2.61 2.56 2.56 83.51 1e-06 0.01 256 resnet18
2.0 2.57 2.58 2.56 2.57 2.56 2.56 2.57 2.57 2.57 2.57 2.61 2.58 2.59 2.57 2.58 2.62 2.58 2.59 2.6 2.61 80.55 1e-06 0.01 512 resnet18
2.0 3.16 3.21 3.21 3.14 3.13 3.02 3.19 3.22 3.09 3.22 3.22 3.27 3.24 3.17 3.19 3.22 3.17 3.2 3.22 3.12 72.29 1e-07 0.001 256 resnet18
2.0 3.4 4.12 4.04 4.02 4.13 4.17 4.16 4.13 4.02 4.1 4.12 4.08 4.12 4.11 4.11 4.08 4.08 4.05 4.01 4.05 63.94 1e-06 0.001 1024 resnet18
2.0 3.43 3.95 4.2 4.15 4.03 3.95 4.17 3.94 4.02 3.89 4.06 3.98 3.96 4.08 4.03 3.98 4.0 4.03 3.98 3.97 63.48 1e-05 0.001 1024 resnet18
2.0 3.29 3.17 3.16 3.18 3.16 3.3 3.27 3.24 3.24 3.09 3.27 3.14 3.16 3.35 3.18 3.37 3.23 3.13 3.39 3.34 71.55 1e-06 0.001 256 resnet18
2.0 3.44 4.24 3.99 3.89 4.06 4.02 4.08 4.11 4.02 4.1 4.01 4.08 4.08 4.06 4.09 4.03 4.07 4.02 4.0 4.09 63.66 1e-07 0.001 1024 resnet18
2.0 3.43 3.82 3.72 3.6 3.73 3.75 3.79 3.65 3.69 3.7 3.74 3.77 3.69 3.67 3.68 3.68 3.59 3.67 3.64 3.71 66.97 1e-07 0.001 512 resnet18
2.0 2.7 2.63 2.64 2.66 2.7 2.64 2.67 2.62 2.64 2.63 2.65 2.69 2.65 2.62 2.65 2.65 2.68 2.64 2.68 2.64 81.28 1e-07 0.01 512 resnet18
2.0 3.36 3.11 3.27 3.23 3.32 3.34 3.29 3.29 3.22 3.33 3.4 3.32 3.25 3.38 3.36 3.39 3.33 3.31 3.35 3.26 72.48 1e-05 0.001 256 resnet18
2.0 3.68 4.04 4.1 3.95 3.9 3.85 3.91 3.98 3.91 3.99 3.98 3.91 4.01 3.93 4.01 3.88 4.08 4.04 3.92 3.91 66.58 1e-05 0.001 512 resnet18
1.57 2.76 2.6 2.68 2.71 2.67 2.64 2.68 2.69 2.69 2.7 2.71 2.68 2.69 2.68 2.73 2.71 2.71 2.67 2.69 2.68 81.9 1e-06 0.1 1024 resnet18
2.0 3.72 3.88 3.75 3.79 3.77 3.94 3.85 3.83 3.98 3.78 3.8 3.8 3.8 3.86 3.77 3.81 3.81 3.85 3.76 3.72 67.13 1e-06 0.001 512 resnet18
1.57 2.76 2.85 2.79 2.8 2.82 2.8 2.77 2.82 2.81 2.77 2.75 2.77 2.72 2.78 2.77 2.79 2.75 2.8 2.8 2.84 77.38 1e-06 0.01 1024 resnet18
1.57 2.88 2.76 2.53 2.54 2.54 2.55 2.53 2.55 2.54 2.56 2.51 2.51 2.52 2.53 2.52 2.52 2.53 2.51 2.51 2.52 82.25 1e-05 0.1 1024 resnet18
1.57 2.88 2.74 2.67 2.66 2.67 2.67 2.62 2.61 2.63 2.63 2.62 2.63 2.63 2.61 2.61 2.67 2.59 2.67 2.6 2.63 82.16 1e-06 0.1 512 resnet18
1.57 2.95 2.79 2.75 2.68 2.71 2.73 2.71 2.68 2.75 2.69 2.7 2.7 2.68 2.75 2.7 2.73 2.72 2.75 2.74 2.7 77.1 1e-07 0.01 1024 resnet18
1.57 2.81 2.79 2.56 2.52 2.53 2.56 2.56 2.53 2.53 2.52 2.53 2.51 2.56 2.56 2.58 2.52 2.54 2.5 2.5 2.52 83.77 1e-06 0.1 256 resnet18
1.57 2.73 2.64 2.69 2.69 2.73 2.76 2.68 2.71 2.67 2.67 2.67 2.68 2.67 2.7 2.68 2.67 2.69 2.67 2.68 2.69 82.58 1e-07 0.1 1024 resnet18
1.57 3.34 3.55 3.58 3.69 3.61 3.59 3.7 3.64 3.55 3.6 3.55 3.65 3.57 3.56 3.66 3.59 3.52 3.58 3.54 3.56 67.69 1e-06 0.001 512 resnet18
1.57 3.49 4.12 3.96 3.98 4.0 4.01 4.11 4.07 4.25 4.03 4.1 4.24 4.09 4.15 4.09 4.14 4.21 4.17 4.18 4.15 64.52 1e-05 0.001 1024 resnet18
1.57 2.76 2.68 2.65 2.54 2.64 2.65 2.62 2.62 2.58 2.59 2.6 2.58 2.6 2.6 2.6 2.62 2.61 2.6 2.6 2.62 83.53 1e-05 0.1 512 resnet18
1.57 2.71 2.73 2.74 2.78 2.76 2.77 2.73 2.77 2.73 2.75 2.77 2.77 2.77 2.75 2.76 2.78 2.77 2.79 2.77 2.75 76.69 1e-05 0.01 1024 resnet18
1.57 2.68 2.61 2.59 2.59 2.57 2.53 2.59 2.55 2.59 2.59 2.56 2.59 2.59 2.56 2.57 2.56 2.54 2.59 2.58 2.58 83.77 1e-07 0.1 512 resnet18
1.32 2.91 2.93 2.81 2.83 2.81 2.82 2.85 2.87 2.84 2.83 2.82 2.85 2.84 2.81 2.87 2.87 2.83 2.83 2.83 2.85 81.41 1e-06 0.1 1024 resnet18
1.32 2.85 2.74 2.66 2.72 2.68 2.69 2.7 2.7 2.71 2.68 2.68 2.72 2.68 2.71 2.69 2.68 2.69 2.71 2.69 2.71 83.52 1e-07 0.1 512 resnet18
1.57 2.63 2.55 2.58 2.58 2.57 2.57 2.61 2.57 2.56 2.58 2.6 2.57 2.57 2.62 2.58 2.57 2.61 2.59 2.61 2.62 80.4 1e-06 0.01 512 resnet18
1.32 3.18 2.89 2.84 2.91 2.9 2.84 2.84 2.82 2.84 2.79 2.79 2.82 2.82 2.83 2.77 2.77 2.79 2.78 2.8 2.78 80.64 1e-05 0.1 1024 resnet18
1.57 2.51 2.54 2.51 2.54 2.5 2.55 2.5 2.52 2.49 2.48 2.53 2.52 2.5 2.52 2.56 2.48 2.51 2.51 2.49 2.51 83.69 1e-06 0.01 256 resnet18
1.0 4.24 3.67 3.68 3.29 3.35 3.45 3.38 3.42 3.46 3.4 3.43 3.42 3.48 3.45 3.37 3.37 3.41 3.4 3.39 3.38 70.16 1e-05 0.1 1024 MobileNet
1.0 3.26 3.39 3.12 2.99 3.08 2.98 3.06 3.04 3.01 2.93 3.06 2.97 2.91 2.99 2.96 2.96 2.99 2.96 2.98 2.97 76.22 1e-07 0.1 256 MobileNet
1.57 2.67 2.61 2.57 2.59 2.58 2.59 2.59 2.6 2.58 2.59 2.63 2.6 2.59 2.6 2.62 2.62 2.62 2.59 2.6 2.6 81.05 1e-05 0.01 512 resnet18
1.57 2.57 2.47 2.51 2.52 2.54 2.48 2.52 2.51 2.54 2.51 2.48 2.51 2.48 2.55 2.52 2.48 2.53 2.49 2.48 2.47 83.53 1e-05 0.01 256 resnet18
1.0 4.37 4.07 3.59 3.9 3.7 3.63 3.71 3.59 3.75 3.66 3.64 3.89 3.78 3.65 3.65 3.67 3.64 3.68 3.68 3.67 68.93 1e-07 0.1 1024 MobileNet
1.57 2.89 2.81 2.66 2.76 2.59 2.61 2.63 2.58 2.66 2.6 2.61 2.58 2.62 2.59 2.57 2.62 2.6 2.61 2.62 2.55 83.68 1e-05 0.1 256 resnet18
1.57 2.81 2.65 2.53 2.52 2.55 2.54 2.53 2.54 2.53 2.56 2.54 2.52 2.51 2.53 2.52 2.53 2.53 2.53 2.5 2.51 83.65 1e-07 0.1 256 resnet18
1.0 3.3 3.42 3.02 3.24 3.03 2.94 3.1 3.09 2.99 3.01 2.95 2.96 3.03 2.96 2.98 3.0 2.95 2.96 2.99 2.99 76.26 1e-05 0.1 256 MobileNet
1.57 3.49 4.04 4.0 3.9 3.96 3.95 4.11 3.94 3.95 4.03 3.9 4.09 3.99 4.01 4.06 3.97 3.99 4.08 4.08 4.11 64.57 1e-06 0.001 1024 resnet18
1.0 3.34 3.65 3.53 3.3 3.27 3.22 3.19 3.06 3.09 3.03 3.07 3.04 3.04 3.04 3.05 3.08 3.06 3.01 3.03 3.03 73.68 1e-05 0.1 512 MobileNet
1.0 6.03 5.05 4.5 4.48 4.42 4.25 4.26 4.48 4.6 4.41 4.35 4.45 4.4 4.48 4.36 4.29 4.35 4.3 4.51 4.33 65.45 1e-06 0.01 512 MobileNet
1.57 3.56 3.55 3.39 3.53 3.51 3.52 3.38 3.53 3.54 3.54 3.45 3.56 3.56 3.53 3.49 3.52 3.55 3.5 3.48 3.57 67.59 1e-07 0.001 512 resnet18
1.0 8.65 7.75 6.57 6.29 6.37 6.13 6.21 6.19 6.25 6.12 6.12 6.13 6.17 6.21 6.24 6.09 6.34 6.28 6.17 6.3 59.29 1e-05 0.01 1024 MobileNet
1.57 3.54 3.29 3.45 3.55 3.5 3.41 3.52 3.41 3.55 3.57 3.42 3.51 3.48 3.43 3.43 3.46 3.49 3.54 3.52 3.44 67.84 1e-05 0.001 512 resnet18
1.0 4.66 3.96 4.18 4.05 3.85 3.79 3.89 3.96 3.83 3.86 3.83 3.97 3.96 3.96 3.96 3.87 3.95 3.92 4.05 3.89 66.11 1e-05 0.01 256 MobileNet
1.0 3.53 3.61 3.36 3.34 3.44 3.29 3.17 3.26 3.45 3.25 3.24 3.25 3.33 3.32 3.32 3.33 3.35 3.29 3.36 3.33 73.48 1e-06 0.1 512 MobileNet
1.0 5.75 4.67 4.76 4.55 4.69 4.33 4.71 4.81 4.68 4.53 4.68 4.61 4.75 4.71 4.46 4.5 4.6 4.45 4.62 4.69 64.35 1e-07 0.01 512 MobileNet
1.57 3.28 3.21 3.08 3.14 3.09 3.09 3.14 3.12 3.18 3.21 3.09 3.07 3.06 3.12 3.12 3.14 3.13 3.05 3.13 3.12 73.04 1e-05 0.001 256 resnet18
1.0 3.53 3.56 3.57 3.77 3.69 3.73 3.46 3.48 3.49 3.59 3.67 3.55 3.61 3.53 3.51 3.62 3.5 3.53 3.48 3.55 71.11 1e-07 0.1 512 MobileNet
1.0 3.29 3.37 3.38 3.24 3.24 3.3 3.18 3.09 3.27 3.08 3.24 3.19 3.23 3.13 3.2 3.24 3.25 3.35 3.31 3.25 75.83 1e-06 0.1 256 MobileNet
1.0 4.37 4.2 4.07 3.97 3.65 3.72 3.73 3.59 3.7 3.66 3.7 3.71 3.68 3.53 3.58 3.62 3.47 3.68 3.67 3.65 67.88 1e-06 0.1 1024 MobileNet
1.57 3.55 3.75 4.03 4.11 4.15 4.14 4.19 4.17 4.13 4.02 4.15 4.05 4.12 4.16 4.1 4.15 4.14 4.12 4.13 4.07 64.84 1e-07 0.001 1024 resnet18
1.57 3.14 2.94 3.09 3.05 3.06 2.95 2.93 3.0 3.12 3.03 3.02 2.96 3.0 3.03 3.16 3.01 3.13 3.0 3.04 3.1 72.71 1e-06 0.001 256 resnet18
1.0 7.39 7.25 6.15 5.88 6.08 5.95 5.93 6.12 6.1 5.99 5.85 6.07 6.16 5.97 6.08 6.04 6.1 6.11 6.17 6.15 60.25 1e-07 0.01 1024 MobileNet
1.57 3.17 3.17 3.15 3.25 3.01 3.07 3.22 3.13 3.15 3.2 3.12 3.15 3.15 3.15 3.17 3.19 3.23 3.15 3.16 3.28 72.12 1e-07 0.001 256 resnet18
1.32 3.15 2.87 2.73 2.73 2.73 2.7 2.71 2.65 2.68 2.7 2.64 2.72 2.68 2.68 2.65 2.68 2.66 2.69 2.67 2.65 81.36 1e-06 0.1 512 resnet18
1.32 2.79 2.51 2.5 2.57 2.5 2.52 2.48 2.54 2.48 2.49 2.47 2.49 2.47 2.52 2.49 2.5 2.49 2.52 2.49 2.49 83.55 1e-05 0.1 256 resnet18
1.0 5.83 5.8 5.45 4.94 5.15 4.99 5.03 5.08 5.0 5.02 5.19 4.94 5.05 4.99 5.01 5.01 5.05 5.0 5.07 5.02 63.11 1e-05 0.01 512 MobileNet
1.0 8.53 6.64 6.57 5.83 5.84 5.87 5.91 5.93 5.96 6.02 5.85 5.86 5.93 5.96 6.05 5.99 5.88 6.05 6.04 5.88 60.29 1e-06 0.01 1024 MobileNet
1.32 2.97 2.75 2.6 2.57 2.59 2.57 2.57 2.55 2.58 2.57 2.58 2.58 2.56 2.59 2.58 2.59 2.58 2.58 2.58 2.55 80.73 1e-07 0.1 1024 resnet18
1.57 2.72 2.59 2.55 2.58 2.59 2.61 2.56 2.69 2.58 2.64 2.65 2.57 2.61 2.61 2.64 2.59 2.65 2.58 2.61 2.61 80.24 1e-07 0.01 512 resnet18
1.32 3.14 2.93 2.72 2.73 2.71 2.74 2.71 2.72 2.74 2.74 2.73 2.75 2.73 2.73 2.71 2.72 2.7 2.75 2.73 2.72 82.71 1e-05 0.1 512 resnet18
1.0 4.39 4.49 3.93 3.66 3.84 3.84 3.67 3.77 3.8 3.84 3.7 3.64 3.86 3.79 3.59 3.86 3.9 3.82 3.85 3.84 69.24 1e-06 0.01 256 MobileNet
1.0 4.94 4.37 4.24 4.08 3.95 3.89 3.93 3.87 3.94 3.86 3.82 3.63 3.77 3.98 3.82 3.8 3.77 3.76 3.73 3.82 67.9 1e-07 0.01 256 MobileNet
1.32 3.47 3.77 3.67 3.74 3.76 3.68 3.86 3.78 3.8 3.72 3.82 3.91 3.77 3.85 3.82 3.82 3.87 3.77 3.81 3.83 67.25 1e-06 0.001 512 resnet18
1.32 2.75 2.67 2.58 2.58 2.68 2.64 2.65 2.61 2.61 2.64 2.62 2.6 2.65 2.6 2.66 2.64 2.61 2.63 2.62 2.64 84.54 1e-06 0.1 256 resnet18
1.0 21.03 12.07 12.89 13.77 13.21 12.63 13.0 12.26 12.54 12.45 12.02 12.18 12.39 12.11 11.86 12.02 11.72 11.96 12.11 12.08 50.72 1e-05 0.001 512 MobileNet
1.0 17.2 11.39 12.5 13.64 12.6 12.47 12.22 11.85 12.1 12.03 11.91 12.11 12.14 11.91 11.83 11.95 11.87 11.9 11.62 11.94 50.24 1e-07 0.001 512 MobileNet
1.0 10.35 9.53 8.99 8.67 7.5 7.61 7.69 7.53 7.38 7.28 7.08 7.32 7.69 7.11 7.25 7.22 6.97 6.91 7.35 7.19 57.61 1e-05 0.001 256 MobileNet
1.0 3.36 3.38 3.35 3.1 3.15 3.17 3.18 3.25 3.11 3.18 3.15 3.14 3.18 3.16 3.23 3.31 3.26 3.16 3.27 3.18 72.91 1e-05 0.1 512 MobileNet
1.57 2.72 2.51 2.54 2.52 2.54 2.52 2.52 2.51 2.5 2.49 2.48 2.49 2.5 2.52 2.51 2.52 2.55 2.53 2.49 2.5 83.76 1e-07 0.01 256 resnet18
1.0 3.76 3.91 3.61 3.54 3.48 3.39 3.37 3.36 3.34 3.33 3.31 3.31 3.29 3.31 3.34 3.37 3.33 3.32 3.34 3.34 68.96 1e-05 0.1 1024 MobileNet
1.0 3.79 3.19 3.5 3.6 3.22 3.13 3.16 3.31 3.21 3.19 3.19 3.17 3.17 3.17 3.15 3.24 3.2 3.29 3.19 3.17 72.25 1e-07 0.1 512 MobileNet
1.0 3.06 2.95 3.04 3.1 3.11 2.98 3.05 2.98 2.92 2.86 2.89 3.02 2.87 2.9 2.93 2.87 2.94 2.8 2.82 2.84 77.13 1e-05 0.1 256 MobileNet
1.0 3.05 3.12 3.14 3.21 2.92 3.07 2.97 2.88 2.99 2.85 2.93 2.95 2.92 2.9 2.92 2.94 2.91 2.91 2.89 2.9 76.08 1e-07 0.1 256 MobileNet
1.0 4.12 4.1 3.72 3.92 3.63 3.6 3.52 3.5 3.54 3.57 3.59 3.49 3.58 3.56 3.64 3.54 3.5 3.53 3.58 3.6 68.2 1e-06 0.1 1024 MobileNet
1.0 3.17 2.96 3.09 2.75 2.78 2.94 2.8 2.84 2.9 2.83 2.85 2.83 2.76 2.77 2.77 2.78 2.81 2.89 2.82 2.81 77.94 1e-06 0.1 256 MobileNet
1.0 4.04 3.87 4.15 3.64 3.53 3.44 3.49 3.43 3.46 3.32 3.42 3.36 3.31 3.42 3.32 3.39 3.39 3.28 3.35 3.22 68.88 1e-07 0.1 1024 MobileNet
1.0 17.28 11.94 13.55 13.72 13.36 12.8 12.18 12.43 12.49 12.46 12.06 12.8 12.61 12.63 12.15 12.59 12.44 12.28 12.19 12.16 49.72 1e-06 0.001 512 MobileNet
1.32 2.89 2.64 2.64 2.62 2.64 2.6 2.64 2.61 2.61 2.6 2.6 2.6 2.6 2.59 2.6 2.61 2.58 2.59 2.59 2.58 80.94 1e-07 0.01 512 resnet18
1.0 3.64 3.49 3.25 3.2 3.47 3.17 3.17 3.22 3.34 3.28 3.27 3.21 3.31 3.26 3.21 3.26 3.27 3.24 3.28 3.24 72.87 1e-06 0.1 512 MobileNet
1.32 2.7 2.57 2.53 2.57 2.56 2.56 2.56 2.57 2.57 2.54 2.56 2.56 2.59 2.55 2.57 2.56 2.56 2.57 2.54 2.59 83.21 1e-07 0.01 256 resnet18
1.32 2.71 2.6 2.57 2.58 2.64 2.6 2.56 2.56 2.6 2.64 2.58 2.6 2.6 2.6 2.58 2.56 2.57 2.58 2.6 2.61 83.82 1e-05 0.01 256 resnet18
1.0 10.71 10.23 9.57 7.94 8.04 7.42 7.75 7.51 7.84 7.93 7.59 7.83 7.71 7.77 7.65 7.51 7.61 7.36 7.42 7.83 56.65 1e-06 0.001 256 MobileNet
1.0 8.03 7.14 6.43 5.42 5.41 5.22 5.39 5.48 5.37 5.5 5.55 5.51 5.47 5.66 5.42 5.47 5.48 5.36 5.44 5.33 60.47 1e-06 0.01 1024 MobileNet
1.0 11.65 10.4 9.67 8.67 7.94 8.46 8.16 7.83 7.89 7.96 8.25 7.68 7.55 7.8 7.38 7.67 7.48 7.31 7.86 7.67 57.51 1e-07 0.001 256 MobileNet
1.32 3.91 3.76 3.82 3.92 3.88 3.76 3.81 3.8 3.73 3.78 3.81 3.71 3.79 3.74 3.78 3.81 3.85 3.87 3.89 3.8 67.01 1e-05 0.001 512 resnet18
1.32 3.59 3.98 3.77 3.87 3.93 4.05 3.96 3.97 3.93 3.87 3.95 3.97 3.92 3.92 3.86 3.94 4.01 3.92 3.97 3.86 67.4 1e-07 0.001 512 resnet18
1.0 7.99 6.62 6.0 5.4 5.89 5.57 5.39 5.64 5.49 5.64 5.59 5.37 5.46 5.52 5.58 5.47 5.48 5.68 5.58 5.41 60.2 1e-05 0.01 1024 MobileNet
1.32 3.57 3.32 3.41 3.42 3.33 3.4 3.41 3.36 3.35 3.31 3.38 3.43 3.41 3.44 3.39 3.37 3.46 3.46 3.43 3.39 71.89 1e-07 0.001 256 resnet18
1.0 5.94 5.33 5.06 4.42 4.21 4.31 4.13 4.22 4.03 4.2 4.28 4.16 4.29 4.19 4.38 4.1 4.28 4.18 4.17 4.15 63.17 1e-07 0.01 512 MobileNet
1.0 4.78 4.24 4.14 4.2 3.97 3.8 3.74 3.77 3.87 3.74 3.62 3.74 3.76 3.71 3.72 3.6 3.65 3.61 3.77 3.53 67.45 1e-05 0.01 256 MobileNet
1.0 4.58 4.13 3.67 3.69 3.54 3.67 3.51 3.54 3.71 3.65 3.61 3.77 3.68 3.61 3.57 3.63 3.58 3.61 3.67 3.55 68.34 1e-06 0.01 256 MobileNet
1.0 5.94 4.91 4.49 4.52 4.6 4.49 4.54 4.64 4.66 4.73 4.69 4.8 4.83 4.7 4.66 4.8 4.56 4.76 4.78 4.8 63.1 1e-06 0.01 512 MobileNet
1.32 3.41 3.35 3.43 3.32 3.35 3.34 3.41 3.4 3.33 3.33 3.37 3.37 3.33 3.35 3.34 3.27 3.35 3.37 3.35 3.36 72.3 1e-05 0.001 256 resnet18
1.0 7.84 6.65 5.84 5.49 5.56 5.41 5.6 5.62 5.66 5.53 5.52 5.53 5.51 5.47 5.39 5.54 5.47 5.48 5.42 5.45 61.54 1e-07 0.01 1024 MobileNet
1.0 28.25 18.12 14.69 16.76 18.98 19.35 18.6 18.42 17.87 18.21 17.5 17.75 17.71 17.71 17.52 17.58 17.33 17.14 17.11 17.61 44.61 1e-06 0.001 1024 MobileNet
1.0 16.0 11.27 12.83 13.17 12.49 11.87 12.23 11.44 11.65 11.25 11.84 11.47 11.6 11.55 11.66 11.3 11.89 11.8 11.77 11.38 51.83 1e-05 0.001 512 MobileNet
1.0 19.62 13.62 12.88 14.01 11.69 11.66 11.19 11.18 11.35 10.94 10.7 11.14 11.32 10.99 10.86 11.22 11.24 11.16 11.1 10.95 51.89 1e-06 0.001 512 MobileNet
1.0 10.7 8.96 8.72 8.44 7.46 7.51 7.15 7.16 7.02 7.31 7.07 6.98 7.09 6.99 7.3 6.85 6.71 7.08 7.3 6.96 57.88 1e-05 0.001 256 MobileNet
1.0 3.95 3.44 3.57 3.48 3.39 3.32 3.27 3.31 3.38 3.31 3.25 3.36 3.47 3.36 3.29 3.39 3.4 3.42 3.4 3.36 70.82 1e-06 0.1 512 MobileNet
1.0 10.78 9.58 9.35 8.2 7.52 7.45 7.06 7.4 7.23 7.34 7.26 7.17 7.59 6.85 7.42 6.72 6.82 7.04 7.07 6.89 57.46 1e-06 0.001 256 MobileNet
1.0 17.06 11.95 13.54 13.61 12.49 12.45 12.38 11.43 11.0 11.7 11.97 11.4 11.64 11.2 11.72 11.56 11.82 11.59 11.55 11.81 51.63 1e-07 0.001 512 MobileNet
1.0 10.91 9.89 8.24 8.69 8.1 7.93 7.61 7.22 7.65 7.55 7.42 7.54 7.62 7.45 7.36 7.47 7.67 7.5 7.56 7.37 57.15 1e-07 0.001 256 MobileNet
1.32 2.69 2.59 2.54 2.57 2.58 2.57 2.63 2.52 2.59 2.59 2.54 2.55 2.58 2.53 2.53 2.58 2.52 2.53 2.5 2.55 84.79 1e-07 0.1 256 resnet18
1.0 29.55 18.38 16.99 17.45 20.23 20.1 20.15 18.75 19.3 19.25 18.43 19.26 18.83 19.09 18.53 18.84 18.71 18.68 19.03 18.96 45.12 1e-05 0.001 1024 MobileNet
1.0 3.46 3.34 3.23 3.03 2.98 3.03 3.12 3.04 2.95 2.98 2.99 2.98 2.97 3.01 3.0 3.06 2.96 2.99 2.95 2.96 75.37 1e-06 0.1 256 MobileNet
1.0 30.89 19.88 15.38 15.77 17.54 18.44 17.91 17.91 17.6 17.64 17.37 17.47 17.59 17.42 17.82 17.67 18.13 17.72 18.21 17.87 46.01 1e-07 0.001 1024 MobileNet
1.0 4.8 4.38 4.56 4.39 4.17 4.28 4.24 4.21 4.27 4.19 4.13 4.17 4.24 4.2 4.31 4.26 4.25 4.18 4.18 4.24 66.3 1e-05 0.1 1024 MobileNet
1.0 4.63 4.46 3.96 4.01 4.21 4.08 4.14 4.01 4.16 4.13 4.08 4.12 3.99 4.09 4.18 4.09 4.05 4.04 4.11 4.03 67.84 1e-06 0.1 1024 MobileNet
1.0 4.67 4.1 3.62 3.83 3.83 3.91 3.9 3.79 3.98 4.07 4.02 4.0 3.94 3.99 3.98 3.89 4.04 4.01 3.95 4.02 68.77 1e-07 0.1 1024 MobileNet
1.0 6.04 5.23 4.8 4.56 4.27 4.33 4.33 4.21 4.22 4.25 4.3 4.18 4.22 4.16 4.44 4.26 4.45 4.42 4.27 4.36 64.82 1e-05 0.01 512 MobileNet
1.0 3.8 3.63 3.51 3.38 3.43 3.39 3.27 3.33 3.29 3.33 3.38 3.33 3.38 3.37 3.37 3.36 3.43 3.31 3.3 3.37 73.02 1e-05 0.1 512 MobileNet
1.32 2.6 2.47 2.52 2.5 2.53 2.51 2.53 2.49 2.5 2.49 2.5 2.45 2.53 2.5 2.48 2.46 2.43 2.52 2.5 2.49 83.24 1e-06 0.01 256 resnet18
1.0 3.4 3.33 3.31 3.12 3.14 3.07 3.22 3.02 3.1 3.07 3.01 3.15 3.05 3.15 3.19 3.16 3.19 3.17 3.15 3.11 76.35 1e-05 0.1 256 MobileNet
1.0 10.27 7.89 7.67 7.45 7.48 7.69 7.5 7.53 7.3 7.65 7.45 7.41 7.46 7.59 7.38 7.5 7.47 7.6 7.44 7.78 57.33 1e-05 0.01 1024 MobileNet
1.0 3.72 3.29 3.28 3.11 3.18 3.31 3.16 3.31 3.13 3.07 3.14 3.26 3.27 3.27 3.15 3.19 3.16 3.3 3.16 3.24 76.13 1e-07 0.1 256 MobileNet
1.0 3.9 3.63 3.41 3.28 3.27 3.47 3.33 3.37 3.34 3.37 3.35 3.36 3.32 3.32 3.34 3.35 3.43 3.38 3.32 3.39 73.21 1e-07 0.1 512 MobileNet
1.0 6.46 5.75 5.08 5.02 5.15 5.0 4.9 4.87 4.83 4.85 4.89 4.87 4.87 4.94 5.11 4.97 4.89 4.94 4.88 4.81 63.06 1e-06 0.01 512 MobileNet
1.0 4.63 3.77 3.52 3.48 3.37 3.65 3.62 3.46 3.31 3.38 3.31 3.44 3.51 3.43 3.45 3.38 3.6 3.42 3.33 3.47 68.16 1e-07 0.01 256 MobileNet
1.0 9.29 7.72 6.84 6.79 6.66 6.77 6.73 6.61 6.6 6.79 6.81 6.74 6.66 6.7 6.77 6.62 6.85 6.74 6.57 6.77 60.36 1e-07 0.01 1024 MobileNet
1.0 9.17 7.08 6.93 6.23 6.4 6.5 6.38 6.29 6.27 6.35 6.05 6.26 6.4 6.27 6.36 6.39 6.24 6.15 6.15 6.27 59.77 1e-06 0.01 1024 MobileNet
1.0 4.9 4.19 4.43 3.96 4.08 3.88 3.98 3.91 3.95 3.97 4.07 3.97 3.98 3.95 3.95 3.92 4.02 3.81 3.98 3.96 68.38 1e-05 0.01 256 MobileNet
1.0 12.2 12.38 10.51 9.96 9.94 9.41 8.73 8.55 8.82 8.64 8.57 9.1 8.67 8.21 8.37 8.61 8.67 8.68 8.44 8.49 57.88 1e-05 0.001 256 MobileNet
1.32 3.31 3.35 3.31 3.29 3.25 3.23 3.29 3.35 3.35 3.23 3.31 3.31 3.24 3.33 3.28 3.35 3.31 3.25 3.35 3.29 71.81 1e-06 0.001 256 resnet18
1.0 6.78 5.31 5.24 4.9 4.85 4.71 4.77 4.8 4.68 4.68 4.69 4.65 4.7 4.77 4.74 4.71 4.86 4.67 4.58 4.87 65.18 1e-05 0.01 512 MobileNet
1.0 4.77 4.62 4.32 4.15 4.14 4.17 4.19 4.13 4.1 4.2 4.19 4.03 4.19 4.06 4.08 4.05 4.03 4.09 3.98 3.96 67.22 1e-06 0.01 256 MobileNet
1.0 12.15 10.57 10.87 9.24 8.84 8.94 8.26 8.71 8.5 8.59 8.43 8.6 8.7 8.62 8.51 8.6 8.44 8.6 8.6 8.54 57.35 1e-07 0.001 256 MobileNet
1.0 4.67 4.15 4.26 4.05 3.75 3.9 3.93 4.01 3.9 3.99 4.21 4.25 3.96 4.08 4.02 4.02 4.15 4.05 4.0 4.08 68.51 1e-07 0.01 256 MobileNet
1.0 6.57 5.6 4.86 4.92 5.22 4.97 4.98 4.94 4.9 5.01 5.08 5.05 5.05 5.08 5.01 4.99 4.91 4.87 4.93 4.98 63.44 1e-07 0.01 512 MobileNet
1.0 20.76 13.28 13.71 14.19 12.88 12.31 12.65 12.68 12.06 12.66 12.05 12.23 11.88 12.1 12.37 12.27 12.63 12.2 12.21 12.66 51.65 1e-05 0.001 512 MobileNet
1.0 20.26 15.11 14.88 15.15 14.14 13.81 13.35 13.11 13.22 12.81 12.98 12.69 12.64 13.12 13.05 12.84 12.78 13.14 12.59 13.08 51.63 1e-07 0.001 512 MobileNet
1.0 31.8 21.27 17.46 17.71 19.76 20.71 19.68 19.84 19.46 19.3 18.95 19.35 19.29 19.45 19.47 19.2 19.08 19.0 19.28 19.12 44.54 1e-07 0.001 1024 MobileNet
1.0 31.59 21.37 16.54 17.71 19.9 20.24 20.74 20.01 21.0 20.31 20.3 20.02 20.01 20.12 19.35 19.87 20.04 20.13 19.85 20.21 45.69 1e-06 0.001 1024 MobileNet
1.0 31.0 20.51 17.41 16.98 20.52 21.02 20.91 19.9 20.03 20.09 19.84 20.18 19.81 19.94 20.08 19.82 19.75 19.69 20.12 19.84 43.76 1e-05 0.001 1024 MobileNet
1.0 12.7 11.11 10.23 9.82 9.3 8.31 9.08 8.28 8.23 8.44 8.68 8.82 8.49 9.09 8.49 8.9 8.65 8.92 8.78 8.86 58.96 1e-06 0.001 256 MobileNet
1.0 20.78 14.32 14.08 14.94 14.51 14.9 13.54 13.07 14.25 13.26 13.91 13.58 13.9 13.52 13.35 13.29 12.9 13.43 13.35 13.09 52.47 1e-06 0.001 512 MobileNet
1.0 2.96 2.75 2.55 2.55 2.56 2.56 2.6 2.54 2.56 2.56 2.56 2.55 2.56 2.56 2.56 2.56 2.55 2.55 2.55 2.55 83.14 1e-05 0.1 1024 SimpleDLA
1.0 2.73 2.67 2.56 2.53 2.55 2.58 2.56 2.54 2.52 2.55 2.54 2.52 2.52 2.52 2.51 2.51 2.51 2.53 2.52 2.53 84.95 1e-05 0.1 256 SimpleDLA
1.0 2.93 2.84 2.56 2.56 2.58 2.57 2.61 2.64 2.68 2.55 2.6 2.61 2.6 2.55 2.59 2.62 2.6 2.58 2.59 2.6 83.97 1e-05 0.1 512 SimpleDLA
1.0 3.61 3.27 3.23 3.21 3.26 3.32 3.26 3.23 3.28 3.28 3.28 3.23 3.36 3.25 3.26 3.35 3.26 3.29 3.23 3.3 76.34 1e-07 0.01 1024 SimpleDLA
1.0 2.86 2.63 2.68 2.67 2.65 2.65 2.65 2.65 2.66 2.63 2.64 2.63 2.64 2.63 2.6 2.65 2.62 2.65 2.64 2.66 82.58 1e-07 0.1 1024 SimpleDLA
1.0 2.91 2.74 2.64 2.61 2.64 2.67 2.62 2.64 2.63 2.6 2.64 2.65 2.6 2.64 2.65 2.59 2.61 2.59 2.63 2.6 84.69 1e-06 0.1 256 SimpleDLA
1.0 2.88 2.94 2.61 2.64 2.66 2.65 2.64 2.64 2.65 2.63 2.62 2.67 2.6 2.66 2.62 2.68 2.62 2.61 2.66 2.63 83.73 1e-07 0.1 512 SimpleDLA
1.0 2.89 2.68 2.58 2.62 2.62 2.62 2.61 2.58 2.62 2.6 2.61 2.63 2.6 2.55 2.62 2.61 2.6 2.58 2.61 2.58 82.76 1e-06 0.1 1024 SimpleDLA
1.0 2.89 2.62 2.68 2.62 2.7 2.63 2.62 2.63 2.61 2.66 2.66 2.69 2.68 2.67 2.68 2.63 2.65 2.64 2.6 2.64 83.98 1e-06 0.01 256 SimpleDLA
1.0 3.78 3.38 3.45 3.44 3.48 3.36 3.34 3.37 3.48 3.42 3.45 3.44 3.35 3.31 3.44 3.42 3.35 3.4 3.33 3.43 76.49 1e-05 0.01 1024 SimpleDLA
1.0 2.95 2.72 2.61 2.62 2.63 2.63 2.61 2.66 2.66 2.63 2.64 2.62 2.59 2.6 2.63 2.61 2.59 2.6 2.63 2.59 81.27 1e-06 0.1 1024 SimpleDLA
1.0 2.98 2.7 2.64 2.65 2.64 2.69 2.66 2.74 2.7 2.67 2.73 2.7 2.71 2.71 2.69 2.69 2.7 2.71 2.68 2.71 84.26 1e-06 0.1 512 SimpleDLA
1.0 2.86 2.69 2.67 2.62 2.69 2.65 2.63 2.61 2.62 2.62 2.63 2.65 2.63 2.61 2.65 2.6 2.65 2.59 2.63 2.59 83.93 1e-07 0.1 256 SimpleDLA
1.0 2.86 2.74 2.63 2.67 2.71 2.72 2.76 2.65 2.65 2.73 2.71 2.69 2.76 2.73 2.71 2.64 2.74 2.61 2.69 2.74 83.39 1e-07 0.01 256 SimpleDLA
1.0 2.82 2.82 2.77 2.72 2.75 2.78 2.73 2.71 2.69 2.77 2.75 2.77 2.76 2.75 2.76 2.73 2.74 2.75 2.73 2.75 83.49 1e-05 0.01 256 SimpleDLA
1.0 3.52 3.01 3.05 3.07 3.06 3.1 3.11 3.12 3.18 3.1 3.11 3.06 3.16 3.13 3.14 3.22 3.11 3.11 3.12 3.19 77.19 1e-06 0.01 1024 SimpleDLA
1.0 3.37 2.74 2.75 2.78 2.8 2.78 2.83 2.85 2.81 2.81 2.81 2.85 2.85 2.76 2.82 2.81 2.82 2.85 2.79 2.84 81.3 1e-07 0.01 512 SimpleDLA
1.0 3.15 2.9 2.86 2.92 2.95 2.94 2.88 2.98 2.9 2.95 2.95 2.98 2.94 2.98 2.91 2.9 3.01 2.92 2.84 2.95 82.52 1e-05 0.01 512 SimpleDLA
1.0 4.72 5.78 5.5 5.37 5.51 5.4 5.4 5.43 5.6 5.33 5.41 5.56 5.34 5.38 5.32 5.47 5.43 5.45 5.31 5.66 63.43 1e-05 0.001 512 SimpleDLA
1.0 2.94 2.77 2.78 2.76 2.83 2.8 2.82 2.81 2.8 2.79 2.73 2.79 2.77 2.77 2.78 2.83 2.79 2.8 2.75 2.81 81.99 1e-06 0.01 512 SimpleDLA
1.0 3.91 4.24 4.33 4.12 4.23 3.99 4.16 4.02 3.91 3.97 4.01 4.15 4.09 3.96 4.01 3.88 3.97 3.91 4.04 4.02 71.99 1e-07 0.001 256 SimpleDLA
1.0 2.87 2.71 2.57 2.59 2.66 2.6 2.6 2.64 2.7 2.71 2.67 2.65 2.63 2.69 2.67 2.65 2.63 2.62 2.66 2.67 83.62 1e-07 0.1 256 SimpleDLA
1.0 3.9 4.22 3.94 3.88 3.91 3.88 3.91 3.66 3.79 3.78 3.87 3.75 4.03 4.01 3.99 3.74 3.79 3.68 3.77 3.96 71.65 1e-06 0.001 256 SimpleDLA
1.0 3.21 2.82 2.88 2.92 2.9 2.88 2.92 2.92 2.89 2.91 2.86 2.89 2.92 2.88 2.94 2.88 2.88 2.88 2.87 2.91 80.69 1e-06 0.01 512 SimpleDLA
1.0 5.07 5.9 5.16 5.08 5.09 5.01 4.87 5.04 5.05 5.16 5.26 4.99 4.95 5.01 5.0 4.88 5.0 5.08 4.96 4.98 63.93 1e-06 0.001 512 SimpleDLA
1.0 3.83 4.13 3.9 4.0 3.91 3.94 3.91 3.92 4.01 3.94 3.82 4.0 4.01 3.99 3.87 3.85 4.04 3.92 4.01 3.97 72.97 1e-05 0.001 256 SimpleDLA
1.0 3.0 2.55 2.61 2.6 2.65 2.62 2.63 2.63 2.63 2.66 2.67 2.62 2.65 2.64 2.63 2.69 2.64 2.65 2.65 2.67 84.13 1e-05 0.1 256 SimpleDLA
1.0 2.94 2.71 2.69 2.65 2.65 2.64 2.65 2.66 2.62 2.63 2.59 2.61 2.61 2.62 2.63 2.65 2.63 2.63 2.62 2.62 84.92 1e-06 0.1 256 SimpleDLA
1.0 2.95 2.74 2.76 2.72 2.71 2.7 2.72 2.71 2.7 2.69 2.71 2.72 2.74 2.74 2.71 2.71 2.69 2.69 2.72 2.68 83.75 1e-06 0.1 512 SimpleDLA
1.0 5.73 8.2 8.88 9.04 8.64 8.69 8.8 8.93 8.96 8.83 8.83 8.84 8.84 8.91 8.83 8.75 8.9 8.87 9.05 9.13 56.43 1e-05 0.001 1024 SimpleDLA
1.0 2.93 2.81 2.63 2.69 2.64 2.66 2.62 2.68 2.63 2.61 2.65 2.66 2.59 2.62 2.62 2.59 2.65 2.6 2.62 2.63 83.95 1e-06 0.1 256 SimpleDLA
1.0 4.29 4.09 3.71 3.6 3.83 3.61 3.57 3.56 3.64 3.69 3.76 3.62 3.68 3.64 3.65 3.66 3.63 3.78 3.62 3.76 72.27 1e-05 0.001 256 SimpleDLA
1.0 4.16 3.86 3.61 3.56 3.65 3.61 3.75 3.53 3.61 3.64 3.67 3.55 3.61 3.77 3.66 3.77 3.5 3.47 3.67 3.51 72.83 1e-07 0.001 256 SimpleDLA
1.0 4.12 4.09 3.68 3.8 3.73 3.65 3.77 3.74 3.83 3.64 3.59 3.66 3.74 3.84 3.88 3.67 3.75 3.67 3.7 3.81 73.58 1e-06 0.001 256 SimpleDLA
1.0 5.46 8.3 8.59 7.88 7.8 7.95 8.03 8.03 7.99 8.05 8.13 7.97 7.97 7.95 8.14 8.03 8.14 8.08 8.14 8.26 57.01 1e-06 0.001 1024 SimpleDLA
1.0 4.74 5.88 5.11 5.38 5.47 5.34 5.25 5.28 5.42 5.5 5.37 5.45 5.46 5.29 5.2 5.31 5.23 5.18 5.45 5.17 65.37 1e-07 0.001 512 SimpleDLA
1.0 2.79 2.69 2.73 2.75 2.75 2.74 2.72 2.73 2.74 2.78 2.76 2.76 2.73 2.76 2.74 2.77 2.73 2.75 2.76 2.74 83.68 1e-05 0.1 512 SimpleDLA
1.0 3.03 2.83 2.67 2.71 2.72 2.67 2.68 2.78 2.69 2.72 2.7 2.66 2.68 2.66 2.7 2.69 2.7 2.67 2.69 2.7 83.19 1e-07 0.1 256 SimpleDLA
1.0 2.8 2.66 2.66 2.61 2.61 2.64 2.69 2.68 2.63 2.62 2.63 2.61 2.62 2.65 2.68 2.67 2.61 2.62 2.66 2.65 83.62 1e-05 0.01 256 SimpleDLA
1.0 2.94 2.72 2.76 2.76 2.76 2.77 2.77 2.77 2.68 2.76 2.79 2.75 2.75 2.8 2.83 2.8 2.82 2.75 2.7 2.77 82.92 1e-06 0.01 256 SimpleDLA
1.0 3.34 3.13 3.03 2.99 3.0 2.98 2.98 2.96 2.98 2.98 2.91 2.98 2.96 3.0 2.96 3.02 3.02 2.99 2.96 2.92 81.54 1e-05 0.01 512 SimpleDLA
1.0 3.01 2.73 2.72 2.71 2.76 2.77 2.68 2.71 2.71 2.67 2.72 2.76 2.75 2.71 2.69 2.75 2.74 2.75 2.7 2.72 83.33 1e-07 0.01 256 SimpleDLA
1.0 4.18 4.35 4.13 4.32 4.25 4.2 4.21 4.23 4.2 4.37 4.23 4.34 4.24 4.16 4.31 4.22 4.33 4.1 4.08 4.06 73.34 1e-05 0.001 256 SimpleDLA
