1.89 2.55 2.48 2.58 2.59 2.7 2.56 2.66 2.65 2.49 2.51 2.78 2.63 2.61 2.64 2.61 2.56 2.66 2.6 2.6 2.7 88.5 0.0005 0.01 64 resnet18
1.89 2.57 2.7 2.58 2.61 2.7 2.83 2.76 2.69 2.56 2.54 2.6 2.48 2.51 2.53 2.51 2.53 2.58 2.52 2.52 2.51 87.1 0.0005 0.01 128 resnet18
1.89 2.7 2.72 2.68 2.66 2.64 2.62 2.71 2.66 2.64 2.64 2.66 2.72 2.71 2.71 2.75 2.73 2.75 2.73 2.71 2.75 83.64 0.0005 0.01 256 resnet18
1.89 2.95 2.78 2.89 2.95 2.88 2.97 2.91 2.87 2.86 2.92 2.9 2.91 2.9 2.97 2.94 2.93 2.93 2.98 2.92 3.01 80.65 0.0005 0.01 512 resnet18
1.89 2.99 2.84 2.86 2.82 2.79 2.77 2.79 2.82 2.78 2.8 2.81 2.8 2.81 2.82 2.79 2.84 2.81 2.87 2.81 2.81 76.78 0.0005 0.01 1024 resnet18
1.89 2.7 2.7 2.6 2.6 2.7 2.6 2.56 2.77 2.71 2.56 2.66 2.68 2.65 2.52 2.52 2.48 2.57 2.5 2.55 2.53 88.4 0.0005 0.01 32 resnet18
1.89 3.45 3.74 3.64 3.72 3.6 3.58 3.68 3.62 3.64 3.67 3.73 3.66 3.67 3.66 3.63 3.68 3.73 3.71 3.61 3.71 72.53 0.0005 0.01 2048 resnet18
1.57 2.83 2.69 2.71 2.65 2.64 2.66 2.7 2.67 2.71 2.6 2.6 2.72 2.71 2.7 2.75 2.68 2.7 2.67 2.7 2.72 88.35 0.0005 0.01 64 resnet18
1.57 2.76 2.58 2.65 2.76 2.68 2.65 2.66 2.76 2.69 2.67 2.66 2.6 2.67 2.63 2.68 2.71 2.69 2.72 2.71 2.74 87.04 0.0005 0.01 128 resnet18
1.57 2.78 2.74 2.75 2.77 2.7 2.73 2.69 2.68 2.71 2.77 2.82 2.8 2.92 2.81 2.8 2.78 2.79 2.8 2.74 2.75 83.32 0.0005 0.01 256 resnet18
1.57 2.85 2.81 2.8 2.78 2.79 2.9 2.89 2.84 2.9 2.93 2.95 2.94 2.91 2.97 3.02 2.93 2.97 2.95 2.91 2.95 80.59 0.0005 0.01 512 resnet18
1.57 2.72 2.75 2.66 2.63 2.78 2.89 2.74 2.88 2.71 2.65 2.56 2.58 2.57 2.6 2.6 2.7 2.61 2.67 2.72 2.72 89.35 0.0005 0.01 32 resnet18
1.89 2.74 2.65 2.78 2.72 2.72 2.73 2.79 2.55 2.73 2.5 2.59 2.55 2.62 2.51 2.37 2.32 2.41 2.33 2.42 2.36 89.65 0.0005 0.01 16 resnet18
1.57 3.08 3.06 3.01 3.09 3.08 3.06 3.06 3.11 3.06 3.12 3.12 3.19 3.07 3.1 3.11 3.13 3.06 3.06 3.11 3.12 76.77 0.0005 0.01 1024 resnet18
1.57 3.56 3.51 3.61 3.61 3.6 3.63 3.54 3.66 3.63 3.63 3.74 3.67 3.59 3.67 3.65 3.62 3.66 3.67 3.71 3.71 72.07 0.0005 0.01 2048 resnet18
1.26 2.68 2.78 2.62 2.76 2.54 2.52 2.59 2.63 2.53 2.45 2.62 2.63 2.58 2.56 2.68 2.67 2.65 2.61 2.64 2.68 88.22 0.0005 0.01 64 resnet18
1.26 2.78 2.67 2.66 2.6 2.64 2.7 2.63 2.77 2.72 2.58 2.67 2.68 2.57 2.64 2.66 2.53 2.53 2.57 2.59 2.57 87.5 0.0005 0.01 128 resnet18
1.26 2.67 2.66 2.66 2.72 2.7 2.7 2.71 2.78 2.82 2.84 2.8 2.85 2.79 2.78 2.8 2.82 2.79 2.78 2.77 2.79 83.23 0.0005 0.01 256 resnet18
1.26 2.65 2.65 2.68 2.66 2.66 2.71 2.69 2.7 2.73 2.76 2.76 2.73 2.78 2.89 2.86 2.84 2.82 2.8 2.86 2.83 80.69 0.0005 0.01 512 resnet18
1.26 2.57 2.67 2.68 2.74 2.85 2.66 2.62 2.63 2.54 2.47 2.79 2.6 2.46 2.49 2.58 2.56 2.57 2.54 2.66 2.59 88.81 0.0005 0.01 32 resnet18
1.26 3.2 3.09 3.08 3.1 3.09 3.08 3.16 3.21 3.12 3.16 3.19 3.22 3.22 3.1 3.26 3.18 3.17 3.22 3.19 3.15 76.9 0.0005 0.01 1024 resnet18
1.26 3.52 3.35 3.37 3.46 3.4 3.44 3.39 3.38 3.39 3.37 3.34 3.34 3.33 3.34 3.36 3.4 3.34 3.35 3.33 3.33 72.94 0.0005 0.01 2048 resnet18
1.57 2.85 2.78 2.74 2.89 2.76 2.85 2.64 2.87 2.77 2.62 2.72 2.77 2.75 2.66 2.59 2.55 2.55 2.61 2.56 2.6 88.85 0.0005 0.01 16 resnet18
1.76 3.45 3.19 3.27 3.33 3.32 3.4 3.36 3.38 3.38 3.38 3.38 3.28 3.32 3.35 3.34 3.33 3.22 3.34 3.29 3.31 74.37 0.0005 0.01 2048 resnet34
1.26 2.63 2.66 2.61 2.69 2.86 2.62 2.56 2.57 2.58 2.68 2.58 2.66 2.7 2.61 2.55 2.5 2.69 2.62 2.56 2.56 89.07 0.0005 0.01 16 resnet18
1.76 2.76 2.79 2.9 2.86 2.91 2.92 2.91 2.98 2.95 2.93 2.93 2.91 2.87 2.96 2.93 2.86 2.91 2.88 2.95 2.95 82.61 0.0005 0.01 512 resnet34
1.76 3.09 3.2 3.16 3.16 3.17 3.13 3.13 3.14 3.23 3.13 3.3 3.21 3.26 3.3 3.25 3.26 3.22 3.28 3.24 3.27 78.66 0.0005 0.01 1024 resnet34
1.76 2.78 2.82 2.68 2.63 2.63 2.67 2.68 2.68 2.7 2.69 2.75 2.74 2.78 2.78 2.76 2.76 2.7 2.78 2.72 2.78 86.0 0.0005 0.01 256 resnet34
1.76 2.62 2.73 2.74 2.58 2.58 2.65 2.73 2.73 2.55 2.44 2.68 2.54 2.66 2.58 2.58 2.62 2.56 2.55 2.54 2.54 88.44 0.0005 0.01 64 resnet34
1.89 2.75 2.66 2.65 2.65 2.64 2.65 2.68 2.72 2.74 2.68 2.66 2.55 2.67 2.56 2.55 2.53 2.53 2.59 2.52 2.48 88.81 0.0005 0.01 8 resnet18
1.08 3.0 2.98 2.99 3.01 2.98 2.96 2.97 3.03 3.03 3.04 2.96 3.01 3.02 2.98 2.97 3.08 2.99 3.08 3.02 3.03 79.2 0.0005 0.01 1024 resnet34
1.76 2.77 2.73 2.61 2.74 2.7 2.64 2.65 2.65 2.65 2.68 2.64 2.51 2.52 2.63 2.59 2.6 2.54 2.58 2.56 2.6 87.87 0.0005 0.01 128 resnet34
1.57 2.84 2.62 2.76 2.85 2.72 2.74 2.82 2.73 2.68 2.86 2.77 2.77 2.69 2.7 2.65 2.61 2.55 2.54 2.54 2.55 89.3 0.0005 0.01 8 resnet18
1.08 3.03 2.91 2.9 2.82 2.92 2.9 2.84 2.86 2.91 2.84 2.84 2.86 2.85 2.86 2.93 2.84 2.89 2.96 2.85 2.86 82.05 0.0005 0.01 512 resnet34
1.1 3.51 3.09 3.1 3.16 3.13 3.16 3.18 3.15 3.31 3.21 3.23 3.29 3.26 3.21 3.28 3.26 3.19 3.13 3.22 3.19 79.46 0.0005 0.01 1024 resnet34
1.08 3.86 3.47 3.51 3.67 3.61 3.74 3.69 3.71 3.79 3.7 3.74 3.75 3.71 3.67 3.71 3.66 3.73 3.66 3.7 3.75 74.43 0.0005 0.01 2048 resnet34
1.1 2.88 2.7 2.57 2.82 2.7 2.71 2.7 2.68 2.69 2.8 2.77 2.75 2.76 2.68 2.71 2.71 2.71 2.73 2.72 2.77 87.94 0.0005 0.01 128 resnet34
2.05 3.46 2.98 2.82 2.83 2.79 2.79 2.84 2.89 2.81 2.84 2.83 2.84 2.82 2.72 2.73 2.73 2.81 2.81 2.86 2.78 80.28 0.0005 0.01 512 resnet50
1.08 2.84 2.84 2.59 2.64 2.6 2.58 2.61 2.64 2.7 2.65 2.65 2.7 2.68 2.66 2.65 2.68 2.65 2.68 2.68 2.66 85.75 0.0005 0.01 256 resnet34
1.76 2.62 2.68 2.68 2.76 2.69 2.69 2.74 2.51 2.69 2.53 2.61 2.67 2.67 2.5 2.74 2.7 2.61 2.67 2.62 2.65 88.45 0.0005 0.01 32 resnet34
1.1 2.74 2.79 2.85 2.78 2.75 2.65 2.72 2.79 2.83 2.79 2.73 2.76 2.71 2.79 2.75 2.79 2.73 2.79 2.74 2.77 85.07 0.0005 0.01 256 resnet34
1.1 3.56 3.49 3.52 3.59 3.54 3.53 3.51 3.59 3.63 3.6 3.56 3.54 3.63 3.65 3.53 3.55 3.57 3.61 3.61 3.57 74.88 0.0005 0.01 2048 resnet34
1.1 2.6 2.7 2.68 2.77 2.54 2.66 2.59 2.57 2.65 2.7 2.69 2.67 2.55 2.52 2.54 2.53 2.52 2.56 2.57 2.45 88.23 0.0005 0.01 64 resnet34
1.08 2.81 2.64 2.77 2.66 2.56 2.72 2.71 2.87 2.89 2.7 2.75 2.64 2.52 2.63 2.61 2.67 2.56 2.59 2.58 2.6 88.95 0.0005 0.01 64 resnet34
1.26 2.65 2.62 2.47 2.64 2.63 2.57 2.65 2.5 2.66 2.76 2.7 2.5 2.64 2.63 2.6 2.43 2.53 2.49 2.44 2.48 89.27 0.0005 0.01 8 resnet18
1.1 2.94 2.9 2.94 2.92 2.87 2.88 2.94 2.94 2.88 2.92 2.88 2.9 2.91 2.94 2.93 2.86 2.91 2.94 2.88 2.9 82.7 0.0005 0.01 512 resnet34
1.76 2.68 2.49 2.64 2.56 2.84 2.79 2.7 2.75 2.65 2.75 2.81 2.53 2.61 2.75 2.54 2.45 2.48 2.44 2.43 2.42 89.2 0.0005 0.01 16 resnet34
1.08 2.91 2.71 2.72 2.75 2.74 2.69 2.72 2.68 2.67 2.61 2.79 2.8 2.78 2.82 2.81 2.78 2.75 2.79 2.75 2.74 87.67 0.0005 0.01 128 resnet34
2.05 3.15 3.18 2.84 2.93 2.95 2.93 2.87 2.84 2.87 2.79 2.88 2.82 2.8 2.86 2.89 2.8 2.86 2.83 2.83 2.8 83.43 0.0005 0.01 256 resnet50
1.1 2.53 2.51 2.7 2.52 2.69 2.71 2.74 2.69 2.65 2.78 2.46 2.79 2.76 2.74 2.57 2.6 2.65 2.65 2.66 2.57 89.04 0.0005 0.01 32 resnet34
1.59 2.96 3.18 2.98 2.96 2.99 2.99 3.02 2.96 2.94 2.95 3.0 2.96 3.07 3.02 2.98 3.02 2.96 2.91 2.94 3.03 83.67 0.0005 0.01 256 resnet50
1.59 2.58 2.77 2.67 2.72 2.76 2.82 2.72 2.76 2.78 2.82 2.66 2.59 2.74 2.69 2.73 2.71 2.62 2.68 2.68 2.64 89.29 0.0005 0.01 32 resnet50
2.05 2.9 2.74 2.88 2.72 2.66 2.76 2.83 2.82 2.74 2.79 2.72 2.79 2.76 2.91 2.83 2.85 2.81 2.81 2.82 2.82 86.29 0.0005 0.01 128 resnet50
2.05 2.8 2.67 2.69 2.73 2.73 2.76 2.74 2.8 2.76 2.97 2.71 2.79 2.57 2.83 2.63 2.62 2.54 2.63 2.58 2.6 89.91 0.0005 0.01 16 resnet50
1.69 3.13 2.98 2.92 3.05 2.93 2.98 3.04 2.97 3.0 3.0 3.04 2.99 2.99 3.04 3.07 2.98 3.0 2.96 3.04 3.02 83.52 0.0005 0.01 256 resnet50
1.1 2.64 2.65 2.47 2.57 2.7 2.64 2.77 2.7 2.82 2.68 2.65 2.63 2.67 2.62 2.49 2.53 2.6 2.56 2.6 2.55 88.98 0.0005 0.01 16 resnet34
1.59 3.31 3.22 3.29 3.28 3.3 3.24 3.29 3.3 3.3 3.25 3.37 3.27 3.32 3.22 3.24 3.38 3.33 3.44 3.27 3.27 80.33 0.0005 0.01 512 resnet50
1.59 2.85 2.92 3.12 2.76 3.04 2.88 2.76 2.84 2.87 2.89 2.95 2.93 2.98 2.93 2.96 2.88 2.93 2.89 2.86 2.87 85.49 0.0005 0.01 128 resnet50
1.08 2.93 2.78 2.86 2.71 2.77 2.72 2.91 2.71 2.93 2.79 2.71 2.73 2.83 2.86 2.83 2.84 2.79 2.73 2.81 2.72 89.27 0.0005 0.01 16 resnet34
1.08 2.77 2.96 2.65 2.88 2.76 2.82 2.78 2.71 2.55 2.61 2.86 2.89 2.72 2.56 2.65 2.56 2.58 2.57 2.55 2.53 89.74 0.0005 0.01 32 resnet34
1.08 3.03 2.8 2.74 2.9 2.75 2.85 2.98 2.72 2.73 2.83 2.73 2.78 2.74 2.75 2.7 2.66 2.83 2.64 2.76 2.58 89.38 0.0005 0.01 8 resnet34
1.69 2.81 3.03 2.82 2.9 2.73 2.75 2.78 2.79 2.82 2.77 2.75 2.82 2.76 2.74 2.62 2.67 2.63 2.72 2.67 2.67 86.5 0.0005 0.01 128 resnet50
2.05 2.73 2.78 2.91 2.71 2.72 2.58 2.78 2.68 2.7 2.67 2.82 2.43 2.5 2.57 2.55 2.62 2.55 2.48 2.52 2.57 88.5 0.0005 0.01 64 resnet50
1.69 2.97 3.16 2.82 2.83 2.77 2.71 2.83 2.72 3.02 2.92 2.89 2.82 2.77 2.61 2.71 2.64 2.64 2.64 2.7 2.65 88.5 0.0005 0.01 64 resnet50
1.69 2.9 2.93 2.72 2.86 2.86 2.81 2.95 2.77 2.76 2.72 2.97 2.74 2.79 2.76 2.71 2.95 2.69 2.65 2.74 2.74 89.35 0.0005 0.01 16 resnet50
1.59 2.77 2.58 2.85 2.7 2.79 2.79 2.71 2.75 2.65 2.73 2.65 2.66 2.73 2.74 2.58 2.74 2.53 2.51 2.49 2.47 90.17 0.0005 0.01 16 resnet50
1.59 2.73 2.64 2.88 2.96 2.75 2.63 3.06 2.79 2.69 2.73 2.68 2.76 2.58 2.64 2.68 2.61 2.67 2.66 2.69 2.65 88.38 0.0005 0.01 64 resnet50
2.05 2.74 2.64 2.68 2.73 2.72 2.63 2.83 2.84 2.65 2.64 2.69 2.5 2.71 2.77 2.61 2.58 2.56 2.62 2.59 2.53 88.75 0.0005 0.01 32 resnet50
1.69 2.75 2.73 2.89 2.83 2.92 2.87 2.74 2.91 2.78 2.87 2.57 2.72 2.83 2.68 2.7 2.63 2.67 2.59 2.56 2.64 89.28 0.0005 0.01 32 resnet50
1.76 2.55 2.64 2.58 2.63 2.66 2.76 2.62 2.5 2.62 2.58 2.63 2.57 2.71 2.71 2.76 2.69 2.59 2.66 2.63 2.56 89.47 0.0005 0.01 8 resnet34
1.1 2.57 2.63 2.62 2.71 2.69 2.59 2.73 2.63 2.64 2.64 2.59 2.58 2.7 2.61 2.48 2.52 2.59 2.5 2.46 2.5 89.11 0.0005 0.01 8 resnet34
2.05 2.92 2.95 2.6 2.59 2.85 2.79 2.74 2.84 2.8 2.72 2.65 2.67 2.73 2.63 2.78 2.6 2.6 2.72 2.67 2.61 89.65 0.0005 0.01 8 resnet50
1.69 2.82 2.91 2.99 2.95 2.85 2.67 2.78 2.75 2.85 2.87 2.84 3.05 2.82 2.86 2.64 2.77 2.67 2.81 2.71 2.77 90.26 0.0005 0.01 8 resnet50
1.59 2.91 2.7 2.59 2.71 2.72 2.78 2.75 2.71 2.56 2.72 2.74 2.61 2.76 2.88 2.68 2.58 2.63 2.54 2.48 2.51 90.23 0.0005 0.01 8 resnet50
