3.02 5.64 5.2 5.29 4.91 4.91 4.94 4.87 4.92 5.0 4.94 4.94 4.89 4.91 4.98 4.93 4.93 4.93 4.91 4.94 4.91 85.95 1e-05 0.1 256 SENet18
3.02 5.18 5.3 5.4 5.35 5.11 5.13 5.09 5.08 5.07 5.07 5.1 5.1 5.09 5.12 5.16 5.14 5.11 5.17 5.2 5.07 85.71 1e-06 0.1 256 SENet18
3.02 5.58 5.33 5.35 5.09 5.07 5.14 5.12 5.06 5.11 5.08 5.1 5.11 5.07 5.12 5.09 5.07 5.11 5.01 5.12 5.09 86.27 1e-07 0.1 256 SENet18
3.02 5.28 5.33 5.05 5.01 5.05 5.04 5.05 5.02 5.03 5.01 5.0 5.02 4.99 5.0 5.04 4.99 4.97 5.01 4.99 5.0 85.3 1e-05 0.1 512 SENet18
3.02 5.35 5.58 5.21 5.14 5.12 5.15 5.17 5.11 5.1 5.12 5.09 5.13 5.11 5.13 5.11 5.15 5.12 5.11 5.16 5.15 85.37 1e-06 0.1 512 SENet18
3.02 5.59 4.8 5.09 4.92 4.93 4.91 4.95 4.91 4.89 4.89 4.91 4.88 4.9 4.91 4.85 4.89 4.9 4.92 4.92 4.89 85.31 1e-07 0.1 512 SENet18
3.02 5.4 5.26 5.06 5.17 5.17 5.18 5.22 5.19 5.18 5.16 5.16 5.18 5.15 5.2 5.18 5.22 5.15 5.13 5.19 5.15 83.74 1e-05 0.1 1024 SENet18
3.02 5.57 5.28 5.22 5.25 5.24 5.24 5.23 5.22 5.27 5.26 5.25 5.26 5.24 5.27 5.27 5.24 5.3 5.28 5.27 5.27 83.73 1e-06 0.1 1024 SENet18
3.02 5.4 5.11 5.23 5.19 5.18 5.21 5.19 5.18 5.19 5.2 5.2 5.17 5.15 5.2 5.23 5.21 5.18 5.23 5.18 5.22 83.44 1e-07 0.1 1024 SENet18
3.02 5.48 5.14 5.06 5.02 4.98 4.98 5.0 5.07 5.08 4.95 5.06 4.99 4.91 5.06 4.95 4.98 5.01 5.06 5.02 4.9 81.42 1e-05 0.01 256 SENet18
3.02 5.66 5.44 5.25 5.27 5.23 5.31 5.22 5.18 5.16 5.21 5.2 5.2 5.15 5.16 5.19 5.19 5.2 5.16 5.23 5.14 81.37 1e-06 0.01 256 SENet18
3.02 5.8 5.32 5.03 5.11 5.1 5.07 5.07 5.11 5.02 5.02 5.1 5.09 5.07 5.05 5.05 5.06 5.12 5.01 5.1 5.06 81.73 1e-07 0.01 256 SENet18
3.02 5.93 5.89 5.71 5.75 5.73 5.78 5.85 5.91 5.89 5.76 5.77 5.83 5.77 5.88 5.82 5.83 5.86 5.83 5.87 5.86 78.63 1e-05 0.01 512 SENet18
3.02 5.46 5.7 5.65 5.67 5.67 5.62 5.64 5.66 5.65 5.57 5.6 5.59 5.69 5.62 5.54 5.52 5.61 5.6 5.64 5.62 78.54 1e-06 0.01 512 SENet18
3.02 6.23 5.89 5.77 5.8 5.79 5.83 5.76 5.74 5.75 5.81 5.8 5.79 5.77 5.78 5.75 5.78 5.75 5.77 5.75 5.77 77.83 1e-07 0.01 512 SENet18
3.02 6.24 6.66 6.63 6.53 6.53 6.55 6.57 6.55 6.56 6.62 6.61 6.56 6.61 6.6 6.62 6.58 6.57 6.55 6.55 6.63 74.5 1e-05 0.01 1024 SENet18
3.02 6.25 6.62 6.6 6.68 6.65 6.68 6.68 6.65 6.64 6.61 6.66 6.67 6.6 6.61 6.62 6.63 6.66 6.64 6.65 6.6 74.43 1e-06 0.01 1024 SENet18
3.02 6.13 6.53 6.54 6.5 6.56 6.5 6.52 6.51 6.47 6.51 6.54 6.48 6.55 6.56 6.48 6.56 6.51 6.53 6.56 6.44 74.4 1e-07 0.01 1024 SENet18
3.02 6.1 7.7 7.85 7.66 7.76 7.99 7.95 7.97 8.0 7.88 7.91 8.07 7.99 8.07 7.99 8.03 7.98 7.95 8.08 7.96 69.85 1e-05 0.001 256 SENet18
3.02 6.16 7.64 7.81 7.79 7.8 7.9 7.91 7.97 7.91 7.92 7.85 7.89 7.87 7.97 7.89 7.93 7.92 7.95 7.88 7.89 69.84 1e-06 0.001 256 SENet18
3.02 6.17 7.59 7.69 7.88 7.89 8.0 7.99 7.85 7.94 7.89 7.91 8.01 8.0 8.15 7.93 7.94 7.99 7.82 7.92 8.03 69.82 1e-07 0.001 256 SENet18
3.02 5.94 6.41 8.04 8.37 8.78 8.7 8.85 8.72 8.85 8.85 8.92 8.92 8.91 8.83 9.0 8.79 8.86 8.89 8.83 8.91 66.27 1e-05 0.001 512 SENet18
3.02 5.95 6.44 8.14 8.32 8.83 8.76 8.72 8.78 8.95 8.84 8.89 8.91 8.99 8.86 8.82 8.78 8.93 8.9 8.88 8.92 66.31 1e-06 0.001 512 SENet18
3.02 5.95 6.51 7.96 8.38 8.71 8.79 8.87 8.82 8.93 8.93 8.92 8.85 9.0 8.87 8.96 8.88 8.93 8.91 8.91 8.97 65.97 1e-07 0.001 512 SENet18
3.02 6.38 6.52 6.78 6.96 8.26 8.93 9.47 9.4 9.29 9.41 9.4 9.47 9.45 9.48 9.56 9.44 9.51 9.58 9.51 9.58 64.0 1e-05 0.001 1024 SENet18
3.02 6.39 6.5 6.83 7.04 8.3 9.02 9.37 9.36 9.31 9.47 9.42 9.47 9.47 9.56 9.47 9.41 9.56 9.51 9.62 9.53 63.86 1e-06 0.001 1024 SENet18
3.02 6.39 6.54 6.84 7.0 8.3 9.1 9.42 9.46 9.29 9.44 9.52 9.59 9.64 9.48 9.6 9.55 9.55 9.61 9.54 9.66 63.89 1e-07 0.001 1024 SENet18
3.01 5.38 5.36 5.0 4.99 5.02 5.13 5.05 5.0 4.97 5.02 4.91 4.97 4.97 4.96 4.92 4.96 4.95 4.93 5.0 4.93 86.32 1e-05 0.1 256 SENet18
3.01 5.53 5.31 5.1 5.17 5.28 5.33 5.26 5.22 5.33 5.29 5.28 5.29 5.24 5.32 5.2 5.31 5.29 5.25 5.29 5.22 86.39 1e-06 0.1 256 SENet18
3.01 5.24 5.65 5.29 4.93 4.87 4.81 4.91 4.9 4.96 4.95 4.93 4.96 5.0 4.97 4.99 4.98 4.98 5.0 4.98 4.97 86.23 1e-07 0.1 256 SENet18
3.01 5.55 5.27 5.05 5.14 5.11 5.11 5.12 5.09 5.07 5.13 5.09 5.07 5.11 5.11 5.11 5.08 5.09 5.07 5.1 5.11 85.43 1e-05 0.1 512 SENet18
3.01 4.95 5.16 5.17 5.08 5.04 5.04 5.03 5.03 5.1 5.0 4.97 5.03 5.13 5.03 4.97 5.02 4.97 4.99 5.09 5.06 85.91 1e-06 0.1 512 SENet18
3.01 5.04 5.37 5.14 5.18 5.17 5.18 5.13 5.12 5.23 5.22 5.16 5.23 5.17 5.18 5.15 5.17 5.2 5.16 5.17 5.2 85.65 1e-07 0.1 512 SENet18
3.01 5.22 5.47 4.99 4.98 4.98 4.99 4.99 4.98 5.01 5.02 5.01 4.99 5.02 5.0 5.01 5.0 4.96 5.0 4.98 4.97 84.2 1e-05 0.1 1024 SENet18
3.01 4.71 5.14 4.9 4.89 4.93 4.9 4.92 4.94 4.97 4.96 4.99 5.02 4.98 4.95 4.97 4.96 4.99 5.0 4.97 4.97 84.41 1e-06 0.1 1024 SENet18
3.01 5.33 5.27 5.13 5.05 5.09 5.1 5.06 5.06 5.1 5.07 5.04 5.08 5.04 5.02 5.11 5.08 5.06 5.06 5.05 5.09 83.87 1e-07 0.1 1024 SENet18
3.01 5.43 5.23 5.24 5.19 5.21 5.2 5.22 5.27 5.16 5.19 5.19 5.22 5.16 5.22 5.2 5.22 5.18 5.23 5.19 5.2 82.74 1e-05 0.01 256 SENet18
3.01 5.66 5.4 5.3 5.32 5.24 5.25 5.19 5.24 5.29 5.27 5.26 5.27 5.27 5.26 5.24 5.29 5.23 5.3 5.23 5.3 82.57 1e-06 0.01 256 SENet18
3.01 5.62 5.19 5.27 5.25 5.2 5.27 5.15 5.16 5.23 5.17 5.18 5.14 5.16 5.11 5.17 5.21 5.12 5.12 5.14 5.23 82.7 1e-07 0.01 256 SENet18
3.01 5.93 5.84 5.84 5.82 5.8 5.83 5.88 5.83 5.86 5.79 5.83 5.83 5.88 5.78 5.86 5.84 5.85 5.85 5.85 5.86 79.78 1e-05 0.01 512 SENet18
3.01 5.68 5.57 5.62 5.61 5.55 5.53 5.54 5.56 5.57 5.6 5.52 5.51 5.58 5.61 5.57 5.6 5.51 5.57 5.58 5.55 79.76 1e-07 0.01 512 SENet18
3.01 5.4 5.71 5.77 5.79 5.71 5.74 5.8 5.78 5.77 5.76 5.8 5.79 5.8 5.79 5.77 5.78 5.72 5.76 5.77 5.79 79.09 1e-06 0.01 512 SENet18
3.01 6.54 6.35 6.36 6.36 6.33 6.31 6.39 6.38 6.35 6.33 6.37 6.4 6.4 6.43 6.44 6.44 6.36 6.42 6.39 6.37 75.42 1e-05 0.01 1024 SENet18
3.01 6.61 6.49 6.46 6.46 6.45 6.45 6.52 6.38 6.42 6.43 6.43 6.4 6.46 6.43 6.49 6.5 6.41 6.5 6.45 6.44 75.66 1e-06 0.01 1024 SENet18
3.01 6.27 6.53 6.53 6.46 6.46 6.52 6.5 6.56 6.57 6.56 6.48 6.47 6.49 6.47 6.52 6.49 6.52 6.52 6.49 6.58 75.07 1e-07 0.01 1024 SENet18
3.01 6.62 7.07 7.48 7.71 7.71 7.71 7.75 7.57 7.7 7.72 7.77 7.74 7.7 7.67 7.8 7.77 7.81 7.82 7.7 7.71 70.48 1e-05 0.001 256 SENet18
3.01 6.6 6.86 7.54 7.51 7.73 7.67 7.69 7.58 7.77 7.68 7.68 7.73 7.69 7.63 7.71 7.75 7.7 7.83 7.74 7.82 70.34 1e-06 0.001 256 SENet18
3.01 6.3 6.93 7.97 8.46 8.62 8.73 8.63 8.71 8.71 8.7 8.69 8.69 8.7 8.72 8.77 8.69 8.75 8.69 8.74 8.75 67.3 1e-05 0.001 512 SENet18
3.01 6.55 7.38 7.49 7.65 7.57 7.59 7.56 7.52 7.67 7.72 7.61 7.68 7.53 7.61 7.56 7.63 7.67 7.73 7.6 7.68 70.62 1e-07 0.001 256 SENet18
3.01 6.53 6.56 7.03 7.42 8.48 8.93 8.95 9.2 9.14 9.28 9.29 9.45 9.4 9.35 9.49 9.33 9.46 9.47 9.32 9.41 64.83 1e-05 0.001 1024 SENet18
3.01 6.34 6.78 7.98 8.53 8.5 8.6 8.6 8.67 8.67 8.63 8.48 8.49 8.63 8.64 8.55 8.68 8.72 8.72 8.76 8.56 67.11 1e-06 0.001 512 SENet18
3.01 6.33 6.79 8.11 8.47 8.73 8.56 8.43 8.59 8.55 8.56 8.46 8.62 8.72 8.63 8.61 8.58 8.64 8.49 8.72 8.61 67.2 1e-07 0.001 512 SENet18
3.01 6.55 6.57 6.98 7.43 8.54 8.85 9.01 9.16 9.04 9.28 9.28 9.32 9.24 9.16 9.3 9.3 9.27 9.35 9.3 9.31 64.9 1e-07 0.001 1024 SENet18
3.01 6.53 6.58 6.99 7.41 8.5 8.89 8.97 9.15 9.05 9.32 9.28 9.4 9.27 9.22 9.36 9.25 9.26 9.29 9.29 9.34 64.88 1e-06 0.001 1024 SENet18
1.0 5.7 5.07 5.08 5.07 5.03 5.13 5.1 5.14 5.02 5.02 5.03 4.97 5.0 5.01 4.96 5.02 4.97 5.0 4.99 5.02 86.22 1e-06 0.1 256 SENet18
1.0 5.25 5.48 5.16 5.36 5.31 5.35 5.26 5.31 5.33 5.26 5.29 5.34 5.27 5.29 5.32 5.29 5.35 5.31 5.3 5.29 86.18 1e-05 0.1 256 SENet18
1.0 5.42 5.22 5.34 5.09 5.04 5.07 5.0 5.07 5.08 4.99 5.09 5.03 5.02 5.03 5.05 5.03 4.99 5.08 5.01 5.01 85.95 1e-07 0.1 256 SENet18
1.0 5.59 5.05 5.33 5.19 5.13 5.13 5.13 5.13 5.1 5.12 5.1 5.11 5.11 5.08 5.1 5.06 5.07 5.14 5.07 5.08 85.69 1e-05 0.1 512 SENet18
1.0 5.32 5.31 5.21 4.87 4.95 4.92 4.94 4.97 4.99 4.94 4.95 4.94 4.95 4.95 4.95 4.95 4.98 4.94 4.95 4.95 85.43 1e-06 0.1 512 SENet18
1.0 5.06 5.34 5.62 5.07 5.08 5.06 5.03 5.07 5.06 5.03 5.04 5.06 5.04 5.02 5.04 5.05 5.06 5.05 5.04 5.07 85.11 1e-07 0.1 512 SENet18
1.0 4.87 5.14 5.17 5.23 5.16 5.12 5.14 5.16 5.08 5.1 5.13 5.12 5.17 5.13 5.1 5.12 5.1 5.18 5.12 5.11 83.95 1e-05 0.1 1024 SENet18
1.0 5.54 5.27 4.99 4.93 4.9 4.91 4.92 4.94 4.94 4.93 4.98 4.96 4.98 4.95 5.0 4.99 5.0 4.95 4.99 4.96 84.2 1e-06 0.1 1024 SENet18
1.0 5.1 5.37 5.09 5.13 5.13 5.16 5.12 5.13 5.1 5.17 5.13 5.16 5.18 5.11 5.13 5.12 5.17 5.13 5.13 5.1 84.05 1e-07 0.1 1024 SENet18
1.0 5.55 5.35 5.15 5.16 5.11 5.04 5.1 5.17 5.1 5.16 5.02 5.07 5.06 5.13 5.2 5.2 5.06 5.09 5.12 5.14 81.68 1e-05 0.01 256 SENet18
1.0 5.61 5.69 5.28 5.32 5.35 5.32 5.39 5.38 5.42 5.29 5.42 5.4 5.4 5.44 5.38 5.38 5.41 5.34 5.31 5.43 82.24 1e-06 0.01 256 SENet18
1.0 6.11 5.96 5.71 5.67 5.63 5.7 5.58 5.63 5.6 5.65 5.58 5.64 5.6 5.61 5.61 5.67 5.6 5.58 5.65 5.57 79.4 1e-05 0.01 512 SENet18
1.0 5.84 5.63 5.51 5.55 5.49 5.57 5.49 5.52 5.59 5.54 5.56 5.52 5.55 5.52 5.51 5.51 5.49 5.51 5.44 5.55 79.22 1e-06 0.01 512 SENet18
1.0 5.8 5.18 5.28 5.24 5.22 5.23 5.12 5.26 5.27 5.17 5.21 5.18 5.25 5.17 5.2 5.23 5.21 5.23 5.16 5.27 81.99 1e-07 0.01 256 SENet18
1.0 6.54 6.51 6.43 6.44 6.4 6.37 6.38 6.41 6.45 6.46 6.49 6.45 6.45 6.52 6.46 6.49 6.41 6.54 6.45 6.41 74.1 1e-05 0.01 1024 SENet18
1.0 6.11 5.52 5.44 5.39 5.4 5.49 5.52 5.46 5.44 5.43 5.5 5.46 5.52 5.45 5.47 5.55 5.45 5.44 5.39 5.52 79.06 1e-07 0.01 512 SENet18
1.0 6.06 6.45 6.49 6.49 6.43 6.49 6.5 6.5 6.49 6.51 6.47 6.52 6.49 6.48 6.46 6.5 6.5 6.54 6.46 6.48 74.34 1e-06 0.01 1024 SENet18
1.0 6.16 6.49 6.61 6.6 6.61 6.67 6.67 6.7 6.63 6.58 6.59 6.61 6.63 6.61 6.61 6.64 6.62 6.66 6.61 6.58 74.73 1e-07 0.01 1024 SENet18
1.0 6.31 7.37 7.56 7.66 7.74 7.8 7.58 7.76 7.73 7.83 7.69 7.86 7.82 7.92 7.6 7.71 7.64 7.74 7.68 7.81 69.86 1e-05 0.001 256 SENet18
1.0 6.15 7.53 7.55 7.61 7.78 7.86 7.6 7.89 7.9 7.7 7.69 7.78 7.72 7.81 7.69 7.59 7.73 7.66 7.72 7.8 70.1 1e-06 0.001 256 SENet18
1.0 6.18 7.47 7.31 7.67 7.7 7.8 7.69 7.76 7.82 7.78 7.69 7.81 7.74 7.77 7.71 7.61 7.66 7.81 7.77 7.77 69.96 1e-07 0.001 256 SENet18
1.0 6.89 6.53 8.43 8.65 8.69 8.61 8.74 8.86 8.87 8.95 8.82 8.87 8.91 8.85 8.88 8.96 8.9 8.89 8.9 8.97 66.68 1e-05 0.001 512 SENet18
1.0 6.9 6.64 8.5 8.61 8.61 8.9 8.76 8.95 8.75 8.86 8.86 9.01 8.92 8.79 8.75 8.96 8.92 8.88 8.83 8.76 66.58 1e-06 0.001 512 SENet18
1.0 6.7 6.78 6.75 7.51 8.57 8.93 9.21 9.43 9.27 9.49 9.51 9.51 9.64 9.52 9.53 9.47 9.58 9.52 9.55 9.44 65.2 1e-05 0.001 1024 SENet18
1.0 6.93 6.6 8.45 8.67 8.55 8.75 8.97 8.98 8.94 8.92 8.92 8.96 8.88 8.8 8.88 8.91 8.93 9.0 8.9 9.02 66.76 1e-07 0.001 512 SENet18
1.0 6.7 6.78 6.78 7.45 8.4 8.99 9.3 9.47 9.33 9.37 9.35 9.5 9.57 9.49 9.5 9.59 9.58 9.57 9.56 9.6 64.85 1e-07 0.001 1024 SENet18
1.0 6.71 6.78 6.81 7.53 8.54 8.96 9.24 9.43 9.4 9.48 9.61 9.66 9.58 9.57 9.55 9.63 9.53 9.62 9.53 9.62 65.24 1e-06 0.001 1024 SENet18
