1.0 1.34 2.2 3.98 8.22 7.65 6.81 7.04 7.03 7.36 7.88 7.67 8.6 8.75 8.58 8.51 8.68 8.54 8.59 8.61 8.51 73.83 1e-05 0.5 1024 VGG19
1.0 1.65 3.38 4.85 4.39 5.81 7.36 5.27 5.63 6.85 7.22 7.26 9.19 9.87 9.94 9.96 9.7 9.88 9.91 11.64 11.3 59.27 1e-05 0.5 512 VGG19
1.0 1.33 1.48 6.01 6.64 6.85 7.4 7.18 6.64 7.04 7.14 7.57 7.85 7.97 9.08 9.27 9.85 10.15 10.3 10.31 10.28 68.48 1e-06 0.5 1024 VGG19
1.0 5.43 4.97 6.16 6.9 6.88 7.27 7.12 7.56 7.22 6.96 7.82 7.32 7.36 7.17 7.41 7.41 7.39 7.37 7.29 7.36 83.84 1e-05 0.5 256 VGG19
1.0 3.34 3.31 6.24 7.77 5.4 9.22 10.34 7.94 9.82 8.14 7.73 10.51 11.08 8.73 11.77 11.35 14.17 12.85 13.42 13.59 52.63 1e-06 0.5 512 VGG19
1.0 5.58 7.32 7.31 7.83 6.83 6.99 8.48 8.02 8.31 8.93 8.43 8.8 8.85 8.81 8.87 8.74 8.83 8.75 8.79 8.82 75.32 1e-07 0.5 512 VGG19
1.0 1.22 1.96 2.09 6.05 5.21 7.15 7.26 7.04 7.07 6.82 7.5 7.74 8.23 8.92 9.74 10.06 10.71 10.64 10.82 10.77 66.57 1e-07 0.5 1024 VGG19
1.0 4.76 4.97 7.58 3.96 6.3 7.45 6.53 9.46 9.45 8.43 9.67 8.01 9.18 9.1 9.36 9.29 9.19 9.35 9.46 9.19 77.48 1e-06 0.5 256 VGG19
1.0 3.03 5.0 7.81 4.65 7.51 7.8 6.23 7.4 8.23 8.93 8.85 8.76 9.83 9.84 9.05 9.45 9.37 9.37 9.48 9.45 75.23 1e-07 0.5 256 VGG19
1.0 7.73 6.84 7.22 6.85 6.62 6.39 7.05 7.23 7.22 7.32 7.23 7.11 7.28 7.11 7.13 7.19 7.27 7.08 7.11 7.12 84.31 1e-05 0.05 1024 VGG19
1.0 6.16 6.07 6.13 5.88 5.8 5.68 5.75 5.63 5.68 5.69 5.7 5.64 5.71 5.73 5.73 5.72 5.69 5.67 5.66 5.65 86.04 1e-05 0.05 512 VGG19
1.0 6.51 6.46 6.47 6.12 5.71 5.86 5.94 5.76 5.68 5.74 5.78 5.73 5.72 5.75 5.78 5.78 5.75 5.68 5.82 5.77 86.48 1e-06 0.05 512 VGG19
1.0 6.51 5.69 6.05 5.64 5.72 5.82 5.75 5.66 5.64 5.63 5.63 5.62 5.63 5.67 5.59 5.64 5.6 5.69 5.61 5.7 86.11 1e-06 0.05 1024 VGG19
1.0 6.04 5.94 6.24 5.57 5.76 5.7 5.79 5.8 5.77 5.79 5.78 5.79 5.8 5.77 5.8 5.78 5.78 5.72 5.81 5.75 86.62 1e-07 0.05 1024 VGG19
1.0 5.77 6.19 6.11 6.02 6.16 5.88 5.8 6.03 5.81 5.99 5.98 6.06 5.9 5.97 5.82 5.98 5.98 5.88 5.96 5.94 86.42 1e-05 0.05 256 VGG19
1.0 5.9 6.18 5.72 6.01 5.79 6.12 5.92 5.73 5.75 5.72 5.59 5.69 5.71 5.71 5.73 5.68 5.68 5.67 5.69 5.67 86.89 1e-06 0.05 256 VGG19
1.0 6.04 6.31 5.83 5.77 5.78 5.84 5.57 5.74 5.78 5.74 5.77 5.71 5.69 5.75 5.68 5.73 5.69 5.72 5.73 5.71 86.39 1e-07 0.05 512 VGG19
1.0 6.1 6.32 6.17 6.53 6.21 5.94 5.97 5.81 5.9 5.88 6.03 6.03 5.93 5.98 6.01 6.06 5.92 5.97 5.97 5.94 86.33 1e-07 0.05 256 VGG19
1.0 6.86 6.47 6.48 6.51 6.5 6.49 6.45 6.53 6.57 6.51 6.51 6.42 6.51 6.4 6.53 6.5 6.5 6.5 6.49 6.45 78.22 1e-06 0.005 1024 VGG19
1.0 6.8 6.48 6.49 6.49 6.44 6.49 6.45 6.47 6.46 6.43 6.43 6.4 6.48 6.43 6.43 6.46 6.46 6.46 6.43 6.41 78.41 1e-07 0.005 1024 VGG19
1.0 6.66 6.35 6.32 6.32 6.35 6.33 6.37 6.35 6.39 6.35 6.34 6.31 6.28 6.24 6.36 6.31 6.36 6.32 6.34 6.3 78.84 1e-05 0.005 1024 VGG19
1.0 5.68 5.49 5.38 5.53 5.38 5.37 5.4 5.39 5.39 5.44 5.42 5.41 5.43 5.45 5.43 5.47 5.44 5.4 5.41 5.4 82.03 1e-05 0.005 512 VGG19
1.0 5.34 5.41 5.39 5.02 5.11 5.13 5.12 5.11 5.04 5.1 5.11 5.05 5.07 5.12 5.06 5.09 5.12 5.16 5.0 5.15 85.43 1e-06 0.005 256 VGG19
1.0 5.25 5.13 5.19 5.03 5.13 5.06 5.08 5.03 5.06 5.07 5.02 5.08 5.04 4.98 5.01 5.06 4.99 5.06 5.03 5.0 85.05 1e-07 0.005 256 VGG19
1.0 5.51 5.24 5.37 5.11 5.12 5.1 5.12 5.05 5.08 5.11 5.11 5.05 5.11 5.12 5.01 5.07 5.04 5.12 5.08 5.04 84.72 1e-05 0.005 256 VGG19
1.0 5.66 5.74 5.58 5.54 5.52 5.54 5.59 5.56 5.46 5.46 5.52 5.51 5.55 5.58 5.55 5.55 5.59 5.59 5.51 5.55 82.13 1e-07 0.005 512 VGG19
1.0 2.12 5.77 5.8 5.71 6.86 6.04 6.95 6.43 6.42 8.17 8.14 7.8 8.65 8.28 8.82 9.26 9.29 9.43 9.34 9.34 77.63 1e-07 0.5 512 VGG19
1.0 5.81 5.56 5.36 5.37 5.39 5.38 5.38 5.29 5.4 5.33 5.39 5.31 5.33 5.37 5.39 5.41 5.34 5.38 5.38 5.43 82.65 1e-06 0.005 512 VGG19
1.0 4.34 5.94 6.24 6.38 7.28 7.22 7.38 7.28 7.8 7.69 8.09 8.1 8.23 8.39 8.58 8.64 8.72 8.97 8.68 9.05 81.13 1e-06 0.5 256 VGG19
1.0 3.42 5.56 6.33 7.01 6.91 7.24 7.48 7.94 7.94 7.89 7.79 8.36 8.42 8.78 9.36 10.18 10.16 10.45 10.52 10.42 78.66 1e-07 0.5 256 VGG19
1.0 6.17 5.79 6.01 6.14 5.95 5.69 6.16 6.05 5.88 5.9 5.84 5.97 5.9 5.98 5.93 5.83 5.93 5.93 5.83 5.9 86.32 1e-07 0.05 256 VGG19
1.0 5.92 6.05 6.12 5.86 6.09 5.76 5.86 5.93 5.99 6.02 5.79 5.9 6.04 5.92 5.95 5.97 6.07 5.97 6.09 6.15 86.84 1e-06 0.05 256 VGG19
1.0 5.9 6.39 6.5 6.15 6.1 5.78 5.55 5.93 6.03 5.94 6.04 6.07 5.97 5.93 6.0 5.91 6.04 5.91 5.92 6.04 86.35 1e-05 0.05 256 VGG19
1.0 1.25 4.28 5.7 5.87 5.77 8.7 7.89 7.41 7.57 7.75 7.52 7.5 7.74 7.92 7.89 7.94 8.1 8.02 7.94 8.0 82.8 1e-05 0.5 256 VGG19
1.0 2.02 5.77 4.77 5.91 5.61 7.06 6.73 6.07 9.01 5.9 11.48 11.69 11.1 8.91 12.32 12.58 13.48 13.21 13.22 13.31 62.57 1e-06 0.5 512 VGG19
1.0 4.79 5.46 7.49 7.31 6.01 6.0 7.13 6.65 7.04 7.14 7.63 7.46 7.55 7.24 7.33 7.35 7.36 7.44 7.38 7.3 80.64 1e-05 0.5 512 VGG19
1.0 5.87 5.89 5.93 5.99 6.19 5.58 5.83 5.69 5.71 5.67 5.67 5.65 5.66 5.66 5.7 5.71 5.61 5.7 5.7 5.61 86.31 1e-05 0.05 512 VGG19
1.0 6.12 6.24 6.23 6.01 6.24 5.88 6.31 5.84 5.93 6.04 6.08 6.02 5.99 6.11 6.05 6.09 6.09 6.09 6.11 6.14 87.11 1e-05 0.05 256 VGG19
1.0 5.68 5.44 5.34 5.25 5.13 5.19 5.24 5.16 5.19 5.2 5.11 5.22 5.21 5.24 5.22 5.13 5.21 5.18 5.19 5.19 85.1 1e-05 0.005 256 VGG19
1.0 5.91 5.96 5.79 5.65 5.71 5.66 5.63 5.67 5.62 5.66 5.68 5.65 5.68 5.67 5.63 5.62 5.62 5.64 5.65 5.64 78.9 1e-06 0.005 1024 VGG19
1.0 6.32 6.23 6.15 6.14 6.19 6.21 6.19 6.18 6.18 6.16 6.2 6.15 6.17 6.25 6.22 6.19 6.26 6.19 6.19 6.18 78.43 1e-05 0.005 1024 VGG19
1.0 1.57 2.19 2.57 7.53 5.73 6.95 6.67 7.19 7.2 7.28 7.11 7.2 6.95 7.26 7.17 7.17 7.16 7.23 7.19 7.25 82.54 1e-05 0.5 256 VGG19
1.0 5.5 5.48 5.26 5.32 5.31 5.27 5.33 5.28 5.24 5.23 5.35 5.22 5.3 5.32 5.25 5.32 5.31 5.22 5.32 5.26 82.52 1e-07 0.005 512 VGG19
2.15 2.27 8.5 9.64 9.05 8.82 8.24 7.97 8.12 8.35 7.93 8.01 7.8 7.94 7.74 7.93 7.86 7.96 7.82 7.84 7.86 79.64 1e-05 0.5 256 DPN92
2.15 1.31 4.54 7.83 7.45 7.97 8.51 8.69 8.23 8.18 8.04 8.14 8.34 8.27 8.28 8.11 8.24 8.33 8.13 8.14 8.15 80.46 1e-06 0.5 256 DPN92
2.15 5.86 7.5 8.25 8.85 8.54 8.14 8.16 8.28 7.88 8.12 8.09 7.92 8.01 7.94 7.76 7.74 7.85 7.68 7.84 7.75 80.72 1e-07 0.5 256 DPN92
2.15 6.83 6.49 6.46 6.35 6.15 6.01 6.01 6.14 6.04 6.1 5.98 6.09 6.03 6.09 6.03 6.01 5.99 6.09 6.09 6.05 83.96 1e-05 0.05 256 DPN92
2.15 7.03 7.92 7.5 7.44 7.42 7.35 7.34 7.37 7.55 7.55 7.55 7.55 7.62 7.6 7.59 7.58 7.61 7.48 7.46 7.45 76.75 1e-07 0.05 256 DPN92
2.15 6.99 7.04 7.07 6.82 6.62 6.67 6.74 6.48 6.6 6.55 6.52 6.58 6.46 6.48 6.65 6.63 6.52 6.56 6.55 6.59 81.6 1e-06 0.05 256 DPN92
2.15 9.82 10.54 9.85 9.94 10.09 10.29 10.14 9.85 10.12 10.06 10.11 10.27 10.24 10.06 10.13 10.01 9.9 9.93 10.13 10.17 75.46 1e-05 0.005 256 DPN92
2.15 10.05 9.96 9.67 9.6 9.66 9.66 9.89 9.58 9.53 9.48 9.63 9.68 9.76 9.7 9.75 9.87 9.72 9.9 9.56 9.66 73.77 1e-06 0.005 256 DPN92
