1.0 5.71 5.36 5.57 5.29 5.23 5.35 5.26 5.28 5.33 5.32 5.29 5.32 5.35 5.3 5.38 5.32 5.38 5.3 5.29 5.25 91.13 1e-05 0.1 256 GoogLeNet
1.0 5.81 5.49 5.45 5.26 5.19 5.16 5.18 5.34 5.23 5.19 5.18 5.15 5.22 5.23 5.12 5.14 5.26 5.14 5.16 5.13 91.35 1e-06 0.1 256 GoogLeNet
1.0 5.55 5.51 5.57 5.57 5.42 5.61 5.54 5.63 5.53 5.63 5.6 5.59 5.64 5.55 5.58 5.59 5.62 5.61 5.55 5.6 90.97 1e-07 0.1 256 GoogLeNet
1.0 5.62 5.18 5.1 5.15 5.08 5.14 5.2 5.17 5.21 5.19 5.24 5.22 5.25 5.28 5.17 5.22 5.21 5.25 5.26 5.28 90.96 1e-05 0.1 512 GoogLeNet
1.0 5.47 5.67 5.32 5.28 5.31 5.22 5.22 5.19 5.23 5.24 5.2 5.25 5.2 5.23 5.2 5.22 5.23 5.19 5.22 5.19 90.8 1e-06 0.1 512 GoogLeNet
1.0 6.1 5.64 5.69 5.62 5.6 5.64 5.61 5.68 5.54 5.58 5.6 5.59 5.55 5.66 5.52 5.66 5.54 5.52 5.59 5.54 89.94 1e-07 0.01 256 GoogLeNet
1.0 6.85 6.05 6.12 6.05 6.13 6.12 6.07 6.13 6.1 6.25 6.13 6.15 6.15 6.19 6.14 6.19 6.07 6.21 6.07 6.24 87.83 1e-05 0.01 512 GoogLeNet
1.0 5.97 6.16 5.96 6.09 6.09 6.11 6.02 6.03 6.03 6.02 6.03 5.92 6.07 6.01 5.94 6.06 6.06 6.03 5.98 6.07 87.86 1e-06 0.01 512 GoogLeNet
1.0 6.25 6.05 5.96 6.13 6.1 6.04 6.11 6.09 6.16 6.08 6.11 6.1 6.14 6.14 6.09 6.09 6.12 6.16 6.06 6.09 87.61 1e-07 0.01 512 GoogLeNet
1.0 8.08 8.87 8.94 9.28 9.17 9.03 9.04 9.05 9.11 9.2 9.27 9.26 9.21 9.09 9.19 9.14 9.37 9.16 9.1 9.23 78.66 1e-05 0.001 256 GoogLeNet
1.0 8.77 11.48 11.74 11.93 12.0 12.27 12.12 12.43 12.48 12.46 12.56 12.49 12.37 12.6 12.58 12.61 12.57 12.53 12.55 12.63 72.91 1e-06 0.001 512 GoogLeNet
1.0 8.56 11.28 11.94 11.76 11.93 12.24 11.98 12.11 12.08 12.18 12.17 12.1 12.32 11.94 12.17 12.29 11.99 11.95 12.18 12.35 72.67 1e-07 0.001 512 GoogLeNet
1.0 5.69 5.53 5.91 5.29 5.39 5.34 5.4 5.37 5.4 5.34 5.4 5.35 5.38 5.41 5.38 5.45 5.37 5.38 5.38 5.42 91.05 1e-05 0.1 256 GoogLeNet
1.0 5.68 5.97 5.52 5.55 5.51 5.52 5.42 5.49 5.52 5.45 5.42 5.5 5.46 5.51 5.47 5.46 5.44 5.47 5.47 5.45 91.01 1e-06 0.1 256 GoogLeNet
1.0 5.75 5.43 5.52 5.23 5.4 5.43 5.31 5.41 5.37 5.42 5.43 5.39 5.31 5.37 5.39 5.43 5.3 5.36 5.46 5.36 91.43 1e-07 0.1 256 GoogLeNet
1.0 5.51 5.54 5.44 5.51 5.57 5.5 5.6 5.58 5.53 5.48 5.48 5.51 5.5 5.56 5.55 5.5 5.6 5.52 5.55 5.52 89.83 1e-05 0.01 256 GoogLeNet
1.0 5.68 5.51 5.51 5.39 5.38 5.44 5.56 5.59 5.59 5.63 5.51 5.58 5.6 5.58 5.56 5.57 5.51 5.63 5.56 5.5 89.55 1e-06 0.01 256 GoogLeNet
1.0 5.51 5.38 5.48 5.49 5.64 5.62 5.54 5.57 5.6 5.63 5.59 5.62 5.58 5.46 5.5 5.59 5.61 5.57 5.53 5.52 89.83 1e-07 0.01 256 GoogLeNet
1.0 6.47 5.98 5.98 6.03 5.95 5.92 6.05 5.98 6.07 6.04 6.07 6.03 6.09 5.94 6.05 6.01 6.03 5.99 6.05 5.97 87.37 1e-05 0.01 512 GoogLeNet
1.0 6.82 6.26 6.17 6.15 6.14 6.19 6.15 6.03 6.2 6.17 6.12 6.23 6.33 6.16 6.11 6.31 6.22 6.17 6.14 6.11 87.47 1e-06 0.01 512 GoogLeNet
1.0 8.26 8.97 9.29 9.39 9.6 9.29 9.44 9.64 9.64 9.63 9.55 9.65 9.28 9.67 9.63 9.55 9.66 9.58 9.44 9.36 78.82 1e-07 0.001 256 GoogLeNet
1.0 9.23 11.79 11.88 12.41 12.41 12.35 12.45 12.35 12.17 12.16 12.5 12.38 12.37 12.33 12.4 12.38 12.51 12.59 12.55 12.37 73.02 1e-05 0.001 512 GoogLeNet
1.0 8.74 11.59 12.11 12.07 12.56 12.4 12.23 12.21 12.53 12.31 12.41 12.44 12.47 12.45 12.62 12.67 12.46 12.46 12.44 12.39 72.14 1e-06 0.001 512 GoogLeNet
1.0 8.48 11.7 11.68 12.43 12.0 12.29 12.2 12.5 12.36 12.17 12.54 12.39 12.26 12.28 12.31 12.55 12.59 12.49 12.48 12.27 72.74 1e-07 0.001 512 GoogLeNet
1.0 5.57 5.72 5.76 5.56 5.46 5.45 5.43 5.5 5.56 5.47 5.47 5.45 5.49 5.49 5.45 5.44 5.43 5.5 5.44 5.47 90.82 1e-05 0.1 256 GoogLeNet
1.0 5.43 5.57 5.38 5.38 5.38 5.39 5.39 5.42 5.41 5.35 5.38 5.37 5.42 5.4 5.39 5.4 5.33 5.36 5.38 5.41 90.71 1e-06 0.1 512 GoogLeNet
1.0 5.83 5.43 5.09 5.16 5.17 5.23 5.19 5.21 5.16 5.16 5.21 5.19 5.22 5.17 5.23 5.2 5.23 5.21 5.26 5.22 90.89 1e-07 0.1 512 GoogLeNet
1.0 5.49 5.48 5.53 5.48 5.57 5.49 5.53 5.57 5.42 5.53 5.48 5.57 5.41 5.6 5.62 5.57 5.58 5.59 5.48 5.51 89.81 1e-05 0.01 256 GoogLeNet
1.0 6.11 5.57 5.56 5.73 5.78 5.7 5.74 5.72 5.7 5.7 5.68 5.77 5.7 5.78 5.66 5.74 5.8 5.81 5.64 5.77 90.0 1e-06 0.01 256 GoogLeNet
1.0 6.12 5.76 5.72 5.64 5.81 5.76 5.77 5.8 5.76 5.87 5.78 5.89 5.9 5.86 5.93 5.76 5.68 5.82 5.82 5.72 89.86 1e-07 0.01 256 GoogLeNet
1.0 7.63 8.83 9.13 9.54 9.45 9.5 9.31 9.62 9.36 9.61 9.56 9.54 9.59 9.65 9.53 9.44 9.54 9.49 9.62 9.4 78.75 1e-05 0.001 256 GoogLeNet
1.0 8.51 8.74 8.73 8.92 9.01 8.88 8.74 9.0 9.01 9.04 9.02 9.32 9.22 9.17 9.22 9.06 9.12 9.07 9.1 9.05 78.92 1e-06 0.001 256 GoogLeNet
1.0 8.16 9.35 9.35 9.45 9.48 9.49 9.42 9.32 9.41 9.26 9.32 9.44 9.34 9.17 9.25 9.45 9.55 9.49 9.36 9.53 79.17 1e-07 0.001 256 GoogLeNet
1.0 9.26 11.91 12.37 12.45 12.33 12.56 12.48 12.32 12.37 12.84 12.59 13.03 12.51 12.54 12.54 12.57 12.48 12.75 12.67 12.74 73.33 1e-05 0.001 512 GoogLeNet
1.0 9.25 11.16 11.64 11.91 11.98 12.25 12.22 12.08 12.03 12.25 12.16 12.32 12.2 12.12 12.26 12.2 12.25 12.36 12.17 12.16 72.52 1e-06 0.001 512 GoogLeNet