3.28 5.83 5.96 5.92 6.09 6.09 5.87 5.92 5.69 5.5 5.46 5.56 5.65 5.42 5.5 5.55 5.54 5.44 5.53 5.46 5.39 93.11 1e-05 0.1 256 resnet18
3.28 5.5 5.9 5.72 5.75 5.85 5.51 5.96 5.87 5.94 5.86 5.75 5.76 5.56 5.69 5.73 5.67 5.69 5.78 5.75 5.73 92.7 1e-06 0.1 256 resnet18
3.28 5.9 6.14 6.4 6.39 6.37 6.42 6.18 6.15 6.31 6.34 6.29 6.02 5.95 6.05 5.9 5.95 6.02 6.04 5.95 5.99 90.59 1e-05 0.1 512 resnet18
3.28 5.75 6.06 6.1 6.05 5.95 5.94 6.02 5.73 5.99 5.99 5.76 5.9 5.7 5.97 5.85 5.92 5.91 6.0 5.9 5.88 92.9 1e-07 0.1 256 resnet18
3.28 6.02 6.1 6.19 6.04 6.02 5.88 6.12 5.98 6.12 5.88 5.87 5.83 5.79 5.61 5.63 5.76 5.75 5.75 5.72 5.75 90.87 1e-06 0.1 512 resnet18
3.28 6.45 5.61 6.19 6.47 6.14 6.09 6.16 5.94 6.17 6.03 6.11 5.93 5.83 6.03 5.96 5.98 6.05 6.04 5.99 6.0 91.9 1e-05 0.1 1024 resnet18
3.28 6.17 6.14 6.16 6.48 6.66 6.04 6.36 6.03 6.07 6.06 6.04 6.21 6.2 6.1 6.12 6.1 5.97 6.01 5.98 6.05 90.5 1e-07 0.1 512 resnet18
3.28 6.65 6.27 6.81 6.74 6.69 6.85 6.68 6.49 6.5 6.37 6.59 6.51 6.37 6.51 6.46 6.5 6.51 6.5 6.49 6.53 91.56 1e-07 0.1 1024 resnet18
3.28 6.28 5.67 5.85 6.29 6.39 6.0 6.1 5.88 5.95 5.9 5.94 5.83 5.94 5.96 5.92 6.09 5.99 5.97 5.95 6.0 91.6 1e-06 0.1 1024 resnet18
3.28 5.15 5.75 5.75 5.51 5.76 5.51 5.49 5.42 5.56 5.4 5.19 5.42 5.4 5.36 5.43 5.42 5.4 5.34 5.32 5.31 92.96 1e-05 0.01 256 resnet18
3.28 5.18 5.44 5.7 5.56 5.35 5.44 5.34 5.32 5.28 5.16 5.1 5.21 5.17 5.21 5.24 5.21 5.2 5.23 5.24 5.21 92.96 1e-06 0.01 256 resnet18
3.28 5.33 5.87 5.72 5.33 5.64 5.34 5.52 5.5 5.52 5.51 5.5 5.47 5.46 5.38 5.47 5.42 5.46 5.43 5.44 5.44 92.14 1e-05 0.01 512 resnet18
3.28 5.63 5.6 5.52 5.67 5.32 5.56 5.46 5.36 5.32 5.27 5.24 5.33 5.22 5.22 5.22 5.24 5.29 5.24 5.31 5.24 92.91 1e-07 0.01 256 resnet18
3.28 5.42 5.5 5.44 5.51 5.44 5.38 5.4 5.49 5.42 5.31 5.35 5.29 5.26 5.24 5.29 5.3 5.29 5.3 5.31 5.26 92.25 1e-06 0.01 512 resnet18
3.28 5.22 5.49 5.73 5.59 5.51 5.51 5.75 5.42 5.8 5.69 5.49 5.5 5.47 5.55 5.58 5.47 5.57 5.6 5.54 5.51 91.23 1e-06 0.01 1024 resnet18
3.28 5.59 5.76 5.8 5.42 5.64 5.52 5.57 5.56 5.37 5.55 5.32 5.43 5.44 5.37 5.28 5.33 5.33 5.38 5.32 5.34 92.43 1e-07 0.01 512 resnet18
3.28 5.35 5.38 5.91 5.87 5.65 5.41 5.66 5.67 5.93 5.87 5.7 5.65 5.68 5.56 5.61 5.65 5.6 5.62 5.58 5.57 91.71 1e-05 0.01 1024 resnet18
3.28 5.18 5.38 5.78 5.63 5.83 5.79 5.71 5.6 5.53 5.6 5.46 5.56 5.62 5.54 5.45 5.45 5.48 5.62 5.58 5.59 91.54 1e-07 0.01 1024 resnet18
3.28 5.82 5.76 6.15 5.97 6.23 6.2 6.35 6.43 6.12 6.16 6.15 6.23 6.17 6.22 6.28 6.19 6.21 6.22 6.08 6.17 89.76 1e-05 0.001 256 resnet18
3.28 5.8 6.15 6.26 6.0 6.24 6.0 6.25 6.0 6.32 6.17 6.12 6.07 5.99 6.13 6.2 6.19 6.32 6.22 6.25 6.23 89.36 1e-06 0.001 256 resnet18
3.28 5.69 5.75 5.87 6.03 6.17 5.98 5.79 5.94 6.12 6.06 6.17 6.0 6.16 6.12 6.14 6.14 6.09 6.15 6.04 5.95 89.74 1e-07 0.001 256 resnet18
3.28 6.04 6.36 5.88 6.19 6.17 6.18 6.76 6.46 6.81 6.68 6.62 6.63 6.52 6.73 6.7 6.52 6.62 6.66 6.6 6.63 87.71 1e-05 0.001 512 resnet18
3.28 6.24 6.2 6.16 6.25 6.11 6.37 6.48 6.39 6.74 6.57 6.42 6.64 6.59 6.68 6.66 6.69 6.66 6.66 6.65 6.64 87.87 1e-06 0.001 512 resnet18
3.28 6.4 6.37 6.45 6.47 6.43 6.33 6.35 6.68 6.46 6.86 6.76 7.03 6.76 6.78 6.94 6.96 6.92 6.96 6.97 6.96 85.67 1e-05 0.001 1024 resnet18
3.28 6.26 6.14 6.45 6.38 6.68 6.29 6.14 6.85 6.84 6.83 7.03 6.94 6.82 6.92 7.04 6.88 7.09 6.99 7.1 7.07 85.62 1e-06 0.001 1024 resnet18
3.28 6.26 5.88 6.1 6.13 5.99 6.14 6.6 6.27 6.85 6.47 6.52 6.63 6.46 6.53 6.61 6.41 6.35 6.49 6.45 6.38 87.74 1e-07 0.001 512 resnet18
3.28 6.29 6.23 6.22 6.43 6.37 6.41 6.35 6.9 6.62 6.82 7.17 7.01 6.9 6.97 7.06 7.02 7.17 7.05 7.05 7.07 85.44 1e-07 0.001 1024 resnet18
2.02 5.85 6.14 6.46 6.48 6.13 6.4 6.2 6.17 6.28 6.28 6.29 6.28 6.09 6.15 6.22 6.16 6.12 6.2 6.15 6.18 92.65 1e-05 0.1 256 resnet18
2.02 6.16 5.9 6.43 6.29 6.1 6.16 5.97 6.0 6.21 5.96 6.28 6.13 6.0 6.01 6.04 6.04 6.0 6.17 6.07 6.06 92.17 1e-06 0.1 256 resnet18
2.02 5.8 6.07 5.79 6.42 6.01 6.07 6.01 6.12 6.02 5.86 5.76 5.92 5.88 5.81 5.89 5.81 5.95 5.78 5.84 5.87 92.37 1e-07 0.1 256 resnet18
2.02 5.94 5.71 6.09 5.94 6.21 5.83 5.75 5.94 5.89 5.64 5.87 5.56 5.69 5.59 5.51 5.56 5.64 5.6 5.56 5.64 91.41 1e-06 0.1 512 resnet18
2.02 5.83 5.66 6.18 6.03 5.99 5.92 5.97 5.9 5.89 5.88 5.85 5.78 5.9 5.83 5.9 5.94 5.9 5.89 5.82 5.9 91.68 1e-05 0.1 512 resnet18
2.02 5.73 5.88 5.65 5.82 5.79 5.72 5.76 5.93 5.76 5.68 5.62 5.72 5.69 5.58 5.73 5.61 5.65 5.67 5.68 5.7 92.38 1e-05 0.1 1024 resnet18
2.02 5.83 5.51 6.0 5.96 5.98 5.79 5.92 5.83 6.04 6.04 5.93 5.91 5.87 5.81 5.95 5.91 5.91 5.95 5.88 5.9 91.85 1e-07 0.1 512 resnet18
2.02 5.88 5.57 5.95 5.92 5.88 5.76 5.94 5.76 5.71 5.68 5.57 5.6 5.53 5.51 5.51 5.52 5.53 5.51 5.49 5.52 92.49 1e-07 0.1 1024 resnet18
2.02 5.72 5.73 5.85 6.28 5.93 6.18 5.61 5.75 5.6 5.86 5.88 5.74 5.78 5.78 5.8 5.71 5.82 5.75 5.74 5.8 92.76 1e-06 0.1 1024 resnet18
