1.89 2.68 2.84 2.72 2.68 2.95 2.76 2.67 2.66 2.57 2.69 2.79 2.77 2.76 2.78 2.76 2.72 2.7 2.76 2.73 2.68 86.02 0.0005 0.1 256 resnet18
1.89 2.78 2.81 2.79 2.49 2.77 2.69 2.54 2.64 2.4 2.88 2.58 2.54 2.62 2.66 2.69 2.79 2.77 2.7 2.72 2.69 86.26 0.0005 0.09 256 resnet18
1.89 2.79 2.64 2.55 2.78 2.7 2.74 2.68 2.65 2.73 2.6 2.62 2.66 2.52 2.49 2.56 2.55 2.55 2.53 2.5 2.53 86.75 0.0005 0.08 256 resnet18
1.89 2.67 2.75 2.83 2.72 2.73 2.55 2.52 2.67 2.64 2.59 2.52 2.61 2.56 2.66 2.59 2.79 2.7 2.73 2.72 2.65 87.13 0.0005 0.07 256 resnet18
1.89 2.71 2.7 2.88 2.63 2.68 2.51 1.62 2.71 2.6 2.69 2.58 2.62 2.56 2.84 2.68 2.66 2.68 2.65 2.67 2.69 86.96 0.0005 0.06 256 resnet18
1.89 2.65 2.78 2.62 2.63 2.71 2.9 2.64 2.66 2.56 2.83 2.52 2.52 2.56 2.54 2.51 2.6 2.52 2.57 2.58 2.55 87.2 0.0005 0.05 256 resnet18
1.89 2.84 2.79 2.67 2.69 2.65 2.6 2.7 2.65 2.54 2.57 2.61 2.65 2.67 2.74 2.69 2.76 2.75 2.71 2.73 2.65 88.6 0.0005 0.04 256 resnet18
1.89 2.65 2.62 2.64 2.7 2.61 2.51 2.48 2.68 2.54 2.56 2.56 2.57 2.58 2.54 2.53 2.62 2.65 2.62 2.59 2.56 87.35 0.0005 0.03 256 resnet18
1.89 2.74 2.68 2.68 2.64 2.61 2.69 2.81 2.7 2.68 2.67 2.66 2.57 2.61 2.61 2.62 2.59 2.61 2.64 2.6 2.64 86.82 0.0005 0.02 256 resnet18
1.89 2.7 2.72 2.68 2.66 2.64 2.62 2.71 2.66 2.64 2.64 2.66 2.72 2.71 2.71 2.75 2.73 2.75 2.73 2.71 2.75 83.64 0.0005 0.01 256 resnet18
1.89 2.63 2.65 2.58 2.62 2.64 2.66 2.76 2.79 2.8 2.77 2.7 2.71 2.7 2.72 2.68 2.71 2.67 2.69 2.71 2.65 83.35 0.0005 0.009 256 resnet18
1.89 2.82 2.64 2.6 2.67 2.63 2.68 2.7 2.72 2.73 2.7 2.69 2.77 2.72 2.76 2.73 2.75 2.75 2.8 2.78 2.76 82.82 0.0005 0.008 256 resnet18
1.89 2.68 2.67 2.79 2.7 2.77 2.78 2.74 2.73 2.82 2.78 2.81 2.74 2.78 2.78 2.82 2.77 2.8 2.83 2.76 2.84 82.88 0.0005 0.007 256 resnet18
1.89 2.8 2.71 2.66 2.65 2.69 2.77 2.7 2.73 2.71 2.67 2.66 2.65 2.75 2.69 2.67 2.75 2.72 2.67 2.7 2.65 81.71 0.0005 0.006 256 resnet18
1.89 2.79 2.74 2.72 2.75 2.76 2.74 2.81 2.76 2.79 2.82 2.85 2.84 2.85 2.88 2.88 2.87 2.86 2.87 2.91 2.84 81.42 0.0005 0.005 256 resnet18
1.89 2.79 2.75 2.77 2.82 2.87 2.81 2.87 2.83 2.79 2.81 2.86 2.86 2.89 2.83 2.86 2.8 2.82 2.87 2.78 2.87 80.46 0.0005 0.004 256 resnet18
1.89 2.96 3.0 2.93 3.0 2.92 2.93 2.92 3.04 3.06 3.02 2.98 2.97 3.0 2.94 2.94 2.92 2.89 2.96 2.94 2.92 78.54 0.0005 0.003 256 resnet18
1.89 3.17 3.13 3.03 3.11 3.11 3.1 3.16 3.13 3.15 3.16 3.09 3.15 3.11 3.16 3.1 3.14 3.17 3.15 3.2 3.17 76.71 0.0005 0.002 256 resnet18
1.89 3.6 3.53 3.48 3.63 3.53 3.65 3.73 3.64 3.59 3.56 3.71 3.65 3.65 3.73 3.72 3.51 3.53 3.54 3.64 3.76 71.38 0.0005 0.001 256 resnet18
1.57 2.97 2.78 2.75 2.87 2.93 2.91 2.8 2.96 2.64 2.81 3.01 3.05 2.78 2.89 2.82 2.78 2.69 2.75 2.77 2.73 84.7 0.0005 0.1 256 resnet18
1.57 2.79 3.03 2.76 2.87 2.8 2.8 2.92 2.66 2.63 2.65 2.72 2.65 2.74 2.72 2.66 2.62 2.66 2.61 2.59 2.68 85.09 0.0005 0.09 256 resnet18
1.57 2.72 2.87 2.88 2.8 2.7 2.82 2.64 2.58 2.7 2.72 2.83 2.81 2.66 2.74 2.74 2.81 2.85 2.83 2.87 2.86 85.22 0.0005 0.08 256 resnet18
1.57 2.77 2.79 2.92 2.8 2.81 2.68 2.63 2.7 2.92 2.87 2.77 2.83 2.82 2.82 2.86 2.85 2.85 2.79 2.81 2.9 85.73 0.0005 0.07 256 resnet18
1.57 2.71 2.82 2.58 2.84 2.77 2.82 2.85 1.74 2.84 2.84 2.8 2.74 2.72 2.76 2.86 2.8 2.78 2.75 2.75 2.78 85.39 0.0005 0.06 256 resnet18
1.57 2.58 2.66 2.84 2.69 2.72 2.71 2.69 2.63 2.61 2.72 2.78 2.74 2.77 2.82 2.82 2.83 2.79 2.83 2.83 2.89 88.49 0.0005 0.05 256 resnet18
1.57 2.68 2.7 2.72 2.65 2.76 2.59 2.61 2.7 2.71 2.77 2.66 2.7 2.69 2.57 2.61 2.6 2.63 2.52 2.55 2.65 87.55 0.0005 0.04 256 resnet18
1.57 2.84 2.74 2.76 2.82 2.8 2.66 2.59 2.65 2.7 2.78 2.7 2.65 2.69 2.75 2.83 2.85 2.87 2.84 2.82 2.84 87.55 0.0005 0.03 256 resnet18
1.57 2.83 2.63 2.64 2.66 2.69 2.72 2.72 2.79 2.71 2.68 2.64 2.68 2.68 2.67 2.6 2.6 2.64 2.57 2.61 2.61 86.57 0.0005 0.02 256 resnet18
1.57 2.78 2.74 2.75 2.77 2.7 2.73 2.69 2.68 2.71 2.77 2.82 2.8 2.92 2.81 2.8 2.78 2.79 2.8 2.74 2.75 83.32 0.0005 0.01 256 resnet18
1.57 2.97 2.8 2.86 2.94 2.9 2.92 2.93 2.85 2.95 3.03 3.07 3.04 3.0 3.01 3.05 3.05 3.12 3.03 3.05 2.97 83.15 0.0005 0.009 256 resnet18
1.57 2.73 2.81 2.82 2.8 2.84 2.78 2.81 2.83 2.91 2.81 2.83 2.85 2.83 2.87 2.88 2.91 2.89 2.78 2.81 2.84 82.96 0.0005 0.008 256 resnet18
1.57 2.79 2.7 2.76 2.86 2.83 2.79 2.84 2.85 2.92 2.86 2.92 2.83 2.88 2.78 2.88 2.89 2.89 2.74 2.84 2.93 82.16 0.0005 0.007 256 resnet18
1.57 3.02 2.96 2.89 2.97 2.96 2.97 3.02 2.97 3.04 3.15 3.02 3.14 3.07 3.03 3.14 3.08 3.18 3.18 3.05 3.12 81.51 0.0005 0.006 256 resnet18
1.57 2.89 2.93 3.01 3.07 2.92 2.75 2.83 2.84 2.86 2.86 2.86 2.9 2.87 2.86 2.86 2.9 2.95 2.84 2.85 2.93 80.7 0.0005 0.005 256 resnet18
1.57 2.88 2.99 3.11 3.13 3.04 3.08 3.1 3.12 3.03 3.09 2.98 3.01 3.04 2.99 3.09 2.99 3.05 3.07 3.01 3.03 79.96 0.0005 0.004 256 resnet18
1.57 3.0 3.1 3.1 3.19 3.16 3.26 3.11 3.19 3.26 3.26 3.28 3.33 3.2 3.22 3.25 3.28 3.35 3.34 3.31 3.32 78.54 0.0005 0.003 256 resnet18
1.57 3.37 3.41 3.44 3.45 3.35 3.56 3.44 3.49 3.35 3.48 3.49 3.56 3.31 3.44 3.33 3.45 3.33 3.43 3.48 3.47 76.69 0.0005 0.002 256 resnet18
1.57 3.84 3.8 3.83 3.99 4.04 3.93 3.85 3.85 3.87 3.89 3.91 4.0 3.92 3.88 3.95 3.82 3.93 3.79 3.89 4.04 72.16 0.0005 0.001 256 resnet18
1.26 2.64 2.69 2.87 2.91 2.63 2.7 2.69 2.89 2.64 2.72 2.7 2.75 2.91 2.72 2.67 2.76 2.74 2.83 2.77 2.74 84.06 0.0005 0.1 256 resnet18
1.26 2.9 2.76 2.85 2.79 2.84 2.63 2.74 2.73 2.75 2.95 2.6 2.63 2.65 2.68 2.64 2.71 2.66 2.69 2.74 2.71 88.29 0.0005 0.09 256 resnet18
1.26 2.81 2.89 2.64 2.86 2.89 2.66 2.74 2.65 2.65 2.84 2.59 2.69 2.82 2.76 2.77 2.79 2.84 2.84 2.87 2.83 85.78 0.0005 0.08 256 resnet18
1.26 2.73 2.78 2.68 2.89 2.8 2.58 2.61 2.61 2.66 2.67 2.67 2.69 2.66 2.62 2.61 2.59 2.55 2.55 2.54 2.53 86.6 0.0005 0.07 256 resnet18
1.26 2.8 2.82 2.85 2.77 2.57 2.68 2.61 2.8 2.73 2.63 2.66 2.73 2.79 2.78 2.76 2.72 2.8 2.74 2.81 2.76 87.52 0.0005 0.06 256 resnet18
1.26 2.81 2.73 2.81 2.74 2.75 2.66 2.7 2.73 2.67 2.63 2.64 2.66 2.59 2.65 2.62 2.62 2.64 2.64 2.63 2.67 88.4 0.0005 0.05 256 resnet18
1.26 2.63 2.81 2.65 2.7 2.72 2.78 2.74 2.71 2.71 2.73 2.7 2.72 2.61 2.57 2.61 2.64 2.65 2.61 2.69 2.62 88.16 0.0005 0.04 256 resnet18
1.26 2.82 2.66 2.57 2.56 2.6 2.59 2.73 2.8 2.82 2.89 2.83 2.8 2.75 2.62 2.61 2.56 2.6 2.6 2.59 2.64 87.95 0.0005 0.03 256 resnet18
1.26 2.63 2.66 2.57 2.6 2.7 2.66 2.69 2.76 2.66 2.68 2.7 2.79 2.74 2.78 2.83 2.81 2.83 2.83 2.77 2.88 86.65 0.0005 0.02 256 resnet18
1.26 2.67 2.66 2.66 2.72 2.7 2.7 2.71 2.78 2.82 2.84 2.8 2.85 2.79 2.78 2.8 2.82 2.79 2.78 2.77 2.79 83.23 0.0005 0.01 256 resnet18
1.26 2.65 2.78 2.71 2.78 2.87 2.84 2.85 2.75 2.73 2.87 2.82 2.77 2.75 2.75 2.73 2.7 2.73 2.8 2.81 2.75 83.22 0.0005 0.009 256 resnet18
1.26 2.77 2.81 2.82 2.77 2.79 2.92 2.83 2.89 2.77 2.87 2.88 2.88 2.78 2.81 2.76 2.84 2.92 2.81 2.86 2.82 82.47 0.0005 0.008 256 resnet18
1.26 2.85 2.7 2.75 2.78 2.73 2.72 2.69 2.7 2.73 2.66 2.79 2.7 2.79 2.82 2.81 2.78 2.77 2.8 2.74 2.71 82.8 0.0005 0.007 256 resnet18
1.26 3.0 2.83 2.79 2.94 3.0 2.97 3.03 3.01 2.99 2.86 2.97 3.06 3.01 3.02 2.97 3.0 2.94 3.09 2.99 3.07 81.94 0.0005 0.006 256 resnet18
1.26 2.8 2.85 2.93 2.97 2.95 2.96 2.98 3.04 2.95 2.94 2.97 2.97 2.95 2.95 2.95 2.93 2.94 2.94 2.95 2.94 81.6 0.0005 0.005 256 resnet18
1.26 2.96 2.81 2.84 2.76 2.82 2.78 2.87 2.75 2.75 2.76 2.76 2.75 2.76 2.77 2.74 2.85 2.74 2.79 2.82 2.77 80.6 0.0005 0.004 256 resnet18
1.26 2.83 2.89 2.87 2.91 2.84 2.81 2.93 2.89 2.96 2.95 3.0 2.98 2.94 3.0 2.99 3.06 2.99 3.0 3.02 2.99 79.0 0.0005 0.003 256 resnet18
1.26 3.01 3.09 2.9 2.91 2.95 2.95 3.03 2.92 2.98 3.05 3.01 3.11 3.03 3.06 3.05 3.03 3.14 3.02 3.09 3.07 76.13 0.0005 0.002 256 resnet18
1.26 3.44 3.6 3.47 3.46 3.49 3.56 3.57 3.51 3.58 3.57 3.5 3.55 3.55 3.53 3.65 3.71 3.53 3.54 3.57 3.68 71.33 0.0005 0.001 256 resnet18