1.8 2.94 2.87 2.85 2.64 2.68 2.69 2.71 2.79 2.68 2.7 2.74 2.69 2.69 2.77 2.74 2.75 2.76 2.75 2.8 2.75 75.29 1e-05 0.5 256 resnet18
1.8 2.92 3.05 3.02 2.96 3.09 3.07 3.03 3.03 3.14 3.13 3.07 3.1 3.08 2.99 3.1 3.04 3.02 3.03 3.06 2.98 70.99 1e-06 0.5 256 resnet18
1.0 2.61 3.17 3.26 3.38 3.39 3.25 3.15 3.41 2.99 3.05 3.14 3.14 3.03 3.08 3.11 3.18 3.22 3.21 3.18 3.18 83.84 1e-05 0.5 256 VGG19
1.8 2.97 3.15 2.91 3.0 2.9 3.01 2.96 2.94 3.0 2.98 3.01 2.97 2.95 2.99 2.99 2.93 2.92 2.87 2.94 3.0 69.97 1e-07 0.5 256 resnet18
1.8 3.12 2.89 2.88 3.01 2.98 2.97 2.98 2.93 2.96 2.98 2.97 2.96 2.96 2.94 2.97 2.96 2.94 2.96 3.04 2.95 81.42 1e-05 0.5 512 resnet18
1.8 2.77 2.91 2.84 2.92 2.87 2.89 2.92 2.91 2.9 2.93 2.94 2.89 2.94 2.88 2.92 2.92 2.89 2.93 2.93 2.87 80.98 1e-06 0.5 512 resnet18
1.8 3.1 3.19 2.99 2.98 2.99 3.02 2.99 3.01 2.94 2.96 2.96 2.94 2.93 2.99 2.95 2.92 2.96 2.92 2.98 2.95 75.69 1e-07 0.5 512 resnet18
1.8 3.07 2.85 2.98 3.14 2.98 3.02 3.07 3.06 3.07 3.12 3.11 3.09 3.07 3.11 3.07 3.06 3.06 3.11 3.07 3.1 73.55 1e-05 0.5 1024 resnet18
1.8 2.94 2.91 3.12 3.11 3.05 3.09 3.11 3.09 3.05 3.09 3.1 3.04 3.06 3.08 3.1 3.02 3.02 3.09 3.04 3.04 72.38 1e-06 0.5 1024 resnet18
1.8 2.8 2.83 3.0 3.05 2.95 2.95 3.03 2.96 2.97 3.01 3.0 3.02 2.96 2.96 3.01 2.95 2.98 3.01 2.98 2.95 70.18 1e-07 0.5 1024 resnet18
1.8 2.65 2.81 2.77 2.77 2.7 2.74 2.7 2.7 2.74 2.81 2.64 2.71 2.7 2.72 2.71 2.68 2.72 2.73 2.74 2.68 83.18 1e-05 0.1 256 resnet18
1.8 2.83 2.69 2.74 2.71 2.73 2.77 2.76 2.8 2.76 2.75 2.77 2.8 2.75 2.74 2.76 2.74 2.73 2.74 2.78 2.78 83.78 1e-06 0.1 256 resnet18
1.8 2.7 2.64 2.7 2.6 2.71 2.59 2.56 2.65 2.57 2.67 2.61 2.58 2.59 2.58 2.6 2.56 2.6 2.67 2.64 2.62 84.45 1e-07 0.1 256 resnet18
1.8 2.8 2.83 2.71 2.71 2.64 2.65 2.57 2.58 2.59 2.64 2.6 2.6 2.6 2.62 2.65 2.66 2.64 2.66 2.64 2.6 82.15 1e-05 0.1 512 resnet18
1.8 2.85 2.96 2.82 2.77 2.74 2.81 2.72 2.75 2.79 2.75 2.73 2.77 2.72 2.76 2.74 2.74 2.75 2.8 2.73 2.74 79.07 1e-06 0.1 512 resnet18
1.8 2.79 2.77 2.66 2.65 2.67 2.7 2.66 2.61 2.66 2.65 2.69 2.66 2.69 2.61 2.64 2.67 2.68 2.66 2.65 2.67 81.82 1e-07 0.1 512 resnet18
1.8 2.83 2.96 2.88 2.92 2.89 2.85 2.79 2.82 2.83 2.83 2.82 2.8 2.85 2.76 2.81 2.81 2.81 2.85 2.78 2.75 79.32 1e-05 0.1 1024 resnet18
1.8 2.7 2.81 2.78 2.71 2.75 2.74 2.74 2.75 2.78 2.74 2.76 2.79 2.79 2.75 2.75 2.76 2.77 2.73 2.76 2.77 79.32 1e-06 0.1 1024 resnet18
1.8 2.82 2.93 3.0 2.92 3.01 2.84 2.95 2.92 2.96 2.92 2.91 2.97 2.91 2.92 2.89 2.9 2.93 2.93 2.87 2.9 77.64 1e-07 0.1 1024 resnet18
1.8 2.59 2.51 2.51 2.54 2.53 2.49 2.55 2.54 2.54 2.5 2.58 2.48 2.53 2.51 2.53 2.53 2.55 2.54 2.51 2.53 85.26 1e-05 0.05 256 resnet18
1.8 2.55 2.66 2.61 2.57 2.53 2.53 2.56 2.53 2.54 2.59 2.51 2.56 2.52 2.52 2.52 2.51 2.55 2.52 2.56 2.54 85.18 1e-06 0.05 256 resnet18
1.8 2.7 2.79 2.64 2.63 2.73 2.74 2.72 2.62 2.69 2.71 2.69 2.72 2.69 2.63 2.67 2.67 2.67 2.69 2.7 2.64 84.86 1e-07 0.05 256 resnet18
1.8 2.65 2.53 2.52 2.52 2.49 2.52 2.51 2.51 2.5 2.52 2.5 2.5 2.5 2.48 2.53 2.51 2.53 2.53 2.51 2.5 84.92 1e-05 0.05 512 resnet18
1.8 2.69 2.72 2.79 2.78 2.77 2.76 2.73 2.73 2.8 2.76 2.75 2.74 2.74 2.72 2.74 2.76 2.75 2.77 2.77 2.76 85.05 1e-06 0.05 512 resnet18
1.8 2.62 2.54 2.57 2.55 2.54 2.56 2.55 2.51 2.56 2.52 2.58 2.56 2.53 2.55 2.56 2.57 2.53 2.61 2.57 2.57 84.89 1e-07 0.05 512 resnet18
1.8 2.62 2.59 2.6 2.62 2.6 2.62 2.63 2.61 2.58 2.63 2.63 2.6 2.62 2.57 2.61 2.62 2.58 2.61 2.59 2.58 83.19 1e-05 0.05 1024 resnet18
1.8 2.63 2.67 2.67 2.7 2.68 2.7 2.69 2.72 2.7 2.73 2.71 2.71 2.73 2.68 2.69 2.71 2.7 2.72 2.71 2.7 82.37 1e-06 0.05 1024 resnet18
1.8 2.61 2.66 2.7 2.68 2.71 2.72 2.69 2.73 2.76 2.72 2.73 2.69 2.77 2.73 2.74 2.75 2.72 2.73 2.7 2.71 82.41 1e-07 0.05 1024 resnet18
1.8 2.61 2.7 2.69 2.72 2.75 2.69 2.69 2.72 2.67 2.65 2.68 2.75 2.67 2.68 2.67 2.71 2.79 2.7 2.73 2.65 83.82 1e-05 0.01 256 resnet18
1.8 2.63 2.59 2.65 2.65 2.63 2.57 2.62 2.59 2.58 2.59 2.59 2.57 2.61 2.61 2.6 2.6 2.64 2.59 2.6 2.65 83.51 1e-06 0.01 256 resnet18
1.8 2.63 2.65 2.65 2.68 2.69 2.67 2.68 2.66 2.67 2.67 2.67 2.71 2.67 2.68 2.67 2.71 2.65 2.66 2.65 2.64 83.55 1e-07 0.01 256 resnet18
1.8 2.72 2.77 2.77 2.75 2.76 2.73 2.73 2.76 2.77 2.77 2.79 2.77 2.73 2.75 2.77 2.74 2.75 2.81 2.72 2.68 81.23 1e-05 0.01 512 resnet18
1.8 2.7 2.75 2.77 2.8 2.81 2.78 2.78 2.81 2.8 2.83 2.77 2.76 2.82 2.8 2.76 2.79 2.81 2.79 2.76 2.77 80.55 1e-06 0.01 512 resnet18
1.8 2.73 2.67 2.71 2.72 2.79 2.71 2.73 2.72 2.72 2.72 2.72 2.72 2.72 2.73 2.75 2.74 2.71 2.75 2.72 2.74 81.28 1e-07 0.01 512 resnet18
1.8 3.05 2.91 2.92 2.91 2.9 2.91 2.93 2.92 2.99 2.97 2.97 2.98 2.96 2.97 2.92 3.04 2.95 2.97 2.96 2.97 76.81 1e-05 0.01 1024 resnet18
1.8 2.92 2.87 2.88 2.84 2.86 2.81 2.87 2.83 2.86 2.84 2.85 2.85 2.82 2.81 2.84 2.8 2.83 2.84 2.8 2.83 76.89 1e-06 0.01 1024 resnet18
1.8 2.8 2.88 2.88 2.9 2.88 2.91 2.91 2.87 2.88 2.83 2.88 2.91 2.87 2.95 2.9 2.86 2.96 2.89 2.87 2.91 77.22 1e-07 0.01 1024 resnet18
1.8 2.59 2.6 2.62 2.54 2.64 2.56 2.58 2.52 2.59 2.59 2.61 2.55 2.53 2.57 2.59 2.63 2.6 2.65 2.57 2.58 81.17 1e-05 0.005 256 resnet18
1.8 2.75 2.73 2.7 2.66 2.69 2.7 2.7 2.75 2.75 2.72 2.71 2.75 2.76 2.66 2.73 2.75 2.72 2.74 2.73 2.75 80.97 1e-06 0.005 256 resnet18
1.8 2.77 2.81 2.79 2.79 2.75 2.75 2.74 2.75 2.8 2.81 2.77 2.78 2.74 2.75 2.76 2.75 2.76 2.75 2.77 2.76 80.77 1e-07 0.005 256 resnet18
1.8 3.07 3.03 3.01 3.04 3.0 3.03 2.97 3.03 2.99 3.04 2.99 3.02 3.0 2.95 3.03 3.02 3.0 2.99 3.01 3.01 76.89 1e-05 0.005 512 resnet18
1.8 2.95 2.96 2.94 2.94 2.96 3.01 2.99 2.95 2.95 2.96 3.0 2.96 2.96 2.92 2.98 2.99 2.96 2.99 2.94 2.98 77.6 1e-06 0.005 512 resnet18
1.8 2.83 2.84 2.82 2.85 2.87 2.83 2.84 2.85 2.85 2.89 2.85 2.9 2.84 2.82 2.86 2.87 2.84 2.82 2.83 2.8 77.16 1e-07 0.005 512 resnet18
1.8 3.41 3.32 3.32 3.39 3.39 3.41 3.34 3.4 3.37 3.36 3.37 3.35 3.37 3.34 3.37 3.39 3.34 3.39 3.3 3.33 71.83 1e-05 0.005 1024 resnet18
1.8 3.32 3.36 3.34 3.27 3.26 3.28 3.27 3.26 3.23 3.28 3.25 3.26 3.28 3.24 3.28 3.23 3.25 3.26 3.24 3.24 72.22 1e-06 0.005 1024 resnet18
1.8 3.33 3.21 3.18 3.16 3.22 3.18 3.22 3.26 3.15 3.17 3.15 3.17 3.18 3.16 3.18 3.18 3.17 3.21 3.17 3.18 72.12 1e-07 0.005 1024 resnet18
1.8 3.21 3.38 3.41 3.54 3.47 3.48 3.37 3.53 3.55 3.47 3.52 3.49 3.55 3.55 3.45 3.41 3.41 3.41 3.45 3.5 72.48 1e-05 0.001 256 resnet18
1.8 3.33 3.44 3.45 3.5 3.51 3.54 3.5 3.51 3.57 3.47 3.5 3.64 3.56 3.6 3.51 3.57 3.57 3.6 3.46 3.59 71.55 1e-06 0.001 256 resnet18
1.8 3.18 3.37 3.32 3.46 3.44 3.48 3.42 3.49 3.38 3.43 3.51 3.4 3.44 3.48 3.48 3.57 3.44 3.53 3.47 3.42 72.29 1e-07 0.001 256 resnet18
1.8 3.36 3.79 3.89 3.85 3.97 3.9 3.92 3.85 3.92 3.95 3.92 3.86 3.93 3.91 3.92 3.94 3.88 3.92 3.88 3.86 66.58 1e-05 0.001 512 resnet18
1.8 3.55 3.95 3.91 4.04 3.92 4.02 3.92 3.9 3.95 3.91 3.92 3.94 4.01 3.96 3.96 3.95 3.88 3.93 4.05 3.94 67.13 1e-06 0.001 512 resnet18
1.8 3.51 3.92 3.94 3.94 3.91 3.96 3.88 3.86 4.07 3.91 4.0 3.94 3.95 3.92 4.01 4.01 3.96 4.0 3.94 3.98 66.97 1e-07 0.001 512 resnet18
1.8 3.43 4.09 4.24 4.13 4.26 4.12 4.18 4.12 4.1 4.2 4.17 4.2 4.16 4.12 4.25 4.13 4.16 4.18 4.18 4.12 63.48 1e-05 0.001 1024 resnet18
1.8 3.39 3.91 4.08 4.17 4.03 4.01 4.03 4.08 4.16 4.15 4.09 4.12 4.11 4.13 4.18 4.17 4.15 4.17 4.17 4.15 63.94 1e-06 0.001 1024 resnet18
1.8 3.42 3.96 4.25 4.35 4.36 4.33 4.23 4.31 4.28 4.26 4.25 4.18 4.24 4.3 4.34 4.21 4.27 4.29 4.18 4.27 63.66 1e-07 0.001 1024 resnet18
1.54 1.0 2.95 3.06 3.12 3.09 3.29 3.03 2.96 3.01 2.92 2.93 2.94 2.94 2.93 2.98 2.96 2.93 2.95 2.96 2.96 79.01 1e-05 0.5 256 resnet18
1.54 1.0 3.02 2.99 3.01 2.98 2.96 3.17 3.11 3.06 3.13 3.11 3.1 3.17 3.13 3.09 3.13 3.19 3.15 3.07 3.15 79.86 1e-06 0.5 256 resnet18
1.54 1.0 1.0 2.92 3.01 2.96 2.99 3.05 3.02 3.04 3.01 3.05 3.1 3.05 2.95 3.03 3.02 3.12 3.01 3.01 3.02 80.95 1e-07 0.5 256 resnet18
1.54 2.9 3.21 3.03 2.97 2.9 3.0 2.96 2.88 2.92 2.92 2.96 2.94 2.95 2.92 2.96 2.9 2.99 2.98 2.99 2.95 77.32 1e-05 0.5 512 resnet18
1.54 2.94 3.12 3.26 3.08 3.05 3.06 3.11 3.1 3.11 3.14 3.11 3.1 3.14 3.1 3.09 3.13 3.12 3.12 3.11 3.11 77.03 1e-06 0.5 512 resnet18
1.54 3.68 2.83 3.04 2.9 3.01 2.98 3.05 2.99 3.03 3.01 3.06 2.97 2.97 3.01 2.97 2.96 2.96 3.0 2.99 2.99 78.11 1e-07 0.5 512 resnet18
1.54 3.44 3.04 3.1 3.05 3.37 3.24 3.17 3.08 3.08 3.12 3.1 3.19 3.08 3.11 3.15 3.12 3.07 3.13 3.14 3.12 76.25 1e-05 0.5 1024 resnet18
1.54 3.25 2.93 2.96 3.04 3.03 2.98 3.05 3.04 3.07 3.07 3.1 3.01 3.05 3.05 3.04 3.09 3.03 3.09 3.08 3.08 75.13 1e-06 0.5 1024 resnet18
1.54 3.42 3.09 3.22 3.1 3.23 3.16 3.05 3.15 3.16 3.12 3.13 3.22 3.17 3.16 3.15 3.17 3.12 3.13 3.12 3.12 76.16 1e-07 0.5 1024 resnet18
1.54 2.88 2.72 2.78 2.71 2.82 2.78 2.78 2.75 2.77 2.77 2.69 2.74 2.77 2.75 2.75 2.76 2.73 2.73 2.71 2.78 83.68 1e-05 0.1 256 resnet18
1.54 2.76 2.76 2.74 2.79 2.78 2.77 2.79 2.79 2.8 2.77 2.77 2.74 2.71 2.7 2.73 2.76 2.73 2.74 2.79 2.76 83.77 1e-06 0.1 256 resnet18
1.54 2.87 2.82 2.75 2.73 2.61 2.65 2.61 2.57 2.64 2.6 2.61 2.63 2.61 2.58 2.57 2.62 2.63 2.57 2.58 2.62 83.65 1e-07 0.1 256 resnet18
1.54 2.89 2.76 2.7 2.82 2.75 2.77 2.76 2.79 2.81 2.79 2.84 2.78 2.82 2.82 2.78 2.78 2.81 2.8 2.79 2.83 83.53 1e-05 0.1 512 resnet18
1.54 2.94 2.94 2.94 2.88 2.87 2.9 2.92 2.89 2.89 2.89 2.86 2.9 2.9 2.89 2.86 2.91 2.83 2.89 2.87 2.89 82.16 1e-06 0.1 512 resnet18
1.54 2.87 2.78 2.75 2.73 2.72 2.75 2.74 2.76 2.72 2.77 2.75 2.75 2.76 2.69 2.69 2.74 2.78 2.77 2.73 2.69 83.77 1e-07 0.1 512 resnet18
1.54 2.84 2.93 2.94 2.99 2.99 2.97 2.97 2.92 2.93 2.94 2.94 2.94 2.93 2.94 2.95 2.95 2.97 2.94 2.94 2.92 82.25 1e-05 0.1 1024 resnet18
1.54 2.72 2.78 2.87 2.8 2.78 2.8 2.8 2.8 2.81 2.78 2.8 2.79 2.79 2.82 2.78 2.86 2.8 2.82 2.81 2.81 81.9 1e-06 0.1 1024 resnet18
1.54 2.9 2.84 2.89 2.84 2.85 2.81 2.89 2.85 2.87 2.84 2.84 2.85 2.84 2.86 2.85 2.87 2.88 2.85 2.85 2.85 82.58 1e-07 0.1 1024 resnet18
1.54 2.79 2.54 2.53 2.53 2.55 2.58 2.51 2.52 2.53 2.54 2.53 2.51 2.52 2.51 2.51 2.54 2.53 2.52 2.53 2.58 85.39 1e-05 0.05 256 resnet18
1.54 2.67 2.7 2.65 2.59 2.6 2.61 2.53 2.6 2.58 2.65 2.63 2.59 2.57 2.59 2.57 2.61 2.57 2.55 2.57 2.56 85.42 1e-06 0.05 256 resnet18
1.54 2.8 2.61 2.68 2.67 2.69 2.65 2.68 2.66 2.65 2.67 2.66 2.67 2.68 2.64 2.65 2.67 2.67 2.67 2.62 2.66 85.31 1e-07 0.05 256 resnet18
1.54 2.74 2.77 2.82 2.75 2.81 2.75 2.83 2.72 2.77 2.76 2.75 2.73 2.74 2.73 2.77 2.74 2.77 2.73 2.76 2.75 84.96 1e-05 0.05 512 resnet18
1.54 2.7 2.49 2.5 2.52 2.52 2.52 2.51 2.52 2.54 2.55 2.55 2.55 2.57 2.53 2.53 2.54 2.54 2.55 2.52 2.51 83.99 1e-06 0.05 512 resnet18
1.54 2.84 2.67 2.67 2.68 2.67 2.67 2.65 2.68 2.68 2.69 2.65 2.67 2.67 2.68 2.66 2.67 2.66 2.67 2.65 2.67 84.97 1e-07 0.05 512 resnet18
1.54 2.62 2.84 2.88 2.87 2.82 2.84 2.85 2.88 2.9 2.89 2.85 2.89 2.89 2.85 2.87 2.86 2.87 2.85 2.88 2.88 82.69 1e-05 0.05 1024 resnet18
1.54 2.75 2.67 2.69 2.67 2.65 2.69 2.68 2.69 2.69 2.68 2.67 2.7 2.68 2.67 2.69 2.69 2.7 2.7 2.66 2.67 83.36 1e-06 0.05 1024 resnet18
1.54 2.71 2.81 2.75 2.68 2.71 2.76 2.73 2.7 2.71 2.72 2.73 2.71 2.67 2.71 2.71 2.73 2.68 2.7 2.72 2.73 83.33 1e-07 0.05 1024 resnet18
1.54 2.82 2.77 2.82 2.76 2.77 2.77 2.78 2.8 2.77 2.81 2.81 2.81 2.78 2.79 2.87 2.81 2.78 2.79 2.74 2.79 83.53 1e-05 0.01 256 resnet18
1.54 2.64 2.69 2.69 2.69 2.64 2.67 2.66 2.67 2.69 2.74 2.71 2.69 2.7 2.69 2.66 2.68 2.66 2.73 2.64 2.66 83.69 1e-06 0.01 256 resnet18
1.54 2.87 2.7 2.7 2.72 2.72 2.74 2.69 2.73 2.69 2.72 2.73 2.71 2.73 2.73 2.71 2.75 2.73 2.75 2.73 2.74 83.76 1e-07 0.01 256 resnet18
1.54 2.85 2.78 2.76 2.78 2.82 2.83 2.82 2.77 2.8 2.8 2.84 2.78 2.8 2.8 2.84 2.8 2.82 2.77 2.79 2.78 81.05 1e-05 0.01 512 resnet18
1.54 2.81 2.81 2.8 2.82 2.79 2.83 2.85 2.84 2.81 2.85 2.91 2.81 2.86 2.87 2.83 2.9 2.84 2.87 2.81 2.86 80.4 1e-06 0.01 512 resnet18
1.54 2.97 2.96 2.94 2.95 2.93 2.9 2.89 2.91 2.88 2.86 2.87 2.9 2.88 2.89 2.85 2.88 2.91 2.85 2.9 2.84 80.24 1e-07 0.01 512 resnet18
1.54 3.02 3.08 3.04 3.03 3.02 2.98 2.99 3.02 3.02 3.01 3.03 3.01 3.0 3.01 2.99 3.0 3.04 3.0 3.01 2.99 76.69 1e-05 0.01 1024 resnet18
1.54 3.12 3.13 3.11 3.04 3.02 3.08 3.01 3.14 3.15 3.04 3.09 3.05 3.09 3.08 3.05 3.08 3.09 3.09 3.04 3.05 77.38 1e-06 0.01 1024 resnet18
1.54 2.99 2.96 2.91 2.97 2.95 2.92 2.96 2.97 2.96 2.95 2.97 2.93 2.96 2.97 2.93 2.94 2.97 2.94 2.97 2.95 77.1 1e-07 0.01 1024 resnet18
1.54 3.02 3.02 2.87 2.91 2.98 2.91 2.98 2.95 2.96 2.9 2.87 2.88 2.92 2.92 3.0 2.94 2.99 2.93 2.89 2.87 80.97 1e-05 0.005 256 resnet18
1.54 2.96 2.9 2.87 2.91 2.96 2.9 2.9 2.9 2.99 2.87 2.9 2.94 2.9 2.91 2.99 2.92 3.0 2.89 2.92 2.89 81.62 1e-06 0.005 256 resnet18
1.54 2.99 2.94 2.96 2.92 2.92 2.97 2.86 2.9 2.96 2.97 2.88 2.86 2.9 2.88 2.93 2.91 2.91 2.9 2.91 2.96 81.09 1e-07 0.005 256 resnet18
1.54 3.14 3.09 3.08 3.15 3.1 3.13 3.13 3.17 3.16 3.15 3.07 3.08 3.11 3.16 3.09 3.08 3.09 3.1 3.19 3.14 76.98 1e-05 0.005 512 resnet18
1.54 3.08 3.0 2.94 2.99 2.96 2.95 3.03 2.99 2.94 3.01 3.06 3.03 2.99 3.0 2.98 3.07 3.01 3.01 3.03 3.09 77.54 1e-06 0.005 512 resnet18
1.54 3.17 3.15 3.14 3.1 3.18 3.26 3.18 3.22 3.17 3.27 3.28 3.2 3.24 3.29 3.23 3.18 3.19 3.26 3.2 3.22 76.8 1e-07 0.005 512 resnet18
1.54 3.42 3.49 3.54 3.53 3.53 3.52 3.57 3.53 3.5 3.53 3.52 3.5 3.51 3.51 3.53 3.47 3.57 3.49 3.49 3.49 72.86 1e-05 0.005 1024 resnet18
1.54 3.3 3.44 3.44 3.45 3.52 3.47 3.48 3.57 3.56 3.56 3.54 3.55 3.49 3.54 3.56 3.47 3.6 3.39 3.55 3.56 72.76 1e-06 0.005 1024 resnet18
1.54 3.47 3.61 3.49 3.46 3.56 3.46 3.44 3.44 3.51 3.46 3.5 3.51 3.48 3.54 3.47 3.49 3.51 3.48 3.49 3.42 72.45 1e-07 0.005 1024 resnet18
1.54 3.73 3.62 3.67 3.7 3.68 3.7 3.74 3.7 3.7 3.84 3.84 3.74 3.67 3.82 3.64 3.8 3.66 3.76 3.78 3.82 73.04 1e-05 0.001 256 resnet18
1.54 3.62 3.73 3.71 3.76 3.83 3.75 3.76 3.74 3.79 3.86 3.84 3.83 3.78 3.8 3.85 3.93 3.77 3.8 3.91 3.88 72.71 1e-06 0.001 256 resnet18
1.54 3.36 3.76 3.74 3.66 3.66 3.68 3.56 3.61 3.59 3.77 3.59 3.62 3.77 3.69 3.69 3.67 3.74 3.54 3.71 3.7 72.12 1e-07 0.001 256 resnet18
1.54 3.49 3.98 4.1 4.18 4.17 4.1 4.17 4.2 4.21 4.13 4.14 4.09 4.19 4.13 4.18 4.18 4.14 4.1 4.13 4.17 67.84 1e-05 0.001 512 resnet18
1.54 3.58 3.97 3.91 3.99 4.12 4.05 3.96 4.16 4.12 4.11 4.01 4.11 4.15 4.13 4.09 4.19 4.08 4.05 4.12 4.12 67.69 1e-06 0.001 512 resnet18
1.54 3.54 3.85 3.91 3.92 3.92 3.82 3.94 3.85 4.03 3.93 4.04 3.9 3.99 3.99 3.99 4.02 4.0 3.99 3.94 4.06 67.59 1e-07 0.001 512 resnet18
1.54 3.22 4.13 4.37 4.51 4.53 4.58 4.51 4.51 4.57 4.6 4.56 4.53 4.57 4.52 4.61 4.51 4.57 4.56 4.56 4.59 64.52 1e-05 0.001 1024 resnet18
1.54 3.41 4.43 3.99 4.23 4.16 4.21 4.2 4.13 4.17 4.17 4.24 4.16 4.25 4.16 4.22 4.18 4.22 4.19 4.15 4.24 64.57 1e-06 0.001 1024 resnet18
1.54 3.33 4.23 4.21 4.24 4.25 4.39 4.28 4.34 4.3 4.32 4.38 4.39 4.29 4.29 4.34 4.3 4.31 4.37 4.32 4.33 64.84 1e-07 0.001 1024 resnet18
1.25 3.0 2.87 2.95 2.85 3.0 2.92 2.99 2.9 2.9 2.93 2.95 2.95 2.98 2.97 2.98 2.94 2.99 2.97 2.94 2.97 81.3 1e-05 0.5 256 resnet18
1.25 2.92 2.66 2.79 2.77 2.88 2.69 2.69 2.68 2.7 2.71 2.69 2.7 2.75 2.68 2.7 2.72 2.69 2.72 2.69 2.68 81.66 1e-06 0.5 256 resnet18
1.25 2.83 2.9 2.86 2.9 2.79 2.75 2.78 2.78 2.79 2.8 2.8 2.8 2.82 2.79 2.8 2.79 2.77 2.77 2.75 2.86 79.52 1e-07 0.5 256 resnet18
1.25 2.81 2.9 3.03 2.98 2.98 2.93 3.0 2.97 2.99 3.0 2.95 3.02 2.96 2.99 2.96 3.01 3.0 3.0 3.0 3.03 77.22 1e-05 0.5 512 resnet18
1.25 2.74 2.99 3.22 3.02 3.08 3.06 3.08 3.1 3.06 3.06 3.01 3.05 3.11 3.06 3.08 3.04 3.06 3.02 3.03 3.04 78.19 1e-06 0.5 512 resnet18
1.25 2.84 2.94 2.93 2.86 2.85 2.91 2.94 2.93 2.94 2.98 2.91 2.96 2.99 2.96 2.92 3.0 2.97 2.91 2.97 2.97 76.85 1e-07 0.5 512 resnet18
1.25 3.45 2.73 3.0 3.1 3.13 3.15 3.07 3.09 3.12 3.06 3.09 3.07 3.01 3.07 3.02 3.07 3.03 3.06 3.07 3.06 79.52 1e-05 0.5 1024 resnet18
1.25 3.03 2.99 3.13 3.02 3.0 3.01 3.01 3.02 2.96 2.97 2.99 3.03 3.02 3.0 3.0 2.99 3.02 2.98 3.01 2.98 76.34 1e-06 0.5 1024 resnet18
1.25 3.31 2.85 2.89 2.88 2.89 2.97 2.98 2.97 2.94 2.92 2.99 2.94 2.93 2.91 2.94 2.9 2.93 2.91 2.96 2.97 77.98 1e-07 0.5 1024 resnet18
1.25 2.76 2.74 2.91 2.82 2.83 2.86 2.85 2.86 2.9 2.86 2.88 2.93 2.87 2.92 2.89 2.89 2.87 2.92 2.91 2.98 83.55 1e-05 0.1 256 resnet18
1.25 2.8 2.75 2.56 2.8 2.76 2.83 2.77 2.77 2.75 2.77 2.78 2.72 2.76 2.73 2.75 2.74 2.75 2.75 2.76 2.78 84.54 1e-06 0.1 256 resnet18
1.25 2.81 2.77 2.71 2.72 2.8 2.75 2.81 2.79 2.77 2.72 2.78 2.76 2.71 2.72 2.74 2.76 2.74 2.73 2.74 2.75 84.79 1e-07 0.1 256 resnet18
1.25 2.77 2.66 2.69 2.72 2.69 2.72 2.7 2.75 2.74 2.71 2.74 2.74 2.72 2.72 2.73 2.73 2.72 2.73 2.73 2.76 82.71 1e-05 0.1 512 resnet18
1.25 2.82 2.87 2.83 2.79 2.79 2.76 2.76 2.78 2.76 2.77 2.77 2.77 2.75 2.76 2.76 2.74 2.79 2.76 2.75 2.74 81.36 1e-06 0.1 512 resnet18
1.25 2.74 2.8 2.73 2.67 2.61 2.61 2.62 2.64 2.64 2.63 2.69 2.66 2.66 2.63 2.66 2.65 2.66 2.65 2.64 2.65 83.52 1e-07 0.1 512 resnet18
1.25 2.89 3.05 2.9 2.95 2.93 2.89 2.83 2.86 2.85 2.9 2.89 2.89 2.9 2.9 2.92 2.9 2.91 2.91 2.92 2.91 80.64 1e-05 0.1 1024 resnet18
1.25 2.76 2.98 2.79 2.89 2.81 2.89 2.87 2.85 2.82 2.82 2.88 2.81 2.87 2.82 2.84 2.88 2.84 2.87 2.81 2.89 81.41 1e-06 0.1 1024 resnet18
1.25 2.86 2.73 2.81 2.87 2.85 2.87 2.86 2.86 2.85 2.88 2.86 2.86 2.87 2.85 2.86 2.87 2.85 2.86 2.85 2.86 80.73 1e-07 0.1 1024 resnet18
1.25 2.55 2.57 2.54 2.61 2.56 2.58 2.55 2.56 2.64 2.58 2.55 2.62 2.6 2.61 2.67 2.62 2.6 2.65 2.64 2.65 85.7 1e-05 0.05 256 resnet18
1.25 2.82 2.55 2.64 2.68 2.67 2.67 2.64 2.64 2.67 2.64 2.66 2.66 2.69 2.66 2.65 2.68 2.67 2.66 2.65 2.66 85.41 1e-06 0.05 256 resnet18
1.25 2.71 2.57 2.64 2.63 2.62 2.6 2.63 2.62 2.62 2.63 2.63 2.63 2.63 2.63 2.62 2.63 2.68 2.62 2.66 2.63 85.48 1e-07 0.05 256 resnet18
1.25 2.72 2.73 2.7 2.7 2.75 2.75 2.73 2.71 2.72 2.74 2.78 2.74 2.71 2.78 2.8 2.77 2.8 2.72 2.77 2.69 84.39 1e-05 0.05 512 resnet18
1.25 2.79 2.78 2.79 2.78 2.79 2.78 2.8 2.8 2.81 2.81 2.78 2.8 2.76 2.83 2.8 2.8 2.83 2.79 2.78 2.78 84.95 1e-06 0.05 512 resnet18
1.25 2.67 2.74 2.69 2.66 2.7 2.69 2.68 2.7 2.68 2.65 2.7 2.7 2.7 2.69 2.69 2.67 2.66 2.69 2.65 2.73 84.48 1e-07 0.05 512 resnet18
1.25 2.78 2.81 2.87 2.83 2.81 2.8 2.8 2.82 2.78 2.82 2.83 2.82 2.81 2.79 2.81 2.8 2.81 2.8 2.82 2.86 82.68 1e-05 0.05 1024 resnet18
1.25 2.73 2.62 2.61 2.61 2.62 2.63 2.61 2.61 2.61 2.58 2.6 2.6 2.61 2.59 2.6 2.61 2.59 2.61 2.61 2.62 82.77 1e-06 0.05 1024 resnet18
1.25 2.65 2.67 2.72 2.7 2.73 2.71 2.7 2.7 2.74 2.74 2.72 2.73 2.73 2.71 2.74 2.73 2.71 2.72 2.73 2.72 83.23 1e-07 0.05 1024 resnet18
1.25 2.71 2.75 2.74 2.72 2.74 2.77 2.74 2.78 2.74 2.74 2.73 2.72 2.69 2.73 2.68 2.73 2.75 2.73 2.77 2.71 83.82 1e-05 0.01 256 resnet18
1.25 2.77 2.71 2.68 2.71 2.75 2.73 2.74 2.69 2.69 2.67 2.7 2.69 2.77 2.68 2.69 2.65 2.65 2.71 2.74 2.69 83.24 1e-06 0.01 256 resnet18
1.25 2.76 2.72 2.66 2.78 2.66 2.78 2.73 2.71 2.71 2.66 2.67 2.68 2.69 2.7 2.77 2.73 2.68 2.72 2.73 2.72 83.21 1e-07 0.01 256 resnet18
1.25 2.87 2.79 2.8 2.78 2.79 2.76 2.74 2.76 2.77 2.78 2.79 2.77 2.75 2.76 2.75 2.78 2.79 2.76 2.75 2.79 80.84 1e-05 0.01 512 resnet18
1.25 2.85 2.78 2.85 2.82 2.81 2.8 2.78 2.8 2.76 2.87 2.81 2.82 2.82 2.83 2.81 2.83 2.86 2.85 2.8 2.81 80.62 1e-06 0.01 512 resnet18
1.25 2.75 2.78 2.76 2.76 2.75 2.77 2.77 2.8 2.74 2.76 2.76 2.76 2.78 2.73 2.74 2.73 2.78 2.73 2.76 2.72 80.94 1e-07 0.01 512 resnet18
1.25 3.08 3.01 3.0 2.96 2.96 3.01 3.0 2.99 3.03 3.0 2.99 2.98 3.01 2.98 3.01 3.0 3.03 3.0 3.0 2.99 76.84 1e-05 0.01 1024 resnet18
1.25 2.91 2.83 2.84 2.86 2.93 2.89 2.93 2.92 2.97 2.95 2.97 2.96 2.9 2.97 2.98 2.96 2.93 2.98 2.93 2.91 76.86 1e-06 0.01 1024 resnet18
1.25 3.13 3.08 3.05 3.08 3.08 3.02 3.04 3.04 3.05 3.06 3.01 3.03 3.05 3.05 3.02 3.06 3.06 3.02 3.04 3.05 76.22 1e-07 0.01 1024 resnet18
1.25 2.69 2.72 2.71 2.73 2.75 2.71 2.76 2.74 2.73 2.76 2.71 2.74 2.72 2.75 2.74 2.74 2.74 2.71 2.7 2.7 80.61 1e-05 0.005 256 resnet18
1.25 2.71 2.69 2.67 2.75 2.78 2.77 2.76 2.74 2.8 2.77 2.76 2.74 2.72 2.72 2.81 2.8 2.73 2.83 2.78 2.79 81.12 1e-06 0.005 256 resnet18
1.25 2.64 2.69 2.69 2.68 2.7 2.72 2.73 2.76 2.76 2.83 2.75 2.73 2.73 2.74 2.79 2.77 2.79 2.78 2.78 2.74 81.58 1e-07 0.005 256 resnet18
1.25 2.98 2.92 2.86 2.94 2.9 2.96 2.93 2.94 2.88 2.9 2.89 2.97 2.99 2.94 2.94 2.95 2.9 2.94 2.96 2.92 77.3 1e-05 0.005 512 resnet18
1.25 2.96 2.92 2.93 2.96 2.85 2.96 2.93 2.92 2.9 2.87 2.92 2.88 2.92 2.93 2.9 2.91 2.92 2.89 2.81 2.88 76.92 1e-06 0.005 512 resnet18
1.25 2.97 2.79 2.74 2.81 2.82 2.78 2.78 2.84 2.85 2.78 2.8 2.81 2.81 2.78 2.79 2.81 2.78 2.81 2.88 2.76 77.56 1e-07 0.005 512 resnet18
1.25 3.27 3.36 3.33 3.33 3.3 3.28 3.34 3.29 3.31 3.34 3.33 3.35 3.31 3.29 3.35 3.32 3.32 3.31 3.33 3.37 71.91 1e-05 0.005 1024 resnet18
1.25 3.17 3.37 3.37 3.4 3.37 3.37 3.5 3.4 3.4 3.37 3.4 3.46 3.38 3.41 3.38 3.38 3.41 3.44 3.41 3.37 71.97 1e-06 0.005 1024 resnet18
1.25 3.26 3.44 3.4 3.41 3.48 3.44 3.39 3.42 3.46 3.41 3.43 3.42 3.44 3.44 3.44 3.48 3.41 3.44 3.47 3.39 72.01 1e-07 0.005 1024 resnet18
1.25 3.52 3.57 3.66 3.71 3.67 3.77 3.89 3.69 3.65 3.67 3.65 3.72 3.65 3.69 3.69 3.72 3.68 3.64 3.66 3.71 72.3 1e-05 0.001 256 resnet18
1.25 3.26 3.24 3.28 3.33 3.17 3.28 3.31 3.31 3.24 3.26 3.26 3.3 3.38 3.29 3.26 3.24 3.26 3.31 3.28 3.23 71.81 1e-06 0.001 256 resnet18
1.25 3.39 3.48 3.31 3.33 3.33 3.37 3.36 3.3 3.38 3.4 3.31 3.4 3.28 3.36 3.31 3.33 3.34 3.34 3.38 3.41 71.89 1e-07 0.001 256 resnet18
1.25 3.58 3.75 3.72 3.84 3.84 3.84 3.91 3.88 3.97 3.84 3.87 3.98 3.91 3.83 3.94 3.84 3.97 3.97 3.84 4.0 67.01 1e-05 0.001 512 resnet18
1.25 3.54 3.61 3.76 3.66 3.74 3.8 3.71 3.77 3.72 3.7 3.85 3.76 3.83 3.75 3.85 3.77 3.78 3.72 3.7 3.71 67.25 1e-06 0.001 512 resnet18
1.25 3.37 4.07 4.15 4.16 4.16 4.2 4.17 4.21 4.14 4.08 4.22 4.2 4.12 4.14 4.16 4.11 4.15 4.19 4.08 4.09 67.4 1e-07 0.001 512 resnet18
1.25 3.33 4.12 4.27 4.42 4.4 4.49 4.37 4.42 4.36 4.34 4.34 4.32 4.36 4.32 4.34 4.39 4.36 4.37 4.33 4.38 63.5 1e-05 0.001 1024 resnet18
1.25 3.36 4.21 4.28 4.28 4.34 4.39 4.34 4.41 4.41 4.45 4.38 4.36 4.41 4.38 4.44 4.38 4.42 4.34 4.37 4.4 64.11 1e-06 0.001 1024 resnet18
1.25 3.53 4.02 4.32 4.36 4.2 4.24 4.22 4.18 4.23 4.23 4.23 4.21 4.25 4.15 4.16 4.2 4.2 4.21 4.25 4.16 63.36 1e-07 0.001 1024 resnet18