1.0 5.76 5.7 5.57 5.47 5.43 5.42 5.44 5.49 5.39 5.38 5.48 5.42 5.41 5.4 5.37 5.37 5.35 5.38 5.39 5.42 84.95 1e-05 0.1 256 SimpleDLA
1.0 5.95 5.77 5.59 5.54 5.47 5.48 5.5 5.43 5.42 5.47 5.52 5.41 5.41 5.41 5.45 5.44 5.43 5.42 5.43 5.51 84.69 1e-06 0.1 256 SimpleDLA
1.0 5.83 5.61 5.6 5.51 5.52 5.53 5.48 5.53 5.52 5.5 5.56 5.55 5.51 5.4 5.49 5.56 5.5 5.5 5.53 5.48 83.93 1e-07 0.1 256 SimpleDLA
1.0 6.19 5.87 5.6 5.56 5.59 5.61 5.56 5.57 5.59 5.59 5.53 5.55 5.54 5.5 5.52 5.54 5.58 5.49 5.52 5.56 83.97 1e-05 0.1 512 SimpleDLA
1.0 6.28 5.68 5.6 5.58 5.54 5.54 5.47 5.54 5.58 5.6 5.62 5.55 5.57 5.55 5.56 5.55 5.58 5.55 5.5 5.57 84.26 1e-06 0.1 512 SimpleDLA
1.0 6.03 6.25 5.57 5.56 5.59 5.58 5.54 5.57 5.54 5.58 5.6 5.52 5.5 5.52 5.51 5.57 5.55 5.51 5.58 5.52 83.73 1e-07 0.1 512 SimpleDLA
1.0 6.11 5.91 5.64 5.72 5.69 5.65 5.63 5.6 5.62 5.62 5.55 5.58 5.63 5.56 5.6 5.6 5.57 5.61 5.57 5.61 83.14 1e-05 0.1 1024 SimpleDLA
1.0 6.22 5.8 5.67 5.71 5.7 5.78 5.76 5.76 5.82 5.82 5.78 5.79 5.75 5.8 5.8 5.81 5.77 5.79 5.75 5.73 82.76 1e-06 0.1 1024 SimpleDLA
1.0 6.37 5.9 5.83 5.84 5.8 5.84 5.81 5.86 5.92 5.89 5.86 5.87 5.86 5.87 5.88 5.92 5.9 5.91 5.89 5.9 82.58 1e-07 0.1 1024 SimpleDLA
1.0 5.9 5.95 6.07 6.05 6.07 6.16 6.13 6.14 6.04 6.12 6.11 6.17 6.13 6.14 6.1 6.04 6.04 6.08 6.15 6.14 83.98 1e-06 0.01 256 SimpleDLA
1.0 7.03 6.44 6.41 6.33 6.39 6.37 6.44 6.37 6.42 6.44 6.33 6.41 6.35 6.31 6.4 6.48 6.42 6.4 6.32 6.29 82.52 1e-05 0.01 512 SimpleDLA
1.0 6.27 6.44 6.42 6.35 6.47 6.42 6.42 6.4 6.36 6.45 6.37 6.37 6.46 6.39 6.35 6.36 6.38 6.37 6.36 6.35 81.99 1e-06 0.01 512 SimpleDLA
1.0 5.89 5.84 5.86 5.83 5.81 5.95 5.9 5.94 5.94 5.86 5.85 5.8 5.78 5.86 5.84 5.82 5.82 5.85 5.78 5.79 83.49 1e-05 0.01 256 SimpleDLA
1.0 6.53 6.4 6.41 6.38 6.52 6.45 6.43 6.55 6.56 6.43 6.61 6.59 6.52 6.46 6.49 6.48 6.4 6.53 6.45 6.57 81.3 1e-07 0.01 512 SimpleDLA
1.0 5.99 6.01 6.04 5.91 5.83 5.85 5.89 5.99 5.87 5.89 5.93 5.88 5.81 5.94 5.86 5.94 5.87 5.88 5.92 5.95 83.39 1e-07 0.01 256 SimpleDLA
1.0 8.54 7.94 8.05 8.11 8.03 8.08 7.92 8.04 8.07 8.09 7.98 8.12 8.1 8.03 8.1 8.17 8.12 8.04 7.95 7.93 76.49 1e-05 0.01 1024 SimpleDLA
1.0 8.34 7.99 8.03 8.01 8.12 8.01 8.07 8.0 8.06 8.02 8.09 8.0 8.02 8.06 8.11 8.07 8.03 7.99 8.14 8.13 77.19 1e-06 0.01 1024 SimpleDLA
1.0 8.29 7.8 7.91 7.8 7.79 7.78 7.83 7.87 7.77 7.84 7.75 7.95 7.81 7.74 7.85 7.87 7.93 7.74 7.82 7.77 76.34 1e-07 0.01 1024 SimpleDLA
1.0 10.63 16.2 16.14 15.44 16.01 16.03 16.03 16.29 16.37 16.28 16.0 16.19 16.15 16.17 16.17 16.31 16.54 16.22 16.1 16.22 63.43 1e-05 0.001 512 SimpleDLA
1.0 9.5 10.45 9.53 9.79 9.64 9.93 9.73 9.88 10.04 10.01 10.18 10.17 9.81 10.15 10.04 9.92 10.07 9.95 10.23 10.0 72.97 1e-05 0.001 256 SimpleDLA
1.0 9.57 10.72 11.02 10.68 10.94 11.11 11.16 10.85 11.04 11.03 10.98 11.1 11.1 11.01 11.23 11.31 11.17 11.12 11.21 11.13 71.65 1e-06 0.001 256 SimpleDLA
1.0 9.83 19.78 24.33 23.68 23.56 23.89 24.21 24.23 24.53 24.46 24.63 24.43 24.92 24.79 24.39 24.58 24.38 24.44 24.57 24.54 53.29 1e-05 0.001 1024 SimpleDLA
1.0 11.09 16.52 15.76 15.56 15.88 15.89 15.92 16.04 15.79 15.91 15.86 15.95 16.15 15.76 15.69 15.71 16.09 15.98 15.72 15.94 63.76 1e-07 0.001 512 SimpleDLA
1.0 9.09 11.07 11.23 10.82 11.0 10.88 11.15 11.05 10.95 10.9 11.03 11.23 11.1 10.79 11.02 10.66 11.1 10.88 11.09 11.04 71.99 1e-07 0.001 256 SimpleDLA
1.0 10.95 15.12 15.23 15.36 15.41 15.36 15.5 15.16 15.42 15.41 15.26 15.37 15.27 15.56 15.67 15.3 15.46 15.45 15.34 15.19 63.93 1e-06 0.001 512 SimpleDLA
1.0 9.95 20.34 23.99 22.84 22.96 23.25 23.12 23.6 23.24 23.71 23.31 23.12 23.09 23.0 23.43 23.38 23.2 23.28 23.31 23.42 54.21 1e-06 0.001 1024 SimpleDLA
1.0 9.62 19.66 22.63 22.79 23.84 23.98 23.58 24.01 24.5 24.43 24.1 24.08 23.88 24.04 23.95 24.12 23.87 24.01 23.93 24.4 54.94 1e-07 0.001 1024 SimpleDLA
1.0 6.02 5.61 5.43 5.54 5.46 5.51 5.47 5.48 5.46 5.45 5.35 5.4 5.42 5.34 5.36 5.39 5.49 5.42 5.41 5.38 83.95 1e-06 0.1 256 SimpleDLA
1.0 5.81 5.61 5.53 5.35 5.44 5.4 5.39 5.4 5.39 5.41 5.45 5.42 5.36 5.47 5.46 5.47 5.35 5.3 5.4 5.46 83.62 1e-07 0.1 256 SimpleDLA
1.0 6.13 5.57 5.65 5.72 5.64 5.7 5.7 5.65 5.62 5.68 5.7 5.74 5.67 5.76 5.74 5.7 5.65 5.73 5.69 5.74 84.13 1e-05 0.1 256 SimpleDLA
1.0 5.86 5.87 5.77 5.72 5.74 5.76 5.76 5.75 5.75 5.76 5.73 5.74 5.72 5.75 5.76 5.79 5.74 5.77 5.76 5.77 82.28 1e-05 0.1 1024 SimpleDLA
1.0 5.67 5.72 5.45 5.47 5.47 5.48 5.46 5.47 5.4 5.43 5.43 5.51 5.48 5.48 5.49 5.48 5.5 5.44 5.46 5.45 84.22 1e-05 0.1 512 SimpleDLA
1.0 6.65 5.82 5.78 5.78 5.7 5.72 5.73 5.74 5.76 5.74 5.78 5.75 5.71 5.73 5.77 5.76 5.71 5.71 5.73 5.76 81.27 1e-06 0.1 1024 SimpleDLA
1.0 6.04 6.22 5.96 5.94 5.91 5.93 5.96 5.92 5.98 5.97 5.92 5.92 5.94 5.94 5.98 6.02 6.0 5.98 5.97 5.95 82.3 1e-07 0.1 1024 SimpleDLA
1.0 5.56 5.63 5.6 5.59 5.6 5.63 5.65 5.64 5.58 5.61 5.63 5.69 5.65 5.63 5.62 5.65 5.67 5.59 5.64 5.56 84.09 1e-07 0.1 512 SimpleDLA
1.0 5.73 5.52 5.46 5.44 5.47 5.49 5.51 5.49 5.43 5.49 5.42 5.56 5.46 5.52 5.53 5.52 5.49 5.43 5.56 5.55 83.7 1e-06 0.1 512 SimpleDLA
1.0 5.77 5.88 5.86 5.97 5.89 5.89 5.97 5.92 5.88 5.93 5.9 5.97 5.87 5.89 5.86 5.93 5.93 5.93 5.89 5.95 83.48 1e-05 0.01 256 SimpleDLA
1.0 5.88 5.79 5.92 5.9 5.93 5.97 5.9 5.95 5.94 5.84 5.92 5.96 5.88 5.86 5.85 5.83 5.87 5.92 5.87 5.98 84.09 1e-06 0.01 256 SimpleDLA
1.0 8.06 7.8 7.79 7.62 7.66 7.73 7.74 7.83 7.64 7.74 7.74 7.82 7.75 7.75 7.67 7.64 7.69 7.74 7.73 7.71 76.28 1e-05 0.01 1024 SimpleDLA
1.0 6.32 5.95 5.73 5.73 5.74 5.72 5.75 5.71 5.71 5.77 5.76 5.72 5.66 5.79 5.8 5.68 5.69 5.69 5.75 5.69 83.55 1e-07 0.01 256 SimpleDLA
1.0 8.5 7.49 7.61 7.55 7.5 7.48 7.55 7.64 7.52 7.56 7.59 7.61 7.59 7.61 7.6 7.62 7.61 7.64 7.55 7.62 77.96 1e-06 0.01 1024 SimpleDLA
1.0 6.61 6.52 6.46 6.52 6.48 6.54 6.52 6.45 6.6 6.49 6.48 6.48 6.59 6.59 6.53 6.52 6.53 6.45 6.5 6.5 81.72 1e-05 0.01 512 SimpleDLA
1.0 8.29 7.76 7.75 7.71 7.62 7.59 7.74 7.66 7.58 7.78 7.65 7.58 7.72 7.66 7.65 7.7 7.7 7.7 7.7 7.69 77.2 1e-07 0.01 1024 SimpleDLA
1.0 7.06 6.32 6.32 6.35 6.44 6.26 6.26 6.26 6.37 6.35 6.35 6.35 6.31 6.27 6.4 6.34 6.39 6.25 6.29 6.4 80.93 1e-06 0.01 512 SimpleDLA
1.0 6.71 6.5 6.39 6.39 6.38 6.44 6.43 6.47 6.52 6.4 6.53 6.5 6.5 6.5 6.37 6.45 6.5 6.52 6.37 6.45 81.28 1e-07 0.01 512 SimpleDLA
1.0 10.14 11.36 10.49 10.53 10.67 10.52 10.95 10.53 10.51 10.67 10.84 10.64 10.66 10.88 10.81 10.65 10.6 10.62 10.78 11.18 72.27 1e-05 0.001 256 SimpleDLA
1.0 9.16 10.91 10.24 10.31 10.77 10.5 10.79 10.98 10.84 10.46 11.04 10.85 10.47 10.78 10.72 10.67 10.81 10.88 11.07 10.91 73.58 1e-06 0.001 256 SimpleDLA
1.0 9.96 20.67 25.47 23.48 24.7 24.29 24.4 24.54 24.8 24.43 24.3 24.63 24.67 24.81 24.47 24.5 24.65 24.41 24.62 24.44 54.89 1e-05 0.001 1024 SimpleDLA
1.0 10.08 10.73 10.05 9.91 9.93 9.9 10.32 10.14 9.95 10.06 10.03 9.88 9.82 10.13 10.23 9.89 10.0 9.85 10.08 10.03 72.83 1e-07 0.001 256 SimpleDLA
1.0 10.57 18.87 24.63 23.82 23.85 24.51 24.42 24.18 24.12 24.15 24.36 24.14 24.35 24.38 24.62 24.51 24.34 24.75 24.35 24.69 55.12 1e-06 0.001 1024 SimpleDLA
1.0 10.47 15.72 15.11 15.21 15.08 15.09 15.12 15.43 15.37 15.27 15.39 15.28 15.63 15.45 15.56 15.36 15.44 15.55 15.58 15.55 64.06 1e-05 0.001 512 SimpleDLA
1.0 11.23 16.29 16.39 16.61 16.54 16.5 16.56 16.69 16.47 16.53 16.59 16.56 16.36 16.51 16.43 16.44 16.88 16.43 16.7 16.69 63.35 1e-06 0.001 512 SimpleDLA
1.0 10.61 17.08 14.85 14.56 14.62 14.86 14.83 15.01 14.93 14.84 15.07 15.13 14.98 14.97 15.14 15.07 15.04 14.99 15.32 14.84 65.29 1e-07 0.001 512 SimpleDLA
1.0 10.75 18.48 22.71 23.27 23.94 24.21 24.57 24.49 24.84 24.56 25.05 24.64 24.6 24.76 25.02 25.04 24.87 24.95 24.7 24.94 55.86 1e-07 0.001 1024 SimpleDLA
1.0 5.66 5.97 5.6 5.66 5.5 5.58 5.55 5.53 5.49 5.54 5.64 5.65 5.71 5.59 5.66 5.65 5.62 5.54 5.59 5.66 84.93 1e-05 0.1 256 SimpleDLA
1.0 5.68 5.91 5.58 5.57 5.52 5.53 5.53 5.55 5.55 5.6 5.54 5.53 5.52 5.53 5.55 5.51 5.55 5.54 5.54 5.56 83.75 1e-06 0.1 512 SimpleDLA
1.0 5.72 5.68 5.56 5.57 5.62 5.54 5.64 5.64 5.67 5.58 5.69 5.56 5.64 5.55 5.6 5.6 5.59 5.62 5.59 5.54 84.92 1e-06 0.1 256 SimpleDLA
1.0 6.18 5.82 5.88 5.96 6.02 6.0 5.94 6.02 5.97 5.95 6.05 6.05 5.98 6.01 5.96 5.93 5.95 5.98 5.94 6.04 82.48 1e-06 0.1 1024 SimpleDLA
1.0 5.71 5.83 5.51 5.51 5.51 5.5 5.48 5.54 5.48 5.56 5.49 5.46 5.52 5.51 5.47 5.56 5.47 5.51 5.44 5.48 83.19 1e-07 0.1 256 SimpleDLA
1.0 6.26 5.99 5.79 5.84 5.83 5.77 5.83 5.82 5.82 5.82 5.78 5.78 5.79 5.8 5.78 5.77 5.78 5.8 5.81 5.78 81.96 1e-05 0.1 1024 SimpleDLA
1.0 6.14 5.51 5.51 5.6 5.63 5.56 5.51 5.54 5.6 5.64 5.58 5.55 5.56 5.56 5.62 5.58 5.58 5.55 5.61 5.62 83.68 1e-05 0.1 512 SimpleDLA
1.0 6.03 5.82 5.46 5.51 5.51 5.49 5.55 5.47 5.51 5.51 5.46 5.54 5.5 5.53 5.52 5.53 5.53 5.47 5.55 5.43 84.22 1e-07 0.1 512 SimpleDLA
1.0 5.89 5.66 5.55 5.61 5.58 5.57 5.48 5.51 5.57 5.48 5.5 5.52 5.47 5.46 5.48 5.5 5.47 5.49 5.45 5.47 82.56 1e-07 0.1 1024 SimpleDLA
1.0 7.4 6.33 6.5 6.42 6.41 6.47 6.46 6.53 6.46 6.45 6.44 6.46 6.52 6.5 6.49 6.47 6.59 6.47 6.49 6.5 81.54 1e-05 0.01 512 SimpleDLA
1.0 6.16 5.96 5.71 5.78 5.7 5.8 5.82 5.85 5.8 5.86 5.81 5.81 5.71 5.8 5.81 5.77 5.87 5.83 5.83 5.78 83.62 1e-05 0.01 256 SimpleDLA
1.0 6.14 5.94 5.94 5.89 6.0 5.86 5.85 5.85 5.95 5.95 5.95 5.97 5.96 6.02 5.93 5.98 6.0 5.96 5.94 6.0 82.92 1e-06 0.01 256 SimpleDLA
1.0 8.31 7.7 7.57 7.6 7.66 7.57 7.55 7.68 7.71 7.6 7.6 7.65 7.65 7.6 7.69 7.64 7.67 7.63 7.62 7.64 78.04 1e-05 0.01 1024 SimpleDLA
1.0 6.27 5.89 5.98 6.09 6.06 6.11 6.1 6.09 6.04 6.05 6.11 6.15 6.14 6.11 6.15 6.12 6.13 6.04 6.02 6.11 83.33 1e-07 0.01 256 SimpleDLA
1.0 7.37 8.22 8.0 8.12 7.98 8.01 8.07 8.12 8.07 8.04 8.25 8.14 8.07 8.11 8.08 8.13 8.06 8.04 8.06 8.04 77.53 1e-06 0.01 1024 SimpleDLA
1.0 6.69 6.78 6.83 6.88 6.82 6.82 6.81 6.8 6.84 6.84 6.87 6.8 6.82 6.8 6.79 6.79 6.82 6.83 6.84 6.8 81.34 1e-07 0.01 512 SimpleDLA
1.0 7.08 6.44 6.39 6.5 6.45 6.45 6.45 6.48 6.43 6.54 6.5 6.47 6.47 6.43 6.49 6.47 6.52 6.46 6.49 6.47 80.69 1e-06 0.01 512 SimpleDLA
1.0 7.78 7.73 7.82 7.65 7.74 7.82 7.81 7.87 7.89 7.84 7.89 7.87 7.92 7.81 7.91 7.89 7.85 7.77 7.85 7.86 78.81 1e-07 0.01 1024 SimpleDLA
1.0 9.77 10.9 10.63 10.7 10.87 10.8 10.38 10.48 10.5 10.66 10.62 10.6 10.82 10.6 10.95 10.85 10.65 10.85 10.74 10.75 73.34 1e-05 0.001 256 SimpleDLA
1.0 10.2 9.95 9.84 10.15 10.31 10.07 10.07 9.96 10.02 10.19 10.12 10.06 10.04 10.15 10.17 10.0 9.88 10.03 10.07 10.03 73.06 1e-07 0.001 256 SimpleDLA
1.0 10.39 11.21 10.83 10.82 10.92 10.79 10.97 10.67 10.86 10.67 10.86 10.73 10.75 10.77 10.76 10.95 11.11 10.76 10.87 10.54 73.37 1e-06 0.001 256 SimpleDLA
1.0 10.59 20.63 23.76 22.56 23.01 22.9 22.5 23.2 23.21 23.15 23.29 22.91 23.01 23.15 23.65 23.35 23.42 23.13 23.47 23.47 56.43 1e-05 0.001 1024 SimpleDLA
1.0 9.92 20.17 22.31 21.87 22.06 22.52 22.33 22.51 22.66 22.77 22.84 22.51 22.43 22.66 22.77 22.56 22.42 22.68 22.49 22.72 57.01 1e-06 0.001 1024 SimpleDLA
1.0 11.4 15.37 14.61 14.65 14.85 14.86 14.96 14.84 15.08 15.05 15.11 14.94 15.07 15.12 15.01 15.09 14.92 15.09 15.2 14.96 65.84 1e-05 0.001 512 SimpleDLA
1.0 10.78 15.94 15.08 15.62 15.6 15.41 15.55 15.53 15.6 15.67 15.7 15.49 15.75 15.68 15.39 15.61 15.66 15.64 15.84 15.48 65.37 1e-07 0.001 512 SimpleDLA
1.0 9.97 20.6 23.48 23.6 23.4 23.3 23.61 23.47 23.86 23.48 23.66 23.66 23.75 23.74 23.79 23.74 23.85 23.99 23.98 23.81 57.98 1e-07 0.001 1024 SimpleDLA
1.0 10.71 15.05 14.56 14.23 14.21 14.39 14.37 14.69 14.49 14.37 14.46 14.62 14.74 14.68 14.51 14.54 14.54 14.5 14.44 14.6 65.43 1e-06 0.001 512 SimpleDLA