1.06 1.03 1.08 1.07 1.08 1.05 1.04 1.04 1.04 1.03 1.04 1.04 1.05 1.05 1.05 1.04 1.03 1.04 1.04 1.04 1.04 82.49 1e-05 0.1 512 resnet18
1.06 1.04 1.02 1.09 1.07 1.03 1.09 1.03 1.03 1.02 1.01 1.02 1.03 1.01 1.04 1.03 1.03 1.02 1.02 1.02 1.02 81.65 1e-07 0.1 512 resnet18
1.06 1.07 1.06 1.05 1.07 1.04 1.05 1.04 1.08 1.08 1.03 1.06 1.05 1.05 1.04 1.06 1.04 1.04 1.12 1.03 1.08 82.54 1e-06 0.1 512 resnet18
1.06 1.02 1.01 1.05 1.07 1.06 1.08 1.07 1.05 1.07 1.05 1.05 1.04 1.07 1.06 1.06 1.06 1.03 1.13 1.07 1.07 84.32 1e-05 0.1 256 resnet18
1.06 1.03 1.1 1.11 1.14 1.12 1.11 1.1 1.1 1.09 1.1 1.1 1.1 1.1 1.1 1.1 1.09 1.1 1.09 1.12 1.08 82.44 1e-05 0.1 1024 resnet18
1.06 1.02 1.03 1.01 1.02 1.03 1.04 1.06 1.05 1.03 1.06 1.06 1.04 1.05 1.05 1.03 1.02 1.03 1.04 1.04 1.04 84.19 1e-06 0.1 256 resnet18
1.06 1.01 1.02 1.03 1.03 1.04 1.0 1.04 1.04 1.03 1.02 1.01 1.03 1.01 1.01 1.03 1.02 1.03 1.01 1.03 1.03 84.28 1e-07 0.1 256 resnet18
1.06 1.02 1.05 1.04 1.05 1.04 1.05 1.05 1.05 1.04 1.06 1.05 1.03 1.04 1.05 1.04 1.04 1.03 1.04 1.03 1.04 82.12 1e-06 0.1 1024 resnet18
1.06 1.06 1.11 1.07 1.07 1.07 1.05 1.05 1.06 1.05 1.05 1.04 1.05 1.05 1.05 1.05 1.05 1.05 1.04 1.06 1.05 82.21 1e-07 0.1 1024 resnet18
1.06 1.11 1.1 1.14 1.08 1.07 1.07 1.08 1.07 1.08 1.06 1.1 1.16 1.09 1.07 1.06 1.08 1.07 1.1 1.14 1.07 76.58 1e-07 0.01 1024 resnet18
1.06 1.04 1.09 1.04 1.04 1.04 1.03 1.05 1.04 1.06 1.05 1.04 1.07 1.05 1.05 1.07 1.05 1.05 1.04 1.05 1.06 80.43 1e-07 0.01 512 resnet18
1.06 1.02 1.01 1.04 1.04 1.02 1.04 1.02 1.02 1.03 1.13 1.06 1.02 1.03 1.02 1.03 1.01 1.01 1.02 1.02 1.02 81.35 1e-06 0.01 512 resnet18
1.06 1.08 1.09 1.08 1.09 1.09 1.08 1.07 1.08 1.05 1.07 1.16 1.09 1.1 1.1 1.09 1.08 1.1 1.09 1.1 1.09 76.84 1e-06 0.01 1024 resnet18
1.06 1.04 1.02 1.06 1.08 1.03 1.03 1.05 1.03 1.03 1.05 1.02 1.06 1.03 1.05 1.04 1.06 1.05 1.05 1.08 1.05 83.59 1e-06 0.01 256 resnet18
1.06 1.15 1.08 1.06 1.07 1.08 1.08 1.07 1.06 1.11 1.08 1.06 1.13 1.06 1.07 1.08 1.08 1.08 1.08 1.11 1.1 83.25 1e-07 0.01 256 resnet18
1.06 1.09 1.1 1.1 1.1 1.08 1.08 1.1 1.08 1.11 1.14 1.09 1.16 1.1 1.09 1.1 1.09 1.11 1.19 1.08 1.12 76.21 1e-05 0.01 1024 resnet18
1.06 1.06 1.05 1.07 1.05 1.06 1.04 1.09 1.05 1.07 1.03 1.11 1.04 1.11 1.06 1.05 1.08 1.03 1.04 1.04 1.04 83.73 1e-05 0.01 256 resnet18
1.06 1.12 1.39 1.24 1.29 1.37 1.32 1.23 1.38 1.21 1.35 1.44 1.25 1.35 1.25 1.31 1.16 1.34 1.28 1.26 1.25 64.45 1e-05 0.001 1024 resnet18
1.06 1.03 1.18 1.07 1.08 1.06 1.06 1.07 1.07 1.08 1.07 1.07 1.06 1.09 1.06 1.16 1.12 1.07 1.06 1.06 1.08 81.21 1e-05 0.01 512 resnet18
1.06 1.16 1.23 1.21 1.24 1.26 1.25 1.28 1.2 1.21 1.2 1.26 1.2 1.26 1.17 1.2 1.17 1.19 1.19 1.24 1.23 67.09 1e-07 0.001 512 resnet18
1.06 1.1 1.14 1.49 1.33 1.34 1.38 1.35 1.3 1.33 1.33 1.27 1.35 1.26 1.35 1.24 1.48 1.31 1.31 1.41 1.29 64.25 1e-06 0.001 1024 resnet18
1.06 1.18 1.23 1.21 1.18 1.17 1.16 1.13 1.16 1.18 1.16 1.09 1.36 1.2 1.16 1.27 1.26 1.19 1.16 1.27 1.19 72.13 1e-07 0.001 256 resnet18
1.06 1.31 1.22 1.18 1.23 1.13 1.26 1.17 1.25 1.29 1.18 1.16 1.23 1.21 1.29 1.16 1.25 1.19 1.21 1.23 1.2 67.17 1e-06 0.001 512 resnet18
1.06 1.15 1.22 1.21 1.26 1.31 1.36 1.36 1.38 1.24 1.31 1.34 1.35 1.25 1.32 1.3 1.34 1.31 1.41 1.33 1.35 63.82 1e-07 0.001 1024 resnet18
1.06 1.33 1.18 1.24 1.29 1.23 1.27 1.26 1.19 1.19 1.28 1.24 1.21 1.2 1.22 1.27 1.41 1.31 1.28 1.21 1.27 71.99 1e-05 0.001 256 resnet18
1.06 1.15 1.13 1.09 1.13 1.11 1.28 1.12 1.12 1.09 1.11 1.07 1.17 1.13 1.13 1.13 1.1 1.09 1.07 1.22 1.18 71.02 1e-06 0.001 256 resnet18
1.01 1.05 1.05 1.02 1.01 1.0 1.01 1.01 1.01 1.01 1.0 1.0 1.0 1.0 1.0 1.0 1.02 1.02 1.01 1.02 1.02 84.62 1e-05 0.1 256 resnet18
1.01 1.04 1.09 1.05 1.05 1.08 1.08 1.06 1.06 1.07 1.14 1.06 1.06 1.06 1.06 1.06 1.12 1.1 1.07 1.06 1.06 79.41 1e-07 0.1 1024 resnet18
1.06 1.25 1.28 1.21 1.3 1.39 1.28 1.18 1.33 1.26 1.26 1.21 1.18 1.21 1.19 1.21 1.34 1.17 1.31 1.28 1.21 66.63 1e-05 0.001 512 resnet18
1.01 1.02 1.04 1.04 1.07 1.11 1.05 1.05 1.08 1.06 1.04 1.06 1.06 1.07 1.06 1.05 1.06 1.06 1.07 1.05 1.05 80.86 1e-05 0.1 1024 resnet18
1.01 1.04 1.0 1.02 1.01 1.0 1.0 1.0 1.0 1.0 1.0 1.0 1.0 1.0 1.0 1.0 1.0 1.0 1.0 1.0 1.0 80.96 1e-06 0.1 1024 resnet18
1.01 1.05 1.05 1.07 1.08 1.07 1.02 1.13 1.04 1.04 1.04 1.1 1.03 1.04 1.06 1.08 1.06 1.05 1.05 1.03 1.04 83.87 1e-06 0.1 256 resnet18
1.01 1.07 1.19 1.07 1.12 1.05 1.04 1.05 1.06 1.03 1.06 1.05 1.08 1.05 1.08 1.04 1.06 1.05 1.04 1.19 1.05 81.34 1e-06 0.01 512 resnet18
1.01 1.03 1.04 1.02 1.03 1.03 1.05 1.04 1.02 1.07 1.04 1.04 1.02 1.03 1.03 1.03 1.03 1.03 1.04 1.06 1.04 79.36 1e-07 0.1 512 resnet18
1.01 1.0 1.05 1.03 1.04 1.05 1.04 1.03 1.07 1.05 1.04 1.06 1.04 1.02 1.03 1.03 1.03 1.05 1.04 1.05 1.05 79.14 1e-05 0.1 512 resnet18
1.01 1.04 1.05 1.04 1.05 1.05 1.05 1.09 1.06 1.07 1.07 1.09 1.09 1.06 1.06 1.08 1.05 1.06 1.06 1.07 1.09 80.13 1e-06 0.1 512 resnet18
1.01 1.13 1.18 1.1 1.12 1.1 1.09 1.09 1.1 1.11 1.12 1.09 1.13 1.09 1.11 1.1 1.12 1.17 1.12 1.09 1.11 76.81 1e-05 0.01 1024 resnet18
1.01 1.07 1.05 1.04 1.02 1.04 1.04 1.03 1.03 1.04 1.02 1.01 1.03 1.04 1.01 1.04 1.03 1.02 1.03 1.03 1.03 84.22 1e-07 0.1 256 resnet18
1.01 1.26 1.32 1.22 1.45 1.29 1.33 1.29 1.29 1.24 1.31 1.35 1.27 1.34 1.38 1.23 1.21 1.26 1.35 1.34 1.34 68.37 1e-05 0.001 512 resnet18
1.01 1.1 1.09 1.29 1.18 1.22 1.25 1.26 1.24 1.24 1.27 1.28 1.21 1.31 1.25 1.36 1.26 1.27 1.27 1.27 1.26 64.42 1e-05 0.001 1024 resnet18
1.01 1.16 1.25 1.17 1.2 1.22 1.28 1.26 1.25 1.26 1.25 1.26 1.28 1.25 1.26 1.27 1.25 1.31 1.26 1.39 1.31 64.63 1e-06 0.001 1024 resnet18
1.01 1.18 1.02 1.04 1.06 1.04 1.03 1.05 1.05 1.04 1.05 1.04 1.04 1.05 1.04 1.07 1.04 1.04 1.04 1.05 1.06 76.7 1e-06 0.01 1024 resnet18
1.01 1.09 1.12 1.22 1.07 1.12 1.1 1.08 1.19 1.1 1.08 1.08 1.08 1.15 1.09 1.11 1.15 1.09 1.08 1.11 1.12 76.57 1e-07 0.01 1024 resnet18
1.01 1.22 1.14 1.07 1.07 1.11 1.11 1.1 1.09 1.06 1.08 1.16 1.17 1.11 1.17 1.23 1.14 1.17 1.1 1.08 1.11 73.08 1e-06 0.001 256 resnet18
1.01 1.18 1.35 1.18 1.11 1.16 1.17 1.23 1.14 1.16 1.17 1.21 1.19 1.12 1.14 1.15 1.13 1.2 1.32 1.14 1.16 63.98 1e-07 0.001 1024 resnet18
1.01 1.11 1.2 1.2 1.14 1.26 1.22 1.22 1.14 1.23 1.19 1.23 1.2 1.23 1.26 1.21 1.23 1.15 1.29 1.21 1.3 68.64 1e-07 0.001 512 resnet18
1.0 1.1 1.03 1.07 1.08 1.05 1.1 1.09 1.06 1.15 1.06 1.05 1.07 1.04 1.03 1.04 1.04 1.08 1.04 1.07 1.06 76.32 1e-06 0.1 256 MobileNet
1.0 1.05 1.1 1.04 1.11 1.02 1.12 1.03 1.03 1.12 1.04 1.06 1.01 1.03 1.05 1.06 1.05 1.05 1.07 1.07 1.06 71.72 1e-06 0.1 512 MobileNet
1.0 1.11 1.11 1.11 1.08 1.14 1.08 1.06 1.09 1.07 1.09 1.13 1.18 1.08 1.13 1.11 1.13 1.11 1.12 1.11 1.1 74.07 1e-05 0.1 512 MobileNet
1.01 1.09 1.15 1.22 1.21 1.17 1.28 1.22 1.2 1.14 1.18 1.16 1.23 1.17 1.19 1.25 1.23 1.16 1.22 1.18 1.24 68.06 1e-06 0.001 512 resnet18
1.03 1.02 1.02 1.03 1.11 1.04 1.11 1.04 1.04 1.01 1.03 1.03 1.02 1.03 1.03 1.04 1.04 1.04 1.03 1.03 1.03 84.85 1e-06 0.1 256 resnet18
1.0 1.06 1.29 1.13 1.16 1.07 1.09 1.1 1.12 1.03 1.05 1.05 1.07 1.07 1.09 1.05 1.06 1.07 1.03 1.09 1.03 66.63 1e-05 0.1 1024 MobileNet
1.01 1.15 1.34 1.24 1.24 1.41 1.27 1.27 1.37 1.19 1.31 1.38 1.3 1.44 1.32 1.34 1.33 1.24 1.38 1.27 1.37 73.09 1e-07 0.001 256 resnet18
1.03 1.03 1.09 1.07 1.05 1.09 1.18 1.04 1.07 1.06 1.09 1.09 1.07 1.09 1.14 1.07 1.07 1.08 1.07 1.07 1.07 81.08 1e-05 0.1 1024 resnet18
1.0 1.1 1.22 1.05 1.04 1.05 1.05 1.05 1.19 1.15 1.05 1.02 1.04 1.04 1.08 1.03 1.08 1.15 1.12 1.04 1.05 67.96 1e-07 0.1 1024 MobileNet
1.0 1.08 1.17 1.41 1.14 1.14 1.19 1.18 1.09 1.07 1.11 1.16 1.11 1.19 1.09 1.1 1.12 1.13 1.08 1.1 1.1 72.73 1e-07 0.1 512 MobileNet
1.0 1.09 1.07 1.11 1.09 1.04 1.1 1.14 1.09 1.06 1.21 1.06 1.14 1.06 1.1 1.06 1.12 1.27 1.04 1.06 1.06 74.97 1e-05 0.1 256 MobileNet
1.03 1.04 1.03 1.02 1.02 1.01 1.01 1.0 1.01 1.01 1.01 1.01 1.01 1.01 1.01 1.01 1.01 1.01 1.01 1.01 1.01 81.64 1e-06 0.1 1024 resnet18
1.01 1.06 1.04 1.05 1.03 1.04 1.03 1.06 1.03 1.13 1.07 1.04 1.04 1.03 1.05 1.05 1.07 1.07 1.04 1.04 1.04 83.64 1e-05 0.01 256 resnet18
1.01 1.03 1.04 1.04 1.04 1.04 1.03 1.02 1.03 1.03 1.02 1.03 1.03 1.03 1.03 1.02 1.02 1.03 1.02 1.02 1.02 80.5 1e-05 0.01 512 resnet18
1.03 1.14 1.06 1.07 1.11 1.07 1.09 1.09 1.09 1.08 1.09 1.09 1.08 1.07 1.08 1.08 1.08 1.08 1.08 1.09 1.08 80.42 1e-07 0.01 512 resnet18
1.0 1.21 1.09 1.18 1.13 1.13 1.12 1.23 1.11 1.25 1.17 1.07 1.08 1.39 1.14 1.23 1.12 1.1 1.15 1.13 1.07 65.11 1e-07 0.01 512 MobileNet
1.03 1.06 1.07 1.07 1.08 1.11 1.13 1.08 1.06 1.13 1.07 1.06 1.05 1.08 1.08 1.09 1.06 1.13 1.06 1.1 1.06 76.06 1e-06 0.01 1024 resnet18
1.0 1.32 1.3 1.22 1.31 1.41 1.3 1.27 1.23 1.38 1.34 1.3 1.28 1.25 1.33 1.41 1.33 1.3 1.37 1.31 1.3 59.36 1e-05 0.01 1024 MobileNet
1.01 1.03 1.02 1.03 1.05 1.04 1.04 1.04 1.04 1.04 1.03 1.03 1.03 1.03 1.03 1.03 1.03 1.03 1.03 1.03 1.03 83.42 1e-06 0.01 256 resnet18
1.01 1.03 1.03 1.04 1.02 1.02 1.02 1.03 1.02 1.03 1.02 1.02 1.03 1.02 1.03 1.03 1.03 1.03 1.03 1.03 1.03 80.6 1e-07 0.01 512 resnet18
1.01 1.05 1.04 1.03 1.02 1.04 1.01 1.04 1.04 1.03 1.05 1.02 1.02 1.03 1.06 1.04 1.03 1.05 1.08 1.12 1.05 83.44 1e-07 0.01 256 resnet18
1.0 1.34 1.35 1.14 1.24 1.14 1.13 1.17 1.15 1.16 1.15 1.16 1.08 1.15 1.13 1.15 1.1 1.1 1.14 1.15 1.1 58.58 1e-07 0.01 1024 MobileNet
1.0 1.09 1.18 1.2 1.04 1.06 1.11 1.1 1.16 1.09 1.05 1.11 1.06 1.15 1.08 1.1 1.08 1.06 1.12 1.1 1.05 68.03 1e-06 0.1 1024 MobileNet
1.03 1.04 1.0 1.05 1.03 1.04 1.05 1.04 1.04 1.04 1.03 1.03 1.03 1.06 1.04 1.03 1.04 1.04 1.04 1.03 1.05 83.15 1e-07 0.1 512 resnet18
1.03 1.05 1.12 1.11 1.21 1.19 1.18 1.17 1.12 1.11 1.12 1.11 1.16 1.15 1.13 1.1 1.11 1.11 1.12 1.1 1.1 76.34 1e-05 0.01 1024 resnet18
1.03 1.08 1.06 1.02 1.02 1.05 1.01 1.02 1.01 1.0 1.01 1.01 1.01 1.01 1.01 1.01 1.01 1.01 1.01 1.01 1.01 81.5 1e-07 0.1 1024 resnet18
1.03 1.05 1.06 1.07 1.07 1.07 1.17 1.08 1.08 1.07 1.09 1.1 1.07 1.1 1.07 1.08 1.08 1.09 1.07 1.08 1.07 84.58 1e-07 0.1 256 resnet18
1.0 1.05 1.1 1.1 1.15 1.06 1.11 1.05 1.07 1.07 1.11 1.14 1.16 1.18 1.19 1.12 1.11 1.08 1.05 1.17 1.15 75.83 1e-07 0.1 256 MobileNet
1.0 1.2 1.29 1.51 1.2 1.16 1.25 1.29 1.21 1.28 1.28 1.34 1.34 1.28 1.35 1.22 1.43 1.23 1.45 1.28 1.41 60.78 1e-06 0.01 1024 MobileNet
1.0 2.29 1.75 1.63 2.06 1.74 1.77 1.63 1.78 1.93 1.52 1.9 1.77 1.8 1.85 1.83 1.84 1.87 1.74 1.79 1.82 50.06 1e-07 0.001 512 MobileNet
1.0 2.65 1.9 2.05 1.95 1.78 1.97 1.76 1.82 1.85 2.17 1.94 1.93 1.84 1.9 1.85 1.86 1.76 1.79 2.07 1.85 51.36 1e-06 0.001 512 MobileNet
1.03 1.11 1.06 1.06 1.07 1.08 1.05 1.08 1.1 1.06 1.06 1.08 1.06 1.07 1.05 1.06 1.05 1.06 1.05 1.09 1.05 80.68 1e-05 0.01 512 resnet18
1.03 1.12 1.06 1.03 1.03 1.02 1.04 1.03 1.05 1.03 1.01 1.06 1.04 1.05 1.01 1.05 1.04 1.04 1.01 1.0 1.0 85.56 1e-05 0.1 256 resnet18
1.0 1.61 1.47 1.39 1.41 1.44 1.7 1.41 1.43 1.76 1.56 1.35 1.26 1.33 1.5 1.58 1.49 1.42 1.44 1.37 1.43 57.42 1e-07 0.001 256 MobileNet
1.03 1.04 1.03 1.06 1.05 1.02 1.05 1.03 1.04 1.01 1.07 1.02 1.02 1.17 1.02 1.11 1.02 1.02 1.03 1.07 1.03 82.82 1e-06 0.1 512 resnet18
1.0 1.31 1.08 1.04 1.4 1.12 1.16 1.08 1.1 1.12 1.28 1.11 1.07 1.11 1.13 1.09 1.34 1.29 1.34 1.15 1.18 67.31 1e-06 0.01 256 MobileNet
1.01 1.21 1.1 1.08 1.16 1.11 1.18 1.12 1.13 1.08 1.08 1.11 1.09 1.07 1.08 1.06 1.07 1.1 1.06 1.1 1.08 72.99 1e-05 0.001 256 resnet18
1.0 1.28 1.16 1.08 1.08 1.13 1.08 1.21 1.15 1.13 1.21 1.12 1.22 1.09 1.12 1.13 1.13 1.1 1.12 1.14 1.14 67.15 1e-05 0.01 256 MobileNet
1.0 4.44 2.78 2.52 2.43 2.87 2.56 2.69 2.44 2.59 2.65 2.67 2.56 2.61 2.48 2.77 2.63 2.57 2.51 2.53 2.85 43.38 1e-06 0.001 1024 MobileNet
1.0 3.97 2.5 2.42 2.59 2.56 2.63 2.39 2.39 2.48 2.5 2.2 2.84 2.61 2.69 2.43 2.43 2.48 2.4 2.52 2.4 42.71 1e-05 0.001 1024 MobileNet
1.0 4.32 2.93 2.42 2.2 2.96 2.78 2.71 2.78 3.06 2.85 2.88 2.78 2.71 2.68 2.68 2.52 2.65 2.73 2.8 2.85 44.4 1e-07 0.001 1024 MobileNet
1.03 1.04 1.06 1.02 1.03 1.03 1.04 1.04 1.04 1.04 1.04 1.04 1.04 1.04 1.04 1.04 1.03 1.03 1.04 1.03 1.04 81.31 1e-05 0.1 512 resnet18
1.0 1.07 1.08 1.07 1.04 1.16 1.15 1.15 1.16 1.18 1.15 1.11 1.07 1.15 1.07 1.07 1.06 1.1 1.17 1.28 1.14 67.18 1e-06 0.1 1024 MobileNet
1.0 1.54 1.5 1.36 1.49 1.5 1.4 1.43 1.49 1.42 1.55 1.54 1.75 1.5 1.41 1.78 1.71 1.48 1.67 1.61 1.52 57.68 1e-05 0.001 256 MobileNet
1.0 1.21 1.08 1.1 1.11 1.16 1.1 1.11 1.13 1.09 1.14 1.18 1.15 1.13 1.11 1.19 1.1 1.2 1.11 1.09 1.15 68.89 1e-07 0.01 256 MobileNet
1.03 1.1 1.16 1.14 1.25 1.13 1.22 1.21 1.33 1.25 1.28 1.29 1.16 1.16 1.26 1.21 1.29 1.3 1.3 1.21 1.21 66.96 1e-06 0.001 512 resnet18
1.0 1.17 1.14 1.06 1.08 1.06 1.05 1.04 1.04 1.19 1.07 1.05 1.07 1.05 1.03 1.06 1.07 1.05 1.06 1.05 1.11 64.49 1e-07 0.01 512 MobileNet
1.03 1.27 1.28 1.32 1.21 1.24 1.32 1.36 1.34 1.34 1.25 1.31 1.28 1.3 1.29 1.33 1.37 1.5 1.34 1.27 1.25 67.6 1e-07 0.001 512 resnet18
1.03 1.07 1.07 1.09 1.08 1.09 1.09 1.1 1.12 1.1 1.11 1.1 1.12 1.11 1.11 1.1 1.12 1.12 1.1 1.08 1.11 83.46 1e-06 0.01 256 resnet18
1.0 1.13 1.06 1.07 1.1 1.12 1.06 1.13 1.13 1.3 1.19 1.13 1.06 1.07 1.14 1.18 1.21 1.05 1.16 1.07 1.19 69.37 1e-05 0.1 1024 MobileNet
1.03 1.14 1.22 1.22 1.28 1.28 1.22 1.32 1.25 1.25 1.37 1.33 1.3 1.27 1.31 1.33 1.21 1.42 1.34 1.35 1.29 72.02 1e-07 0.001 256 resnet18
1.0 1.08 1.09 1.03 1.11 1.04 1.08 1.01 1.14 1.02 1.07 1.03 1.01 1.13 1.13 1.04 1.01 1.05 1.02 1.04 1.19 76.8 1e-07 0.1 256 MobileNet
1.0 1.37 1.28 1.17 1.22 1.22 1.3 1.16 1.25 1.37 1.23 1.22 1.24 1.33 1.21 1.14 1.24 1.18 1.21 1.24 1.31 60.07 1e-05 0.01 1024 MobileNet
1.0 1.05 1.06 1.05 1.08 1.07 1.07 1.14 1.09 1.08 1.08 1.1 1.06 1.09 1.1 1.08 1.07 1.07 1.11 1.14 1.07 67.96 1e-07 0.1 1024 MobileNet
1.0 1.24 1.2 1.32 1.19 1.2 1.26 1.32 1.22 1.27 1.23 1.29 1.42 1.28 1.38 1.28 1.37 1.47 1.24 1.34 1.33 60.38 1e-06 0.01 1024 MobileNet
1.0 1.43 1.36 1.3 1.09 1.11 1.12 1.15 1.27 1.25 1.24 1.13 1.17 1.4 1.36 1.2 1.16 1.15 1.22 1.24 1.21 60.67 1e-07 0.01 1024 MobileNet
1.03 1.34 1.2 1.17 1.16 1.33 1.17 1.27 1.29 1.16 1.26 1.14 1.22 1.23 1.16 1.18 1.18 1.22 1.17 1.28 1.21 67.66 1e-05 0.001 512 resnet18
1.0 3.0 1.5 1.76 1.64 1.81 1.85 1.89 1.85 1.79 1.9 1.67 1.77 1.62 1.79 1.77 1.82 1.93 1.74 1.89 1.85 50.08 1e-05 0.001 512 MobileNet
1.03 1.05 1.06 1.08 1.1 1.05 1.07 1.06 1.12 1.06 1.06 1.06 1.06 1.08 1.06 1.06 1.05 1.06 1.06 1.1 1.08 80.84 1e-06 0.01 512 resnet18
1.0 1.34 1.03 1.23 1.05 1.1 1.27 1.09 1.08 1.05 1.12 1.17 1.04 1.1 1.03 1.06 1.05 1.06 1.04 1.1 1.15 69.07 1e-05 0.01 256 MobileNet
1.03 1.03 1.02 1.04 1.03 1.03 1.04 1.04 1.07 1.17 1.05 1.05 1.05 1.04 1.05 1.05 1.09 1.06 1.07 1.07 1.06 82.83 1e-05 0.01 256 resnet18
1.03 1.12 1.1 1.19 1.11 1.19 1.09 1.18 1.09 1.09 1.1 1.1 1.09 1.09 1.1 1.09 1.1 1.1 1.09 1.1 1.1 76.52 1e-07 0.01 1024 resnet18
1.03 1.06 1.04 1.04 1.01 1.02 1.02 1.01 1.03 1.04 1.02 1.02 1.02 1.02 1.01 1.02 1.03 1.02 1.02 1.01 1.01 83.26 1e-07 0.01 256 resnet18
1.0 1.77 1.56 1.34 1.45 1.51 1.27 1.47 1.52 1.25 1.48 1.36 1.46 1.29 1.24 1.37 1.43 1.44 1.26 1.43 1.42 57.39 1e-06 0.001 256 MobileNet
1.03 1.19 1.15 1.15 1.14 1.13 1.14 1.14 1.18 1.21 1.22 1.12 1.12 1.27 1.12 1.22 1.13 1.27 1.15 1.19 1.14 71.58 1e-05 0.001 256 resnet18
1.0 1.23 1.18 1.07 1.09 1.12 1.13 1.17 1.13 1.17 1.09 1.16 1.09 1.12 1.13 1.11 1.13 1.13 1.21 1.1 1.21 64.71 1e-06 0.01 512 MobileNet
1.0 1.21 1.1 1.06 1.07 1.09 1.09 1.22 1.06 1.06 1.02 1.07 1.12 1.06 1.05 1.05 1.06 1.04 1.07 1.05 1.06 76.49 1e-06 0.1 256 MobileNet
1.0 1.06 1.13 1.05 1.06 1.08 1.05 1.11 1.06 1.05 1.1 1.06 1.05 1.06 1.04 1.02 1.09 1.04 1.03 1.12 1.12 77.13 1e-05 0.1 256 MobileNet
1.0 1.62 1.43 1.63 1.27 1.64 1.28 1.27 1.29 1.34 1.3 1.44 1.28 1.33 1.33 1.37 1.23 1.36 1.45 1.15 1.5 57.99 1e-06 0.001 256 MobileNet
1.0 4.83 2.62 2.04 2.2 2.58 2.47 2.32 2.42 2.54 2.66 2.33 2.31 2.5 2.41 2.52 2.49 2.46 2.63 2.32 2.51 45.4 1e-06 0.001 1024 MobileNet
1.0 3.92 2.77 2.1 1.9 2.44 2.38 2.28 2.62 2.16 2.2 2.22 2.4 2.33 2.12 2.15 2.18 2.27 2.22 2.25 2.25 44.92 1e-07 0.001 1024 MobileNet
1.0 1.09 1.18 1.09 1.25 1.28 1.16 1.22 1.12 1.16 1.08 1.11 1.18 1.28 1.27 1.16 1.12 1.18 1.08 1.18 1.26 63.62 1e-05 0.01 512 MobileNet
1.0 1.77 1.54 1.71 1.67 1.3 1.44 1.8 1.45 1.36 1.36 1.27 1.45 1.64 1.54 1.35 1.34 1.42 1.4 1.41 1.4 59.13 1e-05 0.001 256 MobileNet
1.0 1.16 1.14 1.07 1.07 1.13 1.07 1.09 1.2 1.14 1.06 1.05 1.02 1.1 1.05 1.06 1.02 1.08 1.06 1.1 1.07 68.81 1e-06 0.01 256 MobileNet
1.0 1.15 1.08 1.13 1.12 1.12 1.08 1.1 1.09 1.07 1.04 1.12 1.07 1.22 1.06 1.03 1.09 1.05 1.03 1.05 1.09 72.51 1e-06 0.1 512 MobileNet
1.0 1.27 1.21 1.18 1.12 1.11 1.1 1.25 1.19 1.09 1.18 1.17 1.14 1.17 1.12 1.11 1.2 1.23 1.11 1.16 1.13 69.62 1e-07 0.01 256 MobileNet
1.03 1.19 1.18 1.19 1.26 1.26 1.16 1.21 1.17 1.15 1.18 1.27 1.17 1.25 1.23 1.19 1.17 1.15 1.2 1.17 1.16 72.53 1e-06 0.001 256 resnet18
1.0 2.52 2.11 1.79 1.95 2.04 2.16 2.02 1.7 1.79 1.67 1.6 2.14 1.7 1.76 1.72 1.84 1.74 1.83 2.16 1.77 51.61 1e-06 0.001 512 MobileNet
1.0 1.09 1.12 1.15 1.14 1.07 1.06 1.09 1.02 1.08 1.05 1.1 1.1 1.03 1.03 1.28 1.08 1.04 1.16 1.08 1.21 73.2 1e-05 0.1 512 MobileNet
1.0 2.29 1.51 1.7 1.94 1.74 1.69 1.77 1.73 1.78 1.49 1.35 1.58 1.77 1.55 1.7 1.72 1.47 1.62 1.51 1.52 50.25 1e-07 0.001 512 MobileNet
1.0 4.51 3.05 2.29 2.19 2.65 2.02 2.1 2.47 2.08 2.16 2.14 2.42 2.0 2.08 2.23 2.12 2.15 1.96 1.96 2.13 43.97 1e-05 0.001 1024 MobileNet
1.0 2.53 1.6 2.01 1.81 1.76 1.76 1.73 1.81 1.8 1.7 1.72 1.57 1.58 1.71 1.7 1.72 1.7 1.77 1.7 1.73 51.36 1e-05 0.001 512 MobileNet
1.0 1.04 1.13 1.1 1.08 1.09 1.05 1.04 1.02 1.04 1.03 1.04 1.04 1.04 1.04 1.04 1.05 1.04 1.09 1.06 1.03 67.72 1e-05 0.1 1024 MobileNet
1.0 1.67 1.63 1.47 1.37 1.36 1.17 1.44 1.44 1.31 1.27 1.38 1.3 1.34 1.36 1.43 1.36 1.3 1.53 1.25 1.26 57.01 1e-07 0.001 256 MobileNet
1.0 1.27 1.36 1.07 1.08 1.17 1.11 1.09 1.13 1.09 1.11 1.15 1.28 1.13 1.21 1.09 1.09 1.1 1.14 1.21 1.15 66.62 1e-06 0.1 1024 MobileNet
1.0 1.09 1.05 1.07 1.05 1.1 1.03 1.06 1.06 1.03 1.1 1.05 1.1 1.18 1.13 1.02 1.02 1.09 1.1 1.1 1.06 74.56 1e-05 0.1 256 MobileNet
1.0 1.09 1.14 1.09 1.04 1.07 1.06 1.2 1.12 1.02 1.09 1.08 1.08 1.07 1.11 1.04 1.05 1.06 1.05 1.09 1.05 75.15 1e-07 0.1 256 MobileNet
1.0 1.05 1.03 1.07 1.1 1.07 1.12 1.15 1.19 1.05 1.06 1.11 1.12 1.35 1.23 1.17 1.09 1.1 1.22 1.15 1.16 74.16 1e-06 0.1 256 MobileNet
1.0 1.09 1.09 1.1 1.06 1.04 1.08 1.04 1.08 1.03 1.03 1.01 1.03 1.06 1.03 1.02 1.01 1.06 1.02 1.05 1.02 71.55 1e-07 0.1 512 MobileNet
1.0 1.18 1.1 1.3 1.13 1.12 1.15 1.1 1.13 1.14 1.11 1.08 1.16 1.22 1.32 1.09 1.12 1.1 1.12 1.12 1.11 68.2 1e-07 0.1 1024 MobileNet
1.0 1.24 1.43 1.16 1.29 1.35 1.17 1.23 1.54 1.39 1.15 1.15 1.33 1.15 1.29 1.23 1.27 1.17 1.16 1.26 1.26 63.43 1e-06 0.01 512 MobileNet
1.0 1.31 1.47 1.34 1.31 1.33 1.44 1.31 1.33 1.29 1.36 1.3 1.34 1.44 1.59 1.36 1.33 1.56 1.2 1.33 1.29 60.45 1e-05 0.01 1024 MobileNet
1.0 1.21 1.12 1.19 1.14 1.22 1.2 1.32 1.19 1.15 1.19 1.28 1.22 1.24 1.23 1.27 1.28 1.29 1.33 1.21 1.21 63.49 1e-05 0.01 512 MobileNet
1.0 1.12 1.17 1.1 1.29 1.15 1.19 1.39 1.11 1.3 1.49 1.24 1.2 1.14 1.24 1.09 1.19 1.18 1.28 1.15 1.2 65.2 1e-07 0.01 512 MobileNet
1.0 1.4 1.23 1.43 1.32 1.42 1.46 1.2 1.47 1.43 1.21 1.36 1.22 1.33 1.25 1.36 1.27 1.31 1.35 1.3 1.36 58.57 1e-06 0.01 1024 MobileNet
1.0 1.05 1.23 1.03 1.07 1.09 1.18 1.16 1.18 1.06 1.14 1.2 1.18 1.13 1.27 1.11 1.09 1.12 1.17 1.11 1.23 67.21 1e-05 0.01 256 MobileNet
1.0 1.72 1.26 1.25 1.22 1.44 1.4 1.3 1.28 1.4 1.35 1.3 1.4 1.37 1.37 1.36 1.42 1.53 1.36 1.35 1.4 58.08 1e-07 0.01 1024 MobileNet
1.0 1.2 1.23 1.15 1.08 1.05 1.25 1.28 1.11 1.15 1.11 1.06 1.17 1.15 1.14 1.13 1.27 1.12 1.12 1.07 1.1 68.53 1e-06 0.01 256 MobileNet
1.0 1.09 1.08 1.16 1.09 1.25 1.17 1.07 1.01 1.05 1.05 1.08 1.09 1.07 1.1 1.08 1.11 1.16 1.11 1.15 1.23 69.67 1e-07 0.01 256 MobileNet
1.0 1.67 1.65 1.58 1.63 1.6 1.44 1.46 1.54 1.56 1.5 1.51 1.65 1.59 1.51 1.61 1.48 1.63 1.48 1.44 1.48 59.51 1e-05 0.001 256 MobileNet
1.0 1.82 1.64 1.7 1.49 1.63 1.3 1.62 1.53 1.37 1.34 1.32 1.4 1.49 1.36 1.43 1.41 1.38 1.45 1.62 1.29 57.53 1e-06 0.001 256 MobileNet
1.0 1.82 1.73 1.4 1.43 1.71 1.57 1.45 1.81 1.42 1.45 1.56 1.76 1.61 1.4 1.43 1.45 1.54 1.43 1.44 1.43 57.7 1e-07 0.001 256 MobileNet
1.0 2.72 2.5 2.33 1.87 2.0 1.77 2.04 1.94 1.97 2.28 1.83 1.57 1.92 1.94 1.99 1.86 1.96 2.28 2.07 1.86 51.48 1e-05 0.001 512 MobileNet
1.0 2.65 1.84 2.13 2.2 1.78 1.85 1.72 1.78 1.7 1.79 1.72 1.76 1.8 1.76 1.82 1.72 1.79 1.65 1.81 1.85 51.97 1e-06 0.001 512 MobileNet
1.0 3.39 2.0 1.98 2.3 2.25 1.92 2.09 2.09 2.27 1.86 1.9 1.92 2.04 1.83 2.0 2.04 1.92 2.01 2.19 2.13 52.55 1e-07 0.001 512 MobileNet
1.0 5.92 3.04 2.97 2.78 3.05 3.07 2.85 3.04 2.88 2.78 2.63 3.01 3.01 2.68 2.75 2.79 2.92 2.87 2.77 2.57 44.37 1e-05 0.001 1024 MobileNet
1.0 6.19 3.5 2.56 2.54 2.76 2.83 2.88 2.71 2.49 2.74 2.96 2.86 2.82 2.71 2.84 3.01 3.0 2.75 2.79 2.9 45.73 1e-06 0.001 1024 MobileNet
1.0 4.78 3.13 2.45 2.14 2.78 2.66 2.48 2.72 2.71 2.5 2.75 2.73 2.84 2.66 2.87 2.58 2.93 2.7 2.83 2.59 45.12 1e-07 0.001 1024 MobileNet
1.0 1.1 1.06 1.16 1.05 1.06 1.05 1.03 1.04 1.03 1.04 1.06 1.02 1.09 1.02 1.03 1.03 1.03 1.04 1.06 1.06 81.51 1e-05 0.1 1024 SimpleDLA
1.0 1.08 1.08 1.05 1.07 1.06 1.07 1.06 1.07 1.06 1.07 1.07 1.07 1.08 1.08 1.1 1.05 1.07 1.11 1.09 1.05 82.47 1e-06 0.1 1024 SimpleDLA
1.0 1.11 1.09 1.08 1.05 1.05 1.07 1.04 1.09 1.05 1.07 1.05 1.07 1.05 1.06 1.04 1.04 1.05 1.05 1.05 1.05 85.08 1e-05 0.1 256 SimpleDLA
1.0 1.06 1.07 1.04 1.11 1.06 1.06 1.06 1.06 1.06 1.08 1.06 1.05 1.06 1.06 1.08 1.06 1.06 1.08 1.06 1.06 84.27 1e-06 0.1 512 SimpleDLA
1.0 1.05 1.05 1.0 1.01 1.01 1.02 1.02 1.04 1.03 1.03 1.04 1.03 1.04 1.03 1.03 1.03 1.04 1.04 1.04 1.04 84.34 1e-05 0.1 512 SimpleDLA
1.0 1.07 1.09 1.07 1.12 1.09 1.09 1.11 1.06 1.1 1.12 1.08 1.1 1.09 1.11 1.1 1.09 1.13 1.24 1.11 1.09 84.91 1e-06 0.1 256 SimpleDLA
1.0 1.08 1.04 1.04 1.07 1.04 1.1 1.05 1.06 1.06 1.05 1.05 1.06 1.07 1.05 1.08 1.07 1.05 1.04 1.09 1.1 84.2 1e-07 0.1 512 SimpleDLA
1.0 1.08 1.06 1.04 1.05 1.07 1.04 1.05 1.04 1.04 1.04 1.06 1.04 1.05 1.05 1.09 1.07 1.05 1.05 1.07 1.08 82.35 1e-07 0.1 1024 SimpleDLA
1.0 1.06 1.06 1.05 1.03 1.05 1.04 1.04 1.03 1.03 1.05 1.05 1.04 1.03 1.02 1.03 1.04 1.03 1.02 1.05 1.03 83.49 1e-07 0.1 256 SimpleDLA
1.0 1.14 1.08 1.15 1.21 1.29 1.1 1.12 1.11 1.16 1.19 1.15 1.25 1.14 1.32 1.09 1.11 1.12 1.15 1.11 1.08 77.31 1e-07 0.01 1024 SimpleDLA
1.0 1.12 1.33 1.14 1.25 1.13 1.23 1.18 1.13 1.1 1.2 1.12 1.12 1.17 1.16 1.24 1.14 1.17 1.27 1.19 1.4 72.32 1e-05 0.001 256 SimpleDLA
1.0 1.1 1.11 1.04 1.07 1.02 1.03 1.03 1.04 1.04 1.06 1.03 1.03 1.05 1.07 1.04 1.05 1.04 1.06 1.02 1.09 84.34 1e-06 0.01 256 SimpleDLA
1.0 1.18 1.17 1.11 1.17 1.11 1.12 1.21 1.12 1.11 1.11 1.12 1.15 1.11 1.18 1.2 1.15 1.17 1.13 1.26 1.16 77.81 1e-05 0.01 1024 SimpleDLA
1.0 1.17 1.12 1.11 1.08 1.08 1.08 1.08 1.11 1.12 1.13 1.09 1.12 1.09 1.08 1.08 1.09 1.12 1.15 1.1 1.13 81.37 1e-05 0.01 512 SimpleDLA
1.0 1.04 1.1 1.08 1.09 1.1 1.11 1.12 1.09 1.1 1.15 1.11 1.17 1.09 1.09 1.1 1.07 1.13 1.13 1.08 1.11 83.76 1e-05 0.01 256 SimpleDLA
1.0 1.1 1.22 1.16 1.17 1.19 1.09 1.1 1.14 1.1 1.19 1.13 1.1 1.34 1.09 1.12 1.14 1.11 1.14 1.14 1.13 76.31 1e-06 0.01 1024 SimpleDLA
1.0 1.04 1.1 1.02 1.02 1.09 1.09 1.02 1.05 1.03 1.05 1.02 1.03 1.08 1.03 1.02 1.02 1.03 1.07 1.03 1.02 83.89 1e-07 0.01 256 SimpleDLA
1.0 1.09 1.1 1.06 1.06 1.13 1.08 1.09 1.1 1.09 1.14 1.07 1.11 1.11 1.08 1.08 1.11 1.11 1.11 1.09 1.14 81.6 1e-07 0.01 512 SimpleDLA
1.0 1.06 1.07 1.03 1.06 1.01 1.04 1.03 1.04 1.05 1.08 1.09 1.04 1.15 1.05 1.04 1.05 1.05 1.05 1.05 1.03 83.85 1e-06 0.1 256 SimpleDLA
1.0 1.05 1.03 1.04 1.04 1.04 1.05 1.05 1.08 1.05 1.04 1.09 1.06 1.09 1.08 1.08 1.07 1.1 1.04 1.04 1.06 82.7 1e-05 0.1 1024 SimpleDLA
1.0 1.06 1.07 1.04 1.07 1.06 1.06 1.04 1.05 1.04 1.04 1.03 1.05 1.04 1.05 1.04 1.05 1.04 1.03 1.08 1.02 84.3 1e-06 0.1 512 SimpleDLA
1.0 1.33 1.24 1.23 1.16 1.19 1.12 1.15 1.22 1.21 1.15 1.2 1.18 1.15 1.18 1.28 1.33 1.2 1.17 1.33 1.3 72.83 1e-06 0.001 256 SimpleDLA
1.0 1.21 1.4 1.22 1.4 1.26 1.29 1.28 1.32 1.28 1.38 1.27 1.33 1.46 1.3 1.3 1.31 1.4 1.42 1.35 1.43 64.62 1e-07 0.001 512 SimpleDLA
1.0 1.06 1.06 1.09 1.09 1.07 1.09 1.07 1.08 1.08 1.1 1.06 1.09 1.08 1.08 1.07 1.09 1.07 1.06 1.08 1.08 82.61 1e-06 0.01 512 SimpleDLA
1.0 1.52 1.41 1.37 1.41 1.41 1.33 1.33 1.24 1.36 1.26 1.4 1.29 1.32 1.4 1.35 1.35 1.43 1.37 1.49 1.33 62.85 1e-06 0.001 512 SimpleDLA
1.0 1.08 1.01 1.03 1.03 1.03 1.03 1.02 1.02 1.02 1.03 1.02 1.02 1.03 1.03 1.03 1.03 1.02 1.02 1.04 1.02 84.08 1e-07 0.1 512 SimpleDLA
1.0 1.2 1.45 1.48 1.52 1.48 1.46 1.44 1.58 1.59 1.47 1.46 1.64 1.64 1.46 1.51 1.42 1.54 1.65 1.5 1.42 62.61 1e-05 0.001 512 SimpleDLA
1.0 1.03 1.07 1.15 1.22 1.1 1.09 1.03 1.03 1.09 1.02 1.06 1.06 1.04 1.04 1.07 1.03 1.07 1.03 1.05 1.05 83.56 1e-06 0.01 256 SimpleDLA
1.0 1.2 1.36 1.29 1.24 1.18 1.26 1.2 1.29 1.24 1.23 1.2 1.21 1.23 1.3 1.25 1.22 1.26 1.35 1.25 1.26 63.96 1e-07 0.001 512 SimpleDLA
1.0 1.16 1.03 1.07 1.05 1.03 1.08 1.08 1.09 1.08 1.08 1.06 1.06 1.08 1.07 1.09 1.06 1.08 1.1 1.07 1.08 83.52 1e-07 0.01 256 SimpleDLA
1.0 1.06 1.1 1.07 1.07 1.08 1.07 1.08 1.07 1.06 1.05 1.05 1.06 1.08 1.06 1.07 1.11 1.11 1.07 1.08 1.06 84.08 1e-05 0.01 256 SimpleDLA
1.0 1.24 1.14 1.23 1.18 1.25 1.18 1.22 1.38 1.16 1.17 1.24 1.24 1.2 1.27 1.15 1.3 1.33 1.27 1.21 1.24 71.16 1e-07 0.001 256 SimpleDLA
1.0 1.06 1.02 1.05 1.04 1.04 1.04 1.09 1.12 1.04 1.03 1.05 1.01 1.04 1.02 1.03 1.04 1.07 1.03 1.02 1.05 84.34 1e-06 0.01 256 SimpleDLA
1.0 1.02 1.04 1.05 1.06 1.1 1.08 1.11 1.08 1.11 1.07 1.16 1.07 1.14 1.11 1.11 1.08 1.12 1.13 1.09 1.11 83.55 1e-05 0.1 256 SimpleDLA
1.0 1.11 1.05 1.03 1.11 1.07 1.06 1.1 1.11 1.14 1.08 1.06 1.04 1.06 1.08 1.13 1.06 1.08 1.1 1.08 1.07 80.71 1e-05 0.01 512 SimpleDLA
1.0 1.13 1.04 1.07 1.05 1.05 1.07 1.06 1.05 1.06 1.07 1.07 1.08 1.07 1.14 1.07 1.06 1.05 1.07 1.06 1.05 84.01 1e-07 0.01 256 SimpleDLA
1.0 1.17 1.18 1.21 1.17 1.28 1.26 1.14 1.21 1.22 1.27 1.17 1.23 1.16 1.18 1.25 1.22 1.15 1.22 1.18 1.23 73.51 1e-07 0.001 256 SimpleDLA
1.0 1.13 1.21 1.13 1.19 1.2 1.13 1.23 1.17 1.15 1.16 1.14 1.25 1.14 1.23 1.19 1.21 1.16 1.2 1.28 1.2 72.88 1e-06 0.001 256 SimpleDLA
1.0 1.07 1.02 1.06 1.05 1.05 1.05 1.06 1.05 1.06 1.09 1.08 1.03 1.04 1.07 1.08 1.06 1.04 1.04 1.05 1.07 84.01 1e-07 0.1 256 SimpleDLA
1.0 1.15 1.08 1.08 1.07 1.06 1.05 1.08 1.14 1.04 1.08 1.15 1.04 1.14 1.05 1.05 1.08 1.03 1.06 1.04 1.09 81.31 1e-06 0.01 512 SimpleDLA
1.0 1.21 1.23 1.31 1.3 1.13 1.17 1.16 1.11 1.15 1.24 1.29 1.12 1.2 1.13 1.13 1.15 1.15 1.22 1.13 1.14 73.75 1e-05 0.001 256 SimpleDLA
1.0 1.39 1.92 1.78 1.73 1.83 1.77 1.9 1.82 1.83 1.79 1.68 1.83 1.73 1.85 1.74 1.78 1.88 1.74 1.7 1.91 55.57 1e-05 0.001 1024 SimpleDLA
1.0 1.4 1.45 1.3 1.36 1.42 1.44 1.31 1.36 1.5 1.34 1.43 1.65 1.55 1.52 1.35 1.31 1.49 1.46 1.47 1.33 65.39 1e-07 0.001 512 SimpleDLA
1.0 1.16 1.11 1.22 1.11 1.15 1.16 1.12 1.18 1.2 1.1 1.15 1.13 1.15 1.12 1.1 1.16 1.13 1.12 1.22 1.1 72.87 1e-05 0.001 256 SimpleDLA
1.0 1.07 1.08 1.06 1.08 1.07 1.08 1.07 1.06 1.06 1.09 1.05 1.05 1.08 1.05 1.05 1.1 1.08 1.06 1.14 1.05 84.48 1e-07 0.1 256 SimpleDLA
1.0 1.09 1.11 1.07 1.05 1.06 1.06 1.03 1.04 1.08 1.05 1.07 1.04 1.07 1.05 1.04 1.05 1.04 1.03 1.04 1.03 85.19 1e-05 0.1 256 SimpleDLA
1.0 1.07 1.0 1.04 1.05 1.04 1.04 1.04 1.04 1.07 1.04 1.06 1.08 1.07 1.05 1.08 1.05 1.06 1.06 1.06 1.06 84.68 1e-06 0.1 256 SimpleDLA
1.0 1.05 1.07 1.06 1.09 1.04 1.05 1.1 1.07 1.11 1.1 1.09 1.07 1.08 1.07 1.05 1.04 1.08 1.04 1.1 1.08 83.65 1e-05 0.01 256 SimpleDLA
