1.79 1.04 3.08 3.36 3.08 3.17 3.13 3.0 2.83 3.08 2.86 2.77 2.91 2.82 2.82 2.83 2.9 2.91 2.88 2.92 2.9 79.64 1e-05 0.5 256 DPN92
1.79 1.01 3.01 3.59 3.22 3.2 3.35 3.22 3.17 3.1 3.22 3.29 3.24 3.28 3.19 3.16 3.18 3.15 3.14 3.24 3.16 80.46 1e-06 0.5 256 DPN92
1.79 3.35 3.16 2.93 3.19 3.27 3.15 3.12 3.13 3.22 3.2 3.12 3.11 3.09 3.22 3.07 3.16 3.12 3.12 3.13 3.14 80.72 1e-07 0.5 256 DPN92
1.79 2.77 3.18 2.79 3.01 2.94 2.85 2.86 2.92 2.93 2.84 2.92 2.95 2.97 2.93 2.94 2.98 2.96 3.0 2.97 2.99 82.4 1e-05 0.1 256 DPN92
1.79 2.87 2.85 2.69 2.92 2.81 2.92 2.81 2.7 3.02 2.79 2.84 2.88 2.88 2.78 2.88 2.86 2.81 2.94 2.96 2.92 83.19 1e-06 0.1 256 DPN92
1.79 3.02 3.12 3.12 2.9 2.75 2.84 2.89 2.84 2.85 2.98 2.78 2.9 2.96 2.85 2.86 2.81 2.86 2.79 2.84 2.83 80.09 1e-07 0.1 256 DPN92
1.79 3.0 2.88 2.97 2.76 2.94 2.88 2.83 2.95 2.94 2.83 2.84 2.77 3.0 2.86 2.97 2.84 2.84 2.84 2.84 2.89 83.96 1e-05 0.05 256 DPN92
1.79 2.89 3.08 3.21 2.91 3.03 3.09 2.99 3.02 3.03 2.91 3.06 3.02 3.06 3.01 3.11 3.02 3.04 3.02 2.99 2.99 81.6 1e-06 0.05 256 DPN92
1.79 3.3 3.28 3.06 3.09 3.23 3.12 3.15 3.08 3.1 3.1 3.05 3.11 3.08 3.12 3.08 3.14 3.15 3.13 3.13 3.12 80.12 1e-05 0.01 256 DPN92
1.79 3.32 3.51 3.17 3.06 3.19 3.15 3.09 3.0 3.1 3.07 3.04 3.06 3.09 3.14 3.17 3.07 3.14 3.17 3.06 3.04 79.46 1e-06 0.01 256 DPN92
1.79 3.35 3.22 3.13 3.05 3.27 3.21 3.16 3.22 3.14 3.18 3.25 3.1 3.13 3.23 3.13 3.11 3.2 3.14 3.16 3.09 80.15 1e-07 0.01 256 DPN92
1.79 3.65 3.54 3.73 3.59 3.67 3.66 3.66 3.6 3.67 3.73 3.7 3.6 3.64 3.66 3.66 3.62 3.65 3.58 3.61 3.72 75.46 1e-05 0.005 256 DPN92
1.79 3.75 3.93 3.75 3.72 3.82 3.75 3.78 3.69 3.71 3.73 3.64 3.74 3.6 3.73 3.65 3.71 3.65 3.73 3.78 3.8 73.77 1e-06 0.005 256 DPN92
1.79 3.72 3.74 4.04 3.98 3.81 3.77 3.87 3.76 3.8 3.81 3.8 3.83 3.84 3.85 3.84 3.9 3.89 3.95 3.84 3.89 75.2 1e-07 0.005 256 DPN92
1.79 5.28 6.06 6.1 5.86 5.29 5.44 5.63 5.32 5.47 5.37 5.62 5.42 5.62 5.49 5.59 5.58 5.64 5.58 5.44 5.6 67.09 1e-05 0.001 256 DPN92
1.79 4.89 6.04 5.94 5.35 5.28 5.9 5.81 5.69 5.64 5.44 5.42 5.38 5.6 5.65 5.65 5.47 5.71 5.65 5.47 5.53 67.25 1e-06 0.001 256 DPN92
1.0 3.11 2.99 3.25 3.13 3.13 3.18 3.13 3.0 2.99 3.03 3.12 3.23 3.09 3.13 3.14 3.14 3.19 3.12 3.21 3.1 78.57 1e-05 0.5 256 DPN92
1.0 2.96 3.53 3.75 3.56 3.62 3.62 3.55 3.63 3.76 3.44 3.43 3.49 3.46 3.5 3.49 3.37 3.53 3.46 3.45 3.57 76.03 1e-06 0.5 256 DPN92
1.0 3.47 3.62 3.13 3.26 3.12 3.07 3.1 3.37 3.29 3.2 3.41 3.3 3.23 3.28 3.28 3.25 3.32 3.3 3.29 3.21 79.72 1e-07 0.5 256 DPN92
1.0 3.09 3.25 3.31 3.15 3.22 3.16 3.17 3.08 3.04 3.08 3.11 3.09 3.15 3.12 3.09 3.17 3.1 3.08 3.05 3.07 76.44 1e-05 0.1 256 DPN92
1.0 3.21 2.98 3.03 2.99 3.16 3.09 3.05 2.99 2.99 3.06 3.05 3.03 3.06 3.08 2.95 3.17 3.11 3.09 2.99 3.07 80.78 1e-06 0.1 256 DPN92
1.0 3.43 3.36 3.31 3.49 3.24 3.29 3.07 3.21 3.29 3.19 3.25 3.25 3.17 3.18 3.21 3.13 3.16 3.12 3.2 3.11 78.87 1e-07 0.1 256 DPN92
1.0 2.95 3.14 3.21 3.12 3.09 2.96 3.02 2.97 3.08 3.04 3.2 3.22 3.07 3.16 3.14 3.15 3.19 3.16 3.19 3.11 80.13 1e-05 0.05 256 DPN92
1.0 3.52 3.4 3.31 3.58 3.43 3.36 3.56 3.22 3.25 3.34 3.23 3.17 3.24 3.22 3.3 3.21 3.3 3.25 3.41 3.22 74.8 1e-06 0.05 256 DPN92
1.0 3.37 3.23 3.16 3.0 3.07 3.11 3.19 3.09 3.19 3.18 3.15 3.19 3.2 3.23 3.22 3.14 3.22 3.14 3.14 3.17 80.57 1e-05 0.01 256 DPN92
1.0 3.43 3.19 3.19 3.29 3.42 3.23 3.25 3.51 3.24 3.26 3.4 3.33 3.24 3.25 3.29 3.14 3.38 3.38 3.29 3.19 79.33 1e-06 0.01 256 DPN92
1.0 3.52 3.35 3.33 3.18 3.28 3.26 3.3 3.3 3.18 3.29 3.28 3.32 3.44 3.43 3.36 3.35 3.39 3.4 3.34 3.36 79.52 1e-07 0.01 256 DPN92
1.0 3.68 3.55 3.74 3.72 3.87 3.68 3.72 3.71 3.66 3.7 3.57 3.69 3.59 3.71 3.72 3.66 3.72 3.69 3.62 3.74 75.65 1e-05 0.005 256 DPN92
1.0 3.83 3.83 3.9 3.82 4.06 4.08 3.83 3.97 3.85 3.86 3.81 3.8 3.85 3.87 3.72 3.72 3.81 3.74 3.89 3.86 75.36 1e-06 0.005 256 DPN92
1.0 3.86 3.58 3.77 3.8 3.85 3.9 3.85 3.83 3.69 3.72 3.8 3.8 3.8 3.67 3.74 3.64 3.71 3.72 3.66 3.67 76.22 1e-07 0.005 256 DPN92
1.0 5.83 6.15 5.44 5.55 5.63 5.94 5.56 5.44 5.79 5.58 5.6 5.46 5.48 5.57 5.52 5.5 5.51 5.57 5.44 5.53 66.53 1e-05 0.001 256 DPN92
1.0 5.61 6.01 5.89 6.0 5.86 5.89 5.89 6.04 5.87 6.1 6.09 6.05 6.2 5.92 5.89 6.11 6.14 6.08 6.06 5.98 65.64 1e-06 0.001 256 DPN92
1.0 4.01 3.41 2.99 3.31 3.13 3.07 3.24 3.14 3.13 3.04 3.06 3.19 3.13 3.08 3.04 3.06 3.08 3.12 3.25 3.09 80.92 1e-06 0.5 256 DPN92
1.0 3.4 3.08 3.13 2.88 2.98 3.11 3.12 2.99 3.02 3.01 3.09 3.1 3.22 3.16 3.15 3.09 3.14 3.07 3.2 3.06 79.74 1e-07 0.5 256 DPN92
1.0 3.06 2.97 3.16 3.04 2.89 2.93 2.86 2.95 2.95 2.85 2.97 2.91 2.93 2.86 2.95 2.92 2.97 2.91 2.93 2.91 80.53 1e-05 0.1 256 DPN92
1.0 3.01 3.07 2.96 2.96 2.85 3.03 2.97 2.88 2.92 2.82 2.91 2.91 2.91 2.95 2.89 2.97 2.88 2.92 2.89 2.87 79.12 1e-06 0.1 256 DPN92
1.0 2.99 3.23 3.15 3.15 3.12 3.17 3.23 3.18 3.24 3.16 3.11 3.14 3.21 3.18 3.22 3.19 3.17 3.12 3.11 3.14 76.8 1e-07 0.1 256 DPN92
1.0 3.34 3.56 3.5 3.44 3.31 3.23 3.25 3.35 3.31 3.34 3.16 3.24 3.43 3.33 3.32 3.34 3.29 3.35 3.35 3.34 76.68 1e-05 0.1 1024 RegNetX_200MF
1.0 2.84 2.9 2.88 2.99 2.98 3.04 2.91 2.95 3.12 3.0 3.01 2.93 3.02 2.96 2.97 3.0 2.89 3.01 2.97 2.91 83.6 1e-05 0.1 256 RegNetX_200MF
1.0 2.74 3.05 3.05 2.96 2.94 2.82 2.84 2.9 2.82 2.95 2.87 2.78 2.8 2.84 2.79 2.79 2.79 2.82 2.85 2.81 81.28 1e-06 0.1 256 RegNetX_200MF
1.0 3.21 3.08 3.33 2.99 3.18 3.12 3.09 3.05 2.98 3.04 3.14 3.16 3.08 3.11 3.09 3.07 3.1 3.06 3.04 3.1 80.56 1e-05 0.1 512 RegNetX_200MF
1.0 3.28 3.43 3.64 3.59 3.64 3.52 3.61 3.79 3.69 3.81 3.73 3.66 3.69 3.66 3.6 3.59 3.66 3.63 3.71 3.55 76.21 1e-06 0.1 512 RegNetX_200MF
1.0 3.39 2.99 3.44 3.39 3.31 3.34 3.29 3.31 3.41 3.41 3.34 3.42 3.3 3.33 3.42 3.39 3.42 3.36 3.32 3.32 80.3 1e-07 0.1 512 RegNetX_200MF
1.0 3.17 2.91 3.21 2.89 2.98 2.97 2.97 2.97 3.13 2.96 3.13 3.02 2.94 3.02 2.99 2.94 3.03 2.93 2.98 3.06 82.35 1e-07 0.1 256 RegNetX_200MF
1.0 3.59 3.53 3.54 3.24 3.38 3.26 3.32 3.33 3.36 3.33 3.34 3.36 3.35 3.33 3.37 3.37 3.34 3.35 3.36 3.38 75.37 1e-07 0.1 1024 RegNetX_200MF
1.0 3.53 3.26 3.3 3.51 3.38 3.42 3.61 3.54 3.56 3.51 3.6 3.51 3.56 3.61 3.55 3.58 3.56 3.49 3.52 3.61 77.57 1e-06 0.1 1024 RegNetX_200MF
1.0 4.04 4.01 3.94 3.71 3.89 3.79 3.95 3.82 3.83 3.78 3.68 3.86 3.89 3.95 3.93 3.93 3.9 3.89 3.9 3.82 75.92 1e-05 0.01 512 RegNetX_200MF
1.0 3.26 3.31 3.3 3.23 3.21 3.26 3.08 3.17 3.19 3.26 3.31 3.37 3.34 3.25 3.14 3.22 3.28 3.33 3.25 3.18 80.48 1e-05 0.01 256 RegNetX_200MF
1.0 3.45 3.25 3.3 3.21 3.25 3.22 3.32 3.18 3.23 3.23 3.2 3.18 3.27 3.27 3.19 3.2 3.09 3.24 3.37 3.27 81.63 1e-06 0.01 256 RegNetX_200MF
1.0 4.58 4.33 4.12 4.1 3.91 3.98 3.79 3.89 3.92 3.91 3.81 3.83 3.94 3.81 3.84 3.79 3.9 3.93 3.94 3.82 76.17 1e-06 0.01 512 RegNetX_200MF
1.01 3.1 3.2 3.25 3.17 3.02 3.14 3.16 3.04 3.13 3.07 3.03 3.05 3.04 3.1 3.06 3.07 2.99 2.99 3.05 3.09 81.84 1e-07 0.1 256 RegNetX_200MF
1.0 4.58 4.81 5.35 4.69 4.78 4.6 4.73 4.68 4.65 4.8 4.72 4.66 4.69 4.63 4.76 4.65 4.82 4.7 4.82 4.8 71.62 1e-05 0.01 1024 RegNetX_200MF
1.0 6.41 6.67 7.8 9.19 9.63 9.91 9.85 9.84 9.88 10.2 10.09 9.84 9.65 9.66 9.59 9.49 9.88 9.61 9.81 9.78 59.06 1e-06 0.001 512 RegNetX_200MF
1.0 3.45 3.53 3.5 3.44 3.7 3.54 3.54 3.46 3.49 3.63 3.58 3.44 3.36 3.63 3.46 3.49 3.55 3.46 3.35 3.46 81.18 1e-07 0.01 256 RegNetX_200MF
1.0 5.72 6.35 7.69 8.68 9.08 9.57 9.48 8.79 9.48 9.34 9.45 9.28 9.66 9.27 9.41 9.31 9.61 9.53 9.48 9.38 59.04 1e-07 0.001 512 RegNetX_200MF
1.01 4.68 5.66 5.28 5.39 5.38 5.24 5.26 5.4 5.12 5.3 5.37 5.44 5.34 5.35 5.31 5.33 5.33 5.31 5.27 5.37 71.99 1e-06 0.01 1024 RegNetX_200MF
1.0 3.93 4.42 4.27 4.36 4.22 4.19 4.16 4.38 4.17 4.36 4.15 4.3 4.2 4.32 4.14 4.28 4.26 4.27 4.22 4.3 76.02 1e-07 0.01 512 RegNetX_200MF
1.01 4.85 5.38 4.91 5.18 5.19 5.12 5.24 5.15 5.26 5.25 5.25 5.14 5.13 5.3 5.13 5.14 5.27 5.26 5.21 5.2 71.99 1e-05 0.01 1024 RegNetX_200MF
1.01 3.11 3.24 3.34 3.11 3.0 3.01 2.95 3.05 2.97 3.02 3.01 2.91 2.99 2.91 2.99 2.96 2.85 3.0 2.96 2.94 81.98 1e-05 0.1 256 RegNetX_200MF
1.0 5.69 6.53 7.83 8.29 8.9 9.01 9.47 9.51 9.05 9.45 9.38 9.31 9.37 9.15 9.16 9.2 9.55 9.28 9.47 9.42 59.17 1e-05 0.001 512 RegNetX_200MF
1.0 5.67 5.88 6.85 7.06 6.91 6.72 6.48 6.98 6.46 6.66 6.91 6.79 6.46 7.0 6.73 6.82 6.77 6.65 6.75 6.61 65.66 1e-05 0.001 256 RegNetX_200MF
1.0 5.44 6.04 6.34 7.04 6.53 7.23 6.5 6.65 6.86 6.57 6.84 6.65 6.7 6.85 6.9 6.48 6.48 6.52 6.48 6.46 65.64 1e-07 0.001 256 RegNetX_200MF
1.0 5.13 6.28 6.76 6.27 6.58 6.44 6.45 6.31 6.12 6.6 6.23 6.45 6.35 6.33 6.37 6.5 6.34 6.57 6.26 6.38 66.31 1e-06 0.001 256 RegNetX_200MF
1.01 6.14 6.39 7.72 6.86 7.21 7.0 6.89 7.03 7.27 7.52 7.35 7.29 7.38 7.47 7.42 7.05 7.35 7.22 7.01 7.2 65.61 1e-07 0.001 256 RegNetX_200MF
1.01 3.07 3.19 3.12 3.19 3.23 3.07 3.15 3.18 3.17 3.14 3.19 3.2 3.25 3.26 3.2 3.25 3.27 3.22 3.23 3.24 82.4 1e-06 0.1 256 RegNetX_200MF
1.01 3.39 3.29 3.66 3.49 3.34 3.44 3.57 3.54 3.32 3.51 3.53 3.59 3.52 3.61 3.53 3.48 3.43 3.62 3.46 3.47 81.39 1e-06 0.01 256 RegNetX_200MF
1.01 3.29 3.27 3.49 3.63 3.45 3.55 3.56 3.44 3.5 3.45 3.39 3.37 3.48 3.41 3.44 3.43 3.43 3.4 3.42 3.35 81.29 1e-07 0.01 256 RegNetX_200MF
1.57 7.04 6.63 7.05 9.85 11.4 12.84 12.33 12.34 11.82 11.9 12.55 12.85 12.33 12.49 12.51 12.76 12.54 12.57 12.5 12.43 53.47 1e-06 0.001 1024 RegNetX_200MF
1.01 3.21 3.38 3.15 3.06 3.1 3.17 3.09 3.13 3.15 3.14 3.15 3.22 3.13 3.1 3.14 3.17 3.15 3.13 3.07 3.24 81.54 1e-05 0.01 256 RegNetX_200MF
1.01 5.75 6.61 7.94 7.85 7.72 7.5 6.91 6.94 6.99 6.77 7.08 7.51 7.56 6.93 7.14 7.31 7.35 7.14 7.53 7.24 65.22 1e-05 0.001 256 RegNetX_200MF
1.57 2.74 2.92 3.2 2.92 2.91 2.88 2.88 2.86 2.85 3.01 3.05 2.84 2.88 2.86 2.95 2.89 2.98 2.92 2.88 2.94 84.55 1e-05 0.1 256 RegNetX_200MF
1.01 5.74 6.8 7.39 6.84 6.8 6.34 6.37 6.68 6.71 6.99 6.83 6.68 7.09 7.15 6.73 7.28 7.04 6.75 6.74 7.0 65.66 1e-06 0.001 256 RegNetX_200MF
1.57 3.01 3.13 2.99 2.83 2.87 2.89 2.98 2.98 3.06 3.1 2.99 3.01 2.91 3.03 3.0 3.02 3.03 3.02 2.97 3.03 83.43 1e-06 0.1 256 RegNetX_200MF
1.57 6.53 6.09 8.91 8.85 9.32 9.45 9.22 9.42 9.52 9.47 9.24 9.5 9.33 9.53 9.58 9.33 9.62 9.88 9.31 9.37 59.77 1e-07 0.001 512 RegNetX_200MF
1.57 7.0 6.14 7.92 8.61 9.22 9.0 9.14 9.1 8.73 8.89 9.22 9.14 9.05 9.12 9.13 9.11 9.21 8.89 9.07 9.04 59.72 1e-06 0.001 512 RegNetX_200MF
1.0 2.85 2.94 2.82 2.8 2.89 2.86 2.82 2.88 2.81 2.86 2.79 2.8 2.83 2.83 2.87 2.82 2.8 2.79 2.87 2.84 83.97 1e-05 0.1 512 SimpleDLA
1.57 5.33 6.41 7.98 8.98 8.62 9.05 9.11 9.29 9.18 9.6 9.27 9.3 9.52 9.38 9.29 9.37 9.45 9.55 9.05 9.64 59.96 1e-05 0.001 512 RegNetX_200MF
1.0 2.83 2.83 2.83 2.81 2.85 2.78 2.8 2.76 2.73 2.82 2.81 2.82 2.81 2.72 2.8 2.76 2.72 2.72 2.77 2.74 84.95 1e-05 0.1 256 SimpleDLA
1.0 2.98 2.92 3.06 3.03 2.98 2.96 2.97 2.94 3.04 2.97 2.96 3.04 2.95 3.04 2.99 2.97 2.96 2.98 2.94 2.98 82.76 1e-06 0.1 1024 SimpleDLA
1.0 2.95 2.86 2.8 2.75 2.78 2.8 2.81 2.77 2.78 2.77 2.8 2.82 2.78 2.8 2.77 2.78 2.77 2.78 2.8 2.78 84.26 1e-06 0.1 512 SimpleDLA
1.0 2.85 2.71 2.79 2.79 2.8 2.8 2.78 2.82 2.77 2.8 2.84 2.82 2.8 2.81 2.85 2.83 2.85 2.79 2.83 2.82 83.14 1e-05 0.1 1024 SimpleDLA
1.0 2.8 2.85 2.87 2.88 2.94 2.9 2.93 2.96 2.93 2.98 2.98 2.92 2.95 2.98 2.95 2.93 2.94 2.97 2.94 2.92 82.58 1e-07 0.1 1024 SimpleDLA
1.0 2.87 2.96 2.83 2.79 2.83 2.74 2.81 2.71 2.77 2.71 2.73 2.78 2.71 2.76 2.77 2.79 2.75 2.8 2.74 2.73 84.69 1e-06 0.1 256 SimpleDLA
1.0 3.0 2.98 2.95 2.96 3.16 3.01 3.08 3.01 3.01 3.01 2.97 3.04 3.09 3.06 3.06 3.01 3.1 3.07 3.1 3.02 83.39 1e-07 0.01 256 SimpleDLA
1.57 4.86 6.66 7.44 6.79 6.46 6.85 6.71 6.96 7.02 7.05 6.85 6.76 6.72 6.92 6.83 6.76 6.49 6.81 6.58 6.97 65.64 1e-07 0.001 256 RegNetX_200MF
1.57 5.21 6.31 6.56 6.15 6.04 6.45 6.26 6.46 6.33 6.53 6.36 6.38 6.37 6.24 6.27 6.25 6.53 6.17 6.27 6.31 65.74 1e-06 0.001 256 RegNetX_200MF
1.57 4.83 6.21 7.34 7.12 7.49 7.09 7.06 7.06 6.78 7.02 6.97 7.11 6.83 7.34 7.16 7.08 7.09 7.01 7.16 7.11 66.02 1e-05 0.001 256 RegNetX_200MF
1.0 2.89 2.87 2.92 2.92 2.89 2.83 2.85 2.87 2.81 2.85 2.9 2.84 2.89 2.8 2.91 2.85 2.85 2.8 2.85 2.9 83.93 1e-07 0.1 256 SimpleDLA
1.0 2.95 2.95 2.82 2.82 2.83 2.84 2.7 2.77 2.77 2.77 2.73 2.77 2.72 2.68 2.75 2.72 2.75 2.81 2.74 2.73 84.13 1e-05 0.1 256 SimpleDLA
1.0 3.0 3.0 2.73 2.79 2.78 2.78 2.76 2.8 2.8 2.78 2.83 2.81 2.79 2.84 2.79 2.79 2.82 2.79 2.8 2.77 83.73 1e-07 0.1 512 SimpleDLA
1.0 3.89 3.61 3.68 3.67 3.61 3.59 3.63 3.61 3.59 3.6 3.55 3.66 3.59 3.67 3.65 3.55 3.68 3.6 3.69 3.57 77.96 1e-06 0.01 1024 SimpleDLA
1.0 4.34 5.03 4.74 4.49 4.52 4.5 4.56 4.58 4.49 4.41 4.35 4.52 4.69 4.59 4.57 4.39 4.77 4.49 4.62 4.5 72.27 1e-05 0.001 256 SimpleDLA
1.0 4.1 4.5 4.66 4.98 4.78 4.83 4.8 5.05 4.86 4.89 4.79 4.74 4.69 4.75 4.83 4.78 4.85 4.81 4.92 4.96 72.97 1e-05 0.001 256 SimpleDLA
1.0 2.97 2.95 2.9 2.9 2.9 2.97 2.99 2.89 2.92 2.84 2.92 2.92 2.92 2.88 2.84 2.96 2.81 2.91 2.93 2.86 83.98 1e-06 0.01 256 SimpleDLA
1.0 3.15 2.94 2.9 2.8 2.81 2.86 2.82 2.81 2.83 2.84 2.87 2.9 2.81 2.82 2.85 2.86 2.83 2.83 2.89 2.8 83.49 1e-05 0.01 256 SimpleDLA
1.0 4.08 4.88 4.87 4.89 4.78 4.69 4.8 4.85 4.65 4.87 4.74 4.86 4.56 4.7 4.61 4.77 4.68 4.95 4.87 4.89 71.65 1e-06 0.001 256 SimpleDLA
1.0 3.07 3.04 2.89 2.93 2.89 2.93 2.99 3.03 3.01 2.99 2.97 2.95 2.89 2.95 2.96 2.97 2.96 2.98 3.01 3.07 83.48 1e-05 0.01 256 SimpleDLA
1.0 2.88 2.7 2.61 2.63 2.65 2.64 2.65 2.59 2.62 2.64 2.67 2.61 2.61 2.63 2.6 2.65 2.62 2.63 2.62 2.66 83.95 1e-06 0.1 256 SimpleDLA
1.0 3.23 3.17 3.24 3.15 3.27 3.18 3.13 3.3 3.22 3.23 3.22 3.26 3.25 3.25 3.26 3.26 3.22 3.23 3.21 3.27 81.28 1e-07 0.01 512 SimpleDLA
1.0 2.84 2.85 2.75 2.79 2.7 2.74 2.74 2.72 2.71 2.73 2.71 2.66 2.7 2.7 2.7 2.66 2.68 2.71 2.67 2.75 84.92 1e-06 0.1 256 SimpleDLA
1.0 2.92 2.81 2.85 2.79 2.85 2.88 2.9 2.83 2.9 2.9 2.81 2.77 2.85 2.88 2.81 2.84 2.72 2.85 2.86 2.82 83.62 1e-05 0.01 256 SimpleDLA
1.0 5.18 5.92 5.64 5.63 5.54 5.66 5.68 5.67 5.68 5.7 5.77 5.88 5.6 5.81 5.73 5.63 5.63 5.7 5.71 5.74 65.43 1e-06 0.001 512 SimpleDLA
1.0 4.66 7.33 9.24 8.87 8.94 9.1 9.44 9.2 9.31 9.54 9.32 9.43 9.48 9.34 9.22 9.51 9.21 9.35 9.27 9.41 56.43 1e-05 0.001 1024 SimpleDLA
1.0 2.79 2.87 2.85 2.73 2.83 2.81 2.75 2.84 2.79 2.8 2.88 2.89 2.87 2.81 2.84 2.88 2.81 2.83 2.87 2.79 82.92 1e-06 0.01 256 SimpleDLA
1.0 4.42 4.54 4.39 4.42 4.42 4.51 4.38 4.44 4.35 4.34 4.39 4.53 4.36 4.49 4.5 4.61 4.41 4.48 4.53 4.52 72.83 1e-07 0.001 256 SimpleDLA
1.0 2.82 2.78 2.78 2.67 2.72 2.72 2.7 2.7 2.68 2.7 2.7 2.77 2.74 2.69 2.71 2.69 2.73 2.69 2.66 2.69 83.19 1e-07 0.1 256 SimpleDLA
1.0 2.75 2.86 2.88 2.78 2.77 2.82 2.85 2.81 2.83 2.84 2.87 2.84 2.84 2.83 2.84 2.87 2.86 2.81 2.81 2.82 84.93 1e-05 0.1 256 SimpleDLA
1.0 4.73 7.73 8.48 8.45 8.48 8.69 8.69 8.77 8.81 8.66 8.72 8.8 8.98 8.68 8.8 8.62 8.85 8.72 8.87 8.92 57.98 1e-07 0.001 1024 SimpleDLA
1.0 5.1 6.22 5.79 6.17 6.07 5.96 5.81 5.81 5.85 5.86 6.02 5.73 5.87 6.09 5.87 5.73 5.7 5.73 5.83 5.73 65.37 1e-07 0.001 512 SimpleDLA
1.0 4.54 7.92 8.07 8.15 8.22 8.23 8.13 8.08 8.21 8.21 8.11 8.07 8.22 8.14 8.16 8.41 8.12 8.28 8.09 8.3 57.01 1e-06 0.001 1024 SimpleDLA
1.0 4.33 4.27 4.07 4.04 4.07 4.22 4.15 4.04 4.14 4.21 4.2 4.19 4.21 3.88 4.15 4.1 4.15 4.12 4.2 4.17 73.06 1e-07 0.001 256 SimpleDLA
1.0 5.41 6.06 6.08 6.13 6.46 6.31 6.5 6.36 6.32 6.38 6.29 6.5 6.49 6.3 6.36 6.56 6.36 6.27 6.68 6.32 65.84 1e-05 0.001 512 SimpleDLA
1.0 4.28 4.35 4.23 4.21 4.71 4.56 4.41 4.34 4.3 4.48 4.49 4.34 4.39 4.29 4.3 4.21 4.41 4.56 4.57 4.4 73.34 1e-05 0.001 256 SimpleDLA
1.0 4.56 4.56 4.44 4.46 4.54 4.42 4.57 4.46 4.51 4.33 4.49 4.59 4.54 4.36 4.46 4.47 4.43 4.42 4.7 4.45 73.37 1e-06 0.001 256 SimpleDLA
