1.0 2.71 3.21 4.46 2.97 3.57 3.85 3.21 4.39 4.36 3.84 3.96 3.96 3.77 3.85 4.07 4.13 4.07 4.09 4.13 4.11 77.48 1e-06 0.5 256 VGG19
1.0 2.61 3.17 3.26 3.38 3.39 3.25 3.15 3.41 2.99 3.05 3.14 3.14 3.03 3.08 3.11 3.18 3.22 3.21 3.18 3.18 83.84 1e-05 0.5 256 VGG19
1.0 1.43 3.43 3.98 3.01 3.81 3.84 3.5 3.88 4.05 4.03 4.02 4.0 3.97 4.21 3.96 4.02 4.05 4.02 4.02 4.04 75.23 1e-07 0.5 256 VGG19
1.0 1.38 2.1 3.03 3.2 3.94 4.08 3.65 3.45 3.69 3.91 3.75 4.18 4.17 4.48 4.17 4.12 4.14 4.15 4.69 4.89 59.27 1e-05 0.5 512 VGG19
1.0 2.26 1.96 3.98 3.85 3.69 4.24 4.62 4.47 4.77 4.4 4.3 4.49 5.03 4.03 5.12 4.9 5.22 5.07 5.55 5.77 52.63 1e-06 0.5 512 VGG19
1.0 3.83 4.14 3.68 4.22 3.56 3.69 3.7 3.8 3.76 3.97 3.62 3.66 3.72 3.84 3.95 3.9 3.82 3.81 3.93 3.91 75.32 1e-07 0.5 512 VGG19
1.0 1.11 1.23 2.63 3.93 3.77 3.75 3.64 3.53 3.49 3.64 3.26 3.64 3.71 3.73 3.72 3.69 3.74 3.8 3.73 3.75 73.83 1e-05 0.5 1024 VGG19
1.0 1.05 1.12 2.97 3.84 3.65 3.54 3.57 3.43 3.65 3.48 3.26 3.43 3.56 4.02 3.97 3.91 4.01 4.0 4.06 4.01 68.48 1e-06 0.5 1024 VGG19
1.0 1.05 1.34 1.53 3.37 3.15 3.71 3.85 3.71 3.87 3.37 3.81 3.94 3.68 3.74 3.8 4.14 4.26 4.1 4.2 4.16 66.57 1e-07 0.5 1024 VGG19
1.0 3.49 2.7 2.94 3.0 2.94 2.76 2.89 2.76 2.86 2.88 2.95 2.85 2.77 2.79 2.77 2.82 2.78 2.8 2.8 2.77 85.5 1e-05 0.1 256 VGG19
1.0 3.04 3.07 3.03 2.86 2.99 2.9 2.73 2.81 2.82 2.89 2.8 2.8 2.78 2.76 2.82 2.88 2.89 2.88 2.88 2.88 85.01 1e-06 0.1 256 VGG19
1.0 3.3 3.09 3.01 3.02 3.0 2.95 2.89 2.84 3.02 2.91 2.87 2.96 2.93 2.94 2.92 2.93 2.91 2.96 2.87 2.9 85.77 1e-07 0.1 256 VGG19
1.0 3.88 3.17 3.09 3.15 3.1 3.01 2.99 3.04 3.11 3.07 3.08 3.03 2.97 2.98 2.95 2.98 2.91 2.92 2.95 2.9 83.45 1e-05 0.1 512 VGG19
1.0 3.49 3.39 2.9 2.91 3.13 3.01 3.07 2.97 3.0 2.95 2.97 2.96 2.99 2.97 3.01 2.93 2.95 2.9 2.9 2.92 83.14 1e-06 0.1 512 VGG19
1.0 3.89 2.88 3.04 3.26 3.01 3.03 2.99 3.01 3.01 3.0 2.98 2.89 2.89 2.98 2.94 2.99 2.97 3.0 2.99 2.98 82.82 1e-07 0.1 512 VGG19
1.0 3.51 4.43 3.17 3.01 3.0 2.99 3.08 3.1 3.06 2.98 3.01 3.01 3.05 3.0 3.01 3.03 3.01 3.02 3.02 3.02 83.0 1e-05 0.1 1024 VGG19
1.0 3.27 3.81 3.36 3.11 3.06 2.83 3.03 3.07 2.96 2.98 2.89 2.89 2.9 2.93 2.95 2.93 2.92 2.92 2.9 2.91 82.85 1e-06 0.1 1024 VGG19
1.0 3.74 3.33 2.97 3.04 3.0 3.01 3.05 3.18 3.14 3.02 3.05 3.17 3.08 3.07 3.09 3.13 3.12 3.1 3.11 3.09 82.21 1e-07 0.1 1024 VGG19
1.0 2.84 3.04 2.99 2.79 2.7 2.91 2.86 2.74 2.89 2.8 2.8 2.83 2.82 2.85 2.77 2.8 2.82 2.84 2.8 2.8 86.42 1e-05 0.05 256 VGG19
1.0 2.98 2.7 2.9 2.85 2.8 2.96 2.77 2.82 2.84 2.77 2.79 2.82 2.75 2.77 2.77 2.81 2.81 2.82 2.8 2.79 86.89 1e-06 0.05 256 VGG19
1.0 2.96 2.94 3.04 3.04 3.09 2.9 2.92 2.93 2.97 2.96 2.98 2.96 2.94 2.88 2.87 2.9 3.0 2.96 2.97 3.03 86.33 1e-07 0.05 256 VGG19
1.0 3.06 2.98 2.85 2.87 2.87 2.77 2.91 2.85 2.84 2.86 2.89 2.89 2.89 2.86 2.91 2.86 2.89 2.92 2.97 2.89 86.04 1e-05 0.05 512 VGG19
1.0 3.13 3.06 3.01 3.01 2.83 2.95 2.85 2.95 2.9 2.91 2.93 2.94 2.93 2.95 2.98 2.98 2.96 2.84 2.98 2.98 86.48 1e-06 0.05 512 VGG19
1.0 3.02 2.98 2.98 2.84 2.89 2.91 2.81 2.96 2.85 2.91 2.89 2.9 2.88 2.89 2.92 2.92 2.91 2.86 2.91 2.91 86.39 1e-07 0.05 512 VGG19
1.0 3.78 3.35 3.18 3.28 2.89 2.99 3.23 3.25 3.16 3.18 3.18 3.22 3.25 3.21 3.24 3.18 3.2 3.2 3.2 3.18 84.31 1e-05 0.05 1024 VGG19
1.0 3.16 2.95 2.81 2.79 2.73 2.84 2.64 2.62 2.61 2.63 2.61 2.63 2.6 2.6 2.61 2.63 2.6 2.62 2.63 2.61 86.11 1e-06 0.05 1024 VGG19
1.0 3.14 2.83 3.15 2.86 2.9 2.94 2.89 2.9 2.89 2.9 2.87 2.87 2.9 2.87 2.89 2.93 2.9 2.88 2.9 2.89 86.62 1e-07 0.05 1024 VGG19
1.0 2.56 2.76 2.73 2.67 2.62 2.67 2.6 2.57 2.54 2.58 2.6 2.55 2.57 2.59 2.56 2.56 2.57 2.57 2.56 2.57 86.75 1e-05 0.01 256 VGG19
1.0 2.82 2.72 2.55 2.57 2.56 2.58 2.63 2.54 2.56 2.58 2.57 2.55 2.58 2.57 2.54 2.61 2.61 2.58 2.57 2.63 86.18 1e-06 0.01 256 VGG19
1.0 2.75 2.62 2.62 2.62 2.62 2.58 2.64 2.65 2.7 2.71 2.65 2.66 2.62 2.65 2.66 2.67 2.68 2.66 2.69 2.65 86.6 1e-07 0.01 256 VGG19
1.0 2.69 2.64 2.59 2.55 2.57 2.58 2.59 2.57 2.6 2.58 2.61 2.6 2.6 2.62 2.63 2.57 2.62 2.6 2.62 2.62 84.87 1e-05 0.01 512 VGG19
1.0 2.65 2.71 2.58 2.63 2.63 2.64 2.66 2.72 2.67 2.67 2.66 2.65 2.63 2.64 2.69 2.65 2.67 2.65 2.65 2.62 84.85 1e-06 0.01 512 VGG19
1.0 2.92 2.75 2.57 2.61 2.61 2.56 2.64 2.58 2.56 2.63 2.57 2.53 2.59 2.54 2.56 2.57 2.53 2.6 2.56 2.57 84.81 1e-07 0.01 512 VGG19
1.0 2.86 2.84 2.73 2.76 2.74 2.74 2.78 2.77 2.77 2.8 2.75 2.75 2.73 2.72 2.72 2.71 2.79 2.77 2.76 2.72 82.02 1e-05 0.01 1024 VGG19
1.0 2.82 2.74 2.72 2.63 2.6 2.57 2.61 2.59 2.59 2.6 2.59 2.59 2.59 2.58 2.61 2.59 2.6 2.59 2.59 2.6 82.41 1e-06 0.01 1024 VGG19
1.0 2.75 2.86 2.61 2.59 2.61 2.65 2.63 2.65 2.65 2.66 2.67 2.63 2.64 2.65 2.66 2.65 2.64 2.64 2.65 2.64 81.79 1e-07 0.01 1024 VGG19
1.0 2.77 2.62 2.64 2.6 2.63 2.65 2.65 2.64 2.64 2.62 2.67 2.63 2.64 2.69 2.67 2.72 2.65 2.68 2.66 2.68 84.72 1e-05 0.005 256 VGG19
1.0 2.47 2.54 2.6 2.59 2.56 2.56 2.62 2.57 2.58 2.58 2.57 2.57 2.54 2.54 2.55 2.6 2.57 2.58 2.57 2.59 85.43 1e-06 0.005 256 VGG19
1.0 2.62 2.65 2.64 2.66 2.62 2.67 2.6 2.66 2.66 2.67 2.6 2.7 2.58 2.66 2.69 2.63 2.6 2.68 2.63 2.65 85.05 1e-07 0.005 256 VGG19
1.0 2.76 2.81 2.78 2.77 2.76 2.83 2.78 2.78 2.8 2.8 2.82 2.77 2.76 2.77 2.8 2.8 2.75 2.76 2.87 2.8 82.03 1e-05 0.005 512 VGG19
1.0 2.81 2.58 2.69 2.72 2.75 2.7 2.68 2.66 2.68 2.68 2.7 2.65 2.69 2.7 2.71 2.68 2.62 2.71 2.7 2.73 82.65 1e-06 0.005 512 VGG19
1.0 2.7 2.67 2.65 2.61 2.65 2.67 2.69 2.67 2.63 2.63 2.64 2.67 2.63 2.66 2.64 2.66 2.67 2.65 2.66 2.63 82.13 1e-07 0.005 512 VGG19
1.0 3.05 2.94 2.98 3.02 3.03 3.04 3.03 3.03 3.09 3.03 3.06 3.03 3.04 3.03 3.03 3.01 3.01 3.04 3.03 3.03 78.84 1e-05 0.005 1024 VGG19
1.0 3.13 3.01 3.04 3.0 3.02 2.99 3.0 2.99 2.95 2.98 2.97 2.96 2.97 2.99 2.99 2.89 3.03 2.99 2.99 3.0 78.22 1e-06 0.005 1024 VGG19
1.0 3.04 2.84 2.86 2.92 2.94 2.92 2.95 2.89 2.94 2.96 2.92 2.93 2.92 2.91 2.93 2.91 2.9 2.92 2.93 2.92 78.41 1e-07 0.005 1024 VGG19
1.0 2.85 3.08 2.96 3.04 3.11 3.05 3.08 3.05 3.14 3.11 3.11 3.15 3.08 2.94 3.03 3.06 3.08 3.06 3.07 3.06 78.22 1e-05 0.001 256 VGG19
1.0 3.0 3.0 2.96 2.95 2.92 2.93 2.91 3.01 3.0 2.97 2.98 3.0 2.97 3.03 2.99 2.96 2.99 2.94 3.01 2.99 77.78 1e-06 0.001 256 VGG19
1.0 3.11 3.01 3.07 3.11 3.08 3.1 3.08 3.13 3.01 3.08 3.08 3.1 3.04 3.07 3.11 3.12 3.16 3.07 3.05 3.13 78.06 1e-07 0.001 256 VGG19
1.0 3.55 3.58 3.55 3.5 3.52 3.44 3.52 3.45 3.54 3.43 3.45 3.5 3.51 3.48 3.44 3.44 3.51 3.5 3.45 3.46 73.47 1e-05 0.001 512 VGG19
1.0 3.63 3.32 3.38 3.46 3.4 3.26 3.34 3.36 3.37 3.42 3.39 3.42 3.29 3.38 3.33 3.41 3.35 3.4 3.32 3.33 73.81 1e-06 0.001 512 VGG19
1.0 3.61 3.67 3.61 3.61 3.57 3.63 3.66 3.63 3.6 3.6 3.56 3.49 3.62 3.52 3.57 3.57 3.52 3.69 3.66 3.56 72.67 1e-07 0.001 512 VGG19
1.0 4.53 4.51 4.65 4.63 4.58 4.73 4.69 4.61 4.69 4.6 4.74 4.64 4.57 4.64 4.7 4.62 4.68 4.63 4.77 4.69 65.15 1e-05 0.001 1024 VGG19
1.0 4.42 4.4 4.35 4.42 4.42 4.51 4.47 4.4 4.46 4.47 4.5 4.41 4.46 4.42 4.47 4.51 4.46 4.48 4.53 4.46 65.77 1e-06 0.001 1024 VGG19
1.0 4.37 4.27 4.43 4.32 4.36 4.39 4.29 4.39 4.36 4.4 4.37 4.31 4.31 4.42 4.35 4.35 4.46 4.37 4.44 4.36 65.89 1e-07 0.001 1024 VGG19
1.0 1.05 2.9 3.17 3.36 3.4 4.02 3.44 3.47 3.43 3.45 3.18 3.23 3.24 3.25 3.19 3.09 3.26 3.21 3.32 3.29 82.8 1e-05 0.5 256 VGG19
1.0 2.93 3.66 3.52 3.4 3.28 3.36 3.31 3.45 3.34 3.32 3.46 3.5 3.48 3.53 3.57 3.56 3.55 3.57 3.57 3.64 81.13 1e-06 0.5 256 VGG19
1.0 2.36 3.29 3.51 3.57 3.18 3.66 3.57 3.56 3.77 3.77 3.75 3.7 3.64 3.69 3.93 3.98 3.83 3.76 3.84 3.87 78.66 1e-07 0.5 256 VGG19
1.0 3.07 3.5 4.03 3.49 3.31 3.15 3.3 3.16 3.33 3.25 3.21 3.17 3.16 3.25 3.33 3.38 3.33 3.34 3.33 3.39 80.64 1e-05 0.5 512 VGG19
1.0 1.71 3.59 3.35 4.13 3.77 4.22 4.24 3.99 4.92 3.38 5.07 4.85 4.62 4.42 5.04 5.26 5.5 5.84 5.87 5.87 62.57 1e-06 0.5 512 VGG19
1.0 1.47 3.27 3.61 3.51 3.21 3.01 3.58 3.09 3.01 3.35 3.38 3.59 3.37 3.36 3.35 3.48 3.34 3.41 3.4 3.45 77.63 1e-07 0.5 512 VGG19
1.0 1.27 3.12 3.53 3.84 3.07 3.2 3.52 3.38 3.19 3.38 3.39 3.35 3.34 3.35 3.34 3.34 3.39 3.39 3.39 3.4 79.26 1e-05 0.5 1024 VGG19
1.0 1.42 4.53 4.27 3.83 3.56 3.31 3.48 3.26 3.32 3.29 3.59 3.3 3.4 3.37 3.31 3.33 3.47 3.48 3.29 3.32 78.07 1e-06 0.5 1024 VGG19
1.0 3.65 3.45 4.01 3.57 3.67 3.67 3.43 3.43 3.41 3.33 3.43 3.43 3.48 3.51 3.49 3.55 3.48 3.48 3.58 3.53 77.92 1e-07 0.5 1024 VGG19
1.0 3.38 2.98 2.92 3.07 2.92 2.83 2.89 2.99 2.97 2.87 2.85 2.83 2.89 2.82 2.85 2.87 2.86 2.8 2.87 2.82 86.37 1e-05 0.1 256 VGG19
1.0 3.76 3.01 3.14 3.03 2.87 3.03 2.76 2.83 2.91 2.89 2.88 2.84 2.93 2.93 2.88 2.97 2.89 2.91 2.92 2.88 85.61 1e-06 0.1 256 VGG19
1.0 3.45 2.84 2.98 3.07 2.84 2.85 2.83 2.97 2.92 2.91 2.94 2.89 2.96 2.98 2.97 2.9 2.89 2.95 2.91 2.94 85.48 1e-07 0.1 256 VGG19
1.0 3.38 3.03 2.94 2.76 2.8 2.82 2.95 2.79 2.91 2.9 2.89 2.89 2.91 2.91 2.89 2.88 2.92 2.91 2.91 2.91 85.55 1e-05 0.1 512 VGG19
1.0 3.54 2.99 2.94 2.98 3.04 2.88 2.91 2.8 2.85 2.8 2.79 2.79 2.87 2.79 2.82 2.83 2.78 2.79 2.77 2.8 85.33 1e-06 0.1 512 VGG19
1.0 3.63 2.83 2.97 2.94 2.99 2.85 2.82 2.83 2.9 2.8 2.84 2.86 2.84 2.83 2.84 2.82 2.84 2.84 2.87 2.85 85.35 1e-07 0.1 512 VGG19
1.0 3.47 3.33 3.03 3.02 3.09 2.98 2.95 3.0 3.13 3.02 3.01 3.15 3.14 3.09 3.1 3.15 3.1 3.11 3.11 3.13 83.54 1e-05 0.1 1024 VGG19
1.0 3.54 3.62 2.88 3.08 3.08 3.21 3.07 3.01 3.05 3.13 3.15 3.18 3.17 3.12 3.12 3.19 3.14 3.15 3.15 3.12 82.23 1e-06 0.1 1024 VGG19
1.0 4.0 3.35 2.86 2.89 3.13 3.13 3.17 2.99 2.92 2.95 2.9 2.9 2.93 2.99 2.91 2.95 2.96 2.92 2.93 2.9 84.05 1e-07 0.1 1024 VGG19
1.0 3.01 3.13 2.97 3.03 2.89 2.96 2.9 2.85 2.71 2.76 2.89 2.86 2.86 2.87 2.86 2.87 2.83 2.86 2.85 2.87 86.35 1e-05 0.05 256 VGG19
1.0 2.79 2.91 2.91 2.9 2.82 2.89 2.84 2.78 2.72 2.72 2.8 2.79 2.75 2.8 2.74 2.74 2.71 2.75 2.74 2.71 86.84 1e-06 0.05 256 VGG19
1.0 2.98 2.86 2.85 2.79 2.82 3.04 2.96 2.85 2.89 2.78 2.97 2.91 2.79 2.96 2.89 2.98 2.9 2.95 2.92 2.92 86.32 1e-07 0.05 256 VGG19
1.0 3.02 2.67 2.73 2.79 2.73 2.73 2.85 2.75 2.68 2.66 2.67 2.65 2.67 2.68 2.65 2.67 2.63 2.65 2.7 2.65 86.31 1e-05 0.05 512 VGG19
1.0 2.82 2.87 2.74 2.77 2.73 2.75 2.73 2.73 2.68 2.71 2.74 2.72 2.8 2.78 2.72 2.77 2.72 2.75 2.73 2.74 87.16 1e-06 0.05 512 VGG19
1.0 2.83 2.68 2.89 2.87 2.71 2.81 2.76 2.75 2.69 2.81 2.75 2.73 2.76 2.77 2.7 2.77 2.69 2.77 2.69 2.73 86.65 1e-07 0.05 512 VGG19
1.0 3.07 2.91 2.97 2.83 2.82 2.76 2.76 2.7 2.76 2.76 2.79 2.79 2.77 2.77 2.78 2.79 2.79 2.8 2.81 2.76 85.68 1e-05 0.05 1024 VGG19
1.0 3.34 2.89 2.99 3.0 2.85 2.8 2.86 2.87 2.91 2.81 2.82 2.87 2.86 2.85 2.83 2.87 2.85 2.87 2.86 2.79 85.73 1e-06 0.05 1024 VGG19
1.0 3.33 3.06 2.91 2.93 2.83 2.86 2.95 2.94 2.95 2.96 2.91 2.93 2.94 2.92 2.95 2.93 2.93 2.93 2.95 2.93 85.95 1e-07 0.05 1024 VGG19
1.0 2.68 2.76 2.54 2.6 2.52 2.5 2.52 2.59 2.56 2.55 2.58 2.54 2.57 2.51 2.57 2.53 2.56 2.55 2.53 2.55 86.99 1e-05 0.01 256 VGG19
1.0 2.69 2.68 2.69 2.66 2.66 2.58 2.6 2.7 2.68 2.67 2.63 2.61 2.64 2.62 2.62 2.64 2.62 2.6 2.64 2.6 86.55 1e-06 0.01 256 VGG19
1.0 2.61 2.74 2.74 2.59 2.55 2.55 2.51 2.54 2.53 2.53 2.56 2.55 2.57 2.55 2.54 2.58 2.53 2.58 2.61 2.56 86.91 1e-07 0.01 256 VGG19
1.0 2.62 2.72 2.66 2.68 2.65 2.63 2.63 2.64 2.65 2.63 2.61 2.66 2.63 2.64 2.65 2.63 2.63 2.65 2.66 2.64 84.64 1e-05 0.01 512 VGG19
1.0 2.72 2.82 2.61 2.55 2.53 2.56 2.55 2.56 2.51 2.58 2.54 2.53 2.5 2.54 2.56 2.51 2.57 2.54 2.51 2.55 85.0 1e-06 0.01 512 VGG19
1.0 2.79 2.76 2.55 2.61 2.61 2.66 2.7 2.66 2.7 2.64 2.69 2.65 2.67 2.65 2.7 2.67 2.7 2.65 2.66 2.7 84.84 1e-07 0.01 512 VGG19
1.0 2.92 2.78 2.82 2.8 2.83 2.83 2.81 2.86 2.82 2.83 2.85 2.8 2.84 2.8 2.82 2.82 2.81 2.79 2.79 2.84 81.82 1e-05 0.01 1024 VGG19
1.0 2.95 2.93 2.82 2.83 2.81 2.78 2.84 2.87 2.83 2.86 2.87 2.86 2.84 2.86 2.85 2.87 2.86 2.88 2.84 2.85 81.89 1e-06 0.01 1024 VGG19
1.0 2.91 2.91 2.78 2.87 2.82 2.79 2.83 2.78 2.72 2.73 2.74 2.75 2.75 2.74 2.73 2.72 2.76 2.76 2.75 2.73 81.95 1e-07 0.01 1024 VGG19
1.0 2.53 2.74 2.75 2.64 2.6 2.63 2.63 2.57 2.61 2.61 2.59 2.57 2.61 2.68 2.6 2.57 2.64 2.66 2.61 2.6 85.1 1e-05 0.005 256 VGG19
1.0 2.79 2.61 2.71 2.59 2.67 2.64 2.62 2.65 2.62 2.63 2.63 2.59 2.64 2.61 2.61 2.63 2.63 2.63 2.6 2.65 84.96 1e-06 0.005 256 VGG19
1.0 2.61 2.78 2.6 2.63 2.56 2.58 2.61 2.58 2.64 2.59 2.59 2.6 2.59 2.61 2.64 2.63 2.65 2.63 2.58 2.64 84.74 1e-07 0.005 256 VGG19
1.0 2.82 2.73 2.7 2.73 2.71 2.75 2.7 2.69 2.7 2.75 2.71 2.71 2.72 2.7 2.73 2.75 2.75 2.78 2.69 2.69 82.19 1e-05 0.005 512 VGG19
1.0 2.8 2.77 2.77 2.76 2.74 2.75 2.76 2.77 2.74 2.77 2.78 2.79 2.82 2.78 2.75 2.77 2.74 2.77 2.75 2.78 82.14 1e-06 0.005 512 VGG19
1.0 2.7 2.92 2.88 2.84 2.81 2.83 2.78 2.83 2.74 2.8 2.74 2.74 2.75 2.78 2.79 2.73 2.73 2.81 2.75 2.75 82.25 1e-07 0.005 512 VGG19
1.0 3.04 3.03 2.99 3.04 3.0 3.05 3.04 2.98 3.01 3.07 3.02 3.0 2.98 3.05 3.05 2.98 2.97 3.02 3.02 3.0 78.12 1e-05 0.005 1024 VGG19
1.0 3.02 2.88 2.87 2.88 2.85 2.84 2.92 2.88 2.92 2.9 2.88 2.9 2.9 2.9 2.91 2.89 2.91 2.94 2.92 2.91 78.35 1e-06 0.005 1024 VGG19
1.0 3.05 2.97 2.84 2.78 2.8 2.76 2.76 2.75 2.77 2.77 2.76 2.76 2.78 2.76 2.72 2.74 2.77 2.73 2.75 2.77 78.92 1e-07 0.005 1024 VGG19
1.0 3.36 3.21 3.19 3.22 3.18 3.32 3.24 3.25 3.16 3.23 3.22 3.25 3.31 3.22 3.17 3.22 3.23 3.29 3.32 3.23 77.98 1e-05 0.001 256 VGG19
1.0 3.28 3.14 3.18 3.14 3.25 3.16 3.25 3.28 3.24 3.09 3.12 3.13 3.2 3.19 3.2 3.13 3.26 3.13 3.21 3.21 78.31 1e-06 0.001 256 VGG19
1.0 3.3 3.09 2.95 2.96 2.94 3.05 2.95 3.0 3.01 3.03 2.97 3.03 3.04 2.99 3.01 3.02 3.06 3.03 3.02 3.05 77.63 1e-07 0.001 256 VGG19
1.0 3.79 3.56 3.51 3.48 3.46 3.41 3.43 3.4 3.33 3.45 3.42 3.47 3.46 3.44 3.39 3.44 3.43 3.41 3.48 3.44 72.92 1e-05 0.001 512 VGG19
1.0 3.65 3.83 3.91 3.73 3.76 3.8 3.8 3.89 3.78 3.78 3.78 3.79 3.72 3.84 3.81 3.72 3.79 3.79 3.77 3.89 72.2 1e-06 0.001 512 VGG19
1.0 3.4 3.58 3.48 3.55 3.49 3.56 3.48 3.56 3.51 3.54 3.6 3.53 3.57 3.5 3.57 3.58 3.5 3.51 3.49 3.55 72.4 1e-07 0.001 512 VGG19
1.0 5.06 4.89 4.84 4.82 4.87 4.79 4.83 4.79 4.79 4.8 4.77 4.82 4.89 4.77 4.78 4.76 4.84 4.77 4.81 4.77 65.79 1e-05 0.001 1024 VGG19
1.0 4.68 4.77 4.72 4.77 4.74 4.75 4.78 4.79 4.75 4.89 4.79 4.83 4.77 4.82 4.82 4.7 4.76 4.76 4.8 4.84 65.18 1e-06 0.001 1024 VGG19
1.0 4.61 4.55 4.53 4.62 4.48 4.56 4.56 4.63 4.57 4.62 4.63 4.64 4.74 4.62 4.63 4.55 4.66 4.51 4.59 4.56 65.4 1e-07 0.001 1024 VGG19
1.0 1.02 1.08 1.23 4.3 3.17 3.33 3.1 3.09 3.2 3.16 3.16 2.97 2.93 3.12 3.04 3.07 3.07 3.1 3.04 3.07 82.54 1e-05 0.5 256 VGG19
1.0 3.65 3.33 3.24 3.34 3.17 3.31 3.23 3.1 3.13 3.34 3.51 3.34 3.53 3.42 3.44 3.37 3.43 3.46 3.47 3.44 76.95 1e-06 0.5 256 VGG19
1.0 1.0 1.0 1.0 1.0 1.0 1.0 1.0 1.0 1.0 1.0 1.0 1.0 1.0 1.0 1.0 1.0 1.0 1.0 1.0 1.0 10.0 1e-07 0.5 256 VGG19
1.0 1.14 2.8 3.92 3.42 3.1 3.39 3.26 3.38 3.27 3.23 3.16 3.22 3.17 3.2 3.22 3.21 3.25 3.26 3.23 3.21 81.7 1e-05 0.5 512 VGG19
1.0 1.16 3.15 3.66 3.29 3.74 3.49 3.54 3.65 3.47 3.55 3.7 3.47 3.47 3.56 3.46 3.38 3.43 3.49 3.47 3.58 78.57 1e-06 0.5 512 VGG19
1.0 1.33 3.41 3.68 3.53 3.35 3.45 3.23 3.24 3.21 3.28 3.25 3.38 3.39 3.37 3.33 3.29 3.33 3.37 3.4 3.38 79.66 1e-07 0.5 512 VGG19
1.0 1.04 1.02 1.05 1.26 3.34 3.57 3.64 3.43 3.95 3.75 3.6 3.62 3.84 3.96 4.0 3.99 4.23 4.1 4.24 4.14 69.26 1e-05 0.5 1024 VGG19
1.0 1.03 1.03 1.04 1.11 1.31 3.4 2.45 4.01 4.79 4.2 4.55 5.27 4.79 4.59 4.73 4.49 4.77 5.02 5.31 4.94 39.44 1e-06 0.5 1024 VGG19
1.0 1.07 1.05 1.06 1.21 1.92 3.21 3.67 3.38 3.79 3.77 3.7 3.57 3.81 3.8 3.96 3.86 3.83 3.84 3.96 3.88 62.11 1e-07 0.5 1024 VGG19
1.0 3.48 2.89 3.24 2.93 2.93 3.05 2.89 2.97 2.98 2.96 2.96 2.96 2.94 2.97 2.98 2.98 2.96 2.97 3.02 3.01 86.56 1e-05 0.1 256 VGG19
1.0 4.1 3.05 2.89 2.93 3.05 3.06 3.02 3.09 2.91 2.92 2.95 2.94 2.96 2.87 3.04 2.98 2.97 2.99 2.95 2.92 85.94 1e-06 0.1 256 VGG19
1.0 3.93 3.04 2.98 3.12 3.14 3.05 2.94 2.86 2.86 2.98 3.04 2.93 2.95 2.95 2.94 2.95 2.9 2.94 2.9 2.97 86.4 1e-07 0.1 256 VGG19
1.0 3.91 3.53 3.09 2.88 2.99 2.89 3.06 2.93 2.97 3.07 3.1 3.08 3.11 3.11 3.01 3.0 3.07 3.01 3.05 3.05 84.02 1e-05 0.1 512 VGG19
1.0 3.69 3.12 2.98 2.99 3.0 2.9 3.05 2.95 2.93 2.93 2.89 2.91 2.96 2.93 2.96 2.91 2.91 2.96 2.94 2.93 84.85 1e-06 0.1 512 VGG19
1.0 3.68 3.2 2.97 2.99 2.85 2.96 2.77 2.89 2.75 2.71 2.76 2.75 2.71 2.73 2.7 2.68 2.71 2.7 2.68 2.71 84.77 1e-07 0.1 512 VGG19
1.0 3.05 3.54 3.29 3.18 3.05 3.14 3.05 3.19 3.28 3.1 3.04 3.01 3.01 3.02 3.05 3.05 3.05 3.02 3.04 3.01 82.92 1e-05 0.1 1024 VGG19
1.0 1.03 1.0 3.11 4.47 3.26 3.21 3.3 3.1 3.16 3.4 3.25 3.34 3.25 3.37 3.26 3.26 3.34 3.38 3.3 3.26 82.27 1e-06 0.1 1024 VGG19
1.0 3.63 3.66 3.35 3.0 2.84 3.13 3.07 2.85 3.06 3.07 3.06 2.99 3.07 3.06 3.02 3.06 3.06 3.08 3.09 3.09 83.16 1e-07 0.1 1024 VGG19
1.0 3.19 2.94 2.94 2.83 2.96 3.02 2.91 2.93 3.0 2.96 2.95 2.89 2.94 2.93 2.92 2.84 2.87 2.87 2.96 2.83 87.11 1e-05 0.05 256 VGG19
1.0 3.18 2.85 2.95 2.84 2.91 2.84 2.91 2.81 2.9 2.85 2.82 2.93 2.79 2.8 2.86 2.83 2.82 2.83 2.86 2.78 86.79 1e-06 0.05 256 VGG19
1.0 3.0 2.78 2.85 2.84 2.82 2.95 2.79 2.78 2.91 2.87 2.87 2.91 2.93 2.93 2.96 2.9 2.94 2.93 2.96 2.93 86.77 1e-07 0.05 256 VGG19
1.0 3.59 2.76 3.13 2.91 3.05 2.91 2.83 2.99 3.0 3.0 3.03 3.05 3.02 3.04 3.03 2.97 3.02 2.99 2.97 3.04 85.74 1e-05 0.05 512 VGG19
1.0 3.47 2.97 2.96 3.1 3.05 2.94 2.84 3.06 3.04 2.99 3.06 2.96 3.0 3.03 3.03 3.05 3.07 2.99 2.98 3.03 85.17 1e-06 0.05 512 VGG19
1.0 3.1 3.24 3.0 2.97 3.08 3.02 3.02 3.03 2.94 2.9 2.97 2.92 2.9 2.93 2.95 2.93 2.93 2.91 2.94 2.9 85.12 1e-07 0.05 512 VGG19
1.0 3.68 3.46 2.88 3.01 3.08 2.91 3.0 2.75 2.91 2.97 2.93 2.96 2.99 3.02 2.95 3.02 3.0 2.99 2.97 2.99 84.24 1e-05 0.05 1024 VGG19
1.0 3.82 2.9 3.0 3.06 3.01 2.93 2.94 2.86 2.81 2.8 2.78 2.79 2.76 2.76 2.75 2.74 2.78 2.77 2.77 2.76 84.91 1e-06 0.05 1024 VGG19
1.0 3.53 3.09 2.94 3.0 2.81 2.91 3.0 2.96 2.96 2.99 2.97 2.97 2.93 2.96 2.94 2.94 2.92 2.96 2.94 2.92 85.39 1e-07 0.05 1024 VGG19
1.0 2.69 2.74 2.68 2.51 2.52 2.53 2.56 2.55 2.51 2.51 2.56 2.53 2.52 2.57 2.54 2.53 2.52 2.52 2.51 2.5 86.66 1e-05 0.01 256 VGG19
1.0 2.65 2.52 2.51 2.58 2.56 2.46 2.54 2.54 2.55 2.55 2.53 2.54 2.51 2.5 2.52 2.56 2.52 2.56 2.55 2.53 86.76 1e-06 0.01 256 VGG19
1.0 2.83 2.68 2.6 2.69 2.67 2.76 2.77 2.8 2.79 2.84 2.76 2.83 2.74 2.77 2.78 2.78 2.78 2.79 2.71 2.79 87.27 1e-07 0.01 256 VGG19
1.0 2.61 2.58 2.69 2.71 2.73 2.7 2.71 2.75 2.74 2.66 2.69 2.67 2.73 2.69 2.68 2.72 2.74 2.7 2.74 2.69 85.09 1e-05 0.01 512 VGG19
1.0 2.82 2.66 2.75 2.74 2.71 2.72 2.71 2.69 2.7 2.7 2.68 2.72 2.68 2.68 2.7 2.67 2.66 2.73 2.68 2.71 85.39 1e-06 0.01 512 VGG19
1.0 2.71 2.72 2.84 2.73 2.74 2.75 2.75 2.77 2.78 2.76 2.77 2.75 2.77 2.78 2.75 2.74 2.74 2.75 2.76 2.73 85.3 1e-07 0.01 512 VGG19
1.0 2.79 2.93 2.91 2.79 2.79 2.83 2.8 2.84 2.83 2.81 2.81 2.86 2.84 2.83 2.83 2.83 2.82 2.83 2.85 2.83 83.0 1e-05 0.01 1024 VGG19
1.0 2.83 2.77 2.68 2.7 2.74 2.72 2.74 2.73 2.74 2.73 2.75 2.72 2.75 2.72 2.74 2.73 2.71 2.74 2.73 2.75 82.66 1e-06 0.01 1024 VGG19
1.0 2.84 2.74 2.76 2.77 2.72 2.75 2.72 2.73 2.71 2.73 2.7 2.72 2.75 2.69 2.73 2.76 2.72 2.73 2.7 2.73 82.39 1e-07 0.01 1024 VGG19
1.0 2.69 2.62 2.56 2.59 2.61 2.64 2.63 2.61 2.62 2.59 2.6 2.64 2.61 2.6 2.56 2.6 2.56 2.63 2.6 2.59 85.19 1e-05 0.005 256 VGG19
1.0 2.91 2.63 2.69 2.73 2.7 2.72 2.64 2.63 2.66 2.65 2.69 2.66 2.64 2.68 2.67 2.66 2.63 2.66 2.69 2.68 84.57 1e-06 0.005 256 VGG19
1.0 2.78 2.77 2.7 2.64 2.66 2.61 2.63 2.56 2.69 2.66 2.71 2.67 2.55 2.69 2.61 2.67 2.67 2.69 2.66 2.66 85.31 1e-07 0.005 256 VGG19
1.0 2.85 2.86 2.91 2.89 2.91 2.88 2.81 2.82 2.86 2.84 2.88 2.87 2.86 2.89 2.84 2.81 2.86 2.86 2.84 2.81 82.29 1e-05 0.005 512 VGG19
1.0 2.65 2.63 2.62 2.64 2.59 2.59 2.6 2.63 2.64 2.62 2.67 2.58 2.62 2.63 2.6 2.61 2.61 2.61 2.63 2.59 82.84 1e-06 0.005 512 VGG19
1.0 2.8 2.8 2.8 2.75 2.71 2.7 2.72 2.74 2.72 2.71 2.71 2.74 2.78 2.73 2.73 2.71 2.74 2.72 2.76 2.71 82.52 1e-07 0.005 512 VGG19
1.0 3.34 2.98 2.9 2.91 2.93 2.89 2.84 2.84 2.88 2.87 2.84 2.85 2.86 2.84 2.86 2.86 2.86 2.88 2.83 2.86 78.43 1e-05 0.005 1024 VGG19
1.0 2.96 2.94 2.92 2.93 2.92 2.94 2.92 2.94 2.91 2.94 2.93 2.9 2.96 2.88 2.97 2.95 2.91 2.94 2.94 2.91 78.9 1e-06 0.005 1024 VGG19
1.0 3.01 2.86 2.84 2.91 2.91 2.87 2.85 2.9 2.9 2.86 2.92 2.88 2.87 2.92 2.89 2.89 2.9 2.87 2.87 2.9 78.64 1e-07 0.005 1024 VGG19
1.0 3.01 2.89 2.84 2.86 2.91 2.92 2.9 2.89 2.88 2.87 2.86 2.92 2.81 2.88 2.83 2.9 2.85 2.88 2.9 2.88 78.8 1e-05 0.001 256 VGG19
1.0 3.24 2.87 2.98 2.98 2.97 2.97 3.01 2.98 2.96 2.98 3.05 3.02 3.04 3.03 2.98 3.03 2.98 2.99 3.0 3.0 78.64 1e-06 0.001 256 VGG19
1.0 3.13 3.01 2.97 2.98 2.97 2.97 2.96 3.04 3.01 2.97 2.98 2.97 3.01 2.99 3.09 2.96 2.97 2.93 2.99 3.0 78.49 1e-07 0.001 256 VGG19
1.0 3.5 3.58 3.51 3.45 3.48 3.48 3.44 3.46 3.37 3.39 3.36 3.49 3.35 3.4 3.42 3.43 3.46 3.56 3.43 3.38 73.44 1e-05 0.001 512 VGG19
1.0 3.66 3.49 3.6 3.51 3.56 3.57 3.5 3.53 3.63 3.55 3.53 3.49 3.48 3.58 3.6 3.53 3.55 3.53 3.53 3.57 73.25 1e-06 0.001 512 VGG19
1.0 3.4 3.38 3.45 3.54 3.39 3.53 3.4 3.58 3.59 3.56 3.57 3.46 3.56 3.49 3.54 3.51 3.56 3.48 3.52 3.5 73.12 1e-07 0.001 512 VGG19
1.0 4.79 4.97 4.97 4.91 4.91 4.96 4.87 4.77 4.96 4.9 4.93 4.92 4.9 4.94 4.98 4.93 5.07 4.91 4.87 4.93 66.52 1e-05 0.001 1024 VGG19
1.0 4.71 4.35 4.34 4.28 4.4 4.26 4.31 4.36 4.41 4.47 4.45 4.42 4.45 4.43 4.44 4.48 4.44 4.44 4.45 4.41 66.25 1e-06 0.001 1024 VGG19
1.0 4.25 4.27 4.24 4.3 4.28 4.26 4.3 4.3 4.3 4.22 4.33 4.26 4.26 4.25 4.31 4.32 4.31 4.24 4.27 4.29 66.01 1e-07 0.001 1024 VGG19
