1.0 2.62 2.79 2.64 2.59 2.64 2.86 2.72 2.8 2.58 2.61 2.61 2.67 2.41 2.42 2.49 2.57 2.55 2.58 2.51 2.6 92.3 0.0005 0.1 256 GoogLeNet
1.0 2.74 2.89 2.82 2.97 2.78 2.67 2.62 2.67 2.71 2.54 2.57 2.62 2.53 2.56 2.57 2.5 2.56 2.6 2.57 2.68 92.72 0.0005 0.09 256 GoogLeNet
1.0 2.73 2.56 2.97 2.71 2.76 2.8 2.77 2.76 2.49 2.66 2.58 2.6 2.61 2.67 2.59 2.68 2.62 2.64 2.51 2.58 93.13 0.0005 0.08 256 GoogLeNet
1.0 2.72 2.92 2.8 2.73 2.73 2.66 2.66 2.86 2.44 2.74 2.54 2.5 2.67 2.43 2.41 2.37 2.34 2.41 2.38 2.45 93.2 0.0005 0.06 256 GoogLeNet
1.0 2.63 2.74 2.74 2.75 2.75 2.65 2.75 2.98 2.51 2.64 2.46 2.54 2.55 2.53 2.59 2.58 2.42 2.52 2.52 2.54 93.1 0.0005 0.07 256 GoogLeNet
1.0 2.72 2.54 2.73 3.01 2.69 2.75 2.97 2.7 2.58 2.62 2.82 2.6 2.67 2.65 2.6 2.74 2.73 2.7 2.77 2.74 92.24 0.0005 0.05 256 GoogLeNet
1.0 2.87 2.8 2.66 2.87 2.66 2.7 2.82 2.98 2.63 2.53 2.56 2.66 2.67 2.51 2.55 2.54 2.57 2.51 2.49 2.57 92.85 0.0005 0.04 256 GoogLeNet
1.0 2.75 2.61 2.61 2.63 2.76 2.69 2.72 2.61 2.89 2.63 2.65 2.6 2.64 2.69 2.56 2.63 2.67 2.61 2.54 2.59 92.48 0.0005 0.03 256 GoogLeNet
1.0 2.72 2.85 2.8 2.86 2.89 2.9 2.9 2.88 2.92 2.83 2.91 2.87 2.82 2.84 2.76 2.82 2.84 2.83 2.81 2.83 89.25 0.0005 0.009 256 GoogLeNet
1.0 2.92 2.77 2.76 2.81 2.84 2.85 2.72 2.85 2.74 2.73 2.77 2.81 2.82 2.82 2.86 2.85 2.79 2.85 2.85 2.85 89.07 0.0005 0.008 256 GoogLeNet
1.0 2.74 2.56 2.6 2.63 2.73 2.7 2.69 2.23 2.52 2.58 2.61 2.62 2.61 2.61 2.62 2.57 2.58 2.6 2.61 2.63 91.93 0.0005 0.02 256 GoogLeNet
1.0 3.0 3.0 2.93 2.95 2.93 2.93 3.01 3.01 3.07 3.02 2.97 3.07 3.01 3.06 3.01 2.86 2.97 3.06 2.99 3.06 88.13 0.0005 0.005 256 GoogLeNet
1.0 2.79 2.61 2.59 2.62 2.67 2.62 2.66 2.76 2.65 2.64 2.73 2.76 2.8 2.83 2.76 2.82 2.82 2.86 2.88 2.83 89.44 0.0005 0.01 256 GoogLeNet
1.0 3.09 2.9 2.94 2.98 3.09 3.0 3.07 3.01 3.09 3.07 3.05 3.07 3.09 3.07 3.09 3.04 3.02 3.01 3.08 3.08 87.08 0.0005 0.004 256 GoogLeNet
1.0 3.02 3.07 3.19 3.16 3.17 3.15 3.25 3.16 3.13 3.22 3.23 3.21 3.22 3.28 3.23 3.17 3.26 3.23 3.23 3.3 85.48 0.0005 0.003 256 GoogLeNet
1.0 3.44 3.18 3.12 3.13 3.11 3.14 3.17 3.24 3.17 3.19 3.15 3.25 3.23 3.23 3.22 3.26 3.19 3.2 3.24 3.13 83.84 0.0005 0.002 256 GoogLeNet
1.0 2.77 2.68 2.66 2.67 2.64 2.63 2.66 2.6 2.66 2.77 2.69 2.68 2.81 2.76 2.75 2.72 2.79 2.79 2.77 2.86 88.99 0.0005 0.007 256 GoogLeNet
1.0 2.77 2.66 2.77 2.82 2.8 2.78 2.84 2.87 2.94 2.95 2.86 2.85 2.98 2.94 2.92 2.95 2.95 2.95 2.9 2.95 88.18 0.0005 0.006 256 GoogLeNet
1.0 2.76 2.75 2.89 2.85 2.75 3.16 2.8 2.81 2.88 2.6 2.63 2.7 2.64 2.57 2.64 2.43 2.52 2.51 2.56 2.52 93.2 0.0005 0.09 256 GoogLeNet
1.0 2.81 2.84 2.78 2.86 2.9 2.95 2.62 2.75 2.58 2.49 2.67 2.62 2.62 2.67 2.77 2.71 2.68 2.61 2.6 2.58 93.15 0.0005 0.08 256 GoogLeNet
1.0 2.8 2.82 2.88 2.85 2.74 2.76 2.75 2.83 2.7 2.54 2.54 2.7 2.59 2.55 2.59 2.5 2.56 2.58 2.54 2.55 92.74 0.0005 0.07 256 GoogLeNet
1.0 2.82 2.73 2.95 2.79 2.89 3.15 2.62 2.64 2.78 2.56 2.56 2.49 2.5 2.78 2.62 2.57 2.63 2.56 2.51 2.53 93.09 0.0005 0.06 256 GoogLeNet
1.0 3.7 3.52 3.41 3.6 3.67 3.67 3.82 3.63 3.77 3.68 3.78 3.68 3.81 3.81 3.7 3.72 3.83 3.58 3.64 3.83 79.4 0.0005 0.001 256 GoogLeNet
1.0 2.72 2.85 2.82 2.76 2.93 2.95 2.72 2.69 2.71 2.98 2.7 2.65 2.7 2.72 2.61 2.64 2.78 2.69 2.68 2.65 92.68 0.0005 0.1 256 GoogLeNet
1.0 2.87 2.97 2.78 2.98 3.0 2.59 2.49 2.59 2.75 2.64 2.64 2.63 2.7 2.65 2.59 2.64 2.64 2.63 2.67 2.61 92.44 0.0005 0.04 256 GoogLeNet
1.0 2.86 2.89 2.77 2.75 2.82 2.79 2.89 2.95 2.91 2.95 2.93 2.92 2.9 2.91 3.0 3.01 2.95 2.94 2.97 2.97 88.8 0.0005 0.007 256 GoogLeNet
1.0 2.83 2.73 2.57 2.7 2.87 2.79 2.55 2.64 2.63 2.85 2.63 2.61 2.66 2.72 2.72 2.71 2.7 2.7 2.69 2.81 92.14 0.0005 0.03 256 GoogLeNet
1.0 2.81 2.78 2.85 2.8 2.76 2.78 2.86 2.86 2.95 2.95 2.92 2.96 2.9 2.98 2.99 2.94 3.02 3.02 2.91 2.91 89.25 0.0005 0.01 256 GoogLeNet
1.0 3.02 2.75 2.73 2.67 2.77 2.83 2.75 2.76 2.71 2.78 2.82 2.85 2.8 2.86 2.82 2.91 2.8 2.89 2.91 2.84 89.4 0.0005 0.009 256 GoogLeNet
1.0 2.84 2.79 2.75 2.75 2.74 2.8 2.86 2.86 2.83 2.89 2.89 2.88 2.91 2.91 2.86 2.94 2.91 2.94 2.94 2.95 89.02 0.0005 0.008 256 GoogLeNet
1.0 3.47 3.23 3.18 3.12 3.2 3.15 3.22 3.2 3.17 3.14 3.13 3.21 3.26 3.29 3.17 3.19 3.28 3.32 3.24 3.29 86.06 0.0005 0.003 256 GoogLeNet
1.0 3.23 2.87 2.88 2.96 2.98 3.03 3.01 3.11 2.98 2.99 2.99 2.98 3.0 2.92 3.04 3.05 3.09 3.05 3.13 3.0 86.67 0.0005 0.004 256 GoogLeNet
1.0 2.95 2.96 2.92 2.87 2.92 2.88 2.93 2.95 2.94 2.87 2.87 2.93 2.95 2.98 2.96 2.94 2.92 2.96 2.91 2.96 87.92 0.0005 0.006 256 GoogLeNet
1.0 2.81 2.91 2.82 2.88 2.87 2.91 2.77 2.93 2.89 2.98 2.94 2.94 2.98 2.96 3.04 2.78 2.95 2.88 2.95 2.92 87.98 0.0005 0.005 256 GoogLeNet
1.0 2.87 2.76 2.7 2.7 3.01 2.68 2.72 2.47 2.48 2.58 2.53 2.62 2.66 2.5 2.52 2.51 2.57 2.59 2.54 2.61 93.19 0.0005 0.07 256 GoogLeNet
1.0 2.8 2.69 2.61 2.72 2.73 2.83 2.71 2.66 2.73 2.61 2.67 2.51 2.54 2.58 2.52 2.48 2.54 2.56 2.54 2.52 93.37 0.0005 0.1 256 GoogLeNet
1.0 2.77 2.79 2.89 2.67 2.94 2.71 2.68 2.53 2.53 2.55 2.68 2.55 2.61 2.69 2.64 2.69 2.68 2.63 2.6 2.69 92.66 0.0005 0.05 256 GoogLeNet
1.0 2.98 2.69 3.03 2.86 2.59 2.57 2.57 2.67 2.69 2.75 2.6 2.59 2.53 2.48 2.54 2.67 2.72 2.65 2.57 2.63 92.49 0.0005 0.09 256 GoogLeNet
1.0 2.92 2.81 2.7 2.87 2.79 2.74 2.68 2.57 2.49 2.47 2.44 2.55 2.47 2.4 2.47 2.49 2.49 2.5 2.49 2.51 93.18 0.0005 0.08 256 GoogLeNet
1.0 2.79 2.9 2.69 2.65 2.81 2.84 2.73 2.65 2.73 2.69 2.65 2.55 2.59 2.68 2.65 2.67 2.62 2.71 2.62 2.73 92.55 0.0005 0.06 256 GoogLeNet
1.0 2.97 2.56 2.62 2.6 2.63 2.63 2.71 2.74 2.71 2.65 2.65 2.72 2.77 2.72 2.71 2.72 2.66 2.73 2.69 2.76 89.27 0.0005 0.008 256 GoogLeNet
1.0 2.87 2.78 2.74 2.78 2.84 2.9 2.76 2.85 2.86 2.85 2.89 2.85 2.83 2.8 2.85 2.89 2.83 2.92 2.82 2.85 88.45 0.0005 0.007 256 GoogLeNet
1.0 3.14 2.87 2.9 2.87 2.88 2.81 2.89 2.89 2.8 2.88 2.92 2.86 2.91 2.94 3.0 2.93 3.05 2.89 2.85 2.94 87.58 0.0005 0.005 256 GoogLeNet
1.0 3.02 2.75 2.75 2.77 2.74 2.76 2.77 2.8 2.74 2.74 2.67 2.78 2.75 2.72 2.81 2.79 2.85 2.8 2.75 2.81 87.93 0.0005 0.006 256 GoogLeNet
1.0 3.78 3.88 3.8 3.9 3.86 3.83 4.01 3.93 4.23 4.01 3.98 4.07 3.94 3.99 3.91 3.88 3.9 4.04 3.94 4.11 78.89 0.0005 0.001 256 GoogLeNet
1.0 3.44 3.26 3.32 3.19 3.22 3.42 3.31 3.32 3.33 3.29 3.23 3.36 3.35 3.37 3.3 3.53 3.44 3.28 3.3 3.42 83.46 0.0005 0.002 256 GoogLeNet
1.0 2.91 2.64 2.64 2.7 2.77 2.72 2.71 2.77 2.81 2.74 2.79 2.8 2.73 2.67 2.79 2.69 2.87 2.78 2.84 2.81 89.65 0.0005 0.01 256 GoogLeNet
1.0 2.86 2.56 2.58 2.66 2.67 2.69 2.75 2.75 2.76 2.89 2.8 2.82 2.8 2.87 2.87 2.88 2.93 2.9 2.88 2.93 89.38 0.0005 0.009 256 GoogLeNet
1.0 3.16 2.98 3.01 2.91 2.98 2.93 2.86 2.87 2.84 2.91 2.86 2.87 2.93 2.86 2.93 2.89 2.79 2.93 2.89 2.84 86.57 0.0005 0.004 256 GoogLeNet
1.0 3.36 3.29 3.29 3.36 3.15 3.1 3.17 3.13 3.18 3.26 3.16 3.16 3.14 3.2 3.19 3.15 3.16 3.15 3.11 3.14 86.47 0.0005 0.003 256 GoogLeNet
1.31 2.74 2.75 2.69 2.7 2.69 2.74 2.46 2.66 2.63 2.72 2.55 2.65 2.66 2.69 2.45 2.48 2.51 2.56 2.51 2.48 91.87 0.0005 0.08 256 DenseNet121
1.31 2.71 2.62 2.67 2.72 2.75 2.49 2.77 2.65 2.85 2.59 2.8 2.71 2.47 2.49 2.39 2.43 2.37 2.41 2.42 2.39 91.43 0.0005 0.07 256 DenseNet121
1.31 2.71 2.64 2.55 2.84 2.7 2.67 2.78 2.49 2.8 2.8 2.59 2.54 2.58 2.64 2.47 2.55 2.54 2.55 2.54 2.46 91.73 0.0005 0.1 256 DenseNet121
1.31 2.71 2.77 2.54 2.63 2.76 2.66 2.67 2.71 2.79 2.62 2.58 2.59 2.6 2.68 2.56 2.52 2.51 2.64 2.57 2.57 91.82 0.0005 0.09 256 DenseNet121
1.31 2.53 2.76 2.64 2.64 2.56 2.53 2.74 2.62 2.65 2.56 2.61 2.59 2.45 2.65 2.43 2.41 2.43 2.45 2.42 2.48 91.68 0.0005 0.06 256 DenseNet121
1.31 2.55 2.49 2.7 2.8 2.86 2.68 2.66 2.76 2.42 2.75 2.55 2.66 2.7 2.66 2.61 2.54 2.45 2.54 2.53 2.48 91.36 0.0005 0.05 256 DenseNet121
1.31 2.69 2.61 2.46 2.6 2.53 2.56 2.66 2.62 2.83 2.64 2.55 2.53 2.67 2.52 2.49 2.52 2.52 2.53 2.52 2.5 91.21 0.0005 0.04 256 DenseNet121
1.31 2.64 2.65 2.61 2.6 2.67 2.59 2.66 2.58 2.63 2.56 2.54 2.61 2.49 2.55 2.54 2.58 2.5 2.57 2.53 2.57 90.4 0.0005 0.01 256 DenseNet121
1.31 2.94 2.68 2.76 2.57 2.53 2.72 2.58 2.42 2.65 2.58 2.48 2.71 2.57 2.57 2.64 2.59 2.57 2.58 2.58 2.55 91.06 0.0005 0.03 256 DenseNet121
1.31 2.7 2.69 2.63 2.83 2.64 2.65 2.63 2.65 2.62 2.65 2.79 2.75 2.79 2.75 2.76 2.72 2.64 2.79 2.76 2.71 89.44 0.0005 0.008 256 DenseNet121
1.31 2.88 2.75 2.61 2.66 2.64 2.65 2.61 2.66 2.65 2.54 2.56 2.65 2.66 2.75 2.82 2.68 2.6 2.63 2.74 2.65 88.65 0.0005 0.006 256 DenseNet121
1.31 2.74 2.75 2.6 2.55 2.66 2.6 2.6 2.48 2.68 2.64 2.68 2.61 2.64 2.6 2.64 2.63 2.65 2.67 2.54 2.52 89.15 0.0005 0.007 256 DenseNet121
1.31 2.65 2.69 2.82 2.74 2.77 2.81 2.86 2.87 2.82 2.75 2.78 2.81 2.78 2.73 2.84 2.8 2.78 2.78 2.79 2.83 88.46 0.0005 0.005 256 DenseNet121
