1.0 2.71 3.21 4.46 2.97 3.57 3.85 3.21 4.39 4.36 3.84 3.96 3.96 3.77 3.85 4.07 4.13 4.07 4.09 4.13 4.11 77.48 1e-06 0.5 256 VGG19
1.0 2.61 3.17 3.26 3.38 3.39 3.25 3.15 3.41 2.99 3.05 3.14 3.14 3.03 3.08 3.11 3.18 3.22 3.21 3.18 3.18 83.84 1e-05 0.5 256 VGG19
1.0 1.43 3.43 3.98 3.01 3.81 3.84 3.5 3.88 4.05 4.03 4.02 4.0 3.97 4.21 3.96 4.02 4.05 4.02 4.02 4.04 75.23 1e-07 0.5 256 VGG19
1.0 1.38 2.1 3.03 3.2 3.94 4.08 3.65 3.45 3.69 3.91 3.75 4.18 4.17 4.48 4.17 4.12 4.14 4.15 4.69 4.89 59.27 1e-05 0.5 512 VGG19
1.0 2.26 1.96 3.98 3.85 3.69 4.24 4.62 4.47 4.77 4.4 4.3 4.49 5.03 4.03 5.12 4.9 5.22 5.07 5.55 5.77 52.63 1e-06 0.5 512 VGG19
1.0 3.83 4.14 3.68 4.22 3.56 3.69 3.7 3.8 3.76 3.97 3.62 3.66 3.72 3.84 3.95 3.9 3.82 3.81 3.93 3.91 75.32 1e-07 0.5 512 VGG19
1.0 1.11 1.23 2.63 3.93 3.77 3.75 3.64 3.53 3.49 3.64 3.26 3.64 3.71 3.73 3.72 3.69 3.74 3.8 3.73 3.75 73.83 1e-05 0.5 1024 VGG19
1.0 1.05 1.12 2.97 3.84 3.65 3.54 3.57 3.43 3.65 3.48 3.26 3.43 3.56 4.02 3.97 3.91 4.01 4.0 4.06 4.01 68.48 1e-06 0.5 1024 VGG19
1.0 1.05 1.34 1.53 3.37 3.15 3.71 3.85 3.71 3.87 3.37 3.81 3.94 3.68 3.74 3.8 4.14 4.26 4.1 4.2 4.16 66.57 1e-07 0.5 1024 VGG19
1.0 3.49 2.7 2.94 3.0 2.94 2.76 2.89 2.76 2.86 2.88 2.95 2.85 2.77 2.79 2.77 2.82 2.78 2.8 2.8 2.77 85.5 1e-05 0.1 256 VGG19
1.0 3.04 3.07 3.03 2.86 2.99 2.9 2.73 2.81 2.82 2.89 2.8 2.8 2.78 2.76 2.82 2.88 2.89 2.88 2.88 2.88 85.01 1e-06 0.1 256 VGG19
1.0 3.3 3.09 3.01 3.02 3.0 2.95 2.89 2.84 3.02 2.91 2.87 2.96 2.93 2.94 2.92 2.93 2.91 2.96 2.87 2.9 85.77 1e-07 0.1 256 VGG19
1.0 3.88 3.17 3.09 3.15 3.1 3.01 2.99 3.04 3.11 3.07 3.08 3.03 2.97 2.98 2.95 2.98 2.91 2.92 2.95 2.9 83.45 1e-05 0.1 512 VGG19
1.0 3.49 3.39 2.9 2.91 3.13 3.01 3.07 2.97 3.0 2.95 2.97 2.96 2.99 2.97 3.01 2.93 2.95 2.9 2.9 2.92 83.14 1e-06 0.1 512 VGG19
1.0 3.89 2.88 3.04 3.26 3.01 3.03 2.99 3.01 3.01 3.0 2.98 2.89 2.89 2.98 2.94 2.99 2.97 3.0 2.99 2.98 82.82 1e-07 0.1 512 VGG19
1.0 3.51 4.43 3.17 3.01 3.0 2.99 3.08 3.1 3.06 2.98 3.01 3.01 3.05 3.0 3.01 3.03 3.01 3.02 3.02 3.02 83.0 1e-05 0.1 1024 VGG19
1.0 3.27 3.81 3.36 3.11 3.06 2.83 3.03 3.07 2.96 2.98 2.89 2.89 2.9 2.93 2.95 2.93 2.92 2.92 2.9 2.91 82.85 1e-06 0.1 1024 VGG19
1.0 3.74 3.33 2.97 3.04 3.0 3.01 3.05 3.18 3.14 3.02 3.05 3.17 3.08 3.07 3.09 3.13 3.12 3.1 3.11 3.09 82.21 1e-07 0.1 1024 VGG19
1.0 2.84 3.04 2.99 2.79 2.7 2.91 2.86 2.74 2.89 2.8 2.8 2.83 2.82 2.85 2.77 2.8 2.82 2.84 2.8 2.8 86.42 1e-05 0.05 256 VGG19
1.0 2.98 2.7 2.9 2.85 2.8 2.96 2.77 2.82 2.84 2.77 2.79 2.82 2.75 2.77 2.77 2.81 2.81 2.82 2.8 2.79 86.89 1e-06 0.05 256 VGG19
1.0 2.96 2.94 3.04 3.04 3.09 2.9 2.92 2.93 2.97 2.96 2.98 2.96 2.94 2.88 2.87 2.9 3.0 2.96 2.97 3.03 86.33 1e-07 0.05 256 VGG19
1.0 3.06 2.98 2.85 2.87 2.87 2.77 2.91 2.85 2.84 2.86 2.89 2.89 2.89 2.86 2.91 2.86 2.89 2.92 2.97 2.89 86.04 1e-05 0.05 512 VGG19
1.0 3.13 3.06 3.01 3.01 2.83 2.95 2.85 2.95 2.9 2.91 2.93 2.94 2.93 2.95 2.98 2.98 2.96 2.84 2.98 2.98 86.48 1e-06 0.05 512 VGG19
1.0 3.02 2.98 2.98 2.84 2.89 2.91 2.81 2.96 2.85 2.91 2.89 2.9 2.88 2.89 2.92 2.92 2.91 2.86 2.91 2.91 86.39 1e-07 0.05 512 VGG19
1.0 3.78 3.35 3.18 3.28 2.89 2.99 3.23 3.25 3.16 3.18 3.18 3.22 3.25 3.21 3.24 3.18 3.2 3.2 3.2 3.18 84.31 1e-05 0.05 1024 VGG19
1.0 3.16 2.95 2.81 2.79 2.73 2.84 2.64 2.62 2.61 2.63 2.61 2.63 2.6 2.6 2.61 2.63 2.6 2.62 2.63 2.61 86.11 1e-06 0.05 1024 VGG19
1.0 3.14 2.83 3.15 2.86 2.9 2.94 2.89 2.9 2.89 2.9 2.87 2.87 2.9 2.87 2.89 2.93 2.9 2.88 2.9 2.89 86.62 1e-07 0.05 1024 VGG19
1.0 2.56 2.76 2.73 2.67 2.62 2.67 2.6 2.57 2.54 2.58 2.6 2.55 2.57 2.59 2.56 2.56 2.57 2.57 2.56 2.57 86.75 1e-05 0.01 256 VGG19
1.0 2.82 2.72 2.55 2.57 2.56 2.58 2.63 2.54 2.56 2.58 2.57 2.55 2.58 2.57 2.54 2.61 2.61 2.58 2.57 2.63 86.18 1e-06 0.01 256 VGG19
1.0 2.75 2.62 2.62 2.62 2.62 2.58 2.64 2.65 2.7 2.71 2.65 2.66 2.62 2.65 2.66 2.67 2.68 2.66 2.69 2.65 86.6 1e-07 0.01 256 VGG19
1.0 2.69 2.64 2.59 2.55 2.57 2.58 2.59 2.57 2.6 2.58 2.61 2.6 2.6 2.62 2.63 2.57 2.62 2.6 2.62 2.62 84.87 1e-05 0.01 512 VGG19
1.0 2.65 2.71 2.58 2.63 2.63 2.64 2.66 2.72 2.67 2.67 2.66 2.65 2.63 2.64 2.69 2.65 2.67 2.65 2.65 2.62 84.85 1e-06 0.01 512 VGG19
1.0 2.92 2.75 2.57 2.61 2.61 2.56 2.64 2.58 2.56 2.63 2.57 2.53 2.59 2.54 2.56 2.57 2.53 2.6 2.56 2.57 84.81 1e-07 0.01 512 VGG19
1.0 2.86 2.84 2.73 2.76 2.74 2.74 2.78 2.77 2.77 2.8 2.75 2.75 2.73 2.72 2.72 2.71 2.79 2.77 2.76 2.72 82.02 1e-05 0.01 1024 VGG19
1.0 2.82 2.74 2.72 2.63 2.6 2.57 2.61 2.59 2.59 2.6 2.59 2.59 2.59 2.58 2.61 2.59 2.6 2.59 2.59 2.6 82.41 1e-06 0.01 1024 VGG19
1.0 2.75 2.86 2.61 2.59 2.61 2.65 2.63 2.65 2.65 2.66 2.67 2.63 2.64 2.65 2.66 2.65 2.64 2.64 2.65 2.64 81.79 1e-07 0.01 1024 VGG19
1.0 2.77 2.62 2.64 2.6 2.63 2.65 2.65 2.64 2.64 2.62 2.67 2.63 2.64 2.69 2.67 2.72 2.65 2.68 2.66 2.68 84.72 1e-05 0.005 256 VGG19
1.0 2.47 2.54 2.6 2.59 2.56 2.56 2.62 2.57 2.58 2.58 2.57 2.57 2.54 2.54 2.55 2.6 2.57 2.58 2.57 2.59 85.43 1e-06 0.005 256 VGG19
1.0 2.62 2.65 2.64 2.66 2.62 2.67 2.6 2.66 2.66 2.67 2.6 2.7 2.58 2.66 2.69 2.63 2.6 2.68 2.63 2.65 85.05 1e-07 0.005 256 VGG19
1.0 2.76 2.81 2.78 2.77 2.76 2.83 2.78 2.78 2.8 2.8 2.82 2.77 2.76 2.77 2.8 2.8 2.75 2.76 2.87 2.8 82.03 1e-05 0.005 512 VGG19
1.0 2.81 2.58 2.69 2.72 2.75 2.7 2.68 2.66 2.68 2.68 2.7 2.65 2.69 2.7 2.71 2.68 2.62 2.71 2.7 2.73 82.65 1e-06 0.005 512 VGG19
1.0 2.7 2.67 2.65 2.61 2.65 2.67 2.69 2.67 2.63 2.63 2.64 2.67 2.63 2.66 2.64 2.66 2.67 2.65 2.66 2.63 82.13 1e-07 0.005 512 VGG19
1.0 3.05 2.94 2.98 3.02 3.03 3.04 3.03 3.03 3.09 3.03 3.06 3.03 3.04 3.03 3.03 3.01 3.01 3.04 3.03 3.03 78.84 1e-05 0.005 1024 VGG19
1.0 3.13 3.01 3.04 3.0 3.02 2.99 3.0 2.99 2.95 2.98 2.97 2.96 2.97 2.99 2.99 2.89 3.03 2.99 2.99 3.0 78.22 1e-06 0.005 1024 VGG19
1.0 3.04 2.84 2.86 2.92 2.94 2.92 2.95 2.89 2.94 2.96 2.92 2.93 2.92 2.91 2.93 2.91 2.9 2.92 2.93 2.92 78.41 1e-07 0.005 1024 VGG19
1.0 2.85 3.08 2.96 3.04 3.11 3.05 3.08 3.05 3.14 3.11 3.11 3.15 3.08 2.94 3.03 3.06 3.08 3.06 3.07 3.06 78.22 1e-05 0.001 256 VGG19
1.0 3.0 3.0 2.96 2.95 2.92 2.93 2.91 3.01 3.0 2.97 2.98 3.0 2.97 3.03 2.99 2.96 2.99 2.94 3.01 2.99 77.78 1e-06 0.001 256 VGG19
1.0 3.11 3.01 3.07 3.11 3.08 3.1 3.08 3.13 3.01 3.08 3.08 3.1 3.04 3.07 3.11 3.12 3.16 3.07 3.05 3.13 78.06 1e-07 0.001 256 VGG19
1.0 3.55 3.58 3.55 3.5 3.52 3.44 3.52 3.45 3.54 3.43 3.45 3.5 3.51 3.48 3.44 3.44 3.51 3.5 3.45 3.46 73.47 1e-05 0.001 512 VGG19
1.0 3.63 3.32 3.38 3.46 3.4 3.26 3.34 3.36 3.37 3.42 3.39 3.42 3.29 3.38 3.33 3.41 3.35 3.4 3.32 3.33 73.81 1e-06 0.001 512 VGG19
1.0 3.61 3.67 3.61 3.61 3.57 3.63 3.66 3.63 3.6 3.6 3.56 3.49 3.62 3.52 3.57 3.57 3.52 3.69 3.66 3.56 72.67 1e-07 0.001 512 VGG19
1.0 4.53 4.51 4.65 4.63 4.58 4.73 4.69 4.61 4.69 4.6 4.74 4.64 4.57 4.64 4.7 4.62 4.68 4.63 4.77 4.69 65.15 1e-05 0.001 1024 VGG19
1.0 4.42 4.4 4.35 4.42 4.42 4.51 4.47 4.4 4.46 4.47 4.5 4.41 4.46 4.42 4.47 4.51 4.46 4.48 4.53 4.46 65.77 1e-06 0.001 1024 VGG19
1.0 4.37 4.27 4.43 4.32 4.36 4.39 4.29 4.39 4.36 4.4 4.37 4.31 4.31 4.42 4.35 4.35 4.46 4.37 4.44 4.36 65.89 1e-07 0.001 1024 VGG19
1.0 1.05 2.9 3.17 3.36 3.4 4.02 3.44 3.47 3.43 3.45 3.18 3.23 3.24 3.25 3.19 3.09 3.26 3.21 3.32 3.29 82.8 1e-05 0.5 256 VGG19
1.0 2.93 3.66 3.52 3.4 3.28 3.36 3.31 3.45 3.34 3.32 3.46 3.5 3.48 3.53 3.57 3.56 3.55 3.57 3.57 3.64 81.13 1e-06 0.5 256 VGG19
1.0 2.36 3.29 3.51 3.57 3.18 3.66 3.57 3.56 3.77 3.77 3.75 3.7 3.64 3.69 3.93 3.98 3.83 3.76 3.84 3.87 78.66 1e-07 0.5 256 VGG19
1.0 3.07 3.5 4.03 3.49 3.31 3.15 3.3 3.16 3.33 3.25 3.21 3.17 3.16 3.25 3.33 3.38 3.33 3.34 3.33 3.39 80.64 1e-05 0.5 512 VGG19
1.0 1.71 3.59 3.35 4.13 3.77 4.22 4.24 3.99 4.92 3.38 5.07 4.85 4.62 4.42 5.04 5.26 5.5 5.84 5.87 5.87 62.57 1e-06 0.5 512 VGG19
1.0 1.47 3.27 3.61 3.51 3.21 3.01 3.58 3.09 3.01 3.35 3.38 3.59 3.37 3.36 3.35 3.48 3.34 3.41 3.4 3.45 77.63 1e-07 0.5 512 VGG19
1.0 1.27 3.12 3.53 3.84 3.07 3.2 3.52 3.38 3.19 3.38 3.39 3.35 3.34 3.35 3.34 3.34 3.39 3.39 3.39 3.4 79.26 1e-05 0.5 1024 VGG19
1.0 1.42 4.53 4.27 3.83 3.56 3.31 3.48 3.26 3.32 3.29 3.59 3.3 3.4 3.37 3.31 3.33 3.47 3.48 3.29 3.32 78.07 1e-06 0.5 1024 VGG19
1.0 3.65 3.45 4.01 3.57 3.67 3.67 3.43 3.43 3.41 3.33 3.43 3.43 3.48 3.51 3.49 3.55 3.48 3.48 3.58 3.53 77.92 1e-07 0.5 1024 VGG19
1.0 3.38 2.98 2.92 3.07 2.92 2.83 2.89 2.99 2.97 2.87 2.85 2.83 2.89 2.82 2.85 2.87 2.86 2.8 2.87 2.82 86.37 1e-05 0.1 256 VGG19
1.0 3.76 3.01 3.14 3.03 2.87 3.03 2.76 2.83 2.91 2.89 2.88 2.84 2.93 2.93 2.88 2.97 2.89 2.91 2.92 2.88 85.61 1e-06 0.1 256 VGG19
1.0 3.45 2.84 2.98 3.07 2.84 2.85 2.83 2.97 2.92 2.91 2.94 2.89 2.96 2.98 2.97 2.9 2.89 2.95 2.91 2.94 85.48 1e-07 0.1 256 VGG19
1.0 3.38 3.03 2.94 2.76 2.8 2.82 2.95 2.79 2.91 2.9 2.89 2.89 2.91 2.91 2.89 2.88 2.92 2.91 2.91 2.91 85.55 1e-05 0.1 512 VGG19
1.0 3.54 2.99 2.94 2.98 3.04 2.88 2.91 2.8 2.85 2.8 2.79 2.79 2.87 2.79 2.82 2.83 2.78 2.79 2.77 2.8 85.33 1e-06 0.1 512 VGG19
1.0 3.63 2.83 2.97 2.94 2.99 2.85 2.82 2.83 2.9 2.8 2.84 2.86 2.84 2.83 2.84 2.82 2.84 2.84 2.87 2.85 85.35 1e-07 0.1 512 VGG19
1.0 3.47 3.33 3.03 3.02 3.09 2.98 2.95 3.0 3.13 3.02 3.01 3.15 3.14 3.09 3.1 3.15 3.1 3.11 3.11 3.13 83.54 1e-05 0.1 1024 VGG19
1.0 3.54 3.62 2.88 3.08 3.08 3.21 3.07 3.01 3.05 3.13 3.15 3.18 3.17 3.12 3.12 3.19 3.14 3.15 3.15 3.12 82.23 1e-06 0.1 1024 VGG19
1.0 4.0 3.35 2.86 2.89 3.13 3.13 3.17 2.99 2.92 2.95 2.9 2.9 2.93 2.99 2.91 2.95 2.96 2.92 2.93 2.9 84.05 1e-07 0.1 1024 VGG19
1.0 3.01 3.13 2.97 3.03 2.89 2.96 2.9 2.85 2.71 2.76 2.89 2.86 2.86 2.87 2.86 2.87 2.83 2.86 2.85 2.87 86.35 1e-05 0.05 256 VGG19
1.0 2.79 2.91 2.91 2.9 2.82 2.89 2.84 2.78 2.72 2.72 2.8 2.79 2.75 2.8 2.74 2.74 2.71 2.75 2.74 2.71 86.84 1e-06 0.05 256 VGG19
1.0 2.98 2.86 2.85 2.79 2.82 3.04 2.96 2.85 2.89 2.78 2.97 2.91 2.79 2.96 2.89 2.98 2.9 2.95 2.92 2.92 86.32 1e-07 0.05 256 VGG19
1.0 3.02 2.67 2.73 2.79 2.73 2.73 2.85 2.75 2.68 2.66 2.67 2.65 2.67 2.68 2.65 2.67 2.63 2.65 2.7 2.65 86.31 1e-05 0.05 512 VGG19
1.0 2.82 2.87 2.74 2.77 2.73 2.75 2.73 2.73 2.68 2.71 2.74 2.72 2.8 2.78 2.72 2.77 2.72 2.75 2.73 2.74 87.16 1e-06 0.05 512 VGG19
1.0 2.83 2.68 2.89 2.87 2.71 2.81 2.76 2.75 2.69 2.81 2.75 2.73 2.76 2.77 2.7 2.77 2.69 2.77 2.69 2.73 86.65 1e-07 0.05 512 VGG19
1.0 3.07 2.91 2.97 2.83 2.82 2.76 2.76 2.7 2.76 2.76 2.79 2.79 2.77 2.77 2.78 2.79 2.79 2.8 2.81 2.76 85.68 1e-05 0.05 1024 VGG19
1.0 3.34 2.89 2.99 3.0 2.85 2.8 2.86 2.87 2.91 2.81 2.82 2.87 2.86 2.85 2.83 2.87 2.85 2.87 2.86 2.79 85.73 1e-06 0.05 1024 VGG19
1.0 3.33 3.06 2.91 2.93 2.83 2.86 2.95 2.94 2.95 2.96 2.91 2.93 2.94 2.92 2.95 2.93 2.93 2.93 2.95 2.93 85.95 1e-07 0.05 1024 VGG19
1.0 2.68 2.76 2.54 2.6 2.52 2.5 2.52 2.59 2.56 2.55 2.58 2.54 2.57 2.51 2.57 2.53 2.56 2.55 2.53 2.55 86.99 1e-05 0.01 256 VGG19
1.0 2.69 2.68 2.69 2.66 2.66 2.58 2.6 2.7 2.68 2.67 2.63 2.61 2.64 2.62 2.62 2.64 2.62 2.6 2.64 2.6 86.55 1e-06 0.01 256 VGG19
1.0 2.61 2.74 2.74 2.59 2.55 2.55 2.51 2.54 2.53 2.53 2.56 2.55 2.57 2.55 2.54 2.58 2.53 2.58 2.61 2.56 86.91 1e-07 0.01 256 VGG19
1.0 2.62 2.72 2.66 2.68 2.65 2.63 2.63 2.64 2.65 2.63 2.61 2.66 2.63 2.64 2.65 2.63 2.63 2.65 2.66 2.64 84.64 1e-05 0.01 512 VGG19
1.0 2.72 2.82 2.61 2.55 2.53 2.56 2.55 2.56 2.51 2.58 2.54 2.53 2.5 2.54 2.56 2.51 2.57 2.54 2.51 2.55 85.0 1e-06 0.01 512 VGG19
1.0 2.79 2.76 2.55 2.61 2.61 2.66 2.7 2.66 2.7 2.64 2.69 2.65 2.67 2.65 2.7 2.67 2.7 2.65 2.66 2.7 84.84 1e-07 0.01 512 VGG19
1.0 2.92 2.78 2.82 2.8 2.83 2.83 2.81 2.86 2.82 2.83 2.85 2.8 2.84 2.8 2.82 2.82 2.81 2.79 2.79 2.84 81.82 1e-05 0.01 1024 VGG19
1.0 2.95 2.93 2.82 2.83 2.81 2.78 2.84 2.87 2.83 2.86 2.87 2.86 2.84 2.86 2.85 2.87 2.86 2.88 2.84 2.85 81.89 1e-06 0.01 1024 VGG19
1.0 2.91 2.91 2.78 2.87 2.82 2.79 2.83 2.78 2.72 2.73 2.74 2.75 2.75 2.74 2.73 2.72 2.76 2.76 2.75 2.73 81.95 1e-07 0.01 1024 VGG19
1.0 2.53 2.74 2.75 2.64 2.6 2.63 2.63 2.57 2.61 2.61 2.59 2.57 2.61 2.68 2.6 2.57 2.64 2.66 2.61 2.6 85.1 1e-05 0.005 256 VGG19
1.0 2.79 2.61 2.71 2.59 2.67 2.64 2.62 2.65 2.62 2.63 2.63 2.59 2.64 2.61 2.61 2.63 2.63 2.63 2.6 2.65 84.96 1e-06 0.005 256 VGG19
1.0 2.61 2.78 2.6 2.63 2.56 2.58 2.61 2.58 2.64 2.59 2.59 2.6 2.59 2.61 2.64 2.63 2.65 2.63 2.58 2.64 84.74 1e-07 0.005 256 VGG19
1.0 2.82 2.73 2.7 2.73 2.71 2.75 2.7 2.69 2.7 2.75 2.71 2.71 2.72 2.7 2.73 2.75 2.75 2.78 2.69 2.69 82.19 1e-05 0.005 512 VGG19
1.0 2.8 2.77 2.77 2.76 2.74 2.75 2.76 2.77 2.74 2.77 2.78 2.79 2.82 2.78 2.75 2.77 2.74 2.77 2.75 2.78 82.14 1e-06 0.005 512 VGG19
1.0 2.7 2.92 2.88 2.84 2.81 2.83 2.78 2.83 2.74 2.8 2.74 2.74 2.75 2.78 2.79 2.73 2.73 2.81 2.75 2.75 82.25 1e-07 0.005 512 VGG19
1.0 3.04 3.03 2.99 3.04 3.0 3.05 3.04 2.98 3.01 3.07 3.02 3.0 2.98 3.05 3.05 2.98 2.97 3.02 3.02 3.0 78.12 1e-05 0.005 1024 VGG19
1.0 3.02 2.88 2.87 2.88 2.85 2.84 2.92 2.88 2.92 2.9 2.88 2.9 2.9 2.9 2.91 2.89 2.91 2.94 2.92 2.91 78.35 1e-06 0.005 1024 VGG19
1.0 3.05 2.97 2.84 2.78 2.8 2.76 2.76 2.75 2.77 2.77 2.76 2.76 2.78 2.76 2.72 2.74 2.77 2.73 2.75 2.77 78.92 1e-07 0.005 1024 VGG19
1.0 3.36 3.21 3.19 3.22 3.18 3.32 3.24 3.25 3.16 3.23 3.22 3.25 3.31 3.22 3.17 3.22 3.23 3.29 3.32 3.23 77.98 1e-05 0.001 256 VGG19
1.0 3.28 3.14 3.18 3.14 3.25 3.16 3.25 3.28 3.24 3.09 3.12 3.13 3.2 3.19 3.2 3.13 3.26 3.13 3.21 3.21 78.31 1e-06 0.001 256 VGG19
1.0 3.3 3.09 2.95 2.96 2.94 3.05 2.95 3.0 3.01 3.03 2.97 3.03 3.04 2.99 3.01 3.02 3.06 3.03 3.02 3.05 77.63 1e-07 0.001 256 VGG19
1.0 3.79 3.56 3.51 3.48 3.46 3.41 3.43 3.4 3.33 3.45 3.42 3.47 3.46 3.44 3.39 3.44 3.43 3.41 3.48 3.44 72.92 1e-05 0.001 512 VGG19
1.0 3.65 3.83 3.91 3.73 3.76 3.8 3.8 3.89 3.78 3.78 3.78 3.79 3.72 3.84 3.81 3.72 3.79 3.79 3.77 3.89 72.2 1e-06 0.001 512 VGG19
1.0 3.4 3.58 3.48 3.55 3.49 3.56 3.48 3.56 3.51 3.54 3.6 3.53 3.57 3.5 3.57 3.58 3.5 3.51 3.49 3.55 72.4 1e-07 0.001 512 VGG19
1.0 5.06 4.89 4.84 4.82 4.87 4.79 4.83 4.79 4.79 4.8 4.77 4.82 4.89 4.77 4.78 4.76 4.84 4.77 4.81 4.77 65.79 1e-05 0.001 1024 VGG19
1.0 4.68 4.77 4.72 4.77 4.74 4.75 4.78 4.79 4.75 4.89 4.79 4.83 4.77 4.82 4.82 4.7 4.76 4.76 4.8 4.84 65.18 1e-06 0.001 1024 VGG19
1.0 4.61 4.55 4.53 4.62 4.48 4.56 4.56 4.63 4.57 4.62 4.63 4.64 4.74 4.62 4.63 4.55 4.66 4.51 4.59 4.56 65.4 1e-07 0.001 1024 VGG19
1.0 1.02 1.08 1.23 4.3 3.17 3.33 3.1 3.09 3.2 3.16 3.16 2.97 2.93 3.12 3.04 3.07 3.07 3.1 3.04 3.07 82.54 1e-05 0.5 256 VGG19
1.0 3.65 3.33 3.24 3.34 3.17 3.31 3.23 3.1 3.13 3.34 3.51 3.34 3.53 3.42 3.44 3.37 3.43 3.46 3.47 3.44 76.95 1e-06 0.5 256 VGG19
1.0 1.0 1.0 1.0 1.0 1.0 1.0 1.0 1.0 1.0 1.0 1.0 1.0 1.0 1.0 1.0 1.0 1.0 1.0 1.0 1.0 10.0 1e-07 0.5 256 VGG19
1.0 1.14 2.8 3.92 3.42 3.1 3.39 3.26 3.38 3.27 3.23 3.16 3.22 3.17 3.2 3.22 3.21 3.25 3.26 3.23 3.21 81.7 1e-05 0.5 512 VGG19
1.0 1.16 3.15 3.66 3.29 3.74 3.49 3.54 3.65 3.47 3.55 3.7 3.47 3.47 3.56 3.46 3.38 3.43 3.49 3.47 3.58 78.57 1e-06 0.5 512 VGG19
1.0 1.33 3.41 3.68 3.53 3.35 3.45 3.23 3.24 3.21 3.28 3.25 3.38 3.39 3.37 3.33 3.29 3.33 3.37 3.4 3.38 79.66 1e-07 0.5 512 VGG19
1.0 1.04 1.02 1.05 1.26 3.34 3.57 3.64 3.43 3.95 3.75 3.6 3.62 3.84 3.96 4.0 3.99 4.23 4.1 4.24 4.14 69.26 1e-05 0.5 1024 VGG19
1.0 1.03 1.03 1.04 1.11 1.31 3.4 2.45 4.01 4.79 4.2 4.55 5.27 4.79 4.59 4.73 4.49 4.77 5.02 5.31 4.94 39.44 1e-06 0.5 1024 VGG19
1.0 1.07 1.05 1.06 1.21 1.92 3.21 3.67 3.38 3.79 3.77 3.7 3.57 3.81 3.8 3.96 3.86 3.83 3.84 3.96 3.88 62.11 1e-07 0.5 1024 VGG19
1.0 3.48 2.89 3.24 2.93 2.93 3.05 2.89 2.97 2.98 2.96 2.96 2.96 2.94 2.97 2.98 2.98 2.96 2.97 3.02 3.01 86.56 1e-05 0.1 256 VGG19
1.0 4.1 3.05 2.89 2.93 3.05 3.06 3.02 3.09 2.91 2.92 2.95 2.94 2.96 2.87 3.04 2.98 2.97 2.99 2.95 2.92 85.94 1e-06 0.1 256 VGG19
1.0 3.93 3.04 2.98 3.12 3.14 3.05 2.94 2.86 2.86 2.98 3.04 2.93 2.95 2.95 2.94 2.95 2.9 2.94 2.9 2.97 86.4 1e-07 0.1 256 VGG19
1.0 3.91 3.53 3.09 2.88 2.99 2.89 3.06 2.93 2.97 3.07 3.1 3.08 3.11 3.11 3.01 3.0 3.07 3.01 3.05 3.05 84.02 1e-05 0.1 512 VGG19
1.0 3.69 3.12 2.98 2.99 3.0 2.9 3.05 2.95 2.93 2.93 2.89 2.91 2.96 2.93 2.96 2.91 2.91 2.96 2.94 2.93 84.85 1e-06 0.1 512 VGG19
1.0 3.68 3.2 2.97 2.99 2.85 2.96 2.77 2.89 2.75 2.71 2.76 2.75 2.71 2.73 2.7 2.68 2.71 2.7 2.68 2.71 84.77 1e-07 0.1 512 VGG19
1.0 3.05 3.54 3.29 3.18 3.05 3.14 3.05 3.19 3.28 3.1 3.04 3.01 3.01 3.02 3.05 3.05 3.05 3.02 3.04 3.01 82.92 1e-05 0.1 1024 VGG19
1.0 1.03 1.0 3.11 4.47 3.26 3.21 3.3 3.1 3.16 3.4 3.25 3.34 3.25 3.37 3.26 3.26 3.34 3.38 3.3 3.26 82.27 1e-06 0.1 1024 VGG19
1.0 3.63 3.66 3.35 3.0 2.84 3.13 3.07 2.85 3.06 3.07 3.06 2.99 3.07 3.06 3.02 3.06 3.06 3.08 3.09 3.09 83.16 1e-07 0.1 1024 VGG19
1.0 3.19 2.94 2.94 2.83 2.96 3.02 2.91 2.93 3.0 2.96 2.95 2.89 2.94 2.93 2.92 2.84 2.87 2.87 2.96 2.83 87.11 1e-05 0.05 256 VGG19
1.0 3.18 2.85 2.95 2.84 2.91 2.84 2.91 2.81 2.9 2.85 2.82 2.93 2.79 2.8 2.86 2.83 2.82 2.83 2.86 2.78 86.79 1e-06 0.05 256 VGG19
1.0 3.0 2.78 2.85 2.84 2.82 2.95 2.79 2.78 2.91 2.87 2.87 2.91 2.93 2.93 2.96 2.9 2.94 2.93 2.96 2.93 86.77 1e-07 0.05 256 VGG19
1.0 3.59 2.76 3.13 2.91 3.05 2.91 2.83 2.99 3.0 3.0 3.03 3.05 3.02 3.04 3.03 2.97 3.02 2.99 2.97 3.04 85.74 1e-05 0.05 512 VGG19
1.0 3.47 2.97 2.96 3.1 3.05 2.94 2.84 3.06 3.04 2.99 3.06 2.96 3.0 3.03 3.03 3.05 3.07 2.99 2.98 3.03 85.17 1e-06 0.05 512 VGG19
1.0 3.1 3.24 3.0 2.97 3.08 3.02 3.02 3.03 2.94 2.9 2.97 2.92 2.9 2.93 2.95 2.93 2.93 2.91 2.94 2.9 85.12 1e-07 0.05 512 VGG19
1.0 3.68 3.46 2.88 3.01 3.08 2.91 3.0 2.75 2.91 2.97 2.93 2.96 2.99 3.02 2.95 3.02 3.0 2.99 2.97 2.99 84.24 1e-05 0.05 1024 VGG19
1.0 3.82 2.9 3.0 3.06 3.01 2.93 2.94 2.86 2.81 2.8 2.78 2.79 2.76 2.76 2.75 2.74 2.78 2.77 2.77 2.76 84.91 1e-06 0.05 1024 VGG19
1.0 3.53 3.09 2.94 3.0 2.81 2.91 3.0 2.96 2.96 2.99 2.97 2.97 2.93 2.96 2.94 2.94 2.92 2.96 2.94 2.92 85.39 1e-07 0.05 1024 VGG19
1.0 2.69 2.74 2.68 2.51 2.52 2.53 2.56 2.55 2.51 2.51 2.56 2.53 2.52 2.57 2.54 2.53 2.52 2.52 2.51 2.5 86.66 1e-05 0.01 256 VGG19
1.0 2.65 2.52 2.51 2.58 2.56 2.46 2.54 2.54 2.55 2.55 2.53 2.54 2.51 2.5 2.52 2.56 2.52 2.56 2.55 2.53 86.76 1e-06 0.01 256 VGG19
1.0 2.83 2.68 2.6 2.69 2.67 2.76 2.77 2.8 2.79 2.84 2.76 2.83 2.74 2.77 2.78 2.78 2.78 2.79 2.71 2.79 87.27 1e-07 0.01 256 VGG19
1.0 2.61 2.58 2.69 2.71 2.73 2.7 2.71 2.75 2.74 2.66 2.69 2.67 2.73 2.69 2.68 2.72 2.74 2.7 2.74 2.69 85.09 1e-05 0.01 512 VGG19
1.0 2.82 2.66 2.75 2.74 2.71 2.72 2.71 2.69 2.7 2.7 2.68 2.72 2.68 2.68 2.7 2.67 2.66 2.73 2.68 2.71 85.39 1e-06 0.01 512 VGG19
1.0 2.71 2.72 2.84 2.73 2.74 2.75 2.75 2.77 2.78 2.76 2.77 2.75 2.77 2.78 2.75 2.74 2.74 2.75 2.76 2.73 85.3 1e-07 0.01 512 VGG19
1.0 2.79 2.93 2.91 2.79 2.79 2.83 2.8 2.84 2.83 2.81 2.81 2.86 2.84 2.83 2.83 2.83 2.82 2.83 2.85 2.83 83.0 1e-05 0.01 1024 VGG19
1.0 2.83 2.77 2.68 2.7 2.74 2.72 2.74 2.73 2.74 2.73 2.75 2.72 2.75 2.72 2.74 2.73 2.71 2.74 2.73 2.75 82.66 1e-06 0.01 1024 VGG19
1.0 2.84 2.74 2.76 2.77 2.72 2.75 2.72 2.73 2.71 2.73 2.7 2.72 2.75 2.69 2.73 2.76 2.72 2.73 2.7 2.73 82.39 1e-07 0.01 1024 VGG19
1.0 2.69 2.62 2.56 2.59 2.61 2.64 2.63 2.61 2.62 2.59 2.6 2.64 2.61 2.6 2.56 2.6 2.56 2.63 2.6 2.59 85.19 1e-05 0.005 256 VGG19
1.0 2.91 2.63 2.69 2.73 2.7 2.72 2.64 2.63 2.66 2.65 2.69 2.66 2.64 2.68 2.67 2.66 2.63 2.66 2.69 2.68 84.57 1e-06 0.005 256 VGG19
1.0 2.78 2.77 2.7 2.64 2.66 2.61 2.63 2.56 2.69 2.66 2.71 2.67 2.55 2.69 2.61 2.67 2.67 2.69 2.66 2.66 85.31 1e-07 0.005 256 VGG19
1.0 2.85 2.86 2.91 2.89 2.91 2.88 2.81 2.82 2.86 2.84 2.88 2.87 2.86 2.89 2.84 2.81 2.86 2.86 2.84 2.81 82.29 1e-05 0.005 512 VGG19
1.0 2.65 2.63 2.62 2.64 2.59 2.59 2.6 2.63 2.64 2.62 2.67 2.58 2.62 2.63 2.6 2.61 2.61 2.61 2.63 2.59 82.84 1e-06 0.005 512 VGG19
1.0 2.8 2.8 2.8 2.75 2.71 2.7 2.72 2.74 2.72 2.71 2.71 2.74 2.78 2.73 2.73 2.71 2.74 2.72 2.76 2.71 82.52 1e-07 0.005 512 VGG19
1.0 3.34 2.98 2.9 2.91 2.93 2.89 2.84 2.84 2.88 2.87 2.84 2.85 2.86 2.84 2.86 2.86 2.86 2.88 2.83 2.86 78.43 1e-05 0.005 1024 VGG19
1.0 2.96 2.94 2.92 2.93 2.92 2.94 2.92 2.94 2.91 2.94 2.93 2.9 2.96 2.88 2.97 2.95 2.91 2.94 2.94 2.91 78.9 1e-06 0.005 1024 VGG19
1.0 3.01 2.86 2.84 2.91 2.91 2.87 2.85 2.9 2.9 2.86 2.92 2.88 2.87 2.92 2.89 2.89 2.9 2.87 2.87 2.9 78.64 1e-07 0.005 1024 VGG19
1.0 3.01 2.89 2.84 2.86 2.91 2.92 2.9 2.89 2.88 2.87 2.86 2.92 2.81 2.88 2.83 2.9 2.85 2.88 2.9 2.88 78.8 1e-05 0.001 256 VGG19
1.0 3.24 2.87 2.98 2.98 2.97 2.97 3.01 2.98 2.96 2.98 3.05 3.02 3.04 3.03 2.98 3.03 2.98 2.99 3.0 3.0 78.64 1e-06 0.001 256 VGG19
1.0 3.13 3.01 2.97 2.98 2.97 2.97 2.96 3.04 3.01 2.97 2.98 2.97 3.01 2.99 3.09 2.96 2.97 2.93 2.99 3.0 78.49 1e-07 0.001 256 VGG19
1.0 3.5 3.58 3.51 3.45 3.48 3.48 3.44 3.46 3.37 3.39 3.36 3.49 3.35 3.4 3.42 3.43 3.46 3.56 3.43 3.38 73.44 1e-05 0.001 512 VGG19
1.0 3.66 3.49 3.6 3.51 3.56 3.57 3.5 3.53 3.63 3.55 3.53 3.49 3.48 3.58 3.6 3.53 3.55 3.53 3.53 3.57 73.25 1e-06 0.001 512 VGG19
1.0 3.4 3.38 3.45 3.54 3.39 3.53 3.4 3.58 3.59 3.56 3.57 3.46 3.56 3.49 3.54 3.51 3.56 3.48 3.52 3.5 73.12 1e-07 0.001 512 VGG19
1.0 4.79 4.97 4.97 4.91 4.91 4.96 4.87 4.77 4.96 4.9 4.93 4.92 4.9 4.94 4.98 4.93 5.07 4.91 4.87 4.93 66.52 1e-05 0.001 1024 VGG19
1.0 4.71 4.35 4.34 4.28 4.4 4.26 4.31 4.36 4.41 4.47 4.45 4.42 4.45 4.43 4.44 4.48 4.44 4.44 4.45 4.41 66.25 1e-06 0.001 1024 VGG19
1.0 4.25 4.27 4.24 4.3 4.28 4.26 4.3 4.3 4.3 4.22 4.33 4.26 4.26 4.25 4.31 4.32 4.31 4.24 4.27 4.29 66.01 1e-07 0.001 1024 VGG19
1.3 2.93 2.83 3.03 2.92 2.95 2.78 2.78 2.8 2.76 2.86 2.77 2.78 2.8 2.78 2.82 2.77 2.76 2.77 2.77 2.79 81.33 1e-05 0.5 256 DenseNet121
1.3 2.82 2.98 3.08 2.97 2.99 2.97 2.98 2.96 3.05 2.97 2.91 3.0 3.04 3.02 3.07 3.05 3.03 2.99 3.03 3.03 79.56 1e-06 0.5 256 DenseNet121
1.3 2.95 2.88 2.83 2.79 2.8 2.76 2.78 2.74 2.77 2.84 2.9 2.96 2.85 2.87 2.86 2.84 2.82 2.87 2.81 2.92 79.05 1e-07 0.5 256 DenseNet121
1.3 2.82 3.02 2.96 2.95 2.95 2.89 2.91 2.91 2.88 2.9 2.95 2.96 2.86 2.88 2.88 2.9 2.85 2.91 2.88 2.9 77.72 1e-05 0.5 512 DenseNet121
1.3 2.78 2.96 2.91 3.0 2.99 2.96 2.94 2.92 2.92 2.97 2.94 3.0 3.01 2.94 2.9 2.94 2.94 2.96 2.98 2.94 78.93 1e-06 0.5 512 DenseNet121
1.3 2.8 3.01 3.01 2.79 2.95 2.84 2.89 2.88 2.88 2.93 2.9 2.93 2.92 2.98 2.98 2.96 2.93 2.94 2.97 2.99 76.87 1e-07 0.5 512 DenseNet121
1.3 2.65 2.59 2.54 2.52 2.51 2.52 2.54 2.55 2.54 2.54 2.47 2.53 2.53 2.55 2.55 2.56 2.52 2.54 2.6 2.52 90.22 1e-05 0.1 256 DenseNet121
1.3 2.64 2.66 2.54 2.51 2.5 2.49 2.51 2.54 2.47 2.51 2.52 2.48 2.48 2.56 2.49 2.49 2.48 2.48 2.5 2.49 90.11 1e-06 0.1 256 DenseNet121
1.3 2.7 2.48 2.51 2.51 2.49 2.48 2.46 2.46 2.46 2.49 2.47 2.5 2.48 2.49 2.48 2.45 2.5 2.47 2.45 2.48 89.42 1e-07 0.1 256 DenseNet121
1.3 2.65 2.49 2.43 2.47 2.46 2.49 2.51 2.48 2.46 2.5 2.49 2.49 2.51 2.52 2.51 2.52 2.52 2.51 2.47 2.51 90.16 1e-05 0.1 512 DenseNet121
1.3 2.62 2.66 2.67 2.57 2.59 2.57 2.56 2.56 2.56 2.6 2.54 2.54 2.54 2.55 2.58 2.58 2.6 2.6 2.54 2.54 90.09 1e-06 0.1 512 DenseNet121
1.3 2.59 2.67 2.56 2.47 2.46 2.47 2.46 2.48 2.46 2.47 2.45 2.47 2.49 2.47 2.46 2.46 2.47 2.46 2.46 2.48 89.61 1e-07 0.1 512 DenseNet121
1.3 2.49 2.62 2.47 2.46 2.5 2.51 2.49 2.51 2.5 2.55 2.53 2.5 2.53 2.53 2.5 2.52 2.54 2.52 2.49 2.58 90.28 1e-05 0.05 256 DenseNet121
1.3 2.62 2.46 2.52 2.5 2.53 2.46 2.43 2.43 2.45 2.45 2.43 2.48 2.44 2.5 2.48 2.43 2.43 2.43 2.51 2.5 90.13 1e-06 0.05 256 DenseNet121
1.3 2.64 2.57 2.54 2.49 2.55 2.56 2.49 2.51 2.5 2.54 2.54 2.52 2.56 2.55 2.57 2.58 2.52 2.56 2.55 2.54 90.25 1e-07 0.05 256 DenseNet121
1.3 2.73 2.69 2.58 2.58 2.55 2.57 2.56 2.55 2.54 2.6 2.56 2.55 2.59 2.55 2.57 2.59 2.57 2.55 2.56 2.55 89.68 1e-05 0.05 512 DenseNet121
1.3 2.63 2.63 2.62 2.54 2.56 2.55 2.59 2.58 2.61 2.59 2.58 2.56 2.58 2.57 2.59 2.57 2.59 2.6 2.57 2.59 89.88 1e-06 0.05 512 DenseNet121
1.3 2.61 2.47 2.54 2.5 2.54 2.51 2.5 2.53 2.54 2.54 2.54 2.51 2.5 2.52 2.53 2.53 2.48 2.54 2.46 2.52 89.85 1e-07 0.05 512 DenseNet121
1.3 2.87 2.53 2.54 2.51 2.57 2.47 2.48 2.51 2.49 2.55 2.5 2.56 2.54 2.48 2.44 2.45 2.47 2.46 2.5 2.46 89.39 1e-05 0.01 256 DenseNet121
1.3 2.66 2.57 2.69 2.63 2.57 2.57 2.57 2.51 2.59 2.55 2.52 2.56 2.49 2.52 2.56 2.55 2.53 2.55 2.55 2.55 89.12 1e-06 0.01 256 DenseNet121
1.3 2.83 2.62 2.52 2.57 2.62 2.66 2.61 2.59 2.59 2.53 2.58 2.59 2.54 2.6 2.56 2.55 2.6 2.56 2.53 2.6 88.64 1e-07 0.01 256 DenseNet121
1.3 2.82 2.66 2.59 2.58 2.61 2.62 2.61 2.58 2.66 2.64 2.63 2.6 2.64 2.61 2.61 2.6 2.61 2.62 2.57 2.65 87.75 1e-05 0.01 512 DenseNet121
1.3 2.87 2.73 2.7 2.7 2.65 2.71 2.68 2.67 2.73 2.73 2.71 2.68 2.72 2.69 2.67 2.71 2.66 2.73 2.7 2.74 87.59 1e-06 0.01 512 DenseNet121
1.3 2.91 2.76 2.51 2.59 2.58 2.68 2.58 2.63 2.54 2.57 2.53 2.57 2.55 2.61 2.55 2.62 2.55 2.6 2.62 2.6 87.38 1e-07 0.01 512 DenseNet121
1.3 2.72 2.74 2.62 2.7 2.72 2.68 2.68 2.69 2.66 2.76 2.67 2.73 2.7 2.72 2.76 2.74 2.79 2.72 2.79 2.74 88.04 1e-05 0.005 256 DenseNet121
1.3 2.9 2.67 2.59 2.68 2.62 2.64 2.65 2.6 2.63 2.57 2.65 2.68 2.6 2.65 2.57 2.59 2.59 2.6 2.61 2.62 87.91 1e-06 0.005 256 DenseNet121
1.3 2.77 2.7 2.63 2.67 2.69 2.72 2.68 2.66 2.66 2.69 2.76 2.69 2.63 2.71 2.7 2.64 2.69 2.61 2.68 2.69 87.91 1e-07 0.005 256 DenseNet121
1.3 3.14 2.97 2.95 2.88 2.9 2.93 2.9 2.93 2.84 2.89 2.86 2.86 2.84 2.82 2.82 2.93 2.89 2.93 2.88 2.85 85.6 1e-05 0.005 512 DenseNet121
1.3 2.95 2.93 3.0 2.91 2.96 2.9 2.87 2.88 2.88 2.88 2.88 2.92 2.94 2.9 2.9 2.87 2.87 2.91 2.91 2.87 85.7 1e-06 0.005 512 DenseNet121
1.3 2.91 2.97 2.83 2.91 2.89 2.95 2.89 2.94 2.93 2.92 2.9 2.91 2.87 3.0 2.91 2.86 2.89 2.95 2.96 2.93 86.06 1e-07 0.005 512 DenseNet121
1.3 3.49 3.38 3.31 3.25 3.28 3.17 3.18 3.23 3.27 3.16 3.23 3.25 3.14 3.19 3.22 3.29 3.22 3.29 3.23 3.25 81.01 1e-05 0.001 256 DenseNet121
1.3 3.44 3.45 3.38 3.22 3.27 3.38 3.34 3.19 3.3 3.32 3.44 3.39 3.28 3.35 3.38 3.27 3.36 3.19 3.33 3.36 81.98 1e-06 0.001 256 DenseNet121
1.3 3.34 3.25 3.17 3.18 3.33 3.27 3.28 3.35 3.39 3.29 3.38 3.22 3.28 3.37 3.42 3.38 3.33 3.34 3.29 3.26 81.22 1e-07 0.001 256 DenseNet121
1.3 3.15 3.68 3.95 3.7 3.73 3.66 3.69 3.71 3.66 3.68 3.69 3.73 3.75 3.74 3.57 3.64 3.67 3.64 3.82 3.69 75.45 1e-05 0.001 512 DenseNet121
1.3 3.29 3.76 4.05 4.01 4.01 4.14 3.99 4.04 3.92 4.05 4.0 4.0 4.01 4.01 4.01 3.97 3.97 4.07 4.02 4.02 75.49 1e-06 0.001 512 DenseNet121
1.3 3.24 3.9 3.51 3.99 3.96 4.13 4.11 4.15 4.0 4.05 4.08 4.12 3.94 4.02 4.13 4.07 4.04 4.12 4.07 4.04 75.64 1e-07 0.001 512 DenseNet121
1.45 2.88 3.09 2.82 2.96 2.99 2.76 2.74 2.83 2.76 2.87 2.84 2.9 2.9 2.85 2.82 2.84 2.82 2.86 2.86 2.83 81.71 1e-05 0.5 256 DenseNet121
1.45 3.05 2.93 2.91 3.04 3.08 3.07 3.15 3.14 3.09 3.16 3.11 3.03 3.03 3.15 3.16 3.13 3.12 3.03 3.09 3.11 78.38 1e-06 0.5 256 DenseNet121
1.45 3.07 3.1 3.11 3.03 2.93 2.92 2.94 2.89 2.99 2.95 2.92 2.93 2.93 2.86 2.88 2.94 2.91 2.91 2.92 2.91 77.72 1e-07 0.5 256 DenseNet121
1.45 3.09 3.1 3.13 3.15 3.09 3.08 3.22 2.93 3.13 3.07 3.05 3.05 3.11 3.09 3.04 3.09 3.14 3.1 3.07 3.05 75.32 1e-05 0.5 512 DenseNet121
1.45 3.01 3.09 3.26 3.31 3.15 3.01 3.21 3.01 3.09 3.11 3.13 3.15 3.11 3.16 3.06 3.19 3.09 3.1 3.14 3.15 75.17 1e-06 0.5 512 DenseNet121
1.45 2.97 3.13 3.23 3.27 3.19 3.12 3.13 3.11 3.16 3.16 3.12 3.12 3.13 3.06 3.15 3.17 3.15 3.21 3.16 3.23 77.54 1e-07 0.5 512 DenseNet121
1.45 2.64 2.61 2.49 2.62 2.53 2.56 2.6 2.56 2.6 2.57 2.58 2.57 2.63 2.55 2.53 2.63 2.62 2.56 2.54 2.58 89.99 1e-05 0.1 256 DenseNet121
1.45 2.69 2.76 2.69 2.61 2.63 2.57 2.63 2.59 2.59 2.6 2.58 2.61 2.6 2.59 2.59 2.58 2.59 2.69 2.58 2.61 89.75 1e-06 0.1 256 DenseNet121
1.45 2.59 2.78 2.65 2.69 2.7 2.7 2.69 2.73 2.68 2.73 2.7 2.68 2.71 2.71 2.71 2.72 2.74 2.72 2.76 2.73 89.79 1e-07 0.1 256 DenseNet121
1.45 2.67 2.76 2.59 2.6 2.59 2.62 2.61 2.62 2.6 2.59 2.6 2.61 2.61 2.63 2.61 2.58 2.61 2.63 2.62 2.61 89.85 1e-05 0.1 512 DenseNet121
1.45 2.6 2.8 2.55 2.57 2.56 2.6 2.56 2.57 2.58 2.58 2.56 2.58 2.58 2.56 2.57 2.59 2.6 2.57 2.57 2.61 89.87 1e-06 0.1 512 DenseNet121
1.45 2.68 2.7 2.51 2.58 2.58 2.6 2.59 2.58 2.58 2.53 2.55 2.59 2.58 2.54 2.55 2.57 2.53 2.57 2.55 2.54 90.08 1e-07 0.1 512 DenseNet121
1.45 2.72 2.79 2.67 2.78 2.74 2.74 2.77 2.74 2.74 2.76 2.74 2.76 2.79 2.75 2.74 2.77 2.8 2.75 2.76 2.78 90.51 1e-05 0.05 256 DenseNet121
1.45 2.75 2.71 2.72 2.68 2.61 2.61 2.69 2.69 2.64 2.72 2.68 2.65 2.65 2.64 2.64 2.66 2.66 2.64 2.66 2.65 90.36 1e-06 0.05 256 DenseNet121
1.45 2.81 2.67 2.69 2.69 2.67 2.68 2.66 2.65 2.64 2.66 2.63 2.7 2.71 2.69 2.7 2.67 2.64 2.71 2.66 2.68 90.15 1e-07 0.05 256 DenseNet121
1.45 2.67 2.56 2.67 2.65 2.65 2.61 2.67 2.67 2.6 2.62 2.58 2.64 2.64 2.62 2.63 2.65 2.64 2.63 2.63 2.63 90.16 1e-05 0.05 512 DenseNet121
1.45 2.58 2.56 2.56 2.56 2.56 2.55 2.58 2.56 2.58 2.56 2.55 2.56 2.57 2.56 2.55 2.56 2.58 2.56 2.55 2.55 89.81 1e-06 0.05 512 DenseNet121
1.45 2.65 2.62 2.74 2.67 2.71 2.69 2.69 2.71 2.71 2.68 2.68 2.7 2.71 2.68 2.69 2.63 2.69 2.7 2.68 2.64 89.71 1e-07 0.05 512 DenseNet121
1.45 2.77 2.69 2.64 2.68 2.71 2.66 2.67 2.68 2.66 2.55 2.6 2.7 2.7 2.67 2.66 2.7 2.71 2.7 2.7 2.69 89.71 1e-05 0.01 256 DenseNet121
1.45 2.7 2.68 2.8 2.8 2.76 2.75 2.79 2.81 2.79 2.76 2.74 2.76 2.81 2.74 2.75 2.73 2.79 2.68 2.74 2.76 89.28 1e-06 0.01 256 DenseNet121
1.45 2.77 2.74 2.66 2.66 2.65 2.68 2.65 2.68 2.6 2.67 2.62 2.64 2.65 2.66 2.64 2.63 2.65 2.68 2.69 2.68 89.24 1e-07 0.01 256 DenseNet121
1.45 2.75 2.84 2.87 2.78 2.8 2.82 2.81 2.82 2.79 2.75 2.75 2.82 2.76 2.78 2.72 2.75 2.78 2.82 2.81 2.77 88.0 1e-05 0.01 512 DenseNet121
1.45 3.03 2.73 2.71 2.75 2.78 2.76 2.74 2.73 2.73 2.73 2.74 2.75 2.73 2.76 2.74 2.72 2.73 2.76 2.75 2.75 87.49 1e-06 0.01 512 DenseNet121
1.45 3.0 2.66 2.81 2.85 2.85 2.86 2.83 2.8 2.78 2.82 2.8 2.78 2.77 2.78 2.85 2.81 2.8 2.84 2.8 2.79 87.36 1e-07 0.01 512 DenseNet121
1.45 2.94 2.89 2.79 2.78 2.77 2.78 2.76 2.87 2.76 2.74 2.71 2.78 2.79 2.74 2.75 2.85 2.81 2.79 2.78 2.8 87.81 1e-05 0.005 256 DenseNet121
1.45 2.73 2.91 2.82 2.74 2.8 2.76 2.74 2.76 2.71 2.72 2.66 2.72 2.79 2.71 2.79 2.74 2.77 2.75 2.76 2.78 88.24 1e-06 0.005 256 DenseNet121
1.45 3.12 2.87 2.76 2.78 2.82 2.79 2.76 2.71 2.75 2.78 2.77 2.7 2.74 2.76 2.74 2.74 2.77 2.79 2.81 2.78 88.04 1e-07 0.005 256 DenseNet121
1.45 2.99 2.93 2.97 2.98 2.95 2.98 2.92 3.01 2.92 2.98 2.96 2.93 2.97 2.93 2.94 2.9 2.96 2.93 2.97 2.94 85.37 1e-05 0.005 512 DenseNet121
1.45 3.21 3.01 3.06 3.06 3.08 3.13 3.1 3.21 3.1 3.08 3.12 3.16 3.1 3.15 3.17 3.07 3.07 3.15 3.2 3.09 85.73 1e-06 0.005 512 DenseNet121
1.45 3.0 2.87 2.94 2.82 2.94 2.87 2.93 2.92 2.91 2.81 2.93 2.94 2.85 2.88 2.9 2.88 2.89 2.93 2.93 2.88 85.62 1e-07 0.005 512 DenseNet121
1.45 3.21 3.39 3.51 3.38 3.45 3.36 3.28 3.26 3.34 3.27 3.29 3.3 3.31 3.29 3.24 3.25 3.22 3.32 3.3 3.28 81.47 1e-05 0.001 256 DenseNet121
1.45 3.14 3.44 3.29 3.52 3.51 3.42 3.49 3.5 3.45 3.46 3.39 3.33 3.52 3.5 3.48 3.56 3.49 3.42 3.57 3.46 81.81 1e-06 0.001 256 DenseNet121
1.45 3.07 3.4 3.39 3.56 3.42 3.52 3.47 3.5 3.29 3.42 3.32 3.33 3.38 3.37 3.39 3.34 3.34 3.4 3.43 3.37 81.04 1e-07 0.001 256 DenseNet121
1.45 3.74 3.86 4.01 3.91 4.09 4.03 3.83 4.08 4.0 4.01 4.1 4.06 4.02 3.96 4.11 4.09 3.95 4.05 4.14 4.06 75.79 1e-05 0.001 512 DenseNet121
1.45 3.58 3.93 4.02 3.85 3.83 3.98 3.97 3.95 4.02 4.05 4.0 4.04 4.06 4.08 3.94 4.11 4.15 4.07 3.96 4.12 75.32 1e-06 0.001 512 DenseNet121
1.45 3.31 3.77 4.11 3.82 3.84 3.86 3.88 3.8 3.86 3.91 3.91 3.9 3.98 3.92 3.92 3.9 3.97 3.96 3.94 4.08 74.99 1e-07 0.001 512 DenseNet121
1.0 3.03 2.89 3.06 3.09 3.13 3.1 3.01 3.09 3.07 3.12 3.11 3.07 3.09 3.05 3.0 2.98 3.05 3.08 3.11 3.09 80.8 1e-05 0.5 256 DenseNet121
1.0 3.05 3.06 3.16 3.23 3.23 3.25 3.19 3.17 3.28 3.22 3.28 3.31 3.25 3.25 3.19 3.27 3.23 3.27 3.24 3.28 74.99 1e-06 0.5 256 DenseNet121
1.0 3.09 2.93 3.14 2.99 3.06 3.12 3.14 3.11 3.0 3.02 3.06 3.05 2.99 3.0 3.01 3.03 2.99 3.01 3.02 3.04 80.87 1e-07 0.5 256 DenseNet121
1.0 2.89 3.04 3.29 3.05 3.06 3.13 2.97 2.99 3.03 3.12 3.15 3.08 3.1 3.07 2.99 3.06 3.08 3.0 3.05 3.04 77.73 1e-05 0.5 512 DenseNet121
1.0 2.89 2.97 2.92 2.94 2.95 2.91 2.96 3.0 2.94 2.98 2.99 2.98 2.99 3.0 2.97 3.02 3.0 2.97 2.97 2.99 75.99 1e-06 0.5 512 DenseNet121
1.0 2.9 3.06 3.29 3.32 3.37 3.39 3.3 3.3 3.38 3.47 3.42 3.4 3.39 3.4 3.32 3.39 3.37 3.37 3.4 3.4 76.08 1e-07 0.5 512 DenseNet121
1.0 2.73 2.67 2.59 2.55 2.54 2.57 2.56 2.57 2.6 2.55 2.57 2.54 2.49 2.47 2.48 2.49 2.59 2.53 2.47 2.45 90.11 1e-05 0.1 256 DenseNet121
1.0 2.6 2.57 2.57 2.54 2.54 2.55 2.52 2.54 2.54 2.51 2.55 2.54 2.55 2.56 2.57 2.55 2.59 2.52 2.59 2.55 90.2 1e-06 0.1 256 DenseNet121
1.0 2.63 2.74 2.62 2.74 2.76 2.71 2.63 2.73 2.72 2.72 2.76 2.72 2.77 2.75 2.74 2.75 2.73 2.75 2.72 2.77 89.54 1e-07 0.1 256 DenseNet121
1.0 2.8 2.7 2.73 2.71 2.71 2.71 2.67 2.73 2.71 2.71 2.68 2.74 2.77 2.71 2.73 2.76 2.68 2.68 2.7 2.72 89.93 1e-05 0.1 512 DenseNet121
1.0 2.78 2.49 2.71 2.66 2.67 2.69 2.68 2.7 2.67 2.69 2.67 2.73 2.72 2.69 2.74 2.69 2.72 2.69 2.74 2.69 89.88 1e-06 0.1 512 DenseNet121
1.0 2.77 2.75 2.57 2.56 2.61 2.59 2.62 2.58 2.63 2.59 2.6 2.59 2.58 2.59 2.61 2.58 2.59 2.59 2.58 2.57 89.82 1e-07 0.1 512 DenseNet121
1.0 2.58 2.69 2.64 2.62 2.64 2.65 2.62 2.65 2.66 2.63 2.65 2.66 2.58 2.6 2.66 2.65 2.65 2.72 2.69 2.61 90.2 1e-05 0.05 256 DenseNet121
1.0 2.57 2.73 2.5 2.47 2.46 2.52 2.54 2.54 2.54 2.51 2.51 2.54 2.53 2.49 2.51 2.53 2.53 2.52 2.51 2.51 90.25 1e-06 0.05 256 DenseNet121
1.0 2.79 2.7 2.7 2.69 2.72 2.69 2.66 2.69 2.65 2.69 2.67 2.67 2.67 2.66 2.63 2.65 2.64 2.69 2.66 2.66 90.34 1e-07 0.05 256 DenseNet121
1.0 2.67 2.73 2.74 2.78 2.71 2.78 2.75 2.69 2.75 2.71 2.68 2.75 2.72 2.68 2.65 2.69 2.71 2.71 2.73 2.71 89.91 1e-05 0.05 512 DenseNet121
1.0 2.68 2.62 2.68 2.64 2.65 2.64 2.62 2.62 2.59 2.64 2.62 2.6 2.64 2.64 2.61 2.63 2.59 2.59 2.59 2.61 89.78 1e-06 0.05 512 DenseNet121
1.0 2.92 2.54 2.66 2.61 2.6 2.62 2.61 2.62 2.64 2.6 2.58 2.59 2.62 2.6 2.59 2.59 2.61 2.61 2.63 2.6 90.04 1e-07 0.05 512 DenseNet121
1.0 2.71 2.65 2.63 2.6 2.63 2.68 2.64 2.64 2.61 2.59 2.66 2.65 2.64 2.62 2.6 2.65 2.64 2.65 2.7 2.68 89.37 1e-05 0.01 256 DenseNet121
1.0 3.0 2.82 3.11 2.95 3.01 3.15 3.03 3.14 3.09 3.09 3.11 3.06 3.16 3.11 3.12 3.08 3.01 3.16 3.12 3.06 80.24 1e-05 0.1 256 ShuffleNetV2
1.0 2.9 2.89 2.88 2.98 2.92 3.0 2.96 2.88 3.03 2.98 2.98 2.96 3.0 3.04 2.98 2.93 2.94 2.91 2.92 3.01 81.82 1e-06 0.1 256 ShuffleNetV2
1.0 3.01 3.33 3.25 3.38 3.46 3.4 3.32 3.34 3.33 3.37 3.43 3.4 3.4 3.48 3.35 3.3 3.37 3.36 3.39 3.42 76.47 1e-05 0.1 512 ShuffleNetV2
1.0 3.21 3.02 3.09 3.02 3.07 3.02 3.1 3.08 3.05 3.05 3.09 3.1 3.05 3.05 3.02 3.05 3.04 3.0 3.09 3.03 81.21 1e-07 0.1 256 ShuffleNetV2
1.0 3.06 2.95 2.82 2.98 2.95 2.97 2.91 2.97 2.98 2.89 3.01 2.95 2.93 2.93 2.95 2.98 3.01 2.9 2.89 2.97 78.27 1e-06 0.1 512 ShuffleNetV2
1.0 3.11 3.34 3.17 3.27 3.31 3.32 3.33 3.2 3.21 3.34 3.22 3.24 3.24 3.25 3.23 3.23 3.33 3.38 3.2 3.3 77.32 1e-07 0.1 512 ShuffleNetV2
1.0 3.18 3.32 3.67 3.24 3.34 3.32 3.41 3.34 3.31 3.36 3.36 3.4 3.27 3.32 3.34 3.31 3.29 3.37 3.4 3.25 74.67 1e-05 0.1 1024 ShuffleNetV2
1.0 3.39 3.46 3.43 3.39 3.33 3.38 3.39 3.39 3.3 3.4 3.35 3.36 3.41 3.39 3.37 3.4 3.33 3.37 3.28 3.34 74.91 1e-06 0.1 1024 ShuffleNetV2
1.0 3.7 3.47 3.57 3.45 3.43 3.43 3.47 3.51 3.51 3.43 3.52 3.5 3.48 3.47 3.51 3.49 3.43 3.48 3.53 3.56 74.19 1e-07 0.1 1024 ShuffleNetV2
1.0 3.57 3.63 3.63 3.61 3.52 3.6 3.47 3.53 3.5 3.61 3.61 3.47 3.57 3.54 3.55 3.56 3.36 3.52 3.56 3.47 73.34 1e-06 0.01 256 ShuffleNetV2
1.0 3.65 3.89 3.45 3.51 3.61 3.65 3.56 3.44 3.54 3.52 3.58 3.69 3.64 3.59 3.64 3.55 3.49 3.63 3.62 3.63 74.27 1e-07 0.01 256 ShuffleNetV2
1.0 4.74 4.65 4.34 4.55 4.48 4.51 4.55 4.58 4.54 4.54 4.45 4.49 4.55 4.41 4.47 4.61 4.46 4.5 4.65 4.6 67.92 1e-06 0.01 512 ShuffleNetV2
1.0 4.51 4.55 4.59 4.28 4.26 4.43 4.31 4.23 4.22 4.37 4.28 4.19 4.2 4.23 4.18 4.22 4.25 4.19 4.16 4.21 68.36 1e-07 0.01 512 ShuffleNetV2
1.0 5.57 6.4 5.69 5.72 5.38 5.57 5.52 5.36 5.4 5.31 5.47 5.48 5.35 5.3 5.38 5.41 5.19 5.42 5.38 5.38 64.59 1e-05 0.01 1024 ShuffleNetV2
1.0 3.95 4.1 3.45 3.72 3.5 3.62 3.63 3.63 3.55 3.57 3.63 3.59 3.62 3.63 3.49 3.61 3.63 3.52 3.53 3.59 73.74 1e-05 0.01 256 ShuffleNetV2
1.0 5.64 6.12 5.94 5.78 5.52 5.57 5.39 5.45 5.52 5.4 5.51 5.4 5.43 5.48 5.44 5.49 5.43 5.47 5.47 5.4 63.52 1e-06 0.01 1024 ShuffleNetV2
1.0 6.23 6.68 6.31 6.15 6.55 6.67 6.48 6.54 6.36 6.58 6.22 6.35 6.46 6.34 6.37 6.46 6.49 6.26 6.44 6.28 63.37 1e-07 0.01 1024 ShuffleNetV2
1.0 4.63 4.34 4.49 4.21 4.34 4.4 4.33 4.54 4.6 4.35 4.58 4.47 4.64 4.37 4.36 4.65 4.45 4.49 4.5 4.49 69.18 1e-05 0.01 512 ShuffleNetV2
1.0 16.71 10.5 11.88 12.69 16.53 17.17 18.4 19.29 19.04 18.96 19.06 19.23 18.72 19.14 18.62 18.8 18.71 18.96 18.6 18.39 38.72 1e-05 0.001 1024 ShuffleNetV2
1.0 16.48 11.54 11.31 13.74 16.41 17.37 18.71 18.71 18.29 19.2 19.64 18.76 19.51 18.53 18.54 18.82 18.58 18.95 18.48 18.79 39.59 1e-06 0.001 1024 ShuffleNetV2
1.0 11.35 9.03 10.16 11.25 12.8 12.22 11.61 11.98 11.78 11.6 12.19 11.57 11.87 11.57 11.81 11.67 11.87 11.42 11.9 12.21 49.95 1e-07 0.001 512 ShuffleNetV2
1.0 8.16 7.63 7.75 8.42 8.44 8.1 8.04 7.92 7.92 8.33 7.73 7.86 8.1 7.98 7.81 7.8 8.2 7.82 8.17 7.62 57.34 1e-07 0.001 256 ShuffleNetV2
1.0 15.44 11.55 11.81 13.37 15.56 16.67 17.41 18.06 18.8 19.3 18.18 18.28 18.65 18.82 18.45 18.62 18.17 18.82 18.55 18.27 39.01 1e-07 0.001 1024 ShuffleNetV2
1.0 7.37 7.55 7.72 8.11 7.89 8.33 7.58 7.76 7.39 7.41 7.37 7.27 7.38 7.48 7.36 7.58 7.49 7.39 7.42 7.57 58.14 1e-06 0.001 256 ShuffleNetV2
1.0 7.53 6.48 8.24 7.81 7.71 7.98 8.0 7.29 7.75 7.38 7.35 7.49 7.55 7.75 7.64 7.71 7.35 7.48 7.44 7.62 57.11 1e-05 0.001 256 ShuffleNetV2
1.0 10.08 8.78 9.23 10.62 11.23 12.24 11.69 11.44 11.77 11.42 11.71 11.54 11.31 11.52 11.69 11.64 11.62 11.53 11.32 11.49 49.32 1e-06 0.001 512 ShuffleNetV2
1.0 10.6 8.93 9.13 11.08 11.47 12.19 11.86 11.58 10.96 10.89 11.39 11.36 11.38 11.07 11.01 11.09 11.16 11.1 11.03 10.95 49.76 1e-05 0.001 512 ShuffleNetV2
1.0 3.47 3.49 3.29 3.17 3.31 3.28 3.29 3.25 3.21 3.22 3.18 3.29 3.34 3.34 3.21 3.24 3.25 3.37 3.22 3.24 78.47 1e-05 0.1 512 ShuffleNetV2
1.0 3.51 3.65 3.28 3.38 3.43 3.4 3.37 3.4 3.32 3.31 3.39 3.31 3.33 3.36 3.38 3.39 3.28 3.28 3.3 3.27 74.12 1e-07 0.1 1024 ShuffleNetV2
1.0 3.56 3.57 3.66 3.53 3.79 3.71 3.7 3.66 3.61 3.65 3.54 3.62 3.59 3.53 3.65 3.64 3.65 3.6 3.56 3.64 73.85 1e-05 0.1 1024 ShuffleNetV2
1.0 3.83 3.71 3.51 3.56 3.67 3.64 3.59 3.63 3.6 3.52 3.52 3.54 3.55 3.59 3.54 3.61 3.68 3.65 3.61 3.65 75.22 1e-06 0.1 1024 ShuffleNetV2
1.0 3.2 3.1 3.22 3.2 3.14 3.27 3.18 3.16 3.22 3.12 3.17 3.14 3.17 3.14 3.2 3.18 3.21 3.13 3.19 3.15 80.88 1e-06 0.1 256 ShuffleNetV2
1.0 3.12 3.32 3.28 3.27 3.24 3.29 3.32 3.28 3.27 3.35 3.26 3.28 3.3 3.32 3.21 3.22 3.25 3.3 3.29 3.3 78.44 1e-06 0.1 512 ShuffleNetV2
1.0 3.08 2.98 3.21 2.9 2.96 2.9 2.95 2.95 2.88 2.87 2.87 2.94 2.91 2.88 2.86 2.87 2.79 2.8 2.97 2.88 80.7 1e-05 0.1 256 ShuffleNetV2
1.0 6.33 6.27 6.41 5.73 5.7 5.77 5.82 5.59 5.58 5.76 5.89 5.91 5.76 5.6 5.88 5.73 5.58 5.73 5.79 5.6 63.68 1e-06 0.01 1024 ShuffleNetV2
1.0 3.24 3.14 3.16 3.1 3.2 3.19 3.13 3.12 3.26 3.2 3.2 3.21 3.2 3.1 3.11 3.24 3.09 3.16 3.16 3.15 80.97 1e-07 0.1 256 ShuffleNetV2
1.0 4.73 4.66 4.34 4.46 4.5 4.57 4.7 4.55 4.53 4.63 4.75 4.54 4.75 4.55 4.48 4.58 4.6 4.76 4.54 4.72 69.33 1e-06 0.01 512 ShuffleNetV2
1.0 3.52 3.19 3.29 3.23 3.21 3.28 3.2 3.26 3.28 3.28 3.24 3.23 3.23 3.25 3.26 3.24 3.27 3.28 3.24 3.23 77.58 1e-07 0.1 512 ShuffleNetV2
1.0 4.0 4.14 3.69 3.7 3.74 3.77 3.75 3.67 3.76 3.9 3.81 3.76 3.71 3.85 3.81 3.64 3.75 3.61 3.69 3.74 73.07 1e-05 0.01 256 ShuffleNetV2
1.0 5.87 6.55 5.93 5.97 5.49 6.26 6.14 6.01 6.12 6.15 6.02 6.06 5.86 6.08 6.05 5.93 6.12 6.23 6.11 6.22 63.76 1e-07 0.01 1024 ShuffleNetV2
1.0 3.88 3.62 3.84 3.78 3.72 3.64 3.87 3.69 3.82 3.73 3.66 3.82 3.7 3.72 3.75 3.71 3.66 3.66 3.62 3.74 73.12 1e-06 0.01 256 ShuffleNetV2
1.0 18.73 13.86 13.34 15.53 18.07 18.78 19.89 19.5 20.04 19.63 20.21 19.28 19.3 18.84 19.9 20.17 19.84 19.85 19.8 19.33 39.77 1e-05 0.001 1024 ShuffleNetV2
1.0 4.81 5.0 4.71 4.05 4.01 4.02 3.87 3.97 3.96 4.04 3.99 4.0 4.06 3.94 4.04 4.05 4.05 3.98 3.96 4.09 69.82 1e-05 0.01 512 ShuffleNetV2
1.0 3.83 3.69 3.81 3.75 3.51 3.58 3.68 3.66 3.64 3.83 3.72 3.8 4.08 3.95 3.99 3.91 3.84 3.74 3.86 3.89 74.19 1e-07 0.01 256 ShuffleNetV2
1.0 5.76 5.57 5.92 5.95 5.71 5.64 5.76 5.7 5.57 5.65 5.66 5.49 5.51 5.53 5.75 5.58 5.64 5.73 5.53 5.62 64.87 1e-05 0.01 1024 ShuffleNetV2
1.0 8.98 7.32 7.67 8.32 7.62 7.47 7.44 7.61 8.04 8.41 8.08 7.85 7.77 7.72 7.81 7.9 7.76 7.7 7.84 7.77 57.91 1e-05 0.001 256 ShuffleNetV2
1.0 17.33 13.92 13.23 15.73 17.32 17.98 19.94 18.64 18.99 19.2 18.78 18.51 19.01 18.45 18.46 18.86 19.0 19.03 18.7 18.91 40.43 1e-07 0.001 1024 ShuffleNetV2
1.0 4.67 4.89 4.64 4.55 4.5 4.54 4.49 4.5 4.52 4.5 4.55 4.56 4.53 4.57 4.55 4.6 4.66 4.53 4.56 4.5 68.8 1e-07 0.01 512 ShuffleNetV2
1.0 8.8 8.05 7.46 9.32 8.22 8.34 8.01 8.59 8.04 7.84 8.01 8.07 8.02 7.96 8.14 7.76 8.09 7.6 7.56 8.12 56.68 1e-06 0.001 256 ShuffleNetV2
1.0 8.97 7.13 8.83 9.16 8.89 8.5 8.55 7.93 8.65 7.66 8.01 8.53 8.39 8.32 8.29 8.2 8.35 8.27 8.27 7.86 58.89 1e-07 0.001 256 ShuffleNetV2
1.0 11.41 10.08 9.95 11.36 12.29 12.62 12.52 13.12 12.33 12.3 11.95 12.58 11.83 12.29 11.95 12.15 11.79 12.17 12.43 11.43 49.22 1e-07 0.001 512 ShuffleNetV2
1.0 12.3 9.52 9.83 11.35 11.83 12.65 11.48 12.03 11.87 12.06 11.32 11.81 11.76 11.58 11.84 11.82 12.06 12.09 11.65 12.19 50.31 1e-05 0.001 512 ShuffleNetV2
1.0 3.62 3.44 3.68 3.57 3.56 3.55 3.51 3.47 3.58 3.57 3.57 3.5 3.52 3.53 3.55 3.57 3.52 3.49 3.44 3.55 74.87 1e-06 0.1 1024 ShuffleNetV2
1.0 18.3 12.99 13.53 16.74 19.18 19.71 20.29 19.64 19.68 19.07 18.72 18.64 19.21 20.01 19.91 19.88 19.76 19.51 19.56 19.62 39.7 1e-06 0.001 1024 ShuffleNetV2
1.0 12.35 9.89 10.78 12.57 12.17 12.6 12.23 12.33 12.25 11.81 11.81 12.22 12.15 12.25 11.91 11.83 12.0 12.25 11.72 12.31 49.24 1e-06 0.001 512 ShuffleNetV2
1.0 4.0 3.55 3.33 3.31 3.33 3.29 3.26 3.33 3.32 3.29 3.37 3.3 3.39 3.24 3.32 3.27 3.39 3.31 3.27 3.3 74.68 1e-07 0.1 1024 ShuffleNetV2
1.0 2.95 2.94 2.96 3.0 3.1 3.14 3.09 3.16 3.17 3.11 3.16 3.1 3.22 3.13 3.04 3.08 3.04 3.19 3.17 3.08 80.97 1e-07 0.1 256 ShuffleNetV2
1.0 3.2 3.1 3.33 3.18 3.16 3.13 3.15 3.21 3.23 3.28 3.17 3.18 3.12 3.19 3.15 3.18 3.11 3.17 3.14 3.2 76.87 1e-07 0.1 512 ShuffleNetV2
1.0 3.15 3.41 3.04 3.05 3.12 3.1 3.08 3.05 3.11 3.15 3.11 3.1 3.15 3.1 3.07 3.1 3.1 3.12 3.1 3.08 77.72 1e-06 0.1 512 ShuffleNetV2
1.0 3.25 3.05 3.13 3.04 2.97 2.99 3.02 3.06 3.0 3.0 2.99 2.96 2.96 2.95 3.0 2.96 2.99 3.02 3.02 2.98 77.4 1e-05 0.1 512 ShuffleNetV2
1.0 3.18 3.16 3.19 3.1 2.98 3.0 2.96 3.04 3.03 2.99 2.99 2.98 2.97 3.0 2.96 3.02 2.93 2.99 2.93 3.07 81.19 1e-05 0.1 256 ShuffleNetV2
1.0 3.33 3.53 3.48 3.36 3.27 3.26 3.29 3.28 3.34 3.34 3.25 3.28 3.28 3.21 3.22 3.3 3.31 3.28 3.26 3.32 75.15 1e-05 0.1 1024 ShuffleNetV2
1.0 3.11 2.97 2.95 3.19 3.25 3.29 3.19 3.2 3.17 3.32 3.2 3.18 3.16 3.15 3.14 3.17 3.19 3.2 3.23 3.12 80.7 1e-06 0.1 256 ShuffleNetV2
1.0 5.97 6.22 5.72 5.91 6.09 6.08 6.21 6.35 6.24 6.04 6.22 6.28 6.18 6.32 6.2 6.26 6.31 6.23 6.36 6.27 63.84 1e-07 0.01 1024 ShuffleNetV2
1.0 5.57 6.6 6.63 5.59 5.55 5.86 5.85 6.0 5.8 5.82 5.92 5.88 5.72 5.72 5.86 5.83 5.84 5.83 5.8 5.72 64.26 1e-05 0.01 1024 ShuffleNetV2
1.0 4.66 4.44 3.9 4.03 3.85 3.82 3.95 3.96 3.91 3.88 3.94 3.93 3.93 4.06 3.96 3.92 3.9 3.85 4.05 3.94 69.88 1e-06 0.01 512 ShuffleNetV2
1.0 5.81 6.46 5.9 5.83 5.24 5.38 5.51 5.41 5.64 5.53 5.39 5.44 5.52 5.33 5.57 5.39 5.5 5.42 5.44 5.41 64.45 1e-06 0.01 1024 ShuffleNetV2
1.0 3.6 3.67 3.48 3.78 3.6 3.58 3.58 3.61 3.55 3.53 3.64 3.58 3.55 3.66 3.62 3.62 3.64 3.69 3.71 3.59 72.53 1e-07 0.01 256 ShuffleNetV2
1.0 4.6 4.61 4.74 4.36 4.35 4.54 4.38 4.15 4.41 4.31 4.27 4.4 4.38 4.32 4.26 4.24 4.3 4.41 4.4 4.35 68.49 1e-05 0.01 512 ShuffleNetV2
1.0 17.03 13.21 12.67 14.81 17.4 17.6 18.32 18.97 18.64 18.61 18.77 18.41 18.48 18.39 18.7 19.02 18.27 18.52 18.66 18.8 42.06 1e-06 0.001 1024 ShuffleNetV2
1.0 12.33 8.98 9.72 11.34 11.67 11.91 10.88 11.33 11.19 11.18 11.52 11.71 11.7 10.98 11.26 11.57 11.31 11.2 11.31 11.13 52.2 1e-05 0.001 512 ShuffleNetV2
1.0 7.73 7.65 8.25 8.72 8.08 7.95 7.74 8.11 8.09 7.76 8.14 7.85 8.14 8.09 8.23 7.7 7.79 7.49 7.87 8.2 57.95 1e-05 0.001 256 ShuffleNetV2
1.0 7.58 7.24 7.88 7.87 7.62 7.41 7.33 7.23 7.43 6.81 7.39 7.24 7.22 6.75 7.13 7.14 7.51 7.2 7.24 7.13 59.33 1e-06 0.001 256 ShuffleNetV2
1.0 3.82 3.72 3.67 3.24 3.38 3.4 3.33 3.47 3.33 3.4 3.51 3.41 3.48 3.56 3.38 3.56 3.53 3.39 3.56 3.55 73.51 1e-05 0.01 256 ShuffleNetV2
1.0 3.75 3.79 3.93 3.38 3.51 3.38 3.65 3.51 3.62 3.56 3.47 3.48 3.57 3.54 3.62 3.61 3.46 3.56 3.73 3.5 72.97 1e-06 0.01 256 ShuffleNetV2
1.0 10.9 9.2 10.06 11.92 11.63 12.0 10.95 11.31 11.3 11.84 12.07 11.72 11.81 11.31 11.71 11.89 11.49 11.99 11.41 11.5 51.48 1e-06 0.001 512 ShuffleNetV2
1.0 4.56 4.77 4.52 4.21 4.42 4.36 4.44 4.49 4.47 4.54 4.46 4.3 4.54 4.54 4.6 4.66 4.71 4.54 4.49 4.43 67.66 1e-07 0.01 512 ShuffleNetV2
1.0 20.31 12.73 12.14 13.56 16.46 17.04 18.16 17.04 18.28 18.71 18.56 18.88 18.3 18.96 18.58 18.68 18.32 18.09 18.41 18.5 42.96 1e-05 0.001 1024 ShuffleNetV2
1.0 12.17 8.06 9.14 10.13 11.91 11.58 10.92 11.36 10.59 10.5 10.62 10.78 10.83 10.42 10.65 11.16 11.08 11.2 10.77 11.36 51.04 1e-07 0.001 512 ShuffleNetV2
1.0 14.9 13.57 12.14 12.78 16.26 16.41 17.6 17.71 18.24 17.57 18.63 18.16 18.74 18.53 19.29 18.36 18.54 19.17 18.59 19.12 41.58 1e-07 0.001 1024 ShuffleNetV2
1.0 7.07 6.93 8.23 7.98 7.42 7.13 7.14 7.25 7.28 7.7 7.76 7.43 7.56 7.58 7.6 7.66 7.5 7.69 7.59 7.74 59.14 1e-07 0.001 256 ShuffleNetV2
1.0 2.95 2.84 3.06 2.94 2.96 3.02 2.98 2.95 2.98 2.96 3.01 2.99 2.93 2.99 2.94 2.94 2.98 2.96 2.99 2.99 75.66 1e-05 0.1 1024 EfficientNetB0
1.0 2.66 3.21 2.85 3.02 2.9 2.91 2.88 2.87 2.97 2.91 2.86 2.89 2.9 2.9 2.91 2.87 2.89 2.9 2.89 2.9 77.67 1e-07 0.1 1024 EfficientNetB0
1.0 3.05 2.93 2.86 2.87 2.78 2.78 2.79 2.76 2.8 2.76 2.73 2.84 2.78 2.82 2.82 2.81 2.85 2.86 2.81 2.8 80.44 1e-05 0.1 512 EfficientNetB0
1.0 2.94 2.93 2.81 2.89 2.83 2.83 2.87 2.79 2.72 2.74 2.8 2.8 2.78 2.84 2.79 2.79 2.77 2.8 2.8 2.79 78.95 1e-06 0.1 256 EfficientNetB0
1.0 2.76 2.84 2.79 2.84 2.85 2.81 2.81 2.77 2.83 2.8 2.83 2.84 2.8 2.85 2.79 2.79 2.79 2.79 2.79 2.81 79.27 1e-06 0.1 1024 EfficientNetB0
1.0 2.81 2.98 3.02 3.05 3.16 2.94 2.95 3.05 3.05 3.07 3.09 3.02 3.03 2.96 3.04 3.02 3.06 3.0 3.02 3.01 74.33 1e-07 0.1 256 EfficientNetB0
1.0 2.91 2.87 2.99 2.89 2.9 3.01 2.98 2.97 3.0 2.9 2.88 2.92 2.99 2.99 2.9 2.94 2.99 2.92 2.98 2.92 78.73 1e-07 0.1 512 EfficientNetB0
1.0 3.84 3.57 3.54 3.57 3.6 3.57 3.6 3.64 3.65 3.58 3.59 3.6 3.56 3.53 3.62 3.6 3.65 3.58 3.62 3.58 60.79 1e-07 0.01 1024 EfficientNetB0
1.0 2.71 2.77 2.96 2.74 2.63 2.63 2.69 2.65 2.65 2.63 2.69 2.68 2.72 2.7 2.73 2.74 2.7 2.74 2.72 2.7 82.56 1e-05 0.1 256 EfficientNetB0
1.0 3.01 2.96 2.88 2.82 2.7 2.74 2.68 2.69 2.67 2.67 2.68 2.76 2.66 2.69 2.7 2.67 2.71 2.71 2.71 2.7 77.14 1e-06 0.1 512 EfficientNetB0
1.0 3.28 2.98 3.13 3.0 2.85 2.97 2.89 2.91 3.0 2.94 2.93 3.05 3.05 2.98 2.93 2.94 2.94 2.99 3.0 3.0 74.33 1e-06 0.01 256 EfficientNetB0
1.0 2.82 3.03 3.16 3.1 3.09 3.12 3.17 3.2 3.2 3.19 3.07 3.17 3.21 3.12 3.15 3.2 3.01 3.17 3.05 3.17 74.61 1e-05 0.01 256 EfficientNetB0
1.0 3.97 3.86 3.72 3.78 3.74 3.73 3.79 3.78 3.71 3.74 3.86 3.76 3.72 3.78 3.75 3.77 3.73 3.78 3.81 3.71 59.99 1e-05 0.01 1024 EfficientNetB0
1.0 3.89 3.63 3.66 3.68 3.68 3.67 3.74 3.69 3.71 3.74 3.69 3.8 3.8 3.76 3.78 3.8 3.72 3.83 3.78 3.78 59.75 1e-06 0.01 1024 EfficientNetB0
1.0 3.45 3.31 3.23 3.34 3.22 3.23 3.21 3.23 3.24 3.24 3.2 3.28 3.26 3.26 3.22 3.24 3.28 3.21 3.3 3.3 68.02 1e-06 0.01 512 EfficientNetB0
1.0 3.11 2.96 3.06 2.99 3.02 3.02 2.97 3.09 3.1 3.06 3.01 3.03 3.04 3.05 3.13 3.0 3.07 3.03 3.08 3.04 73.24 1e-07 0.01 256 EfficientNetB0
1.0 3.25 3.48 3.3 3.3 3.27 3.31 3.31 3.29 3.27 3.34 3.3 3.37 3.35 3.31 3.35 3.37 3.36 3.34 3.31 3.29 69.36 1e-05 0.01 512 EfficientNetB0
1.0 3.43 3.31 3.47 3.45 3.43 3.4 3.41 3.41 3.41 3.45 3.37 3.42 3.36 3.43 3.47 3.29 3.4 3.4 3.38 3.4 67.83 1e-07 0.01 512 EfficientNetB0
1.0 3.96 4.62 5.02 4.9 5.03 4.93 5.04 5.08 5.07 5.13 5.17 5.09 5.02 5.09 5.09 5.06 5.08 5.11 5.08 5.08 43.59 1e-07 0.001 512 EfficientNetB0
1.0 4.17 4.56 4.4 4.39 4.29 4.37 4.29 4.16 4.27 4.27 4.23 4.18 4.17 4.3 4.17 4.14 4.25 4.39 4.3 4.21 51.38 1e-05 0.001 256 EfficientNetB0
1.0 3.96 4.87 5.11 5.15 5.14 5.2 5.14 5.18 5.4 5.34 5.16 5.25 5.15 5.22 5.31 5.28 5.27 5.19 5.22 5.23 43.84 1e-06 0.001 512 EfficientNetB0
1.0 4.26 4.8 5.45 5.65 5.92 6.05 6.02 5.98 5.94 6.03 6.0 5.87 5.91 5.99 5.89 5.97 5.95 5.96 5.92 5.91 36.69 1e-06 0.001 1024 EfficientNetB0
1.0 2.97 2.92 2.99 2.92 2.96 2.95 2.93 2.92 2.86 2.92 2.9 2.91 2.9 2.85 2.89 2.9 2.92 2.88 2.94 2.93 77.46 1e-06 0.1 1024 EfficientNetB0
1.0 4.06 4.39 4.43 4.46 4.28 4.46 4.41 4.22 4.28 4.26 4.38 4.36 4.48 4.56 4.23 4.41 4.28 4.41 4.39 4.42 52.01 1e-06 0.001 256 EfficientNetB0
1.0 4.11 4.99 5.1 5.13 5.17 5.15 5.12 5.14 5.13 5.18 5.18 5.11 5.23 5.11 5.25 5.12 5.14 5.13 5.13 5.11 44.04 1e-05 0.001 512 EfficientNetB0
1.0 2.89 2.91 3.05 2.91 2.96 2.89 2.97 2.89 2.87 2.93 2.89 2.85 2.93 2.86 2.83 2.89 2.89 2.87 2.92 2.9 78.92 1e-05 0.1 512 EfficientNetB0
1.0 4.15 5.04 5.2 5.7 5.66 5.69 5.85 5.86 5.79 5.81 5.92 5.79 5.82 5.82 5.73 5.78 5.75 5.85 5.77 5.89 37.13 1e-07 0.001 1024 EfficientNetB0
1.0 2.86 2.99 2.77 2.82 2.79 2.83 2.83 2.78 2.87 2.81 2.87 2.79 2.81 2.81 2.81 2.8 2.84 2.85 2.79 2.86 81.27 1e-07 0.1 512 EfficientNetB0
1.0 3.29 3.43 3.21 3.25 3.4 3.37 3.35 3.3 3.36 3.36 3.32 3.33 3.32 3.29 3.32 3.35 3.37 3.32 3.37 3.37 69.13 1e-05 0.1 1024 EfficientNetB0
1.0 4.29 4.85 5.59 5.9 6.0 6.01 5.98 5.9 6.0 5.96 6.04 5.99 5.83 5.88 5.91 5.92 5.91 5.88 6.02 6.03 36.99 1e-05 0.001 1024 EfficientNetB0
1.0 4.17 4.42 4.61 4.4 4.38 4.43 4.38 4.55 4.37 4.67 4.61 4.53 4.56 4.5 4.62 4.57 4.65 4.54 4.64 4.46 51.18 1e-07 0.001 256 EfficientNetB0
1.0 3.06 3.11 2.98 3.0 2.94 3.0 2.89 2.95 2.9 2.98 2.94 2.92 2.98 2.92 2.9 2.94 2.89 2.94 2.93 2.92 75.94 1e-06 0.1 512 EfficientNetB0
1.0 3.15 2.97 3.1 3.01 3.02 3.12 3.08 3.0 3.05 3.06 3.05 3.03 3.01 3.07 2.99 3.02 3.03 3.02 3.02 3.03 75.49 1e-05 0.01 256 EfficientNetB0
1.0 3.89 3.63 3.58 3.63 3.53 3.57 3.51 3.48 3.56 3.52 3.51 3.55 3.54 3.57 3.55 3.58 3.47 3.52 3.5 3.58 58.67 1e-05 0.01 1024 EfficientNetB0
1.0 3.5 3.32 3.4 3.44 3.45 3.37 3.41 3.4 3.4 3.37 3.36 3.41 3.36 3.42 3.37 3.37 3.41 3.4 3.38 3.35 66.65 1e-06 0.01 512 EfficientNetB0
1.0 2.86 3.05 3.1 3.01 2.92 2.89 2.89 2.92 2.91 2.94 2.98 2.99 2.92 2.89 3.01 2.98 2.91 2.95 2.93 2.98 80.29 1e-06 0.1 256 EfficientNetB0
1.0 3.36 3.68 3.46 3.53 3.46 3.54 3.47 3.51 3.45 3.48 3.49 3.42 3.45 3.45 3.45 3.46 3.43 3.47 3.44 3.48 67.39 1e-07 0.01 512 EfficientNetB0
1.0 3.21 3.05 3.05 2.9 2.89 2.84 2.86 2.84 2.88 2.9 2.89 2.89 2.9 2.84 2.88 2.84 2.87 2.96 2.81 2.88 75.07 1e-07 0.01 256 EfficientNetB0
1.0 3.55 3.25 3.3 3.19 3.18 3.14 3.14 3.17 3.13 3.13 3.22 3.16 3.21 3.12 3.18 3.17 3.13 3.12 3.17 3.16 68.36 1e-05 0.01 512 EfficientNetB0
1.0 2.95 2.92 2.87 2.97 2.82 2.85 3.08 2.9 2.99 3.0 2.98 2.97 2.97 2.95 2.94 2.97 2.92 2.92 2.93 2.96 78.7 1e-07 0.1 256 EfficientNetB0
1.0 3.11 3.37 3.15 3.13 3.17 3.15 3.13 3.23 3.17 3.19 3.16 3.22 3.18 3.13 3.18 3.08 3.19 3.21 3.15 3.2 71.86 1e-05 0.1 256 EfficientNetB0
1.0 3.07 2.93 2.8 2.84 2.87 2.85 2.84 2.86 2.82 2.86 2.86 2.82 2.85 2.84 2.84 2.82 2.81 2.84 2.85 2.84 79.22 1e-06 0.1 1024 EfficientNetB0
1.0 3.99 4.42 4.56 4.5 4.68 4.6 4.51 4.63 4.61 4.64 4.58 4.48 4.48 4.41 4.56 4.56 4.43 4.46 4.54 4.56 53.52 1e-05 0.001 256 EfficientNetB0
1.0 4.0 4.6 4.52 4.74 4.58 4.52 4.8 4.73 4.66 4.67 4.66 4.68 4.57 4.6 4.62 4.6 4.59 4.74 4.59 4.51 51.36 1e-07 0.001 256 EfficientNetB0
1.0 2.84 2.73 2.76 2.79 2.93 2.8 2.84 2.81 2.82 2.8 2.76 2.74 2.76 2.78 2.82 2.81 2.77 2.76 2.78 2.77 78.7 1e-05 0.1 1024 EfficientNetB0
1.0 3.08 2.88 2.87 2.89 2.87 2.96 2.84 2.79 2.83 2.87 2.78 2.85 2.86 2.85 2.83 2.83 2.86 2.86 2.85 2.83 76.72 1e-05 0.1 512 EfficientNetB0
1.0 2.89 2.86 2.87 2.73 2.79 2.84 2.91 2.83 2.73 2.71 2.78 2.74 2.76 2.79 2.8 2.77 2.75 2.82 2.74 2.77 79.89 1e-07 0.1 512 EfficientNetB0
1.0 3.31 3.37 3.35 3.44 3.42 3.33 3.4 3.43 3.36 3.39 3.35 3.41 3.41 3.35 3.41 3.44 3.32 3.39 3.32 3.31 67.45 1e-06 0.01 512 EfficientNetB0
1.0 3.34 3.04 3.07 3.09 3.1 3.13 3.15 3.21 3.15 3.13 3.15 3.08 3.19 3.19 3.07 3.15 3.17 3.11 3.13 3.17 75.4 1e-06 0.01 256 EfficientNetB0
1.0 3.02 2.99 2.79 2.84 2.96 2.83 2.88 2.9 2.87 2.87 2.89 2.85 2.84 2.88 2.88 2.88 2.88 2.88 2.91 2.91 78.84 1e-06 0.1 256 EfficientNetB0
1.0 3.0 2.87 2.84 2.87 2.77 2.77 2.78 2.85 2.91 2.87 2.84 2.81 2.78 2.8 2.84 2.76 2.8 2.8 2.8 2.81 82.04 1e-07 0.1 256 EfficientNetB0
1.0 2.99 2.87 3.03 3.13 3.12 3.03 3.07 2.96 3.17 3.22 3.21 3.22 3.15 3.17 3.16 3.17 3.19 3.16 3.25 3.19 73.76 1e-05 0.1 256 EfficientNetB0
1.0 4.15 4.81 5.3 5.23 5.03 5.11 5.11 5.22 5.21 5.19 5.23 5.22 5.17 5.19 5.31 5.35 5.28 5.14 5.24 5.25 44.85 1e-05 0.001 512 EfficientNetB0
1.0 4.07 4.29 4.41 4.23 4.31 4.23 4.32 4.26 4.34 4.31 4.44 4.49 4.4 4.41 4.48 4.61 4.61 4.47 4.47 4.49 51.41 1e-05 0.001 256 EfficientNetB0
1.0 4.15 5.17 5.3 5.21 5.09 5.01 5.17 5.06 5.02 5.05 5.23 5.28 5.07 5.12 5.14 5.21 5.11 5.07 5.17 5.15 44.05 1e-06 0.001 512 EfficientNetB0
1.0 4.27 5.06 4.97 5.22 5.13 5.16 5.14 5.26 5.18 5.15 5.25 5.2 5.21 5.12 5.17 5.18 5.23 5.22 5.3 5.16 44.5 1e-07 0.001 512 EfficientNetB0
1.0 4.44 5.07 5.71 6.01 6.01 6.27 6.24 6.16 6.26 6.28 6.29 6.33 6.31 6.26 6.35 6.23 6.32 6.37 6.33 6.32 35.72 1e-06 0.001 1024 EfficientNetB0
1.0 4.0 4.58 4.38 4.38 4.39 4.41 4.4 4.23 4.22 4.4 4.13 4.24 4.19 4.23 4.19 4.07 4.14 4.27 4.23 4.17 51.28 1e-06 0.001 256 EfficientNetB0
1.0 4.16 4.8 5.22 5.15 5.17 5.22 5.13 5.25 5.04 5.13 5.16 5.13 5.15 5.09 5.13 5.07 5.1 5.12 5.06 5.19 43.04 1e-06 0.001 512 EfficientNetB0
1.0 4.33 5.11 5.19 5.53 5.64 5.62 5.62 5.68 5.62 5.6 5.6 5.63 5.73 5.64 5.66 5.69 5.63 5.69 5.78 5.71 35.92 1e-05 0.001 1024 EfficientNetB0
1.0 3.51 3.33 3.48 3.34 3.36 3.44 3.34 3.42 3.37 3.36 3.36 3.39 3.36 3.41 3.4 3.41 3.47 3.41 3.41 3.36 67.45 1e-05 0.01 512 EfficientNetB0
1.0 3.26 3.08 3.03 3.03 3.2 3.05 3.07 3.09 3.17 3.15 3.15 3.13 3.15 3.13 3.13 3.13 3.14 3.08 3.11 3.19 72.45 1e-07 0.01 256 EfficientNetB0
1.0 3.38 3.38 3.29 3.33 3.31 3.31 3.37 3.37 3.33 3.34 3.36 3.33 3.34 3.37 3.38 3.35 3.37 3.41 3.33 3.32 67.87 1e-07 0.01 512 EfficientNetB0
1.0 4.11 4.98 5.16 5.03 5.08 5.2 5.2 5.12 5.3 5.07 5.08 5.13 5.2 5.24 5.24 5.26 5.14 5.16 5.12 5.26 42.09 1e-05 0.001 512 EfficientNetB0
1.0 3.93 4.39 4.69 4.55 4.48 4.53 4.67 4.61 4.86 4.75 4.59 4.58 4.62 4.53 4.51 4.59 4.54 4.65 4.55 4.54 50.88 1e-07 0.001 256 EfficientNetB0
1.0 4.38 5.36 5.51 5.45 5.55 5.45 5.53 5.52 5.55 5.53 5.57 5.6 5.57 5.58 5.55 5.44 5.48 5.58 5.57 5.53 42.07 1e-07 0.001 512 EfficientNetB0
1.0 3.21 3.25 3.0 3.07 3.02 3.09 3.02 2.92 2.93 2.99 3.01 2.99 2.99 3.0 2.98 3.01 3.01 2.95 3.02 3.01 74.88 1e-05 0.01 256 EfficientNetB0
1.0 3.13 3.06 3.1 2.97 2.97 2.85 2.95 2.96 2.98 2.93 2.96 2.87 3.0 2.93 2.88 2.92 2.93 2.93 2.96 2.97 74.18 1e-06 0.01 256 EfficientNetB0
1.0 4.5 4.96 5.5 5.76 5.79 5.88 5.91 5.88 5.97 6.01 5.94 5.95 5.91 6.01 5.94 5.91 5.86 5.88 5.95 5.94 35.28 1e-07 0.001 1024 EfficientNetB0
1.0 4.15 4.35 4.33 4.61 4.48 4.41 4.61 4.48 4.5 4.71 4.5 4.46 4.48 4.43 4.45 4.44 4.36 4.43 4.42 4.37 51.18 1e-06 0.001 256 EfficientNetB0
