1.0 3.23 3.48 3.18 3.36 3.33 3.34 3.28 3.31 3.28 3.27 3.25 3.23 3.23 3.27 3.21 3.23 3.23 3.15 3.28 3.24 76.26 1e-05 0.1 256 MobileNet
1.0 3.44 3.15 3.33 3.46 3.3 3.5 3.41 3.21 3.24 3.22 3.22 3.33 3.24 3.27 3.27 3.3 3.27 3.29 3.29 3.33 75.83 1e-06 0.1 256 MobileNet
1.0 3.24 3.23 3.21 3.14 2.96 3.33 3.21 3.04 3.08 3.08 3.24 3.19 3.25 3.21 3.14 3.15 3.22 3.19 3.19 3.23 76.22 1e-07 0.1 256 MobileNet
1.0 3.49 3.56 3.4 3.47 3.26 3.31 3.44 3.33 3.4 3.42 3.35 3.32 3.29 3.35 3.33 3.31 3.34 3.32 3.3 3.35 73.68 1e-05 0.1 512 MobileNet
1.0 3.37 3.3 3.52 3.21 3.38 3.55 3.31 3.43 3.44 3.43 3.44 3.42 3.45 3.37 3.41 3.41 3.36 3.46 3.41 3.46 73.48 1e-06 0.1 512 MobileNet
1.0 3.31 3.54 3.49 3.59 3.75 3.56 3.6 3.58 3.47 3.51 3.61 3.45 3.47 3.42 3.42 3.45 3.37 3.37 3.51 3.46 71.11 1e-07 0.1 512 MobileNet
1.0 3.82 3.94 3.96 3.78 3.75 3.71 3.73 3.76 3.74 3.75 3.71 3.75 3.78 3.73 3.7 3.79 3.76 3.7 3.7 3.75 70.16 1e-05 0.1 1024 MobileNet
1.0 4.15 4.02 3.95 3.88 3.78 3.67 3.68 3.67 3.61 3.7 3.61 3.6 3.69 3.67 3.7 3.69 3.66 3.67 3.59 3.61 67.88 1e-06 0.1 1024 MobileNet
1.0 4.0 3.96 3.71 3.83 3.76 3.72 3.95 3.86 3.82 3.8 3.85 3.81 3.91 3.91 3.84 3.86 3.91 3.84 3.83 3.88 68.93 1e-07 0.1 1024 MobileNet
1.0 4.1 4.12 4.46 4.16 4.14 4.32 4.21 4.07 4.04 4.23 4.1 4.24 4.03 4.07 3.95 4.03 4.16 4.15 4.08 4.18 66.11 1e-05 0.01 256 MobileNet
1.0 4.15 3.91 3.93 4.13 4.22 4.15 4.14 4.09 4.05 4.26 4.07 4.15 4.01 3.98 4.06 4.12 4.11 4.17 4.24 4.2 69.24 1e-06 0.01 256 MobileNet
1.0 4.52 4.21 4.14 4.15 4.23 4.29 4.32 4.37 4.41 4.26 4.46 4.3 4.52 4.44 4.5 4.42 4.53 4.38 4.49 4.56 67.9 1e-07 0.01 256 MobileNet
1.0 5.65 5.51 5.11 5.13 5.08 5.27 5.2 5.12 5.25 5.24 5.23 5.24 5.22 5.15 5.14 5.22 5.19 5.19 5.22 5.24 63.11 1e-05 0.01 512 MobileNet
1.0 5.41 5.21 4.83 4.8 4.57 4.57 4.69 4.86 4.83 4.75 4.63 4.7 4.72 4.7 4.58 4.63 4.61 4.71 4.59 4.7 65.45 1e-06 0.01 512 MobileNet
1.0 5.12 5.27 4.96 4.72 4.5 4.49 4.48 4.51 4.58 4.51 4.51 4.48 4.72 4.55 4.51 4.54 4.57 4.57 4.57 4.56 64.35 1e-07 0.01 512 MobileNet
1.0 6.74 6.11 6.2 6.07 6.15 6.39 6.16 6.12 6.17 6.08 6.2 6.14 6.07 6.25 6.27 6.19 6.28 6.2 6.21 6.24 59.29 1e-05 0.01 1024 MobileNet
1.0 6.37 6.35 6.15 6.15 6.08 6.13 6.08 6.14 6.07 6.06 6.04 6.0 6.08 6.1 6.11 6.09 6.05 6.19 6.1 6.04 60.29 1e-06 0.01 1024 MobileNet
1.0 5.92 6.23 5.92 5.65 5.66 5.55 5.56 5.55 5.66 5.55 5.62 5.62 5.62 5.52 5.49 5.57 5.56 5.64 5.55 5.53 60.25 1e-07 0.01 1024 MobileNet
1.0 7.38 7.02 7.11 7.12 7.04 6.95 6.49 6.71 6.9 6.68 6.72 6.76 6.91 6.87 6.76 6.73 6.91 6.89 6.57 6.69 57.61 1e-05 0.001 256 MobileNet
1.0 7.4 7.28 8.02 7.42 7.13 6.96 6.81 7.11 7.13 7.09 6.96 7.15 7.1 7.01 7.07 7.04 7.02 6.99 6.9 7.08 56.65 1e-06 0.001 256 MobileNet
1.0 7.21 7.44 7.66 7.48 6.92 7.05 7.14 7.2 6.85 7.08 7.18 7.03 7.39 7.13 7.01 7.08 6.99 6.9 6.93 7.12 57.51 1e-07 0.001 256 MobileNet
1.0 10.42 7.42 8.62 10.35 9.98 9.62 9.63 9.87 9.6 9.37 9.27 9.26 9.47 9.6 9.41 9.53 9.35 9.34 9.23 9.34 50.72 1e-05 0.001 512 MobileNet
1.0 9.13 8.08 8.57 8.93 9.43 8.98 9.07 9.14 9.37 9.14 8.99 9.04 8.88 9.01 8.86 8.82 9.09 8.85 9.07 9.04 49.72 1e-06 0.001 512 MobileNet
1.0 9.44 7.78 9.32 10.14 9.49 9.06 9.11 9.23 9.33 9.13 8.94 9.05 9.23 9.48 9.3 9.05 9.15 9.19 9.13 9.22 50.24 1e-07 0.001 512 MobileNet
1.0 13.04 9.01 9.42 10.23 11.61 12.51 12.42 12.46 12.6 12.42 12.12 11.98 12.46 12.49 12.41 12.45 12.3 12.11 12.51 12.13 42.14 1e-05 0.001 1024 MobileNet
1.0 12.16 9.76 9.04 9.68 11.52 11.89 12.08 12.26 12.28 12.3 11.88 11.86 12.04 12.23 12.08 12.2 12.03 11.82 12.2 12.03 45.11 1e-06 0.001 1024 MobileNet
1.0 12.49 9.88 9.36 10.05 11.28 12.04 11.99 12.2 12.0 11.7 12.03 12.03 11.96 11.73 11.73 11.8 11.82 11.73 11.94 11.93 43.35 1e-07 0.001 1024 MobileNet
1.0 3.42 3.37 3.24 3.35 3.15 3.2 3.02 3.28 3.22 3.31 3.1 3.14 3.19 3.08 3.15 3.11 3.2 3.27 3.2 3.11 77.13 1e-05 0.1 256 MobileNet
1.0 3.19 3.07 3.36 3.19 3.15 2.99 3.15 3.03 3.19 3.37 3.39 3.34 3.34 3.31 3.3 3.15 3.37 3.29 3.29 3.2 77.94 1e-06 0.1 256 MobileNet
1.0 2.96 3.32 3.29 3.22 3.11 3.22 3.37 3.22 3.4 3.28 3.3 3.32 3.33 3.18 3.28 3.38 3.22 3.21 3.3 3.28 76.08 1e-07 0.1 256 MobileNet
1.0 3.8 3.87 3.72 3.5 3.7 3.69 3.64 3.5 3.6 3.57 3.6 3.57 3.59 3.58 3.49 3.55 3.55 3.58 3.53 3.61 72.91 1e-05 0.1 512 MobileNet
1.0 3.84 3.7 3.69 3.57 3.59 3.57 3.69 3.74 3.71 3.71 3.78 3.82 3.78 3.77 3.81 3.83 3.66 3.81 3.74 3.83 72.87 1e-06 0.1 512 MobileNet
1.0 3.6 3.56 3.61 3.58 3.53 3.51 3.59 3.62 3.55 3.6 3.47 3.48 3.54 3.49 3.41 3.52 3.42 3.54 3.45 3.46 72.25 1e-07 0.1 512 MobileNet
1.0 4.3 3.79 4.08 3.67 4.13 4.01 4.09 4.05 4.04 3.94 3.93 4.03 4.02 4.01 4.05 3.94 4.02 4.12 4.05 4.0 68.96 1e-05 0.1 1024 MobileNet
1.0 4.28 4.22 3.78 4.02 4.05 4.03 3.97 3.99 4.11 4.04 4.13 4.11 4.11 4.05 4.07 4.08 4.07 4.03 4.09 4.05 68.2 1e-06 0.1 1024 MobileNet
1.0 4.06 3.96 4.26 3.85 3.84 3.74 3.75 3.79 3.71 3.85 3.78 3.83 3.82 3.67 3.71 3.76 3.74 3.78 3.76 3.9 68.88 1e-07 0.1 1024 MobileNet
1.0 4.26 4.29 4.54 4.28 3.88 4.28 4.28 4.17 4.24 4.11 4.06 4.08 4.15 4.15 4.09 4.06 4.09 4.01 4.1 4.21 67.45 1e-05 0.01 256 MobileNet
1.0 4.27 4.46 3.94 4.25 4.06 4.07 4.31 4.29 4.34 4.31 4.37 4.23 4.31 4.33 4.31 4.4 4.35 4.31 4.34 4.26 68.34 1e-06 0.01 256 MobileNet
1.0 4.72 4.43 4.55 4.15 4.09 4.01 3.81 4.07 3.91 4.08 3.98 4.06 4.05 4.03 4.1 3.94 4.08 3.96 4.03 3.94 68.16 1e-07 0.01 256 MobileNet
1.0 5.5 4.73 4.81 4.95 4.55 4.54 4.66 4.51 4.65 4.65 4.56 4.66 4.61 4.66 4.69 4.65 4.56 4.55 4.82 4.71 64.82 1e-05 0.01 512 MobileNet
1.0 5.69 5.47 4.97 5.04 5.1 5.11 5.06 5.05 5.28 5.11 5.08 5.05 5.11 5.15 5.0 5.06 5.12 5.25 5.26 5.19 63.1 1e-06 0.01 512 MobileNet
1.0 5.13 5.05 5.13 4.89 4.91 5.14 5.12 5.0 5.1 5.11 4.93 5.0 5.18 4.99 5.1 5.05 5.0 5.12 5.03 5.04 63.17 1e-07 0.01 512 MobileNet
1.0 6.61 6.14 6.09 5.92 5.76 5.88 5.87 5.91 5.78 5.8 5.75 5.77 5.79 5.79 5.81 5.81 5.71 5.77 5.82 5.77 60.2 1e-05 0.01 1024 MobileNet
1.0 6.85 6.46 6.07 5.85 5.81 5.77 5.77 5.85 5.84 5.89 5.9 5.91 5.96 5.93 5.84 5.82 5.87 5.87 5.78 6.0 60.47 1e-06 0.01 1024 MobileNet
1.0 6.38 6.3 6.11 5.85 5.86 5.78 5.9 5.82 5.86 5.93 5.73 5.82 5.8 5.82 5.73 5.83 5.79 5.79 5.91 5.76 61.54 1e-07 0.01 1024 MobileNet
1.0 7.96 8.01 8.15 7.36 7.39 7.67 7.67 7.55 7.52 7.53 7.49 7.6 7.25 7.8 7.68 7.54 7.52 7.64 7.64 7.54 57.88 1e-05 0.001 256 MobileNet
1.0 7.36 8.12 8.26 7.65 7.44 7.45 7.84 7.51 7.44 7.37 7.52 7.63 7.42 7.49 7.74 7.56 7.26 7.31 7.31 7.38 57.46 1e-06 0.001 256 MobileNet
1.0 7.93 8.18 8.37 8.22 7.59 8.01 7.83 7.59 7.46 7.79 7.47 7.46 7.61 7.5 7.7 7.75 7.35 7.6 7.5 7.6 57.15 1e-07 0.001 256 MobileNet
1.0 9.68 7.73 9.18 9.81 9.47 9.63 9.68 9.06 9.24 9.03 8.89 9.09 9.1 9.03 9.29 9.04 8.88 9.04 8.98 9.03 51.83 1e-05 0.001 512 MobileNet
1.0 10.39 8.39 9.21 9.9 9.25 9.42 9.58 9.21 9.07 8.98 8.86 8.99 9.09 8.94 9.15 9.02 9.05 8.88 9.01 9.09 51.89 1e-06 0.001 512 MobileNet
1.0 9.45 8.47 9.59 10.64 9.77 10.32 10.46 9.87 9.5 9.67 9.97 9.83 9.84 9.7 9.54 9.72 9.94 9.91 9.82 9.87 51.63 1e-07 0.001 512 MobileNet
1.0 12.34 10.19 10.38 11.42 12.77 13.21 12.87 13.04 13.03 13.0 13.11 13.22 13.16 13.02 13.22 13.19 13.14 13.26 13.22 12.99 45.12 1e-05 0.001 1024 MobileNet
1.0 12.52 9.98 9.54 10.3 10.96 11.93 12.19 11.98 11.64 11.69 11.47 11.47 11.44 11.28 11.25 11.47 11.47 11.52 11.51 11.32 44.61 1e-06 0.001 1024 MobileNet
1.0 13.08 10.65 9.29 10.74 11.64 12.47 12.73 12.44 12.52 12.62 12.32 12.35 12.6 12.46 12.29 12.31 12.62 12.37 12.44 12.63 46.01 1e-07 0.001 1024 MobileNet
1.0 3.16 3.44 3.17 3.11 3.26 3.11 3.13 3.25 3.16 3.25 3.06 3.16 3.18 3.15 3.14 3.14 3.16 3.15 3.18 3.15 76.35 1e-05 0.1 256 MobileNet
1.0 3.37 3.33 3.25 3.24 3.29 3.2 3.18 3.24 3.16 3.18 3.28 3.3 3.26 3.25 3.24 3.22 3.23 3.31 3.32 3.33 75.37 1e-06 0.1 256 MobileNet
1.0 3.08 3.0 3.19 3.03 3.14 3.12 3.31 3.08 3.36 3.4 3.41 3.28 3.32 3.29 3.26 3.24 3.27 3.26 3.22 3.24 76.13 1e-07 0.1 256 MobileNet
1.0 3.32 3.45 3.46 3.46 3.47 3.56 3.48 3.42 3.46 3.42 3.42 3.44 3.37 3.4 3.35 3.42 3.37 3.43 3.43 3.44 73.02 1e-05 0.1 512 MobileNet
1.0 3.62 3.53 3.58 3.39 3.73 3.33 3.53 3.48 3.47 3.41 3.39 3.51 3.49 3.47 3.42 3.47 3.41 3.47 3.49 3.46 70.82 1e-06 0.1 512 MobileNet
1.0 3.71 3.54 3.38 3.32 3.52 3.59 3.49 3.54 3.51 3.5 3.45 3.5 3.47 3.47 3.49 3.59 3.46 3.48 3.46 3.44 73.21 1e-07 0.1 512 MobileNet
1.0 4.46 4.26 4.23 4.52 4.06 3.99 4.14 4.0 4.09 4.1 4.0 4.03 4.07 4.08 4.07 4.02 4.03 4.01 4.08 4.11 66.3 1e-05 0.1 1024 MobileNet
1.0 4.2 3.83 3.99 3.9 3.93 3.93 3.95 3.94 4.03 3.88 3.97 3.97 3.86 3.93 4.0 4.02 3.93 3.93 4.02 3.94 67.84 1e-06 0.1 1024 MobileNet
1.0 4.29 4.08 3.96 4.03 3.9 3.98 3.94 3.88 3.89 3.95 3.95 3.9 3.92 3.9 3.83 3.94 3.89 3.95 3.96 3.88 68.77 1e-07 0.1 1024 MobileNet
1.0 4.38 3.97 3.99 4.09 3.88 4.19 3.95 4.04 3.76 3.98 4.01 3.94 3.82 4.03 4.01 4.01 3.99 4.07 3.98 4.11 68.38 1e-05 0.01 256 MobileNet
1.0 4.58 4.05 4.19 4.53 4.27 4.41 4.15 4.16 4.14 4.47 4.22 4.27 4.37 4.36 4.27 4.25 4.42 4.31 4.33 4.28 67.22 1e-06 0.01 256 MobileNet
1.0 4.51 4.25 4.38 4.17 4.02 4.28 4.23 4.06 3.98 3.91 4.01 4.0 3.97 3.91 3.96 3.98 4.06 3.93 4.0 3.9 68.51 1e-07 0.01 256 MobileNet
1.0 5.09 5.06 5.19 4.76 4.74 4.75 4.73 4.68 4.74 4.74 4.65 4.81 4.65 4.61 4.68 4.66 4.74 4.63 4.73 4.62 65.18 1e-05 0.01 512 MobileNet
1.0 5.22 4.88 5.07 5.29 5.05 5.0 5.07 5.09 5.04 5.19 5.17 5.19 5.19 5.27 5.35 5.13 5.19 5.2 5.15 5.2 63.06 1e-06 0.01 512 MobileNet
1.0 5.17 5.25 4.73 5.28 5.29 5.43 5.22 5.25 5.28 5.31 5.34 5.35 5.23 5.26 5.12 5.15 5.28 5.23 5.21 5.25 63.44 1e-07 0.01 512 MobileNet
1.0 7.23 6.26 6.44 6.91 6.85 6.71 6.64 6.64 6.7 6.65 6.69 6.66 6.56 6.64 6.58 6.62 6.61 6.58 6.67 6.6 57.33 1e-05 0.01 1024 MobileNet
1.0 6.75 6.38 6.35 6.26 6.41 6.2 6.39 6.33 6.25 6.17 6.19 6.23 6.25 6.2 6.37 6.27 6.31 6.22 6.23 6.14 59.77 1e-06 0.01 1024 MobileNet
1.0 6.75 6.5 5.76 5.57 5.51 5.62 5.58 5.53 5.65 5.68 5.48 5.66 5.66 5.64 5.7 5.67 5.8 5.68 5.64 5.68 60.36 1e-07 0.01 1024 MobileNet
1.0 7.84 7.78 7.9 7.81 7.4 7.25 7.42 7.32 7.05 7.2 7.09 7.07 7.25 7.21 7.09 7.07 7.11 7.11 7.05 7.25 57.88 1e-05 0.001 256 MobileNet
1.0 7.36 7.0 7.21 6.96 6.86 6.81 6.97 6.98 6.76 7.01 7.07 6.75 6.82 6.71 6.7 6.76 6.67 6.7 6.89 6.89 58.96 1e-06 0.001 256 MobileNet
1.0 7.51 7.48 7.99 7.58 7.13 7.18 7.26 7.19 7.21 7.0 7.02 6.99 7.06 6.96 6.89 6.92 6.77 7.15 7.06 6.88 57.35 1e-07 0.001 256 MobileNet
1.0 9.87 8.36 9.33 9.61 9.79 9.52 9.54 9.37 9.72 9.29 9.44 9.36 9.5 9.55 9.48 9.61 9.31 9.11 9.21 9.27 51.65 1e-05 0.001 512 MobileNet
1.0 10.21 7.68 8.38 9.24 9.56 9.26 9.02 9.09 9.22 8.97 8.97 8.94 9.1 9.12 9.03 9.2 9.31 9.12 9.06 9.29 52.47 1e-06 0.001 512 MobileNet
1.0 10.33 8.58 8.75 9.98 9.93 9.82 9.75 9.6 9.87 9.6 9.72 9.37 9.6 9.57 9.47 9.57 9.61 9.61 9.58 9.6 51.63 1e-07 0.001 512 MobileNet
1.0 13.43 10.1 9.56 9.76 11.63 11.92 11.86 11.74 11.7 11.63 11.72 11.56 11.44 11.71 11.69 11.66 11.56 11.6 11.75 11.6 43.76 1e-05 0.001 1024 MobileNet
1.0 13.16 9.39 9.14 9.59 11.34 12.07 11.59 12.0 11.74 11.36 11.4 11.31 11.72 11.57 11.64 11.63 11.72 11.34 11.58 11.54 45.69 1e-06 0.001 1024 MobileNet
1.0 12.55 10.17 9.72 10.76 11.69 12.36 12.08 12.34 12.02 12.08 12.1 11.9 12.01 12.0 11.95 12.05 12.02 11.88 11.97 11.89 44.54 1e-07 0.001 1024 MobileNet
1.0 2.62 2.67 2.44 2.55 2.49 2.54 2.55 2.51 2.53 2.52 2.53 2.53 2.56 2.54 2.52 2.51 2.55 2.54 2.53 2.53 90.96 1e-05 0.1 512 GoogLeNet
1.0 2.7 2.72 2.47 2.64 2.6 2.5 2.53 2.59 2.57 2.59 2.55 2.53 2.58 2.61 2.6 2.63 2.6 2.56 2.55 2.58 91.35 1e-06 0.1 256 GoogLeNet
1.0 2.47 2.71 2.63 2.53 2.55 2.56 2.61 2.55 2.58 2.54 2.57 2.58 2.58 2.55 2.58 2.56 2.59 2.57 2.59 2.59 90.8 1e-06 0.1 512 GoogLeNet
1.0 2.61 2.57 2.6 2.56 2.56 2.57 2.58 2.49 2.58 2.56 2.57 2.61 2.52 2.62 2.56 2.54 2.53 2.53 2.52 2.55 90.97 1e-07 0.1 256 GoogLeNet
1.0 2.71 2.57 2.62 2.6 2.6 2.62 2.6 2.6 2.62 2.62 2.61 2.61 2.62 2.6 2.6 2.62 2.63 2.63 2.62 2.59 90.56 1e-07 0.1 512 GoogLeNet
1.0 2.69 2.64 2.62 2.66 2.66 2.71 2.71 2.66 2.59 2.58 2.64 2.63 2.65 2.62 2.67 2.64 2.64 2.61 2.59 2.63 89.52 1e-06 0.01 256 GoogLeNet
1.0 2.67 2.78 2.56 2.54 2.54 2.53 2.51 2.48 2.51 2.56 2.52 2.47 2.54 2.48 2.52 2.51 2.5 2.5 2.48 2.5 91.13 1e-05 0.1 256 GoogLeNet
1.0 2.79 2.61 2.6 2.62 2.57 2.6 2.58 2.53 2.54 2.57 2.56 2.57 2.6 2.57 2.6 2.6 2.59 2.62 2.59 2.59 89.57 1e-05 0.01 256 GoogLeNet
1.0 3.64 3.99 4.34 4.37 4.35 4.34 4.34 4.25 4.36 4.29 4.37 4.27 4.42 4.35 4.32 4.46 4.4 4.32 4.39 4.44 72.91 1e-06 0.001 512 GoogLeNet
1.0 3.59 4.41 4.24 4.3 4.42 4.26 4.39 4.52 4.45 4.42 4.46 4.41 4.51 4.49 4.44 4.48 4.45 4.42 4.5 4.54 72.67 1e-07 0.001 512 GoogLeNet
1.0 2.71 2.64 2.6 2.52 2.54 2.61 2.63 2.56 2.6 2.58 2.63 2.57 2.61 2.62 2.6 2.63 2.58 2.61 2.6 2.69 89.94 1e-07 0.01 256 GoogLeNet
1.0 3.33 3.7 3.87 3.77 3.87 3.8 3.84 3.83 3.96 3.98 3.83 3.91 3.82 3.94 3.91 3.91 3.96 3.87 4.0 4.13 79.41 1e-06 0.001 256 GoogLeNet
1.0 2.63 2.77 2.69 2.66 2.67 2.65 2.64 2.7 2.61 2.61 2.65 2.63 2.62 2.64 2.6 2.6 2.63 2.62 2.58 2.62 91.43 1e-07 0.1 256 GoogLeNet
1.0 3.62 3.63 3.76 3.69 3.61 3.74 3.62 3.82 3.68 3.69 3.6 3.63 3.68 3.62 3.74 3.74 3.83 3.74 3.65 3.65 79.16 1e-07 0.001 256 GoogLeNet
1.0 3.71 3.75 3.83 4.0 3.91 3.97 4.06 3.89 3.95 3.9 3.94 4.01 3.95 3.93 3.94 3.97 4.0 3.94 3.91 3.98 78.66 1e-05 0.001 256 GoogLeNet
1.0 2.89 2.87 2.71 2.71 2.7 2.69 2.76 2.71 2.62 2.62 2.67 2.67 2.69 2.59 2.6 2.61 2.67 2.62 2.57 2.63 91.05 1e-05 0.1 256 GoogLeNet
1.0 3.04 2.89 2.89 2.88 2.85 2.88 2.9 2.85 2.88 2.91 2.87 2.85 2.82 2.86 2.87 2.82 2.86 2.81 2.85 2.86 87.21 1e-07 0.01 512 GoogLeNet
1.0 4.1 4.42 4.72 4.77 4.83 4.57 4.7 4.68 4.7 4.71 4.68 4.66 4.69 4.67 4.74 4.78 4.73 4.68 4.75 4.64 73.02 1e-05 0.001 512 GoogLeNet
1.0 2.91 2.76 2.66 2.64 2.59 2.67 2.62 2.67 2.65 2.62 2.6 2.6 2.65 2.64 2.66 2.59 2.73 2.61 2.61 2.66 91.01 1e-06 0.1 256 GoogLeNet
1.0 3.89 4.34 4.6 4.59 4.58 4.61 4.61 4.58 4.73 4.77 4.78 4.72 4.71 4.74 4.61 4.77 4.61 4.7 4.75 4.72 72.14 1e-06 0.001 512 GoogLeNet
1.0 2.9 2.73 2.72 2.74 2.75 2.75 2.8 2.79 2.75 2.8 2.84 2.85 2.73 2.72 2.78 2.79 2.82 2.78 2.8 2.8 89.83 1e-05 0.01 256 GoogLeNet
1.0 3.38 3.8 3.55 3.74 3.85 3.71 3.74 3.74 3.79 3.73 3.76 3.8 3.73 3.78 3.82 3.83 3.78 3.85 3.88 3.8 78.85 1e-05 0.001 256 GoogLeNet
1.0 3.03 2.83 2.75 2.74 2.76 2.73 2.75 2.73 2.7 2.72 2.73 2.72 2.72 2.73 2.69 2.75 2.73 2.73 2.72 2.72 89.55 1e-06 0.01 256 GoogLeNet
1.0 2.69 2.68 2.65 2.65 2.61 2.63 2.62 2.65 2.67 2.61 2.57 2.62 2.6 2.59 2.61 2.59 2.63 2.61 2.6 2.65 89.83 1e-07 0.01 256 GoogLeNet
1.0 3.5 3.81 3.73 3.91 3.95 4.05 3.83 3.94 3.95 4.0 4.15 3.92 4.07 3.91 3.92 3.9 4.07 3.98 3.96 4.05 78.82 1e-07 0.001 256 GoogLeNet
1.0 2.94 2.8 2.88 2.89 2.94 2.93 2.9 2.96 2.9 2.94 3.0 2.98 3.01 2.95 2.89 2.98 2.99 2.99 2.98 2.97 87.56 1e-06 0.01 512 GoogLeNet
1.0 2.75 2.68 2.64 2.62 2.63 2.56 2.55 2.57 2.57 2.58 2.54 2.56 2.56 2.6 2.61 2.58 2.55 2.58 2.56 2.57 91.39 1e-07 0.1 256 GoogLeNet
1.0 3.8 3.99 3.84 3.76 3.96 4.02 3.89 4.0 3.91 3.99 3.97 3.97 4.01 3.86 3.84 3.99 4.1 4.0 3.99 3.93 78.8 1e-06 0.001 256 GoogLeNet
1.0 3.01 2.9 2.88 2.93 2.86 2.86 2.89 2.85 2.87 2.85 2.9 2.9 2.91 2.94 2.88 2.91 2.9 2.86 2.93 2.91 87.51 1e-07 0.01 512 GoogLeNet
1.0 2.55 2.54 2.6 2.54 2.6 2.65 2.58 2.58 2.61 2.62 2.57 2.55 2.58 2.58 2.57 2.62 2.57 2.6 2.54 2.63 90.82 1e-05 0.1 256 GoogLeNet
1.0 2.68 2.64 2.67 2.49 2.52 2.53 2.56 2.58 2.56 2.57 2.55 2.54 2.55 2.61 2.56 2.57 2.5 2.55 2.55 2.53 90.81 1e-06 0.1 256 GoogLeNet
1.0 3.88 3.37 3.48 3.39 3.49 3.62 3.45 3.41 3.46 3.47 3.52 3.46 3.47 3.45 3.46 3.47 3.45 3.44 3.5 3.62 78.92 1e-06 0.001 256 GoogLeNet
1.0 3.6 3.53 3.57 3.56 3.56 3.57 3.61 3.63 3.64 3.68 3.56 3.67 3.65 3.58 3.47 3.52 3.65 3.57 3.6 3.58 78.75 1e-05 0.001 256 GoogLeNet
1.0 3.83 3.93 3.82 3.8 3.8 3.82 3.67 3.76 3.76 3.7 3.75 3.76 3.67 3.73 3.8 3.82 3.7 3.66 3.76 3.81 79.17 1e-07 0.001 256 GoogLeNet
1.0 2.77 2.65 2.61 2.61 2.6 2.62 2.61 2.66 2.62 2.61 2.64 2.64 2.61 2.63 2.63 2.65 2.63 2.61 2.61 2.63 89.81 1e-05 0.01 256 GoogLeNet
1.0 2.79 2.61 2.61 2.65 2.62 2.68 2.62 2.63 2.7 2.69 2.64 2.64 2.66 2.64 2.66 2.61 2.61 2.67 2.68 2.71 90.0 1e-06 0.01 256 GoogLeNet
