1.62 4.25 4.34 4.35 4.38 4.39 4.44 4.39 4.47 4.4 4.36 4.24 4.24 4.24 4.26 4.19 4.25 4.24 4.25 4.25 4.32 72.05 1e-05 0.1 256 resnet18
1.62 4.25 4.39 4.27 4.4 4.31 4.48 4.03 4.37 4.16 4.33 4.26 4.14 4.22 4.2 4.22 4.31 4.27 4.22 4.21 4.22 72.04 1e-06 0.1 256 resnet18
1.62 4.19 4.34 4.26 4.22 4.46 4.43 4.44 4.46 4.43 4.41 4.59 4.53 4.48 4.54 4.54 4.52 4.6 4.62 4.53 4.56 72.34 1e-07 0.1 256 resnet18
1.62 4.49 4.29 4.19 4.22 4.25 4.32 4.13 4.23 4.18 4.16 4.23 4.17 4.16 4.16 4.12 4.17 4.11 4.13 4.16 4.09 72.82 1e-05 0.1 512 resnet18
1.62 4.51 4.34 4.22 4.4 4.55 4.35 4.42 4.53 4.49 4.38 4.45 4.37 4.48 4.33 4.38 4.42 4.42 4.39 4.42 4.33 72.7 1e-06 0.1 512 resnet18
1.62 4.37 4.18 4.54 4.35 4.55 4.32 4.46 4.56 4.62 4.41 4.41 4.56 4.4 4.55 4.43 4.51 4.44 4.57 4.47 4.52 72.14 1e-07 0.1 512 resnet18
1.62 4.17 4.59 4.34 4.41 4.44 4.15 4.24 4.41 4.27 4.36 4.26 4.28 4.22 4.16 4.28 4.15 4.2 4.17 4.21 4.15 72.28 1e-05 0.1 1024 resnet18
1.62 4.18 4.36 4.39 4.56 4.19 4.38 4.16 4.36 4.21 4.21 4.27 4.19 4.24 4.25 4.17 4.19 4.24 4.16 4.2 4.2 71.78 1e-06 0.1 1024 resnet18
1.62 4.11 4.64 4.36 4.25 4.32 4.25 4.32 4.33 4.1 4.32 4.33 4.33 4.34 4.27 4.29 4.36 4.33 4.31 4.32 4.35 72.39 1e-07 0.1 1024 resnet18
1.62 4.18 4.56 4.18 4.24 4.33 4.36 4.49 4.39 4.44 4.53 4.46 4.61 4.48 4.48 4.42 4.49 4.55 4.48 4.46 4.5 72.9 1e-05 0.01 256 resnet18
1.62 3.97 4.28 4.32 4.32 4.14 4.25 4.2 4.13 4.32 4.24 4.17 4.27 4.24 4.27 4.24 4.22 4.21 4.31 4.22 4.2 72.76 1e-06 0.01 256 resnet18
1.62 4.2 4.08 4.43 4.4 4.28 4.2 4.21 4.13 4.21 4.05 4.09 4.19 4.25 4.19 4.13 4.17 4.13 4.2 4.12 4.19 72.57 1e-07 0.01 256 resnet18
1.62 4.52 4.47 4.31 4.46 4.54 4.74 4.41 4.39 4.35 4.42 4.37 4.37 4.35 4.36 4.35 4.36 4.35 4.33 4.34 4.46 71.48 1e-05 0.01 512 resnet18
1.62 4.35 4.34 4.59 4.25 4.61 4.43 4.67 4.73 4.74 4.79 4.83 4.69 4.71 4.75 4.78 4.76 4.75 4.78 4.87 4.78 71.3 1e-06 0.01 512 resnet18
1.62 4.23 4.55 4.54 4.64 4.68 4.37 4.31 4.51 4.36 4.27 4.32 4.37 4.42 4.31 4.26 4.23 4.35 4.23 4.24 4.26 71.08 1e-07 0.01 512 resnet18
1.62 4.46 4.56 4.18 4.54 4.35 4.58 4.65 4.63 4.48 4.37 4.57 4.52 4.5 4.6 4.54 4.51 4.61 4.56 4.58 4.51 68.86 1e-05 0.01 1024 resnet18
1.62 4.51 4.54 4.26 4.46 4.43 4.73 4.38 4.78 4.72 4.66 4.63 4.49 4.62 4.52 4.57 4.62 4.52 4.67 4.64 4.66 68.68 1e-06 0.01 1024 resnet18
1.62 4.39 4.72 4.28 4.51 4.3 4.7 4.73 4.48 4.71 4.56 4.39 4.59 4.58 4.57 4.41 4.35 4.31 4.46 4.49 4.45 69.49 1e-07 0.01 1024 resnet18
1.62 4.71 4.48 4.77 4.59 4.82 4.74 4.66 4.78 5.01 4.83 5.18 4.91 5.13 5.04 5.15 5.19 5.01 5.03 5.13 5.09 65.35 1e-05 0.001 256 resnet18
1.62 4.8 4.44 4.91 4.59 4.55 4.77 4.74 4.75 4.73 4.8 4.93 4.66 4.66 4.77 4.77 4.72 4.98 4.79 4.77 4.88 65.36 1e-06 0.001 256 resnet18
1.62 4.6 4.74 4.87 4.26 4.59 4.86 4.5 4.92 4.78 4.78 4.94 4.81 4.93 4.91 4.89 4.86 4.9 4.93 4.96 4.89 65.22 1e-07 0.001 256 resnet18
1.62 5.11 4.88 4.68 4.87 4.87 4.82 4.77 4.72 5.05 5.16 4.85 5.06 5.09 5.21 5.03 5.02 5.07 5.14 5.07 5.01 60.92 1e-05 0.001 512 resnet18
1.62 5.02 4.96 4.69 4.63 4.7 4.83 4.87 4.82 5.1 4.9 5.01 4.89 4.95 4.84 5.16 4.9 5.09 5.08 5.02 4.95 60.85 1e-06 0.001 512 resnet18
1.62 5.12 4.86 4.78 4.62 4.66 5.01 4.99 4.9 5.22 4.99 4.87 5.22 5.15 5.46 5.16 5.43 5.41 5.13 5.24 5.26 61.55 1e-07 0.001 512 resnet18
1.62 5.23 5.19 5.24 4.83 4.65 4.75 4.73 5.04 4.98 4.86 5.0 5.12 5.1 5.33 5.19 5.24 5.25 5.19 5.21 5.06 55.19 1e-05 0.001 1024 resnet18
1.62 5.43 5.29 5.34 4.81 4.74 4.63 4.83 4.84 4.93 4.74 4.72 4.96 5.0 5.01 5.14 5.06 5.22 5.29 5.15 5.13 55.17 1e-06 0.001 1024 resnet18
1.62 5.38 5.33 5.2 4.85 4.76 4.72 4.77 5.15 5.08 4.85 4.87 5.0 5.01 5.3 5.01 5.1 5.25 5.24 5.17 5.26 55.24 1e-07 0.001 1024 resnet18
1.52 4.45 4.03 4.28 4.13 4.22 4.08 4.09 4.2 4.05 4.03 4.03 3.97 4.01 3.96 4.06 4.09 4.0 4.02 4.03 4.06 72.21 1e-05 0.1 256 resnet18
1.52 4.13 4.28 4.29 4.51 4.34 4.4 4.33 4.21 4.33 4.36 4.31 4.32 4.37 4.36 4.3 4.34 4.27 4.24 4.28 4.3 72.21 1e-06 0.1 256 resnet18
1.52 4.24 4.4 4.49 4.38 4.15 4.18 4.13 4.08 4.12 4.04 4.26 4.18 4.28 4.23 4.25 4.21 4.19 4.08 4.23 4.26 72.52 1e-07 0.1 256 resnet18
1.52 4.29 4.13 4.29 4.13 3.99 4.26 4.14 4.12 4.05 4.12 4.2 4.1 4.11 4.22 4.19 4.15 4.16 4.18 4.18 4.14 72.86 1e-05 0.1 512 resnet18
1.52 4.28 4.22 4.38 4.4 4.39 4.21 4.36 4.3 4.31 4.4 4.23 4.33 4.38 4.45 4.36 4.38 4.36 4.35 4.37 4.33 72.68 1e-06 0.1 512 resnet18
1.52 4.04 4.05 4.3 4.09 4.19 4.31 4.23 4.37 4.32 4.18 4.1 4.15 4.16 4.15 4.12 4.22 4.19 4.14 4.18 4.15 72.68 1e-07 0.1 512 resnet18
1.52 4.31 4.16 4.15 4.17 4.41 4.33 4.22 4.2 4.14 4.09 4.24 4.09 4.28 4.19 4.21 4.17 4.2 4.19 4.2 4.2 71.83 1e-05 0.1 1024 resnet18
1.52 4.36 4.21 4.26 4.21 4.23 3.98 4.22 4.07 4.2 4.04 4.09 4.12 4.18 4.18 4.26 4.18 4.17 4.21 4.18 4.15 72.35 1e-06 0.1 1024 resnet18
1.52 4.21 4.1 4.31 4.28 4.3 4.27 4.15 4.08 4.12 4.16 4.1 4.05 4.09 4.07 4.13 4.13 4.16 4.16 4.11 4.06 72.18 1e-07 0.1 1024 resnet18
1.52 4.3 4.3 4.24 4.26 4.33 4.15 4.25 4.29 4.11 4.32 4.24 4.29 4.23 4.2 4.22 4.31 4.18 4.19 4.24 4.22 72.74 1e-05 0.01 256 resnet18
1.52 4.17 4.19 4.29 4.0 4.05 4.13 4.21 4.2 4.1 4.17 4.13 4.1 4.08 4.14 4.05 4.0 4.02 4.07 4.11 4.04 72.22 1e-06 0.01 256 resnet18
1.52 4.39 4.1 4.25 4.44 4.28 4.01 4.1 4.09 4.15 4.05 4.03 4.14 4.06 4.07 4.08 4.16 4.13 4.07 4.06 4.03 72.4 1e-07 0.01 256 resnet18
1.52 4.36 4.1 4.17 4.27 4.44 4.42 4.31 4.33 4.15 4.32 4.22 4.22 4.32 4.28 4.19 4.25 4.2 4.23 4.34 4.26 71.05 1e-05 0.01 512 resnet18
1.52 4.52 4.09 4.34 4.3 4.4 4.19 4.35 4.26 4.41 4.37 4.45 4.4 4.46 4.35 4.41 4.31 4.35 4.41 4.4 4.46 70.68 1e-06 0.01 512 resnet18
1.52 4.34 4.07 4.23 4.46 4.37 4.39 4.17 4.33 4.18 4.28 4.15 4.16 4.23 4.17 4.32 4.28 4.3 4.16 4.13 4.21 71.62 1e-07 0.01 512 resnet18
1.52 4.64 4.69 4.31 4.3 4.67 4.66 4.56 4.76 4.58 4.42 4.67 4.54 4.52 4.58 4.66 4.67 4.51 4.56 4.54 4.63 68.63 1e-05 0.01 1024 resnet18
1.52 4.89 4.46 4.28 4.6 4.49 4.57 4.4 4.42 4.47 4.44 4.48 4.38 4.43 4.36 4.38 4.47 4.58 4.49 4.44 4.44 68.61 1e-06 0.01 1024 resnet18
1.52 4.57 4.38 4.32 4.46 4.68 4.5 4.55 4.61 4.57 4.48 4.48 4.5 4.59 4.4 4.52 4.51 4.53 4.59 4.61 4.67 68.47 1e-07 0.01 1024 resnet18
1.52 4.55 4.5 4.52 4.4 4.62 4.59 4.62 4.91 4.77 4.77 4.88 4.86 4.92 4.76 4.8 4.96 5.02 4.89 4.83 4.92 65.35 1e-05 0.001 256 resnet18
1.52 4.67 4.91 4.56 4.58 4.66 4.7 4.71 4.92 4.87 5.09 4.9 5.11 5.18 5.08 4.96 4.99 5.14 5.25 5.3 5.25 65.0 1e-06 0.001 256 resnet18
1.52 4.62 4.78 4.45 4.69 4.68 4.78 4.63 4.76 4.62 4.99 4.86 4.85 4.79 4.79 4.95 4.87 4.65 4.76 4.85 4.88 64.88 1e-07 0.001 256 resnet18
1.52 5.51 5.05 4.96 4.76 4.5 4.66 4.74 4.93 4.88 4.86 4.78 5.03 5.18 5.0 5.06 5.39 5.12 5.11 5.21 5.24 60.36 1e-05 0.001 512 resnet18
1.52 5.67 4.83 4.91 4.86 4.43 4.84 4.81 5.03 4.43 4.86 4.89 4.88 4.83 4.89 4.85 4.96 4.98 4.75 4.73 4.87 60.14 1e-06 0.001 512 resnet18
1.52 5.4 4.89 4.83 4.6 4.67 4.53 4.6 4.92 4.64 4.84 4.89 4.87 4.97 4.99 5.17 5.32 5.21 5.15 5.17 5.09 60.07 1e-07 0.001 512 resnet18
1.52 5.51 5.82 5.15 4.97 4.78 4.91 4.86 4.81 4.85 4.86 4.91 5.06 4.83 4.99 4.81 5.0 4.87 4.86 4.84 4.85 53.61 1e-05 0.001 1024 resnet18
1.52 5.44 5.79 5.22 4.97 5.05 5.01 4.93 4.96 4.73 4.78 5.02 4.93 4.73 4.87 4.87 4.85 4.78 4.75 4.71 4.77 53.82 1e-06 0.001 1024 resnet18
1.52 5.62 5.91 5.34 5.11 5.04 5.07 4.84 4.99 4.88 4.66 5.04 5.0 4.93 4.89 4.9 4.99 4.88 4.88 4.9 4.91 53.39 1e-07 0.001 1024 resnet18
2.87 4.41 4.36 4.45 4.53 4.32 4.22 4.47 4.23 4.37 4.27 4.29 4.35 4.43 4.3 4.27 4.34 4.41 4.22 4.33 4.27 72.88 1e-05 0.1 256 resnet18
2.87 4.27 4.18 4.29 4.28 4.41 4.34 4.22 4.28 4.13 4.23 4.14 4.27 4.31 4.28 4.18 4.18 4.13 4.25 4.11 4.15 72.16 1e-06 0.1 256 resnet18
2.87 4.49 4.34 4.1 4.34 4.19 4.3 4.4 4.44 4.41 4.37 4.43 4.37 4.39 4.44 4.45 4.47 4.38 4.39 4.36 4.29 71.95 1e-07 0.1 256 resnet18
2.87 4.25 4.14 4.41 4.11 4.16 4.14 4.15 4.06 4.18 4.03 4.1 4.18 4.19 4.16 4.12 4.14 4.12 4.07 4.13 4.12 72.04 1e-05 0.1 512 resnet18
2.87 3.97 4.14 4.11 4.22 4.2 4.3 4.35 4.38 4.39 4.34 4.39 4.37 4.31 4.39 4.44 4.45 4.4 4.37 4.35 4.46 72.43 1e-06 0.1 512 resnet18
2.87 4.08 4.2 4.36 4.23 4.06 4.24 4.18 4.25 4.2 4.23 4.2 4.18 4.18 4.26 4.16 4.19 4.16 4.21 4.2 4.15 72.65 1e-07 0.1 512 resnet18
2.87 4.39 4.27 4.45 4.27 4.39 4.32 4.2 4.25 4.2 4.28 4.4 4.18 4.26 4.26 4.26 4.2 4.19 4.23 4.22 4.19 72.35 1e-05 0.1 1024 resnet18
2.87 4.3 4.24 4.26 4.08 4.09 4.15 4.13 4.17 4.21 4.21 4.11 4.16 4.18 4.23 4.14 4.18 4.11 4.21 4.12 4.12 72.3 1e-06 0.1 1024 resnet18
2.87 4.19 4.1 4.29 4.31 4.31 4.16 4.19 4.38 4.38 4.31 4.21 4.21 4.24 4.26 4.33 4.2 4.25 4.3 4.22 4.29 72.17 1e-07 0.1 1024 resnet18
2.87 4.34 4.18 4.25 4.3 4.25 4.16 4.17 4.31 4.1 4.16 4.2 4.14 4.17 4.16 4.2 4.19 4.2 4.2 4.21 4.31 72.63 1e-05 0.01 256 resnet18
2.87 4.13 4.23 4.38 4.14 4.4 4.1 4.07 4.13 4.11 4.09 4.2 4.14 4.06 4.14 4.13 4.08 4.03 4.06 4.07 4.08 72.65 1e-06 0.01 256 resnet18
2.87 4.25 4.27 4.51 4.39 4.26 4.37 4.16 4.23 4.27 4.32 4.36 4.24 4.3 4.31 4.28 4.4 4.35 4.36 4.33 4.31 72.56 1e-07 0.01 256 resnet18
2.87 4.18 4.32 4.21 4.67 4.34 4.43 4.4 4.43 4.43 4.26 4.44 4.33 4.42 4.35 4.32 4.34 4.43 4.4 4.43 4.34 70.24 1e-05 0.01 512 resnet18
2.87 4.33 4.33 4.49 4.69 4.42 4.37 4.3 4.22 4.1 4.35 4.25 4.36 4.26 4.23 4.34 4.28 4.27 4.35 4.32 4.28 71.26 1e-06 0.01 512 resnet18
2.87 4.47 4.35 4.33 4.58 4.23 4.24 4.28 4.28 4.32 4.38 4.29 4.32 4.23 4.3 4.33 4.28 4.31 4.28 4.23 4.38 70.97 1e-07 0.01 512 resnet18
2.87 4.57 4.71 4.41 4.39 4.43 4.29 4.71 4.74 4.4 4.48 4.43 4.59 4.52 4.53 4.39 4.38 4.35 4.37 4.46 4.42 69.14 1e-05 0.01 1024 resnet18
2.87 4.44 4.3 4.7 4.47 4.52 4.41 4.65 4.36 4.56 4.53 4.5 4.51 4.51 4.5 4.5 4.43 4.45 4.43 4.56 4.39 68.79 1e-06 0.01 1024 resnet18
2.87 4.76 4.41 4.32 4.59 4.35 4.67 4.57 4.37 4.14 4.55 4.41 4.41 4.51 4.36 4.42 4.43 4.45 4.41 4.46 4.45 69.17 1e-07 0.01 1024 resnet18
2.87 5.03 4.72 4.94 4.74 4.75 4.71 5.03 4.9 5.09 5.01 4.93 5.08 5.07 5.01 5.16 5.14 5.14 5.2 5.26 5.03 64.87 1e-05 0.001 256 resnet18
2.87 4.9 4.81 4.67 4.74 4.9 4.66 5.01 4.83 4.7 4.77 5.01 5.2 4.92 5.02 5.09 5.06 4.94 4.91 5.01 5.11 65.2 1e-06 0.001 256 resnet18
2.87 5.0 4.92 4.67 4.62 4.71 4.99 4.75 4.77 4.78 4.86 4.85 5.03 4.8 4.81 4.88 4.84 4.75 4.76 4.74 4.76 65.12 1e-07 0.001 256 resnet18
2.87 5.53 4.82 4.79 4.87 4.95 5.05 4.81 4.97 5.03 5.32 5.08 5.1 5.29 5.28 5.31 5.36 5.36 5.24 5.48 5.38 59.77 1e-05 0.001 512 resnet18
2.87 5.45 5.09 4.94 4.81 4.88 4.65 4.73 5.11 5.01 5.11 5.27 5.15 5.19 5.28 5.33 5.31 5.31 5.23 5.42 5.39 60.07 1e-06 0.001 512 resnet18
2.87 5.45 4.89 5.03 5.0 4.89 4.92 4.83 4.86 5.07 4.81 5.48 5.05 5.27 5.12 5.47 5.41 5.36 5.29 5.32 5.36 60.01 1e-07 0.001 512 resnet18
2.87 5.15 5.44 5.44 5.2 4.96 5.03 5.22 5.0 5.21 4.96 5.1 5.2 5.13 5.22 5.1 5.3 5.36 5.36 5.46 5.4 54.08 1e-05 0.001 1024 resnet18
2.87 5.18 5.54 5.45 5.17 4.92 5.0 5.36 5.22 4.9 5.26 5.03 5.01 5.0 5.15 5.09 5.42 5.32 5.22 5.39 5.57 53.92 1e-06 0.001 1024 resnet18
2.87 5.24 5.57 5.47 5.15 4.92 5.03 5.28 5.31 5.09 4.99 5.05 5.02 5.15 4.98 5.1 5.28 5.27 5.44 5.26 5.37 53.87 1e-07 0.001 1024 resnet18
