1.0 1.23 1.18 1.07 1.09 1.12 1.13 1.17 1.13 1.17 1.09 1.16 1.09 1.12 1.13 1.11 1.13 1.13 1.21 1.1 1.21 64.71 1e-06 0.01 512 MobileNet
1.0 1.21 1.1 1.06 1.07 1.09 1.09 1.22 1.06 1.06 1.02 1.07 1.12 1.06 1.05 1.05 1.06 1.04 1.07 1.05 1.06 76.49 1e-06 0.1 256 MobileNet
1.0 1.06 1.13 1.05 1.06 1.08 1.05 1.11 1.06 1.05 1.1 1.06 1.05 1.06 1.04 1.02 1.09 1.04 1.03 1.12 1.12 77.13 1e-05 0.1 256 MobileNet
1.0 1.62 1.43 1.63 1.27 1.64 1.28 1.27 1.29 1.34 1.3 1.44 1.28 1.33 1.33 1.37 1.23 1.36 1.45 1.15 1.5 57.99 1e-06 0.001 256 MobileNet
1.0 4.83 2.62 2.04 2.2 2.58 2.47 2.32 2.42 2.54 2.66 2.33 2.31 2.5 2.41 2.52 2.49 2.46 2.63 2.32 2.51 45.4 1e-06 0.001 1024 MobileNet
1.0 3.92 2.77 2.1 1.9 2.44 2.38 2.28 2.62 2.16 2.2 2.22 2.4 2.33 2.12 2.15 2.18 2.27 2.22 2.25 2.25 44.92 1e-07 0.001 1024 MobileNet
1.0 1.09 1.18 1.09 1.25 1.28 1.16 1.22 1.12 1.16 1.08 1.11 1.18 1.28 1.27 1.16 1.12 1.18 1.08 1.18 1.26 63.62 1e-05 0.01 512 MobileNet
1.0 1.77 1.54 1.71 1.67 1.3 1.44 1.8 1.45 1.36 1.36 1.27 1.45 1.64 1.54 1.35 1.34 1.42 1.4 1.41 1.4 59.13 1e-05 0.001 256 MobileNet
1.0 1.16 1.14 1.07 1.07 1.13 1.07 1.09 1.2 1.14 1.06 1.05 1.02 1.1 1.05 1.06 1.02 1.08 1.06 1.1 1.07 68.81 1e-06 0.01 256 MobileNet
1.0 1.15 1.08 1.13 1.12 1.12 1.08 1.1 1.09 1.07 1.04 1.12 1.07 1.22 1.06 1.03 1.09 1.05 1.03 1.05 1.09 72.51 1e-06 0.1 512 MobileNet
1.0 1.27 1.21 1.18 1.12 1.11 1.1 1.25 1.19 1.09 1.18 1.17 1.14 1.17 1.12 1.11 1.2 1.23 1.11 1.16 1.13 69.62 1e-07 0.01 256 MobileNet
1.0 2.52 2.11 1.79 1.95 2.04 2.16 2.02 1.7 1.79 1.67 1.6 2.14 1.7 1.76 1.72 1.84 1.74 1.83 2.16 1.77 51.61 1e-06 0.001 512 MobileNet
1.0 1.09 1.12 1.15 1.14 1.07 1.06 1.09 1.02 1.08 1.05 1.1 1.1 1.03 1.03 1.28 1.08 1.04 1.16 1.08 1.21 73.2 1e-05 0.1 512 MobileNet
1.0 2.29 1.51 1.7 1.94 1.74 1.69 1.77 1.73 1.78 1.49 1.35 1.58 1.77 1.55 1.7 1.72 1.47 1.62 1.51 1.52 50.25 1e-07 0.001 512 MobileNet
1.0 4.51 3.05 2.29 2.19 2.65 2.02 2.1 2.47 2.08 2.16 2.14 2.42 2.0 2.08 2.23 2.12 2.15 1.96 1.96 2.13 43.97 1e-05 0.001 1024 MobileNet
1.0 2.53 1.6 2.01 1.81 1.76 1.76 1.73 1.81 1.8 1.7 1.72 1.57 1.58 1.71 1.7 1.72 1.7 1.77 1.7 1.73 51.36 1e-05 0.001 512 MobileNet
1.0 1.04 1.13 1.1 1.08 1.09 1.05 1.04 1.02 1.04 1.03 1.04 1.04 1.04 1.04 1.04 1.05 1.04 1.09 1.06 1.03 67.72 1e-05 0.1 1024 MobileNet
1.0 1.67 1.63 1.47 1.37 1.36 1.17 1.44 1.44 1.31 1.27 1.38 1.3 1.34 1.36 1.43 1.36 1.3 1.53 1.25 1.26 57.01 1e-07 0.001 256 MobileNet
1.0 1.27 1.36 1.07 1.08 1.17 1.11 1.09 1.13 1.09 1.11 1.15 1.28 1.13 1.21 1.09 1.09 1.1 1.14 1.21 1.15 66.62 1e-06 0.1 1024 MobileNet
1.0 1.09 1.05 1.07 1.05 1.1 1.03 1.06 1.06 1.03 1.1 1.05 1.1 1.18 1.13 1.02 1.02 1.09 1.1 1.1 1.06 74.56 1e-05 0.1 256 MobileNet
1.0 1.09 1.14 1.09 1.04 1.07 1.06 1.2 1.12 1.02 1.09 1.08 1.08 1.07 1.11 1.04 1.05 1.06 1.05 1.09 1.05 75.15 1e-07 0.1 256 MobileNet
1.0 1.05 1.03 1.07 1.1 1.07 1.12 1.15 1.19 1.05 1.06 1.11 1.12 1.35 1.23 1.17 1.09 1.1 1.22 1.15 1.16 74.16 1e-06 0.1 256 MobileNet
1.0 1.09 1.09 1.1 1.06 1.04 1.08 1.04 1.08 1.03 1.03 1.01 1.03 1.06 1.03 1.02 1.01 1.06 1.02 1.05 1.02 71.55 1e-07 0.1 512 MobileNet
1.0 1.18 1.1 1.3 1.13 1.12 1.15 1.1 1.13 1.14 1.11 1.08 1.16 1.22 1.32 1.09 1.12 1.1 1.12 1.12 1.11 68.2 1e-07 0.1 1024 MobileNet
1.0 1.24 1.43 1.16 1.29 1.35 1.17 1.23 1.54 1.39 1.15 1.15 1.33 1.15 1.29 1.23 1.27 1.17 1.16 1.26 1.26 63.43 1e-06 0.01 512 MobileNet
1.0 1.31 1.47 1.34 1.31 1.33 1.44 1.31 1.33 1.29 1.36 1.3 1.34 1.44 1.59 1.36 1.33 1.56 1.2 1.33 1.29 60.45 1e-05 0.01 1024 MobileNet
1.0 1.21 1.12 1.19 1.14 1.22 1.2 1.32 1.19 1.15 1.19 1.28 1.22 1.24 1.23 1.27 1.28 1.29 1.33 1.21 1.21 63.49 1e-05 0.01 512 MobileNet
1.0 1.12 1.17 1.1 1.29 1.15 1.19 1.39 1.11 1.3 1.49 1.24 1.2 1.14 1.24 1.09 1.19 1.18 1.28 1.15 1.2 65.2 1e-07 0.01 512 MobileNet
1.0 1.4 1.23 1.43 1.32 1.42 1.46 1.2 1.47 1.43 1.21 1.36 1.22 1.33 1.25 1.36 1.27 1.31 1.35 1.3 1.36 58.57 1e-06 0.01 1024 MobileNet
1.0 1.05 1.23 1.03 1.07 1.09 1.18 1.16 1.18 1.06 1.14 1.2 1.18 1.13 1.27 1.11 1.09 1.12 1.17 1.11 1.23 67.21 1e-05 0.01 256 MobileNet
1.0 1.72 1.26 1.25 1.22 1.44 1.4 1.3 1.28 1.4 1.35 1.3 1.4 1.37 1.37 1.36 1.42 1.53 1.36 1.35 1.4 58.08 1e-07 0.01 1024 MobileNet
1.0 1.2 1.23 1.15 1.08 1.05 1.25 1.28 1.11 1.15 1.11 1.06 1.17 1.15 1.14 1.13 1.27 1.12 1.12 1.07 1.1 68.53 1e-06 0.01 256 MobileNet
1.0 1.09 1.08 1.16 1.09 1.25 1.17 1.07 1.01 1.05 1.05 1.08 1.09 1.07 1.1 1.08 1.11 1.16 1.11 1.15 1.23 69.67 1e-07 0.01 256 MobileNet
1.0 1.67 1.65 1.58 1.63 1.6 1.44 1.46 1.54 1.56 1.5 1.51 1.65 1.59 1.51 1.61 1.48 1.63 1.48 1.44 1.48 59.51 1e-05 0.001 256 MobileNet
1.0 1.82 1.64 1.7 1.49 1.63 1.3 1.62 1.53 1.37 1.34 1.32 1.4 1.49 1.36 1.43 1.41 1.38 1.45 1.62 1.29 57.53 1e-06 0.001 256 MobileNet
1.0 1.82 1.73 1.4 1.43 1.71 1.57 1.45 1.81 1.42 1.45 1.56 1.76 1.61 1.4 1.43 1.45 1.54 1.43 1.44 1.43 57.7 1e-07 0.001 256 MobileNet
1.0 2.72 2.5 2.33 1.87 2.0 1.77 2.04 1.94 1.97 2.28 1.83 1.57 1.92 1.94 1.99 1.86 1.96 2.28 2.07 1.86 51.48 1e-05 0.001 512 MobileNet
1.0 2.65 1.84 2.13 2.2 1.78 1.85 1.72 1.78 1.7 1.79 1.72 1.76 1.8 1.76 1.82 1.72 1.79 1.65 1.81 1.85 51.97 1e-06 0.001 512 MobileNet
1.0 3.39 2.0 1.98 2.3 2.25 1.92 2.09 2.09 2.27 1.86 1.9 1.92 2.04 1.83 2.0 2.04 1.92 2.01 2.19 2.13 52.55 1e-07 0.001 512 MobileNet
1.0 5.92 3.04 2.97 2.78 3.05 3.07 2.85 3.04 2.88 2.78 2.63 3.01 3.01 2.68 2.75 2.79 2.92 2.87 2.77 2.57 44.37 1e-05 0.001 1024 MobileNet
1.0 6.19 3.5 2.56 2.54 2.76 2.83 2.88 2.71 2.49 2.74 2.96 2.86 2.82 2.71 2.84 3.01 3.0 2.75 2.79 2.9 45.73 1e-06 0.001 1024 MobileNet
1.0 4.78 3.13 2.45 2.14 2.78 2.66 2.48 2.72 2.71 2.5 2.75 2.73 2.84 2.66 2.87 2.58 2.93 2.7 2.83 2.59 45.12 1e-07 0.001 1024 MobileNet