1.54 4.39 4.52 4.45 4.37 4.37 4.46 4.3 4.41 4.31 4.42 4.34 4.34 4.3 4.31 4.25 4.31 4.27 4.34 4.35 4.38 72.79 1e-05 0.1 512 resnet34
1.54 4.33 4.32 4.32 4.24 4.35 4.33 4.22 4.34 4.18 4.44 4.24 4.21 4.14 4.25 4.22 4.21 4.22 4.25 4.23 4.27 73.16 1e-05 0.1 256 resnet34
1.54 4.2 4.71 4.28 4.37 4.33 4.31 4.34 4.21 4.46 4.28 4.41 4.4 4.46 4.42 4.45 4.51 4.42 4.49 4.4 4.43 73.49 1e-06 0.1 512 resnet34
1.54 4.1 4.36 4.58 4.18 4.43 4.54 4.44 4.53 4.48 4.34 4.4 4.39 4.41 4.4 4.42 4.41 4.38 4.35 4.38 4.41 72.65 1e-07 0.1 512 resnet34
1.54 4.15 4.4 4.21 4.29 4.26 4.36 4.52 4.25 4.37 4.22 4.14 4.26 4.17 4.23 4.19 4.23 4.19 4.24 4.25 4.24 72.94 1e-06 0.1 256 resnet34
1.54 4.21 4.42 4.31 4.33 4.29 4.4 4.42 4.37 4.31 4.43 4.55 4.44 4.47 4.47 4.42 4.38 4.41 4.42 4.46 4.43 71.94 1e-05 0.1 1024 resnet34
1.54 4.38 4.35 4.34 4.43 4.24 4.26 4.22 4.37 4.26 4.28 4.25 4.26 4.27 4.28 4.28 4.21 4.29 4.2 4.29 4.16 72.8 1e-07 0.1 256 resnet34
1.54 4.51 4.28 4.5 4.52 4.65 4.6 4.51 4.53 4.7 4.68 4.63 4.65 4.5 4.61 4.58 4.64 4.64 4.6 4.63 4.59 71.91 1e-06 0.1 1024 resnet34
1.54 4.35 4.22 4.25 4.5 4.44 4.43 4.22 4.34 4.39 4.42 4.21 4.34 4.28 4.28 4.24 4.26 4.27 4.27 4.26 4.33 71.52 1e-07 0.1 1024 resnet34
1.54 4.79 4.36 4.57 4.31 4.42 4.59 4.58 4.57 4.55 4.48 4.49 4.44 4.58 4.63 4.58 4.55 4.57 4.6 4.52 4.54 69.38 1e-05 0.01 1024 resnet34
1.54 4.55 4.35 4.42 4.59 4.71 4.51 4.41 4.58 4.7 4.64 4.71 4.75 4.52 4.57 4.54 4.61 4.56 4.53 4.5 4.53 69.1 1e-06 0.01 1024 resnet34
1.54 4.41 4.44 4.4 4.54 4.54 4.53 4.6 4.62 4.83 4.7 4.68 4.59 4.67 4.55 4.69 4.71 4.73 4.71 4.73 4.61 69.13 1e-07 0.01 1024 resnet34
1.54 4.33 4.58 4.4 4.37 4.4 4.31 4.35 4.19 4.12 4.13 4.17 4.17 4.27 4.24 4.14 4.2 4.2 4.21 4.35 4.22 72.25 1e-06 0.01 512 resnet34
1.54 4.13 4.53 4.7 4.31 4.56 4.44 4.34 4.42 4.25 4.44 4.3 4.37 4.37 4.29 4.28 4.32 4.39 4.39 4.32 4.33 72.24 1e-07 0.01 512 resnet34
1.54 5.98 5.7 5.63 5.51 5.14 5.28 5.24 5.44 5.39 5.61 5.84 5.65 5.91 6.11 6.12 6.17 6.23 6.01 6.06 6.02 54.31 1e-06 0.001 1024 resnet34
1.54 6.41 5.86 5.39 5.34 5.0 5.45 5.31 5.25 5.32 5.78 5.67 5.73 6.04 5.87 5.64 5.85 5.9 5.94 5.87 5.85 54.9 1e-07 0.001 1024 resnet34
1.54 4.05 4.33 4.51 4.19 4.31 4.47 4.3 4.34 4.18 4.41 4.36 4.25 4.28 4.29 4.18 4.21 4.25 4.31 4.3 4.27 71.79 1e-05 0.01 512 resnet34
1.54 4.28 4.24 4.37 4.19 4.47 4.41 4.3 4.15 4.17 4.21 4.11 4.19 4.22 4.24 4.21 4.13 4.26 4.23 4.18 4.22 72.58 1e-06 0.01 256 resnet34
1.54 4.34 4.28 4.22 4.12 4.28 4.14 4.19 3.92 4.06 4.02 4.12 4.09 4.01 4.18 4.18 4.08 4.11 4.12 4.06 4.02 72.92 1e-05 0.01 256 resnet34
1.54 5.51 4.91 4.99 5.26 5.0 5.39 5.23 5.2 5.58 5.66 5.55 5.7 5.77 5.7 5.77 5.65 5.64 5.54 5.67 5.61 60.75 1e-05 0.001 512 resnet34
1.54 4.78 4.42 4.8 4.5 4.68 4.87 5.29 4.95 5.04 5.14 4.93 4.86 5.01 4.92 4.88 4.93 4.8 5.01 4.96 4.81 65.67 1e-06 0.001 256 resnet34
1.54 5.36 4.78 4.96 5.19 5.23 5.0 5.36 5.59 5.33 5.32 5.54 5.59 5.44 5.33 5.45 5.33 5.47 5.32 5.3 5.35 60.38 1e-06 0.001 512 resnet34
1.54 4.56 4.25 4.25 4.34 4.38 4.1 4.37 4.18 4.2 4.09 4.05 4.2 4.12 4.15 4.11 4.17 4.17 4.14 4.09 4.18 72.96 1e-07 0.01 256 resnet34
1.54 5.97 5.36 5.09 5.34 5.38 5.2 5.34 5.38 5.56 5.83 5.75 5.47 5.9 6.02 5.77 5.91 5.81 6.05 5.93 5.88 54.66 1e-05 0.001 1024 resnet34
2.2 4.68 4.25 4.56 4.34 4.09 4.3 4.1 4.19 4.16 4.05 4.08 4.03 4.07 4.15 4.17 4.14 4.01 4.02 4.03 4.08 72.16 1e-06 0.1 1024 resnet34
1.54 5.57 4.87 5.01 5.25 5.02 5.25 5.41 5.37 5.53 5.52 5.42 5.66 5.76 5.69 5.61 5.69 5.52 5.7 5.56 5.5 60.56 1e-07 0.001 512 resnet34
2.2 4.5 4.47 4.33 4.26 4.38 4.38 4.16 4.2 4.1 4.09 4.08 4.05 4.09 4.12 4.11 4.07 4.06 4.13 4.08 4.04 72.02 1e-05 0.1 1024 resnet34
1.54 4.71 4.7 4.91 4.62 4.84 4.76 4.9 4.96 4.93 4.97 4.81 4.93 4.91 4.94 4.91 4.85 4.83 4.96 5.03 4.9 66.46 1e-07 0.001 256 resnet34
1.54 4.83 4.54 4.66 4.96 4.9 4.71 5.03 5.08 5.14 5.16 5.06 5.11 5.18 5.16 5.12 5.15 5.18 5.14 5.25 5.4 65.2 1e-05 0.001 256 resnet34
2.2 4.47 4.31 4.46 4.6 4.2 4.28 4.4 4.27 4.3 4.41 4.28 4.31 4.33 4.28 4.35 4.39 4.37 4.37 4.38 4.38 72.04 1e-07 0.1 1024 resnet34
2.2 4.42 4.63 4.74 4.7 4.64 4.59 4.58 4.65 4.53 4.52 4.55 4.65 4.61 4.5 4.63 4.69 4.57 4.68 4.66 4.68 70.09 1e-05 0.01 1024 resnet34
2.2 4.26 4.33 4.48 4.42 4.37 4.28 4.46 4.41 4.39 4.24 4.5 4.28 4.3 4.26 4.37 4.33 4.38 4.4 4.31 4.31 71.47 1e-07 0.01 512 resnet34
2.2 4.74 4.25 4.53 4.5 4.39 4.47 4.51 4.38 4.22 4.28 4.43 4.47 4.41 4.38 4.43 4.5 4.42 4.45 4.4 4.43 69.15 1e-06 0.01 1024 resnet34
2.2 4.3 4.34 4.65 4.55 4.31 4.27 4.32 4.19 4.3 4.31 4.23 4.33 4.32 4.25 4.27 4.21 4.28 4.23 4.24 4.29 71.31 1e-06 0.01 512 resnet34
2.2 4.2 4.23 4.29 4.32 4.16 4.08 4.24 4.31 4.19 4.26 4.1 4.22 4.06 4.07 4.16 4.04 4.21 4.12 4.08 4.1 73.1 1e-05 0.1 256 resnet34
2.2 4.06 4.38 4.52 4.22 4.35 4.29 4.35 4.22 4.06 4.32 4.3 4.17 4.27 4.3 4.28 4.29 4.19 4.21 4.2 4.32 72.95 1e-06 0.1 512 resnet34
2.2 4.18 4.18 4.34 4.31 4.12 4.28 4.28 4.25 4.2 4.27 4.4 4.32 4.37 4.32 4.32 4.34 4.34 4.3 4.33 4.34 72.87 1e-07 0.1 512 resnet34
2.2 4.85 4.73 4.93 4.69 4.84 5.09 4.9 4.9 4.85 4.99 4.91 4.99 4.74 4.91 4.84 4.93 4.85 4.83 4.9 4.85 65.93 1e-06 0.001 256 resnet34
2.2 4.19 4.34 4.38 4.34 4.14 4.45 4.42 4.34 4.31 4.28 4.29 4.38 4.17 4.3 4.31 4.35 4.38 4.31 4.39 4.43 73.39 1e-06 0.1 256 resnet34
2.2 6.18 5.72 5.37 5.4 5.18 5.19 5.12 5.31 5.64 5.41 5.65 5.51 6.07 5.95 6.2 6.01 6.1 6.02 5.89 6.04 54.02 1e-05 0.001 1024 resnet34
2.2 4.16 4.4 4.22 4.2 4.1 4.26 4.26 4.26 4.17 4.26 4.25 4.12 4.3 4.23 4.37 4.3 4.26 4.28 4.25 4.27 73.24 1e-05 0.1 512 resnet34
2.2 4.36 4.07 4.24 4.4 4.15 4.23 4.23 4.38 4.32 4.28 4.28 4.33 4.29 4.49 4.31 4.33 4.32 4.18 4.28 4.26 72.17 1e-05 0.01 256 resnet34
2.2 4.13 4.34 4.35 4.22 4.21 4.42 4.3 4.43 4.28 4.39 4.44 4.4 4.32 4.35 4.35 4.38 4.39 4.41 4.37 4.37 72.31 1e-07 0.1 256 resnet34
2.2 4.61 4.33 4.72 4.72 4.44 4.58 4.89 4.58 4.68 4.8 4.7 4.61 4.69 4.65 4.78 4.68 4.64 4.66 4.69 4.69 69.4 1e-07 0.01 1024 resnet34
2.2 4.34 4.47 4.35 4.51 4.42 4.29 4.27 4.31 4.36 4.32 4.27 4.25 4.33 4.27 4.27 4.27 4.22 4.28 4.27 4.28 71.79 1e-05 0.01 512 resnet34
2.2 5.94 5.56 4.99 4.72 5.06 5.02 5.15 4.99 5.29 5.6 5.66 5.38 5.4 5.16 5.3 5.29 5.15 5.28 5.31 5.31 60.0 1e-05 0.001 512 resnet34
1.84 4.37 4.36 4.43 4.26 4.43 4.21 4.45 4.49 4.2 4.53 4.43 4.56 4.48 4.64 4.53 4.51 4.62 4.52 4.49 4.46 71.45 1e-07 0.01 512 resnet34
2.2 4.3 4.17 4.23 4.23 4.48 4.45 4.15 4.48 4.32 4.24 4.37 4.36 4.3 4.35 4.24 4.29 4.33 4.29 4.2 4.31 72.65 1e-07 0.01 256 resnet34
2.2 3.97 4.17 4.43 4.23 4.31 4.36 4.38 4.18 4.32 4.38 4.35 4.53 4.43 4.53 4.47 4.52 4.36 4.41 4.48 4.46 73.1 1e-06 0.01 256 resnet34
2.2 5.8 5.12 5.12 5.13 4.93 5.03 4.79 4.93 5.2 5.29 5.42 5.1 5.27 5.65 5.46 5.33 5.35 5.31 5.3 5.36 60.58 1e-06 0.001 512 resnet34
1.84 5.85 5.2 5.21 5.05 5.13 5.24 5.24 5.53 5.66 5.49 5.65 5.45 5.65 5.66 5.72 5.56 5.55 5.63 5.57 5.51 59.72 1e-07 0.001 512 resnet34
1.84 4.21 4.47 4.22 4.4 4.45 4.34 4.25 4.36 4.32 4.05 4.24 4.29 4.26 4.26 4.17 4.2 4.25 4.2 4.09 4.15 73.39 1e-05 0.1 256 resnet34
1.84 4.58 4.3 4.54 4.28 4.36 4.46 4.44 4.33 4.49 4.52 4.61 4.62 4.62 4.57 4.57 4.69 4.68 4.65 4.6 4.62 71.08 1e-05 0.1 1024 resnet34
2.2 4.93 4.52 4.66 4.75 4.86 4.86 4.95 4.86 5.09 4.98 5.28 5.03 4.96 5.16 5.07 5.02 5.08 5.05 5.25 5.06 65.66 1e-05 0.001 256 resnet34
1.84 4.51 4.43 4.26 4.4 4.12 4.59 4.34 4.33 4.32 4.46 4.36 4.45 4.42 4.32 4.48 4.48 4.47 4.41 4.41 4.5 72.1 1e-05 0.1 512 resnet34
1.84 4.36 4.26 4.49 4.42 4.27 4.31 4.2 4.44 4.29 4.24 4.17 4.17 4.25 4.36 4.37 4.39 4.31 4.33 4.31 4.35 73.01 1e-05 0.01 256 resnet34
1.84 4.49 4.51 4.32 4.34 4.14 4.12 4.29 4.08 4.33 4.17 4.14 4.24 4.19 4.11 4.08 4.15 4.12 4.06 4.08 4.08 71.97 1e-05 0.01 512 resnet34
1.84 4.45 4.49 4.13 4.22 4.38 4.21 4.18 4.36 4.43 4.35 4.28 4.28 4.34 4.28 4.2 4.27 4.25 4.23 4.25 4.25 72.79 1e-06 0.01 256 resnet34
1.84 4.11 4.34 4.23 4.14 4.3 4.29 4.26 4.26 4.33 4.21 4.23 4.35 4.26 4.34 4.31 4.33 4.36 4.39 4.3 4.36 72.25 1e-07 0.01 256 resnet34
1.84 4.38 4.24 4.22 4.13 4.49 4.45 4.52 4.48 4.64 4.29 4.33 4.4 4.45 4.4 4.43 4.47 4.44 4.54 4.45 4.5 72.49 1e-07 0.1 512 resnet34
1.84 4.53 4.76 4.73 4.41 4.65 4.69 4.52 4.68 4.72 4.64 4.73 4.98 4.88 4.81 4.84 4.91 4.79 4.85 4.72 4.85 69.7 1e-05 0.01 1024 resnet34
1.84 4.4 4.51 4.34 4.46 4.33 4.48 4.29 4.26 4.21 4.27 4.21 4.23 4.13 4.1 4.25 4.24 4.22 4.21 4.28 4.28 73.12 1e-07 0.1 256 resnet34
2.2 5.92 5.36 5.11 5.06 5.06 5.28 5.32 5.43 5.26 5.28 5.44 5.55 5.64 5.72 5.53 5.47 5.47 5.71 5.79 5.58 59.94 1e-07 0.001 512 resnet34
2.2 4.86 4.83 4.63 4.65 4.94 4.51 4.92 4.75 4.77 4.93 4.78 4.94 5.07 5.03 4.97 4.87 4.93 4.89 4.81 4.86 65.45 1e-07 0.001 256 resnet34
1.84 5.1 4.94 4.92 4.85 4.88 4.87 4.89 5.03 5.02 5.04 4.88 5.31 5.09 5.08 5.03 5.07 5.06 5.13 4.92 5.05 65.6 1e-05 0.001 256 resnet34
1.84 5.72 5.28 5.47 5.06 5.2 5.53 5.06 5.26 5.36 5.32 5.3 5.32 5.57 5.42 5.22 5.37 5.36 5.45 5.39 5.37 59.49 1e-06 0.001 512 resnet34
1.84 5.82 5.23 4.93 5.36 5.3 5.37 5.04 5.72 5.48 5.42 5.47 5.58 5.71 5.58 5.72 5.7 5.63 5.67 5.6 5.52 59.97 1e-05 0.001 512 resnet34
1.84 5.31 4.81 4.62 4.75 4.73 5.01 5.0 4.91 4.89 5.06 5.02 4.86 5.02 5.03 5.11 5.0 4.99 5.19 5.05 4.99 65.66 1e-07 0.001 256 resnet34
1.84 5.24 4.83 4.59 4.41 5.36 4.95 5.11 4.82 5.19 5.13 4.85 4.88 4.85 4.85 5.02 4.91 5.01 4.97 4.83 4.89 64.83 1e-06 0.001 256 resnet34
1.84 4.33 4.42 4.47 4.26 4.2 4.23 4.22 4.26 4.25 4.13 4.32 4.21 4.32 4.25 4.3 4.27 4.35 4.33 4.27 4.31 73.17 1e-06 0.1 512 resnet34
1.84 4.36 4.27 4.21 4.03 4.48 4.22 4.07 4.29 4.02 4.14 4.16 4.11 4.03 4.11 4.1 4.03 4.09 4.1 4.12 4.08 73.28 1e-06 0.1 256 resnet34
1.84 4.43 4.52 4.39 4.45 4.44 4.44 4.29 4.27 4.5 4.28 4.28 4.21 4.17 4.27 4.33 4.21 4.15 4.22 4.18 4.24 71.67 1e-06 0.01 512 resnet34
