1.8 2.94 2.87 2.85 2.64 2.68 2.69 2.71 2.79 2.68 2.7 2.74 2.69 2.69 2.77 2.74 2.75 2.76 2.75 2.8 2.75 75.29 1e-05 0.5 256 resnet18
1.8 2.92 3.05 3.02 2.96 3.09 3.07 3.03 3.03 3.14 3.13 3.07 3.1 3.08 2.99 3.1 3.04 3.02 3.03 3.06 2.98 70.99 1e-06 0.5 256 resnet18
1.0 2.61 3.17 3.26 3.38 3.39 3.25 3.15 3.41 2.99 3.05 3.14 3.14 3.03 3.08 3.11 3.18 3.22 3.21 3.18 3.18 83.84 1e-05 0.5 256 VGG19
1.8 2.97 3.15 2.91 3.0 2.9 3.01 2.96 2.94 3.0 2.98 3.01 2.97 2.95 2.99 2.99 2.93 2.92 2.87 2.94 3.0 69.97 1e-07 0.5 256 resnet18
1.8 3.12 2.89 2.88 3.01 2.98 2.97 2.98 2.93 2.96 2.98 2.97 2.96 2.96 2.94 2.97 2.96 2.94 2.96 3.04 2.95 81.42 1e-05 0.5 512 resnet18
1.8 2.77 2.91 2.84 2.92 2.87 2.89 2.92 2.91 2.9 2.93 2.94 2.89 2.94 2.88 2.92 2.92 2.89 2.93 2.93 2.87 80.98 1e-06 0.5 512 resnet18
1.8 3.1 3.19 2.99 2.98 2.99 3.02 2.99 3.01 2.94 2.96 2.96 2.94 2.93 2.99 2.95 2.92 2.96 2.92 2.98 2.95 75.69 1e-07 0.5 512 resnet18
1.8 3.07 2.85 2.98 3.14 2.98 3.02 3.07 3.06 3.07 3.12 3.11 3.09 3.07 3.11 3.07 3.06 3.06 3.11 3.07 3.1 73.55 1e-05 0.5 1024 resnet18
1.8 2.94 2.91 3.12 3.11 3.05 3.09 3.11 3.09 3.05 3.09 3.1 3.04 3.06 3.08 3.1 3.02 3.02 3.09 3.04 3.04 72.38 1e-06 0.5 1024 resnet18
1.8 2.8 2.83 3.0 3.05 2.95 2.95 3.03 2.96 2.97 3.01 3.0 3.02 2.96 2.96 3.01 2.95 2.98 3.01 2.98 2.95 70.18 1e-07 0.5 1024 resnet18
1.8 2.65 2.81 2.77 2.77 2.7 2.74 2.7 2.7 2.74 2.81 2.64 2.71 2.7 2.72 2.71 2.68 2.72 2.73 2.74 2.68 83.18 1e-05 0.1 256 resnet18
1.8 2.83 2.69 2.74 2.71 2.73 2.77 2.76 2.8 2.76 2.75 2.77 2.8 2.75 2.74 2.76 2.74 2.73 2.74 2.78 2.78 83.78 1e-06 0.1 256 resnet18
1.8 2.7 2.64 2.7 2.6 2.71 2.59 2.56 2.65 2.57 2.67 2.61 2.58 2.59 2.58 2.6 2.56 2.6 2.67 2.64 2.62 84.45 1e-07 0.1 256 resnet18
1.8 2.8 2.83 2.71 2.71 2.64 2.65 2.57 2.58 2.59 2.64 2.6 2.6 2.6 2.62 2.65 2.66 2.64 2.66 2.64 2.6 82.15 1e-05 0.1 512 resnet18
1.8 2.85 2.96 2.82 2.77 2.74 2.81 2.72 2.75 2.79 2.75 2.73 2.77 2.72 2.76 2.74 2.74 2.75 2.8 2.73 2.74 79.07 1e-06 0.1 512 resnet18
1.8 2.79 2.77 2.66 2.65 2.67 2.7 2.66 2.61 2.66 2.65 2.69 2.66 2.69 2.61 2.64 2.67 2.68 2.66 2.65 2.67 81.82 1e-07 0.1 512 resnet18
1.8 2.83 2.96 2.88 2.92 2.89 2.85 2.79 2.82 2.83 2.83 2.82 2.8 2.85 2.76 2.81 2.81 2.81 2.85 2.78 2.75 79.32 1e-05 0.1 1024 resnet18
1.8 2.7 2.81 2.78 2.71 2.75 2.74 2.74 2.75 2.78 2.74 2.76 2.79 2.79 2.75 2.75 2.76 2.77 2.73 2.76 2.77 79.32 1e-06 0.1 1024 resnet18
1.8 2.82 2.93 3.0 2.92 3.01 2.84 2.95 2.92 2.96 2.92 2.91 2.97 2.91 2.92 2.89 2.9 2.93 2.93 2.87 2.9 77.64 1e-07 0.1 1024 resnet18
1.8 2.59 2.51 2.51 2.54 2.53 2.49 2.55 2.54 2.54 2.5 2.58 2.48 2.53 2.51 2.53 2.53 2.55 2.54 2.51 2.53 85.26 1e-05 0.05 256 resnet18
1.8 2.55 2.66 2.61 2.57 2.53 2.53 2.56 2.53 2.54 2.59 2.51 2.56 2.52 2.52 2.52 2.51 2.55 2.52 2.56 2.54 85.18 1e-06 0.05 256 resnet18
1.8 2.7 2.79 2.64 2.63 2.73 2.74 2.72 2.62 2.69 2.71 2.69 2.72 2.69 2.63 2.67 2.67 2.67 2.69 2.7 2.64 84.86 1e-07 0.05 256 resnet18
1.8 2.65 2.53 2.52 2.52 2.49 2.52 2.51 2.51 2.5 2.52 2.5 2.5 2.5 2.48 2.53 2.51 2.53 2.53 2.51 2.5 84.92 1e-05 0.05 512 resnet18
1.8 2.69 2.72 2.79 2.78 2.77 2.76 2.73 2.73 2.8 2.76 2.75 2.74 2.74 2.72 2.74 2.76 2.75 2.77 2.77 2.76 85.05 1e-06 0.05 512 resnet18
1.8 2.62 2.54 2.57 2.55 2.54 2.56 2.55 2.51 2.56 2.52 2.58 2.56 2.53 2.55 2.56 2.57 2.53 2.61 2.57 2.57 84.89 1e-07 0.05 512 resnet18
1.8 2.62 2.59 2.6 2.62 2.6 2.62 2.63 2.61 2.58 2.63 2.63 2.6 2.62 2.57 2.61 2.62 2.58 2.61 2.59 2.58 83.19 1e-05 0.05 1024 resnet18
1.8 2.63 2.67 2.67 2.7 2.68 2.7 2.69 2.72 2.7 2.73 2.71 2.71 2.73 2.68 2.69 2.71 2.7 2.72 2.71 2.7 82.37 1e-06 0.05 1024 resnet18
1.8 2.61 2.66 2.7 2.68 2.71 2.72 2.69 2.73 2.76 2.72 2.73 2.69 2.77 2.73 2.74 2.75 2.72 2.73 2.7 2.71 82.41 1e-07 0.05 1024 resnet18
1.8 2.61 2.7 2.69 2.72 2.75 2.69 2.69 2.72 2.67 2.65 2.68 2.75 2.67 2.68 2.67 2.71 2.79 2.7 2.73 2.65 83.82 1e-05 0.01 256 resnet18
1.8 2.63 2.59 2.65 2.65 2.63 2.57 2.62 2.59 2.58 2.59 2.59 2.57 2.61 2.61 2.6 2.6 2.64 2.59 2.6 2.65 83.51 1e-06 0.01 256 resnet18
1.8 2.63 2.65 2.65 2.68 2.69 2.67 2.68 2.66 2.67 2.67 2.67 2.71 2.67 2.68 2.67 2.71 2.65 2.66 2.65 2.64 83.55 1e-07 0.01 256 resnet18
1.8 2.72 2.77 2.77 2.75 2.76 2.73 2.73 2.76 2.77 2.77 2.79 2.77 2.73 2.75 2.77 2.74 2.75 2.81 2.72 2.68 81.23 1e-05 0.01 512 resnet18
1.8 2.7 2.75 2.77 2.8 2.81 2.78 2.78 2.81 2.8 2.83 2.77 2.76 2.82 2.8 2.76 2.79 2.81 2.79 2.76 2.77 80.55 1e-06 0.01 512 resnet18
1.8 2.73 2.67 2.71 2.72 2.79 2.71 2.73 2.72 2.72 2.72 2.72 2.72 2.72 2.73 2.75 2.74 2.71 2.75 2.72 2.74 81.28 1e-07 0.01 512 resnet18
1.8 3.05 2.91 2.92 2.91 2.9 2.91 2.93 2.92 2.99 2.97 2.97 2.98 2.96 2.97 2.92 3.04 2.95 2.97 2.96 2.97 76.81 1e-05 0.01 1024 resnet18
1.8 2.92 2.87 2.88 2.84 2.86 2.81 2.87 2.83 2.86 2.84 2.85 2.85 2.82 2.81 2.84 2.8 2.83 2.84 2.8 2.83 76.89 1e-06 0.01 1024 resnet18
1.8 2.8 2.88 2.88 2.9 2.88 2.91 2.91 2.87 2.88 2.83 2.88 2.91 2.87 2.95 2.9 2.86 2.96 2.89 2.87 2.91 77.22 1e-07 0.01 1024 resnet18
1.8 2.59 2.6 2.62 2.54 2.64 2.56 2.58 2.52 2.59 2.59 2.61 2.55 2.53 2.57 2.59 2.63 2.6 2.65 2.57 2.58 81.17 1e-05 0.005 256 resnet18
1.8 2.75 2.73 2.7 2.66 2.69 2.7 2.7 2.75 2.75 2.72 2.71 2.75 2.76 2.66 2.73 2.75 2.72 2.74 2.73 2.75 80.97 1e-06 0.005 256 resnet18
1.8 2.77 2.81 2.79 2.79 2.75 2.75 2.74 2.75 2.8 2.81 2.77 2.78 2.74 2.75 2.76 2.75 2.76 2.75 2.77 2.76 80.77 1e-07 0.005 256 resnet18
1.8 3.07 3.03 3.01 3.04 3.0 3.03 2.97 3.03 2.99 3.04 2.99 3.02 3.0 2.95 3.03 3.02 3.0 2.99 3.01 3.01 76.89 1e-05 0.005 512 resnet18
1.8 2.95 2.96 2.94 2.94 2.96 3.01 2.99 2.95 2.95 2.96 3.0 2.96 2.96 2.92 2.98 2.99 2.96 2.99 2.94 2.98 77.6 1e-06 0.005 512 resnet18
1.8 2.83 2.84 2.82 2.85 2.87 2.83 2.84 2.85 2.85 2.89 2.85 2.9 2.84 2.82 2.86 2.87 2.84 2.82 2.83 2.8 77.16 1e-07 0.005 512 resnet18
1.8 3.41 3.32 3.32 3.39 3.39 3.41 3.34 3.4 3.37 3.36 3.37 3.35 3.37 3.34 3.37 3.39 3.34 3.39 3.3 3.33 71.83 1e-05 0.005 1024 resnet18
1.8 3.32 3.36 3.34 3.27 3.26 3.28 3.27 3.26 3.23 3.28 3.25 3.26 3.28 3.24 3.28 3.23 3.25 3.26 3.24 3.24 72.22 1e-06 0.005 1024 resnet18
1.8 3.33 3.21 3.18 3.16 3.22 3.18 3.22 3.26 3.15 3.17 3.15 3.17 3.18 3.16 3.18 3.18 3.17 3.21 3.17 3.18 72.12 1e-07 0.005 1024 resnet18
1.8 3.21 3.38 3.41 3.54 3.47 3.48 3.37 3.53 3.55 3.47 3.52 3.49 3.55 3.55 3.45 3.41 3.41 3.41 3.45 3.5 72.48 1e-05 0.001 256 resnet18
1.8 3.33 3.44 3.45 3.5 3.51 3.54 3.5 3.51 3.57 3.47 3.5 3.64 3.56 3.6 3.51 3.57 3.57 3.6 3.46 3.59 71.55 1e-06 0.001 256 resnet18
1.8 3.18 3.37 3.32 3.46 3.44 3.48 3.42 3.49 3.38 3.43 3.51 3.4 3.44 3.48 3.48 3.57 3.44 3.53 3.47 3.42 72.29 1e-07 0.001 256 resnet18
1.8 3.36 3.79 3.89 3.85 3.97 3.9 3.92 3.85 3.92 3.95 3.92 3.86 3.93 3.91 3.92 3.94 3.88 3.92 3.88 3.86 66.58 1e-05 0.001 512 resnet18
1.8 3.55 3.95 3.91 4.04 3.92 4.02 3.92 3.9 3.95 3.91 3.92 3.94 4.01 3.96 3.96 3.95 3.88 3.93 4.05 3.94 67.13 1e-06 0.001 512 resnet18
1.8 3.51 3.92 3.94 3.94 3.91 3.96 3.88 3.86 4.07 3.91 4.0 3.94 3.95 3.92 4.01 4.01 3.96 4.0 3.94 3.98 66.97 1e-07 0.001 512 resnet18
1.8 3.43 4.09 4.24 4.13 4.26 4.12 4.18 4.12 4.1 4.2 4.17 4.2 4.16 4.12 4.25 4.13 4.16 4.18 4.18 4.12 63.48 1e-05 0.001 1024 resnet18
1.8 3.39 3.91 4.08 4.17 4.03 4.01 4.03 4.08 4.16 4.15 4.09 4.12 4.11 4.13 4.18 4.17 4.15 4.17 4.17 4.15 63.94 1e-06 0.001 1024 resnet18
1.8 3.42 3.96 4.25 4.35 4.36 4.33 4.23 4.31 4.28 4.26 4.25 4.18 4.24 4.3 4.34 4.21 4.27 4.29 4.18 4.27 63.66 1e-07 0.001 1024 resnet18
1.54 1.0 2.95 3.06 3.12 3.09 3.29 3.03 2.96 3.01 2.92 2.93 2.94 2.94 2.93 2.98 2.96 2.93 2.95 2.96 2.96 79.01 1e-05 0.5 256 resnet18
1.54 1.0 3.02 2.99 3.01 2.98 2.96 3.17 3.11 3.06 3.13 3.11 3.1 3.17 3.13 3.09 3.13 3.19 3.15 3.07 3.15 79.86 1e-06 0.5 256 resnet18
1.54 1.0 1.0 2.92 3.01 2.96 2.99 3.05 3.02 3.04 3.01 3.05 3.1 3.05 2.95 3.03 3.02 3.12 3.01 3.01 3.02 80.95 1e-07 0.5 256 resnet18
1.54 2.9 3.21 3.03 2.97 2.9 3.0 2.96 2.88 2.92 2.92 2.96 2.94 2.95 2.92 2.96 2.9 2.99 2.98 2.99 2.95 77.32 1e-05 0.5 512 resnet18
1.54 2.94 3.12 3.26 3.08 3.05 3.06 3.11 3.1 3.11 3.14 3.11 3.1 3.14 3.1 3.09 3.13 3.12 3.12 3.11 3.11 77.03 1e-06 0.5 512 resnet18
1.54 3.68 2.83 3.04 2.9 3.01 2.98 3.05 2.99 3.03 3.01 3.06 2.97 2.97 3.01 2.97 2.96 2.96 3.0 2.99 2.99 78.11 1e-07 0.5 512 resnet18
1.54 3.44 3.04 3.1 3.05 3.37 3.24 3.17 3.08 3.08 3.12 3.1 3.19 3.08 3.11 3.15 3.12 3.07 3.13 3.14 3.12 76.25 1e-05 0.5 1024 resnet18
1.54 3.25 2.93 2.96 3.04 3.03 2.98 3.05 3.04 3.07 3.07 3.1 3.01 3.05 3.05 3.04 3.09 3.03 3.09 3.08 3.08 75.13 1e-06 0.5 1024 resnet18
1.54 3.42 3.09 3.22 3.1 3.23 3.16 3.05 3.15 3.16 3.12 3.13 3.22 3.17 3.16 3.15 3.17 3.12 3.13 3.12 3.12 76.16 1e-07 0.5 1024 resnet18
1.54 2.88 2.72 2.78 2.71 2.82 2.78 2.78 2.75 2.77 2.77 2.69 2.74 2.77 2.75 2.75 2.76 2.73 2.73 2.71 2.78 83.68 1e-05 0.1 256 resnet18
1.54 2.76 2.76 2.74 2.79 2.78 2.77 2.79 2.79 2.8 2.77 2.77 2.74 2.71 2.7 2.73 2.76 2.73 2.74 2.79 2.76 83.77 1e-06 0.1 256 resnet18
1.54 2.87 2.82 2.75 2.73 2.61 2.65 2.61 2.57 2.64 2.6 2.61 2.63 2.61 2.58 2.57 2.62 2.63 2.57 2.58 2.62 83.65 1e-07 0.1 256 resnet18
1.54 2.89 2.76 2.7 2.82 2.75 2.77 2.76 2.79 2.81 2.79 2.84 2.78 2.82 2.82 2.78 2.78 2.81 2.8 2.79 2.83 83.53 1e-05 0.1 512 resnet18
1.54 2.94 2.94 2.94 2.88 2.87 2.9 2.92 2.89 2.89 2.89 2.86 2.9 2.9 2.89 2.86 2.91 2.83 2.89 2.87 2.89 82.16 1e-06 0.1 512 resnet18
1.54 2.87 2.78 2.75 2.73 2.72 2.75 2.74 2.76 2.72 2.77 2.75 2.75 2.76 2.69 2.69 2.74 2.78 2.77 2.73 2.69 83.77 1e-07 0.1 512 resnet18
1.54 2.84 2.93 2.94 2.99 2.99 2.97 2.97 2.92 2.93 2.94 2.94 2.94 2.93 2.94 2.95 2.95 2.97 2.94 2.94 2.92 82.25 1e-05 0.1 1024 resnet18
1.54 2.72 2.78 2.87 2.8 2.78 2.8 2.8 2.8 2.81 2.78 2.8 2.79 2.79 2.82 2.78 2.86 2.8 2.82 2.81 2.81 81.9 1e-06 0.1 1024 resnet18
1.54 2.9 2.84 2.89 2.84 2.85 2.81 2.89 2.85 2.87 2.84 2.84 2.85 2.84 2.86 2.85 2.87 2.88 2.85 2.85 2.85 82.58 1e-07 0.1 1024 resnet18
1.54 2.79 2.54 2.53 2.53 2.55 2.58 2.51 2.52 2.53 2.54 2.53 2.51 2.52 2.51 2.51 2.54 2.53 2.52 2.53 2.58 85.39 1e-05 0.05 256 resnet18
1.54 2.67 2.7 2.65 2.59 2.6 2.61 2.53 2.6 2.58 2.65 2.63 2.59 2.57 2.59 2.57 2.61 2.57 2.55 2.57 2.56 85.42 1e-06 0.05 256 resnet18
1.54 2.8 2.61 2.68 2.67 2.69 2.65 2.68 2.66 2.65 2.67 2.66 2.67 2.68 2.64 2.65 2.67 2.67 2.67 2.62 2.66 85.31 1e-07 0.05 256 resnet18
1.54 2.74 2.77 2.82 2.75 2.81 2.75 2.83 2.72 2.77 2.76 2.75 2.73 2.74 2.73 2.77 2.74 2.77 2.73 2.76 2.75 84.96 1e-05 0.05 512 resnet18
1.54 2.7 2.49 2.5 2.52 2.52 2.52 2.51 2.52 2.54 2.55 2.55 2.55 2.57 2.53 2.53 2.54 2.54 2.55 2.52 2.51 83.99 1e-06 0.05 512 resnet18
1.54 2.84 2.67 2.67 2.68 2.67 2.67 2.65 2.68 2.68 2.69 2.65 2.67 2.67 2.68 2.66 2.67 2.66 2.67 2.65 2.67 84.97 1e-07 0.05 512 resnet18
1.54 2.62 2.84 2.88 2.87 2.82 2.84 2.85 2.88 2.9 2.89 2.85 2.89 2.89 2.85 2.87 2.86 2.87 2.85 2.88 2.88 82.69 1e-05 0.05 1024 resnet18
1.54 2.75 2.67 2.69 2.67 2.65 2.69 2.68 2.69 2.69 2.68 2.67 2.7 2.68 2.67 2.69 2.69 2.7 2.7 2.66 2.67 83.36 1e-06 0.05 1024 resnet18
1.54 2.71 2.81 2.75 2.68 2.71 2.76 2.73 2.7 2.71 2.72 2.73 2.71 2.67 2.71 2.71 2.73 2.68 2.7 2.72 2.73 83.33 1e-07 0.05 1024 resnet18
1.54 2.82 2.77 2.82 2.76 2.77 2.77 2.78 2.8 2.77 2.81 2.81 2.81 2.78 2.79 2.87 2.81 2.78 2.79 2.74 2.79 83.53 1e-05 0.01 256 resnet18
1.54 2.64 2.69 2.69 2.69 2.64 2.67 2.66 2.67 2.69 2.74 2.71 2.69 2.7 2.69 2.66 2.68 2.66 2.73 2.64 2.66 83.69 1e-06 0.01 256 resnet18
1.54 2.87 2.7 2.7 2.72 2.72 2.74 2.69 2.73 2.69 2.72 2.73 2.71 2.73 2.73 2.71 2.75 2.73 2.75 2.73 2.74 83.76 1e-07 0.01 256 resnet18
1.54 2.85 2.78 2.76 2.78 2.82 2.83 2.82 2.77 2.8 2.8 2.84 2.78 2.8 2.8 2.84 2.8 2.82 2.77 2.79 2.78 81.05 1e-05 0.01 512 resnet18
1.54 2.81 2.81 2.8 2.82 2.79 2.83 2.85 2.84 2.81 2.85 2.91 2.81 2.86 2.87 2.83 2.9 2.84 2.87 2.81 2.86 80.4 1e-06 0.01 512 resnet18
1.54 2.97 2.96 2.94 2.95 2.93 2.9 2.89 2.91 2.88 2.86 2.87 2.9 2.88 2.89 2.85 2.88 2.91 2.85 2.9 2.84 80.24 1e-07 0.01 512 resnet18
1.54 3.02 3.08 3.04 3.03 3.02 2.98 2.99 3.02 3.02 3.01 3.03 3.01 3.0 3.01 2.99 3.0 3.04 3.0 3.01 2.99 76.69 1e-05 0.01 1024 resnet18
1.54 3.12 3.13 3.11 3.04 3.02 3.08 3.01 3.14 3.15 3.04 3.09 3.05 3.09 3.08 3.05 3.08 3.09 3.09 3.04 3.05 77.38 1e-06 0.01 1024 resnet18
1.54 2.99 2.96 2.91 2.97 2.95 2.92 2.96 2.97 2.96 2.95 2.97 2.93 2.96 2.97 2.93 2.94 2.97 2.94 2.97 2.95 77.1 1e-07 0.01 1024 resnet18
1.54 3.02 3.02 2.87 2.91 2.98 2.91 2.98 2.95 2.96 2.9 2.87 2.88 2.92 2.92 3.0 2.94 2.99 2.93 2.89 2.87 80.97 1e-05 0.005 256 resnet18
1.54 2.96 2.9 2.87 2.91 2.96 2.9 2.9 2.9 2.99 2.87 2.9 2.94 2.9 2.91 2.99 2.92 3.0 2.89 2.92 2.89 81.62 1e-06 0.005 256 resnet18
1.54 2.99 2.94 2.96 2.92 2.92 2.97 2.86 2.9 2.96 2.97 2.88 2.86 2.9 2.88 2.93 2.91 2.91 2.9 2.91 2.96 81.09 1e-07 0.005 256 resnet18
1.54 3.14 3.09 3.08 3.15 3.1 3.13 3.13 3.17 3.16 3.15 3.07 3.08 3.11 3.16 3.09 3.08 3.09 3.1 3.19 3.14 76.98 1e-05 0.005 512 resnet18
1.54 3.08 3.0 2.94 2.99 2.96 2.95 3.03 2.99 2.94 3.01 3.06 3.03 2.99 3.0 2.98 3.07 3.01 3.01 3.03 3.09 77.54 1e-06 0.005 512 resnet18
1.54 3.17 3.15 3.14 3.1 3.18 3.26 3.18 3.22 3.17 3.27 3.28 3.2 3.24 3.29 3.23 3.18 3.19 3.26 3.2 3.22 76.8 1e-07 0.005 512 resnet18
1.54 3.42 3.49 3.54 3.53 3.53 3.52 3.57 3.53 3.5 3.53 3.52 3.5 3.51 3.51 3.53 3.47 3.57 3.49 3.49 3.49 72.86 1e-05 0.005 1024 resnet18
1.54 3.3 3.44 3.44 3.45 3.52 3.47 3.48 3.57 3.56 3.56 3.54 3.55 3.49 3.54 3.56 3.47 3.6 3.39 3.55 3.56 72.76 1e-06 0.005 1024 resnet18
1.54 3.47 3.61 3.49 3.46 3.56 3.46 3.44 3.44 3.51 3.46 3.5 3.51 3.48 3.54 3.47 3.49 3.51 3.48 3.49 3.42 72.45 1e-07 0.005 1024 resnet18
1.54 3.73 3.62 3.67 3.7 3.68 3.7 3.74 3.7 3.7 3.84 3.84 3.74 3.67 3.82 3.64 3.8 3.66 3.76 3.78 3.82 73.04 1e-05 0.001 256 resnet18
1.54 3.62 3.73 3.71 3.76 3.83 3.75 3.76 3.74 3.79 3.86 3.84 3.83 3.78 3.8 3.85 3.93 3.77 3.8 3.91 3.88 72.71 1e-06 0.001 256 resnet18
1.54 3.36 3.76 3.74 3.66 3.66 3.68 3.56 3.61 3.59 3.77 3.59 3.62 3.77 3.69 3.69 3.67 3.74 3.54 3.71 3.7 72.12 1e-07 0.001 256 resnet18
1.54 3.49 3.98 4.1 4.18 4.17 4.1 4.17 4.2 4.21 4.13 4.14 4.09 4.19 4.13 4.18 4.18 4.14 4.1 4.13 4.17 67.84 1e-05 0.001 512 resnet18
1.54 3.58 3.97 3.91 3.99 4.12 4.05 3.96 4.16 4.12 4.11 4.01 4.11 4.15 4.13 4.09 4.19 4.08 4.05 4.12 4.12 67.69 1e-06 0.001 512 resnet18
1.54 3.54 3.85 3.91 3.92 3.92 3.82 3.94 3.85 4.03 3.93 4.04 3.9 3.99 3.99 3.99 4.02 4.0 3.99 3.94 4.06 67.59 1e-07 0.001 512 resnet18
1.54 3.22 4.13 4.37 4.51 4.53 4.58 4.51 4.51 4.57 4.6 4.56 4.53 4.57 4.52 4.61 4.51 4.57 4.56 4.56 4.59 64.52 1e-05 0.001 1024 resnet18
1.54 3.41 4.43 3.99 4.23 4.16 4.21 4.2 4.13 4.17 4.17 4.24 4.16 4.25 4.16 4.22 4.18 4.22 4.19 4.15 4.24 64.57 1e-06 0.001 1024 resnet18
1.54 3.33 4.23 4.21 4.24 4.25 4.39 4.28 4.34 4.3 4.32 4.38 4.39 4.29 4.29 4.34 4.3 4.31 4.37 4.32 4.33 64.84 1e-07 0.001 1024 resnet18
1.25 3.0 2.87 2.95 2.85 3.0 2.92 2.99 2.9 2.9 2.93 2.95 2.95 2.98 2.97 2.98 2.94 2.99 2.97 2.94 2.97 81.3 1e-05 0.5 256 resnet18
1.25 2.92 2.66 2.79 2.77 2.88 2.69 2.69 2.68 2.7 2.71 2.69 2.7 2.75 2.68 2.7 2.72 2.69 2.72 2.69 2.68 81.66 1e-06 0.5 256 resnet18
1.25 2.83 2.9 2.86 2.9 2.79 2.75 2.78 2.78 2.79 2.8 2.8 2.8 2.82 2.79 2.8 2.79 2.77 2.77 2.75 2.86 79.52 1e-07 0.5 256 resnet18
1.25 2.81 2.9 3.03 2.98 2.98 2.93 3.0 2.97 2.99 3.0 2.95 3.02 2.96 2.99 2.96 3.01 3.0 3.0 3.0 3.03 77.22 1e-05 0.5 512 resnet18
1.25 2.74 2.99 3.22 3.02 3.08 3.06 3.08 3.1 3.06 3.06 3.01 3.05 3.11 3.06 3.08 3.04 3.06 3.02 3.03 3.04 78.19 1e-06 0.5 512 resnet18
1.25 2.84 2.94 2.93 2.86 2.85 2.91 2.94 2.93 2.94 2.98 2.91 2.96 2.99 2.96 2.92 3.0 2.97 2.91 2.97 2.97 76.85 1e-07 0.5 512 resnet18
1.25 3.45 2.73 3.0 3.1 3.13 3.15 3.07 3.09 3.12 3.06 3.09 3.07 3.01 3.07 3.02 3.07 3.03 3.06 3.07 3.06 79.52 1e-05 0.5 1024 resnet18
1.25 3.03 2.99 3.13 3.02 3.0 3.01 3.01 3.02 2.96 2.97 2.99 3.03 3.02 3.0 3.0 2.99 3.02 2.98 3.01 2.98 76.34 1e-06 0.5 1024 resnet18
1.25 3.31 2.85 2.89 2.88 2.89 2.97 2.98 2.97 2.94 2.92 2.99 2.94 2.93 2.91 2.94 2.9 2.93 2.91 2.96 2.97 77.98 1e-07 0.5 1024 resnet18
1.25 2.76 2.74 2.91 2.82 2.83 2.86 2.85 2.86 2.9 2.86 2.88 2.93 2.87 2.92 2.89 2.89 2.87 2.92 2.91 2.98 83.55 1e-05 0.1 256 resnet18
1.25 2.8 2.75 2.56 2.8 2.76 2.83 2.77 2.77 2.75 2.77 2.78 2.72 2.76 2.73 2.75 2.74 2.75 2.75 2.76 2.78 84.54 1e-06 0.1 256 resnet18
1.25 2.81 2.77 2.71 2.72 2.8 2.75 2.81 2.79 2.77 2.72 2.78 2.76 2.71 2.72 2.74 2.76 2.74 2.73 2.74 2.75 84.79 1e-07 0.1 256 resnet18
1.25 2.77 2.66 2.69 2.72 2.69 2.72 2.7 2.75 2.74 2.71 2.74 2.74 2.72 2.72 2.73 2.73 2.72 2.73 2.73 2.76 82.71 1e-05 0.1 512 resnet18
1.25 2.82 2.87 2.83 2.79 2.79 2.76 2.76 2.78 2.76 2.77 2.77 2.77 2.75 2.76 2.76 2.74 2.79 2.76 2.75 2.74 81.36 1e-06 0.1 512 resnet18
1.25 2.74 2.8 2.73 2.67 2.61 2.61 2.62 2.64 2.64 2.63 2.69 2.66 2.66 2.63 2.66 2.65 2.66 2.65 2.64 2.65 83.52 1e-07 0.1 512 resnet18
1.25 2.89 3.05 2.9 2.95 2.93 2.89 2.83 2.86 2.85 2.9 2.89 2.89 2.9 2.9 2.92 2.9 2.91 2.91 2.92 2.91 80.64 1e-05 0.1 1024 resnet18
1.25 2.76 2.98 2.79 2.89 2.81 2.89 2.87 2.85 2.82 2.82 2.88 2.81 2.87 2.82 2.84 2.88 2.84 2.87 2.81 2.89 81.41 1e-06 0.1 1024 resnet18
1.25 2.86 2.73 2.81 2.87 2.85 2.87 2.86 2.86 2.85 2.88 2.86 2.86 2.87 2.85 2.86 2.87 2.85 2.86 2.85 2.86 80.73 1e-07 0.1 1024 resnet18
1.25 2.55 2.57 2.54 2.61 2.56 2.58 2.55 2.56 2.64 2.58 2.55 2.62 2.6 2.61 2.67 2.62 2.6 2.65 2.64 2.65 85.7 1e-05 0.05 256 resnet18
1.25 2.82 2.55 2.64 2.68 2.67 2.67 2.64 2.64 2.67 2.64 2.66 2.66 2.69 2.66 2.65 2.68 2.67 2.66 2.65 2.66 85.41 1e-06 0.05 256 resnet18
1.25 2.71 2.57 2.64 2.63 2.62 2.6 2.63 2.62 2.62 2.63 2.63 2.63 2.63 2.63 2.62 2.63 2.68 2.62 2.66 2.63 85.48 1e-07 0.05 256 resnet18
1.25 2.72 2.73 2.7 2.7 2.75 2.75 2.73 2.71 2.72 2.74 2.78 2.74 2.71 2.78 2.8 2.77 2.8 2.72 2.77 2.69 84.39 1e-05 0.05 512 resnet18
1.25 2.79 2.78 2.79 2.78 2.79 2.78 2.8 2.8 2.81 2.81 2.78 2.8 2.76 2.83 2.8 2.8 2.83 2.79 2.78 2.78 84.95 1e-06 0.05 512 resnet18
1.25 2.67 2.74 2.69 2.66 2.7 2.69 2.68 2.7 2.68 2.65 2.7 2.7 2.7 2.69 2.69 2.67 2.66 2.69 2.65 2.73 84.48 1e-07 0.05 512 resnet18
1.25 2.78 2.81 2.87 2.83 2.81 2.8 2.8 2.82 2.78 2.82 2.83 2.82 2.81 2.79 2.81 2.8 2.81 2.8 2.82 2.86 82.68 1e-05 0.05 1024 resnet18
1.25 2.73 2.62 2.61 2.61 2.62 2.63 2.61 2.61 2.61 2.58 2.6 2.6 2.61 2.59 2.6 2.61 2.59 2.61 2.61 2.62 82.77 1e-06 0.05 1024 resnet18
1.25 2.65 2.67 2.72 2.7 2.73 2.71 2.7 2.7 2.74 2.74 2.72 2.73 2.73 2.71 2.74 2.73 2.71 2.72 2.73 2.72 83.23 1e-07 0.05 1024 resnet18
1.25 2.71 2.75 2.74 2.72 2.74 2.77 2.74 2.78 2.74 2.74 2.73 2.72 2.69 2.73 2.68 2.73 2.75 2.73 2.77 2.71 83.82 1e-05 0.01 256 resnet18
1.25 2.77 2.71 2.68 2.71 2.75 2.73 2.74 2.69 2.69 2.67 2.7 2.69 2.77 2.68 2.69 2.65 2.65 2.71 2.74 2.69 83.24 1e-06 0.01 256 resnet18
1.25 2.76 2.72 2.66 2.78 2.66 2.78 2.73 2.71 2.71 2.66 2.67 2.68 2.69 2.7 2.77 2.73 2.68 2.72 2.73 2.72 83.21 1e-07 0.01 256 resnet18
1.25 2.87 2.79 2.8 2.78 2.79 2.76 2.74 2.76 2.77 2.78 2.79 2.77 2.75 2.76 2.75 2.78 2.79 2.76 2.75 2.79 80.84 1e-05 0.01 512 resnet18
1.25 2.85 2.78 2.85 2.82 2.81 2.8 2.78 2.8 2.76 2.87 2.81 2.82 2.82 2.83 2.81 2.83 2.86 2.85 2.8 2.81 80.62 1e-06 0.01 512 resnet18
1.25 2.75 2.78 2.76 2.76 2.75 2.77 2.77 2.8 2.74 2.76 2.76 2.76 2.78 2.73 2.74 2.73 2.78 2.73 2.76 2.72 80.94 1e-07 0.01 512 resnet18
1.25 3.08 3.01 3.0 2.96 2.96 3.01 3.0 2.99 3.03 3.0 2.99 2.98 3.01 2.98 3.01 3.0 3.03 3.0 3.0 2.99 76.84 1e-05 0.01 1024 resnet18
1.25 2.91 2.83 2.84 2.86 2.93 2.89 2.93 2.92 2.97 2.95 2.97 2.96 2.9 2.97 2.98 2.96 2.93 2.98 2.93 2.91 76.86 1e-06 0.01 1024 resnet18
1.25 3.13 3.08 3.05 3.08 3.08 3.02 3.04 3.04 3.05 3.06 3.01 3.03 3.05 3.05 3.02 3.06 3.06 3.02 3.04 3.05 76.22 1e-07 0.01 1024 resnet18
1.25 2.69 2.72 2.71 2.73 2.75 2.71 2.76 2.74 2.73 2.76 2.71 2.74 2.72 2.75 2.74 2.74 2.74 2.71 2.7 2.7 80.61 1e-05 0.005 256 resnet18
1.25 2.71 2.69 2.67 2.75 2.78 2.77 2.76 2.74 2.8 2.77 2.76 2.74 2.72 2.72 2.81 2.8 2.73 2.83 2.78 2.79 81.12 1e-06 0.005 256 resnet18
1.25 2.64 2.69 2.69 2.68 2.7 2.72 2.73 2.76 2.76 2.83 2.75 2.73 2.73 2.74 2.79 2.77 2.79 2.78 2.78 2.74 81.58 1e-07 0.005 256 resnet18
1.25 2.98 2.92 2.86 2.94 2.9 2.96 2.93 2.94 2.88 2.9 2.89 2.97 2.99 2.94 2.94 2.95 2.9 2.94 2.96 2.92 77.3 1e-05 0.005 512 resnet18
1.25 2.96 2.92 2.93 2.96 2.85 2.96 2.93 2.92 2.9 2.87 2.92 2.88 2.92 2.93 2.9 2.91 2.92 2.89 2.81 2.88 76.92 1e-06 0.005 512 resnet18
1.25 2.97 2.79 2.74 2.81 2.82 2.78 2.78 2.84 2.85 2.78 2.8 2.81 2.81 2.78 2.79 2.81 2.78 2.81 2.88 2.76 77.56 1e-07 0.005 512 resnet18
1.25 3.27 3.36 3.33 3.33 3.3 3.28 3.34 3.29 3.31 3.34 3.33 3.35 3.31 3.29 3.35 3.32 3.32 3.31 3.33 3.37 71.91 1e-05 0.005 1024 resnet18
1.25 3.17 3.37 3.37 3.4 3.37 3.37 3.5 3.4 3.4 3.37 3.4 3.46 3.38 3.41 3.38 3.38 3.41 3.44 3.41 3.37 71.97 1e-06 0.005 1024 resnet18
1.25 3.26 3.44 3.4 3.41 3.48 3.44 3.39 3.42 3.46 3.41 3.43 3.42 3.44 3.44 3.44 3.48 3.41 3.44 3.47 3.39 72.01 1e-07 0.005 1024 resnet18
1.25 3.52 3.57 3.66 3.71 3.67 3.77 3.89 3.69 3.65 3.67 3.65 3.72 3.65 3.69 3.69 3.72 3.68 3.64 3.66 3.71 72.3 1e-05 0.001 256 resnet18
1.25 3.26 3.24 3.28 3.33 3.17 3.28 3.31 3.31 3.24 3.26 3.26 3.3 3.38 3.29 3.26 3.24 3.26 3.31 3.28 3.23 71.81 1e-06 0.001 256 resnet18
1.25 3.39 3.48 3.31 3.33 3.33 3.37 3.36 3.3 3.38 3.4 3.31 3.4 3.28 3.36 3.31 3.33 3.34 3.34 3.38 3.41 71.89 1e-07 0.001 256 resnet18
1.25 3.58 3.75 3.72 3.84 3.84 3.84 3.91 3.88 3.97 3.84 3.87 3.98 3.91 3.83 3.94 3.84 3.97 3.97 3.84 4.0 67.01 1e-05 0.001 512 resnet18
1.25 3.54 3.61 3.76 3.66 3.74 3.8 3.71 3.77 3.72 3.7 3.85 3.76 3.83 3.75 3.85 3.77 3.78 3.72 3.7 3.71 67.25 1e-06 0.001 512 resnet18
1.25 3.37 4.07 4.15 4.16 4.16 4.2 4.17 4.21 4.14 4.08 4.22 4.2 4.12 4.14 4.16 4.11 4.15 4.19 4.08 4.09 67.4 1e-07 0.001 512 resnet18
1.25 3.33 4.12 4.27 4.42 4.4 4.49 4.37 4.42 4.36 4.34 4.34 4.32 4.36 4.32 4.34 4.39 4.36 4.37 4.33 4.38 63.5 1e-05 0.001 1024 resnet18
1.25 3.36 4.21 4.28 4.28 4.34 4.39 4.34 4.41 4.41 4.45 4.38 4.36 4.41 4.38 4.44 4.38 4.42 4.34 4.37 4.4 64.11 1e-06 0.001 1024 resnet18
1.25 3.53 4.02 4.32 4.36 4.2 4.24 4.22 4.18 4.23 4.23 4.23 4.21 4.25 4.15 4.16 4.2 4.2 4.21 4.25 4.16 63.36 1e-07 0.001 1024 resnet18
1.75 3.05 3.22 3.12 3.17 2.98 3.12 3.06 3.05 3.08 3.17 3.14 3.17 3.21 3.24 3.19 3.18 3.21 3.21 3.15 3.17 71.0 1e-05 0.5 256 resnet34
1.75 2.89 3.16 3.15 3.03 2.87 2.96 2.96 3.13 3.08 3.17 3.07 3.12 3.08 3.07 3.03 3.03 3.05 3.09 3.05 3.02 70.27 1e-06 0.5 256 resnet34
1.75 2.87 3.21 3.38 3.4 3.37 3.39 3.42 3.19 3.2 3.4 3.24 3.26 3.22 3.23 3.11 3.11 3.16 3.16 3.15 3.17 65.81 1e-07 0.5 256 resnet34
1.75 3.39 3.0 2.93 3.45 3.35 3.41 3.51 3.46 3.46 3.43 3.45 3.41 3.41 3.43 3.47 3.4 3.39 3.37 3.41 3.44 71.99 1e-05 0.5 512 resnet34
1.75 2.95 2.99 3.01 3.41 3.32 3.22 3.34 3.2 3.17 3.2 3.19 3.24 3.26 3.26 3.24 3.28 3.26 3.24 3.26 3.25 73.51 1e-06 0.5 512 resnet34
1.75 3.08 2.92 3.23 3.33 3.15 3.14 3.33 3.08 3.09 3.18 3.04 3.08 3.08 3.04 3.08 3.12 3.08 3.02 3.1 3.02 70.83 1e-07 0.5 512 resnet34
1.75 3.09 3.04 3.22 3.45 3.13 3.32 3.31 3.31 3.33 3.3 3.31 3.3 3.32 3.32 3.31 3.29 3.24 3.34 3.28 3.27 67.72 1e-05 0.5 1024 resnet34
1.75 3.16 3.18 2.93 3.33 3.66 3.32 3.44 3.37 3.34 3.53 3.43 3.49 3.47 3.45 3.47 3.45 3.44 3.45 3.46 3.49 58.76 1e-06 0.5 1024 resnet34
1.75 3.0 2.96 3.12 3.26 3.36 3.21 3.25 3.19 3.3 3.24 3.21 3.24 3.21 3.2 3.23 3.24 3.2 3.18 3.23 3.2 67.73 1e-07 0.5 1024 resnet34
1.75 3.08 2.73 2.81 2.73 2.83 2.85 2.81 2.75 2.76 2.75 2.69 2.74 2.65 2.7 2.69 2.7 2.71 2.71 2.68 2.68 82.22 1e-05 0.1 256 resnet34
1.75 2.6 2.82 2.81 2.85 2.82 2.93 2.89 2.95 2.87 2.8 2.84 2.84 2.85 2.82 2.83 2.8 2.8 2.82 2.81 2.77 82.36 1e-06 0.1 256 resnet34
1.75 2.96 2.81 3.08 3.03 2.87 2.93 2.99 2.95 2.88 2.89 2.81 2.98 2.91 2.96 2.89 2.96 2.94 2.96 2.9 2.9 81.97 1e-07 0.1 256 resnet34
1.75 2.91 2.87 2.8 2.8 2.79 2.87 2.87 2.8 2.79 2.79 2.84 2.84 2.82 2.83 2.81 2.85 2.83 2.83 2.84 2.85 80.57 1e-05 0.1 512 resnet34
1.75 2.85 2.8 2.85 2.89 2.93 2.8 3.26 2.88 2.86 2.87 2.79 2.76 2.97 2.89 2.85 2.85 2.88 2.96 2.92 2.89 79.5 1e-06 0.1 512 resnet34
1.75 2.84 2.98 2.76 2.92 2.72 2.74 2.8 2.88 2.88 2.92 2.86 2.88 2.86 2.86 2.85 2.89 2.85 2.88 2.87 2.89 79.27 1e-07 0.1 512 resnet34
1.75 3.06 2.77 2.88 2.88 2.9 2.85 2.96 2.95 2.93 2.84 2.89 2.9 2.9 2.96 2.93 2.92 2.95 2.88 2.98 2.93 79.75 1e-05 0.1 1024 resnet34
1.75 2.79 2.77 2.87 2.89 2.87 2.87 2.85 2.8 2.81 2.92 2.8 2.82 2.83 2.84 2.83 2.9 2.83 2.81 2.84 2.86 79.81 1e-06 0.1 1024 resnet34
1.75 2.78 2.94 2.63 2.88 2.83 2.78 2.8 2.86 2.85 2.85 2.8 2.82 2.82 2.81 2.83 2.84 2.81 2.84 2.8 2.82 81.04 1e-07 0.1 1024 resnet34
1.75 3.1 2.84 2.83 2.79 2.87 2.96 2.75 2.92 2.92 2.93 2.93 2.98 2.97 2.98 2.94 2.98 2.98 2.96 2.95 2.99 78.44 1e-05 0.05 256 resnet34
1.75 2.72 2.84 2.75 2.78 2.77 2.62 2.63 2.6 2.61 2.71 2.71 2.7 2.63 2.61 2.69 2.68 2.68 2.63 2.64 2.63 83.97 1e-06 0.05 256 resnet34
1.75 3.15 2.83 2.94 2.68 2.65 2.78 2.7 2.71 2.72 2.78 2.73 2.72 2.7 2.7 2.74 2.66 2.74 2.74 2.69 2.71 83.51 1e-07 0.05 256 resnet34
1.75 2.81 2.82 2.65 2.63 2.72 2.73 2.77 2.77 2.75 2.86 2.75 2.76 2.71 2.79 2.75 2.78 2.73 2.75 2.79 2.82 84.26 1e-05 0.05 512 resnet34
1.75 2.7 2.68 2.67 2.55 2.54 2.57 2.54 2.55 2.62 2.59 2.55 2.6 2.59 2.6 2.6 2.66 2.64 2.58 2.59 2.56 84.16 1e-06 0.05 512 resnet34
1.75 2.75 2.67 2.57 2.42 2.48 2.58 2.58 2.5 2.52 2.52 2.48 2.48 2.48 2.51 2.55 2.48 2.49 2.5 2.5 2.5 84.41 1e-07 0.05 512 resnet34
1.75 2.87 2.73 2.69 2.73 2.71 2.69 2.83 2.69 2.73 2.82 2.75 2.78 2.75 2.76 2.76 2.76 2.8 2.76 2.75 2.76 83.73 1e-05 0.05 1024 resnet34
1.75 2.84 2.75 2.68 2.69 2.75 2.77 2.79 2.83 2.82 2.77 2.81 2.77 2.82 2.83 2.79 2.83 2.83 2.78 2.79 2.83 83.73 1e-06 0.05 1024 resnet34
1.75 2.6 2.78 2.7 2.75 2.64 2.75 2.69 2.72 2.72 2.74 2.67 2.72 2.74 2.69 2.72 2.71 2.71 2.73 2.73 2.72 83.81 1e-07 0.05 1024 resnet34
1.75 2.64 2.67 2.67 2.6 2.64 2.63 2.63 2.65 2.6 2.63 2.61 2.66 2.67 2.66 2.6 2.63 2.63 2.61 2.67 2.61 84.15 1e-05 0.01 256 resnet34
1.75 2.75 2.63 2.62 2.62 2.62 2.63 2.65 2.7 2.65 2.71 2.66 2.71 2.69 2.71 2.66 2.71 2.71 2.71 2.71 2.76 84.42 1e-06 0.01 256 resnet34
1.75 2.89 2.69 2.6 2.61 2.61 2.61 2.55 2.57 2.55 2.53 2.55 2.61 2.62 2.59 2.58 2.62 2.58 2.57 2.57 2.58 84.45 1e-07 0.01 256 resnet34
1.75 2.8 2.83 2.79 2.74 2.81 2.77 2.76 2.74 2.76 2.76 2.79 2.78 2.74 2.75 2.78 2.73 2.8 2.76 2.74 2.77 81.68 1e-05 0.01 512 resnet34
1.75 2.83 2.78 2.77 2.76 2.8 2.8 2.78 2.8 2.76 2.8 2.82 2.81 2.81 2.77 2.83 2.79 2.8 2.81 2.83 2.81 82.27 1e-06 0.01 512 resnet34
1.75 2.82 2.79 2.85 2.76 2.75 2.77 2.77 2.82 2.79 2.77 2.71 2.77 2.84 2.81 2.79 2.84 2.82 2.82 2.79 2.75 82.54 1e-07 0.01 512 resnet34
1.75 2.96 2.88 2.89 3.03 3.0 3.0 2.97 3.02 2.94 2.99 2.98 3.03 3.0 2.99 3.01 2.97 3.02 3.06 3.03 2.98 78.44 1e-05 0.01 1024 resnet34
1.75 2.98 2.99 2.97 2.93 3.02 2.96 2.91 2.87 2.91 2.91 2.92 2.88 2.94 2.9 2.89 2.92 2.94 2.88 2.9 2.9 78.92 1e-06 0.01 1024 resnet34
1.75 2.88 2.87 2.86 2.83 2.82 2.9 2.84 2.84 2.83 2.82 2.86 2.88 2.88 2.85 2.87 2.86 2.89 2.88 2.87 2.85 78.9 1e-07 0.01 1024 resnet34
1.75 2.85 2.72 2.66 2.66 2.69 2.67 2.69 2.64 2.69 2.66 2.73 2.67 2.73 2.67 2.61 2.67 2.67 2.7 2.7 2.71 83.29 1e-05 0.005 256 resnet34
1.75 2.7 2.76 2.73 2.73 2.66 2.74 2.71 2.73 2.68 2.76 2.72 2.68 2.69 2.71 2.68 2.73 2.69 2.72 2.74 2.75 83.04 1e-06 0.005 256 resnet34
1.75 2.76 2.7 2.71 2.66 2.64 2.58 2.6 2.62 2.62 2.62 2.7 2.62 2.63 2.64 2.61 2.64 2.65 2.65 2.63 2.66 83.3 1e-07 0.005 256 resnet34
1.75 3.01 2.79 2.81 2.78 2.84 2.82 2.83 2.85 2.78 2.77 2.76 2.85 2.8 2.8 2.84 2.82 2.83 2.83 2.86 2.85 79.67 1e-05 0.005 512 resnet34
1.75 2.85 2.91 2.92 2.91 2.91 2.91 2.97 2.85 2.99 2.9 2.83 2.9 2.99 2.95 2.93 2.99 2.93 2.93 2.91 2.91 79.41 1e-06 0.005 512 resnet34
1.75 2.98 3.02 3.08 2.96 3.03 2.99 3.08 3.0 3.0 2.95 2.96 3.01 2.97 2.98 3.02 3.03 3.04 2.99 2.94 2.93 79.36 1e-07 0.005 512 resnet34
1.75 3.78 3.42 3.32 3.29 3.31 3.29 3.28 3.26 3.23 3.22 3.21 3.21 3.23 3.17 3.24 3.21 3.26 3.27 3.2 3.21 75.45 1e-05 0.005 1024 resnet34
1.75 3.47 3.57 3.59 3.6 3.54 3.56 3.47 3.5 3.58 3.46 3.51 3.49 3.48 3.55 3.53 3.49 3.52 3.54 3.48 3.58 74.59 1e-06 0.005 1024 resnet34
1.75 3.45 3.2 3.21 3.11 3.21 3.15 3.1 3.14 3.11 3.19 3.14 3.2 3.17 3.17 3.2 3.24 3.21 3.19 3.26 3.21 74.21 1e-07 0.005 1024 resnet34
1.75 3.37 3.45 3.47 3.47 3.53 3.41 3.37 3.45 3.37 3.43 3.52 3.62 3.5 3.42 3.38 3.42 3.58 3.53 3.44 3.45 75.25 1e-05 0.001 256 resnet34
1.75 3.39 3.44 3.33 3.25 3.2 3.34 3.28 3.29 3.24 3.33 3.36 3.32 3.16 3.28 3.17 3.35 3.31 3.31 3.32 3.36 74.89 1e-06 0.001 256 resnet34
1.75 3.52 3.45 3.37 3.46 3.34 3.35 3.37 3.36 3.41 3.45 3.35 3.32 3.29 3.4 3.47 3.32 3.33 3.38 3.38 3.28 75.04 1e-07 0.001 256 resnet34
1.75 4.61 4.21 4.25 4.35 4.31 4.3 4.24 4.32 4.15 4.32 4.2 4.27 4.19 4.26 4.25 4.22 4.25 4.27 4.37 4.26 69.39 1e-05 0.001 512 resnet34
1.75 3.96 4.35 4.1 4.17 4.2 4.25 4.18 4.32 4.27 4.12 4.09 4.18 4.17 4.21 4.16 4.22 4.16 4.23 4.18 4.19 69.01 1e-06 0.001 512 resnet34
1.75 4.27 4.18 4.17 4.1 4.04 4.03 4.02 4.08 4.15 4.08 4.06 4.11 4.12 4.11 4.21 4.04 4.08 4.14 4.15 4.1 69.18 1e-07 0.001 512 resnet34
1.75 4.73 5.19 5.27 5.16 5.29 5.26 5.21 5.24 5.27 5.3 5.28 5.26 5.25 5.28 5.3 5.31 5.33 5.3 5.31 5.29 61.73 1e-05 0.001 1024 resnet34
1.75 5.13 5.39 5.45 5.44 5.46 5.47 5.38 5.51 5.47 5.47 5.43 5.43 5.44 5.52 5.39 5.49 5.48 5.42 5.42 5.49 60.83 1e-06 0.001 1024 resnet34
1.75 4.57 5.7 5.8 5.8 5.74 5.77 5.82 5.93 5.77 5.91 5.84 5.84 5.79 5.82 5.8 5.75 5.97 5.88 5.79 5.79 62.03 1e-07 0.001 1024 resnet34
1.08 2.92 3.19 3.11 3.24 2.99 2.98 3.0 3.03 3.06 3.04 3.01 3.0 3.02 3.06 3.04 3.09 3.06 3.02 3.07 3.05 74.63 1e-05 0.5 256 resnet34
1.08 2.92 3.04 3.27 3.28 3.13 3.26 3.22 3.14 3.22 3.3 3.21 3.18 3.3 3.3 3.29 3.31 3.25 3.29 3.27 3.25 73.86 1e-06 0.5 256 resnet34
1.08 3.28 2.83 3.11 3.12 3.38 3.21 3.23 3.28 3.23 3.34 3.25 3.19 3.23 3.28 3.3 3.26 3.34 3.34 3.32 3.36 73.31 1e-07 0.5 256 resnet34
1.08 3.22 2.86 3.26 3.35 3.08 3.09 3.19 3.28 3.31 3.37 3.26 3.35 3.33 3.34 3.37 3.36 3.38 3.36 3.3 3.32 76.1 1e-05 0.5 512 resnet34
1.08 3.32 3.09 3.01 3.26 3.15 3.11 3.16 3.07 3.01 3.04 3.02 3.09 3.07 3.06 3.09 3.07 3.08 3.04 3.08 3.1 77.56 1e-06 0.5 512 resnet34
1.08 3.18 3.2 3.17 3.1 3.15 3.12 3.07 3.18 3.24 3.15 3.19 3.19 3.21 3.21 3.18 3.19 3.16 3.18 3.17 3.12 74.6 1e-07 0.5 512 resnet34
1.08 2.93 2.99 3.0 2.95 3.06 3.04 3.12 3.06 3.07 3.01 3.01 3.08 3.08 3.1 3.06 3.02 3.0 3.02 3.01 3.03 76.84 1e-05 0.5 1024 resnet34
1.08 3.41 2.97 3.07 3.07 3.11 3.14 3.18 3.31 3.23 3.29 3.25 3.3 3.29 3.16 3.18 3.2 3.24 3.25 3.27 3.23 73.59 1e-06 0.5 1024 resnet34
1.08 3.94 2.98 3.24 3.0 2.95 3.11 3.29 3.15 3.61 3.48 3.77 3.35 3.51 3.5 3.49 3.5 3.56 3.51 3.49 3.5 70.1 1e-07 0.5 1024 resnet34
1.08 3.08 2.78 3.02 2.81 3.01 2.83 2.89 2.82 2.87 2.91 2.99 2.9 2.92 2.84 2.92 2.96 2.9 2.87 2.89 2.85 81.34 1e-05 0.1 256 resnet34
1.08 2.97 2.92 2.96 2.86 2.93 2.94 2.85 3.03 2.83 2.87 2.9 2.92 2.97 2.89 2.9 2.89 2.91 2.92 2.93 2.9 79.16 1e-06 0.1 256 resnet34
1.08 3.04 2.97 3.07 3.06 3.02 2.92 3.0 3.01 2.91 3.04 2.95 3.01 2.92 2.94 2.97 2.93 2.97 2.97 2.88 2.93 78.77 1e-07 0.1 256 resnet34
1.08 2.92 3.01 2.86 2.81 2.83 2.85 2.84 2.84 2.89 2.87 2.86 2.79 2.81 2.79 2.85 2.86 2.86 2.86 2.85 2.85 81.09 1e-05 0.1 512 resnet34
1.08 2.85 2.83 2.91 2.92 2.99 3.03 2.97 3.07 2.97 3.01 2.93 2.95 3.01 2.98 2.97 2.93 3.05 3.0 3.03 2.98 81.7 1e-06 0.1 512 resnet34
1.08 2.81 3.1 2.97 2.94 2.98 2.89 2.95 2.93 2.9 2.86 3.0 2.98 2.98 2.94 2.98 2.94 3.05 3.01 3.04 3.01 80.33 1e-07 0.1 512 resnet34
1.08 3.27 3.17 3.14 3.14 3.09 3.02 3.11 3.1 3.1 3.09 3.06 3.12 3.11 3.08 3.11 3.1 3.07 3.1 3.09 3.17 75.53 1e-05 0.1 1024 resnet34
1.08 3.55 3.17 2.98 3.38 3.2 3.24 3.24 3.3 3.31 3.34 3.38 3.3 3.39 3.38 3.36 3.33 3.35 3.37 3.28 3.33 74.65 1e-06 0.1 1024 resnet34
1.08 3.13 3.14 3.1 3.19 3.15 3.11 3.19 3.24 3.21 3.13 3.17 3.15 3.13 3.19 3.22 3.14 3.19 3.17 3.17 3.19 78.37 1e-07 0.1 1024 resnet34
1.08 2.78 2.76 2.67 2.85 2.69 2.66 2.65 2.76 2.69 2.71 2.73 2.7 2.69 2.69 2.68 2.67 2.68 2.76 2.74 2.78 84.02 1e-05 0.05 256 resnet34
1.08 2.94 2.81 2.74 2.83 2.86 2.88 2.92 2.79 2.86 2.93 2.84 2.87 2.89 2.89 2.86 2.93 2.91 2.91 2.87 2.85 80.99 1e-06 0.05 256 resnet34
1.08 2.9 2.8 2.87 2.87 2.95 2.94 2.93 2.95 2.96 3.02 2.94 2.93 2.97 3.02 2.99 2.99 3.01 2.93 3.0 2.99 82.37 1e-07 0.05 256 resnet34
1.08 2.89 2.79 2.92 2.8 2.79 2.76 2.77 2.84 2.77 2.75 2.79 2.73 2.79 2.72 2.71 2.8 2.73 2.75 2.79 2.72 83.74 1e-05 0.05 512 resnet34
1.08 2.89 2.88 2.75 2.82 2.75 2.76 2.72 2.77 2.76 2.77 2.77 2.78 2.78 2.76 2.76 2.74 2.77 2.76 2.77 2.83 84.85 1e-06 0.05 512 resnet34
1.08 2.8 2.74 2.91 2.68 2.72 2.75 2.73 2.71 2.68 2.68 2.67 2.73 2.65 2.69 2.73 2.7 2.7 2.7 2.72 2.64 84.63 1e-07 0.05 512 resnet34
1.08 2.92 3.12 2.77 3.0 2.8 2.86 2.9 2.9 2.79 2.78 2.82 2.82 2.82 2.78 2.81 2.82 2.83 2.78 2.81 2.77 81.04 1e-05 0.05 1024 resnet34
1.08 2.87 3.04 2.84 2.94 2.85 2.81 2.75 2.78 2.77 2.78 2.77 2.83 2.85 2.83 2.8 2.81 2.83 2.8 2.84 2.79 79.86 1e-06 0.05 1024 resnet34
1.08 3.17 2.99 3.03 3.1 3.06 3.03 3.01 2.97 2.96 3.02 3.02 2.96 3.0 3.01 3.02 3.03 3.08 3.02 3.01 3.0 78.02 1e-07 0.05 1024 resnet34
1.08 2.83 2.58 2.57 2.59 2.62 2.59 2.6 2.6 2.59 2.6 2.57 2.63 2.6 2.56 2.56 2.6 2.56 2.59 2.59 2.59 84.64 1e-05 0.01 256 resnet34
1.08 2.88 2.93 2.76 2.77 2.82 2.79 2.71 2.75 2.77 2.77 2.82 2.74 2.78 2.75 2.78 2.77 2.76 2.78 2.78 2.81 84.27 1e-06 0.01 256 resnet34
1.08 2.84 2.74 2.73 2.72 2.71 2.73 2.71 2.75 2.72 2.71 2.73 2.74 2.77 2.72 2.68 2.72 2.79 2.68 2.72 2.76 84.34 1e-07 0.01 256 resnet34
1.08 2.64 2.84 2.89 2.91 2.9 2.9 2.97 2.97 2.95 2.97 2.98 2.94 2.96 2.9 2.89 2.93 2.98 2.9 2.96 2.94 81.84 1e-05 0.01 512 resnet34
1.08 2.87 2.8 2.77 2.79 2.77 2.74 2.79 2.76 2.77 2.78 2.79 2.8 2.8 2.79 2.77 2.77 2.77 2.77 2.75 2.78 81.67 1e-06 0.01 512 resnet34
1.08 2.91 2.9 2.91 2.97 2.92 2.96 2.96 2.95 3.0 2.94 2.96 2.91 2.92 2.92 2.94 2.99 2.89 2.9 2.97 2.94 82.55 1e-07 0.01 512 resnet34
1.08 3.08 2.8 2.82 2.82 2.84 2.83 2.85 2.84 2.85 2.83 2.82 2.83 2.87 2.86 2.82 2.82 2.84 2.83 2.86 2.85 78.83 1e-05 0.01 1024 resnet34
1.08 3.2 2.98 3.0 2.99 3.01 3.05 3.06 3.1 3.06 3.11 3.14 3.06 3.08 3.1 3.12 3.06 3.1 3.15 3.1 3.11 77.56 1e-06 0.01 1024 resnet34
1.08 2.94 3.06 2.96 3.01 2.91 2.92 2.89 2.87 2.9 2.91 2.95 2.94 2.89 2.91 2.94 2.94 2.92 2.87 2.93 2.91 78.72 1e-07 0.01 1024 resnet34
1.08 2.9 2.87 2.9 2.88 2.84 2.88 2.87 2.92 2.82 2.87 2.84 2.91 2.87 2.88 2.87 2.85 2.84 2.89 2.87 2.84 82.7 1e-05 0.005 256 resnet34
1.08 2.85 2.86 2.92 2.89 2.75 2.77 2.73 2.74 2.76 2.75 2.71 2.78 2.79 2.78 2.71 2.78 2.73 2.75 2.77 2.73 82.4 1e-06 0.005 256 resnet34
1.08 2.87 2.7 2.74 2.75 2.76 2.76 2.8 2.77 2.8 2.75 2.73 2.76 2.71 2.8 2.78 2.79 2.71 2.73 2.77 2.71 82.5 1e-07 0.005 256 resnet34
1.08 3.05 3.07 3.08 3.19 3.11 3.13 3.11 3.02 3.05 3.03 3.1 3.07 3.03 3.03 3.06 3.05 3.06 3.04 3.02 3.06 78.98 1e-05 0.005 512 resnet34
1.08 3.03 3.01 3.04 2.98 3.02 3.07 3.07 3.07 3.1 3.06 3.06 3.05 3.12 3.06 3.06 3.06 3.14 3.08 3.07 3.11 79.4 1e-06 0.005 512 resnet34
1.08 3.12 2.96 2.95 2.97 2.96 3.02 3.06 2.97 2.95 3.0 3.01 2.97 2.99 2.93 2.88 3.03 3.04 2.93 3.04 2.95 78.22 1e-07 0.005 512 resnet34
1.08 3.38 3.49 3.45 3.46 3.45 3.41 3.42 3.42 3.4 3.43 3.44 3.36 3.41 3.41 3.42 3.38 3.4 3.42 3.36 3.4 74.06 1e-05 0.005 1024 resnet34
1.08 3.36 3.36 3.34 3.38 3.41 3.32 3.31 3.36 3.38 3.34 3.35 3.36 3.37 3.39 3.39 3.35 3.4 3.32 3.42 3.39 74.74 1e-06 0.005 1024 resnet34
1.08 3.33 3.32 3.43 3.39 3.43 3.34 3.41 3.39 3.35 3.39 3.38 3.37 3.44 3.37 3.38 3.43 3.37 3.37 3.37 3.38 74.05 1e-07 0.005 1024 resnet34
1.08 3.76 3.33 3.33 3.68 3.47 3.46 3.41 3.53 3.52 3.49 3.42 3.58 3.61 3.49 3.4 3.47 3.57 3.48 3.61 3.49 73.93 1e-05 0.001 256 resnet34
1.08 3.78 3.48 3.52 3.51 3.62 3.51 3.48 3.54 3.59 3.45 3.55 3.37 3.47 3.49 3.53 3.44 3.58 3.46 3.47 3.48 75.22 1e-06 0.001 256 resnet34
1.08 3.51 3.49 3.5 3.52 3.51 3.6 3.73 3.58 3.59 3.62 3.5 3.53 3.6 3.62 3.71 3.64 3.59 3.56 3.68 3.67 74.97 1e-07 0.001 256 resnet34
1.08 4.66 4.31 4.29 4.3 4.27 4.24 4.32 4.33 4.23 4.22 4.35 4.35 4.36 4.38 4.28 4.25 4.23 4.29 4.26 4.11 68.14 1e-05 0.001 512 resnet34
1.08 4.28 4.35 4.38 4.27 4.27 4.25 4.19 4.17 4.23 4.19 4.16 4.15 4.12 4.22 4.18 4.14 4.18 4.23 4.22 4.19 68.44 1e-06 0.001 512 resnet34
1.08 4.03 4.33 4.28 4.25 4.17 4.26 4.3 4.28 4.22 4.33 4.32 4.19 4.28 4.23 4.35 4.35 4.26 4.36 4.33 4.19 68.15 1e-07 0.001 512 resnet34
1.08 4.84 5.49 5.55 5.51 5.55 5.58 5.49 5.51 5.64 5.49 5.58 5.51 5.42 5.48 5.56 5.55 5.57 5.47 5.55 5.54 61.34 1e-05 0.001 1024 resnet34
1.08 4.75 5.41 5.49 5.46 5.49 5.43 5.48 5.46 5.56 5.41 5.55 5.57 5.46 5.49 5.52 5.55 5.42 5.59 5.47 5.49 61.76 1e-06 0.001 1024 resnet34
1.08 5.07 5.48 5.53 5.54 5.36 5.38 5.51 5.51 5.47 5.4 5.43 5.27 5.39 5.43 5.42 5.34 5.43 5.49 5.39 5.36 61.03 1e-07 0.001 1024 resnet34
1.1 3.02 2.81 3.27 3.48 3.36 3.23 3.21 3.32 3.28 3.25 3.31 3.27 3.27 3.25 3.26 3.26 3.25 3.25 3.29 3.23 67.15 1e-05 0.5 256 resnet34
1.1 2.97 3.14 3.18 3.05 3.25 2.97 3.15 3.02 3.05 3.1 3.1 2.98 3.01 2.98 3.0 2.99 3.02 2.98 2.98 2.96 71.13 1e-06 0.5 256 resnet34
1.1 3.51 3.28 3.35 3.14 3.2 3.4 3.53 3.27 3.25 3.54 3.42 3.37 3.34 3.46 3.39 3.41 3.52 3.45 3.45 3.48 67.94 1e-07 0.5 256 resnet34
1.1 3.03 3.08 2.98 3.14 3.36 3.14 3.1 3.07 3.22 3.16 3.12 3.12 3.1 3.1 3.16 3.12 3.11 3.12 3.15 3.12 74.41 1e-05 0.5 512 resnet34
1.1 3.23 3.06 3.22 3.15 3.14 3.23 3.21 3.3 3.21 3.23 3.19 3.24 3.28 3.23 3.29 3.26 3.26 3.26 3.25 3.28 73.7 1e-06 0.5 512 resnet34
1.1 3.12 3.52 3.16 2.88 3.16 3.23 3.01 3.17 3.19 3.17 3.02 3.12 3.06 3.11 3.03 3.12 3.06 3.11 3.19 3.14 75.19 1e-07 0.5 512 resnet34
1.1 3.01 2.92 2.93 3.17 3.16 3.13 3.02 3.13 2.99 2.9 3.0 2.9 2.99 2.98 2.95 2.99 2.96 2.89 3.0 3.01 76.14 1e-05 0.5 1024 resnet34
1.1 1.22 3.19 2.89 2.87 3.08 3.11 3.29 3.01 3.15 3.02 3.01 3.01 2.98 3.02 3.07 3.09 3.1 3.1 3.06 3.1 77.07 1e-06 0.5 1024 resnet34
1.1 1.02 2.95 3.05 3.03 2.75 2.91 3.04 2.92 3.05 3.11 3.04 3.1 3.07 3.08 3.09 3.12 3.1 3.1 3.15 3.14 75.65 1e-07 0.5 1024 resnet34
1.1 3.03 2.96 2.86 2.83 2.94 2.9 2.8 2.9 2.9 2.8 2.84 2.9 2.86 2.95 2.83 2.89 2.89 2.9 2.88 2.9 79.7 1e-05 0.1 256 resnet34
1.1 3.01 2.86 2.91 2.95 2.95 3.11 2.89 2.85 2.86 2.89 2.93 2.97 2.82 2.84 2.88 2.92 2.92 2.94 2.89 2.93 80.45 1e-06 0.1 256 resnet34
1.1 2.98 3.06 3.04 2.87 2.8 2.8 2.85 2.78 2.73 2.81 2.79 2.77 2.77 2.77 2.81 2.82 2.82 2.83 2.81 2.8 80.1 1e-07 0.1 256 resnet34
1.1 2.9 2.9 2.86 2.95 2.85 2.89 2.87 2.95 2.91 2.88 2.77 2.87 2.89 2.88 2.96 2.83 2.9 2.9 2.86 2.88 81.31 1e-05 0.1 512 resnet34
1.1 2.82 2.9 2.8 2.9 2.85 2.88 2.79 2.84 2.92 2.66 2.79 2.82 2.76 2.73 2.71 2.74 2.71 2.76 2.75 2.72 81.19 1e-06 0.1 512 resnet34
1.1 2.85 2.98 2.9 2.95 2.68 2.82 2.83 2.93 2.82 2.75 2.81 2.75 2.76 2.77 2.75 2.83 2.8 2.76 2.79 2.76 80.26 1e-07 0.1 512 resnet34
1.1 2.95 3.14 2.76 3.01 2.95 2.86 2.83 2.83 2.85 2.92 2.9 2.87 2.87 2.88 2.91 2.92 2.91 2.89 2.89 2.87 78.25 1e-05 0.1 1024 resnet34
1.1 2.9 2.9 2.84 2.7 2.74 2.62 2.64 2.62 2.69 2.62 2.71 2.72 2.65 2.66 2.7 2.72 2.68 2.67 2.72 2.74 78.57 1e-06 0.1 1024 resnet34
1.1 2.9 2.82 2.84 2.87 2.87 2.91 2.79 2.85 2.85 2.78 2.83 2.79 2.81 2.75 2.73 2.78 2.8 2.8 2.78 2.78 79.41 1e-07 0.1 1024 resnet34
1.1 2.81 2.83 2.81 2.83 2.82 2.77 2.75 2.73 2.84 2.7 2.72 2.72 2.73 2.78 2.83 2.74 2.79 2.83 2.78 2.69 82.63 1e-05 0.05 256 resnet34
1.1 2.71 2.84 2.74 2.73 2.78 2.76 2.72 2.74 2.7 2.71 2.83 2.75 2.76 2.8 2.79 2.76 2.77 2.78 2.78 2.75 84.09 1e-06 0.05 256 resnet34
1.1 2.87 2.78 2.91 2.86 2.79 2.77 2.76 2.89 2.82 2.8 2.8 2.76 2.77 2.78 2.79 2.75 2.74 2.79 2.75 2.77 82.6 1e-07 0.05 256 resnet34
1.1 2.83 2.82 2.97 2.79 2.76 2.86 2.82 2.83 2.79 2.79 2.81 2.84 2.79 2.83 2.8 2.82 2.8 2.79 2.79 2.78 83.26 1e-05 0.05 512 resnet34
1.1 2.83 2.85 2.83 2.78 2.8 2.87 2.85 2.88 2.74 2.77 2.8 2.85 2.86 2.77 2.83 2.82 2.83 2.83 2.82 2.8 82.77 1e-06 0.05 512 resnet34
1.1 2.84 2.89 2.71 2.88 2.76 2.75 2.66 2.69 2.7 2.67 2.62 2.7 2.74 2.66 2.7 2.69 2.73 2.7 2.71 2.69 82.07 1e-07 0.05 512 resnet34
1.1 2.94 2.86 2.9 2.83 2.84 2.88 2.87 2.88 2.85 2.89 2.87 2.85 2.86 2.89 2.9 2.88 2.88 2.87 2.88 2.85 80.78 1e-05 0.05 1024 resnet34
1.1 2.87 2.98 2.92 2.91 2.86 2.87 2.93 2.88 2.88 2.89 2.91 2.9 2.86 2.89 2.86 2.89 2.91 2.89 2.85 2.9 80.05 1e-06 0.05 1024 resnet34
1.1 2.89 2.91 2.73 2.79 2.84 2.82 2.75 2.8 2.79 2.76 2.82 2.8 2.79 2.75 2.78 2.74 2.75 2.78 2.76 2.75 80.02 1e-07 0.05 1024 resnet34
1.1 2.74 2.73 2.54 2.6 2.69 2.64 2.63 2.68 2.64 2.65 2.62 2.63 2.62 2.63 2.65 2.63 2.63 2.64 2.64 2.62 84.2 1e-05 0.01 256 resnet34
1.1 2.7 2.76 2.69 2.73 2.71 2.74 2.73 2.73 2.76 2.77 2.77 2.74 2.75 2.72 2.77 2.76 2.72 2.8 2.77 2.69 84.9 1e-06 0.01 256 resnet34
1.1 2.63 2.76 2.76 2.72 2.71 2.72 2.76 2.78 2.73 2.71 2.7 2.73 2.72 2.72 2.68 2.69 2.71 2.73 2.74 2.71 84.28 1e-07 0.01 256 resnet34
1.1 2.82 2.81 2.81 2.85 2.85 2.76 2.76 2.75 2.84 2.77 2.79 2.82 2.79 2.81 2.78 2.79 2.81 2.77 2.78 2.83 82.34 1e-05 0.01 512 resnet34
1.1 2.9 2.74 2.71 2.78 2.71 2.7 2.71 2.75 2.7 2.74 2.69 2.69 2.66 2.7 2.74 2.72 2.7 2.67 2.69 2.7 82.0 1e-06 0.01 512 resnet34
1.1 2.71 2.79 2.81 2.81 2.84 2.84 2.8 2.81 2.8 2.82 2.81 2.8 2.81 2.81 2.79 2.78 2.81 2.83 2.78 2.8 81.7 1e-07 0.01 512 resnet34
1.0 3.23 3.48 3.18 3.36 3.33 3.34 3.28 3.31 3.28 3.27 3.25 3.23 3.23 3.27 3.21 3.23 3.23 3.15 3.28 3.24 76.26 1e-05 0.1 256 MobileNet
1.0 3.44 3.15 3.33 3.46 3.3 3.5 3.41 3.21 3.24 3.22 3.22 3.33 3.24 3.27 3.27 3.3 3.27 3.29 3.29 3.33 75.83 1e-06 0.1 256 MobileNet
1.0 3.33 3.32 3.36 3.24 3.08 3.43 3.29 3.17 3.19 3.23 3.39 3.27 3.31 3.33 3.3 3.25 3.33 3.29 3.33 3.34 76.22 1e-07 0.1 256 MobileNet
1.0 3.73 3.74 3.6 3.59 3.45 3.55 3.59 3.55 3.61 3.59 3.5 3.53 3.49 3.6 3.49 3.47 3.55 3.53 3.48 3.54 73.68 1e-05 0.1 512 MobileNet
1.0 3.56 3.67 3.77 3.44 3.67 3.84 3.49 3.58 3.53 3.63 3.57 3.61 3.64 3.52 3.56 3.54 3.45 3.58 3.61 3.69 73.48 1e-06 0.1 512 MobileNet
1.0 3.41 3.83 3.74 3.85 3.98 3.8 3.95 3.77 3.63 3.78 3.78 3.71 3.69 3.65 3.62 3.64 3.6 3.59 3.79 3.77 71.11 1e-07 0.1 512 MobileNet
1.0 4.18 4.18 4.32 4.14 4.01 3.96 4.0 4.01 4.0 4.01 3.99 4.12 4.05 4.06 4.0 4.02 4.03 3.93 3.98 4.05 70.16 1e-05 0.1 1024 MobileNet
1.0 4.54 4.38 4.32 4.16 4.15 4.03 3.95 4.05 3.89 3.98 3.91 3.94 4.07 4.08 4.0 3.95 4.02 3.98 3.79 3.88 67.88 1e-06 0.1 1024 MobileNet
1.0 4.36 4.21 4.02 4.03 4.0 4.03 4.13 4.1 4.09 4.05 4.16 4.06 4.2 4.26 4.15 4.18 4.25 4.16 4.11 4.14 68.93 1e-07 0.1 1024 MobileNet
1.0 4.61 4.49 5.04 4.58 4.42 4.69 4.58 4.34 4.4 4.72 4.4 4.73 4.49 4.45 4.28 4.4 4.57 4.5 4.5 4.54 66.11 1e-05 0.01 256 MobileNet
1.0 4.68 4.25 4.21 4.43 4.61 4.6 4.5 4.38 4.38 4.73 4.44 4.67 4.42 4.36 4.42 4.52 4.42 4.57 4.63 4.57 69.24 1e-06 0.01 256 MobileNet
1.0 5.07 4.51 4.39 4.44 4.64 4.75 4.72 4.76 4.79 4.76 4.81 4.8 4.89 4.89 4.95 4.83 4.99 4.86 4.91 5.09 67.9 1e-07 0.01 256 MobileNet
1.0 6.7 6.45 5.87 5.83 5.63 6.07 5.83 5.81 6.03 5.93 6.04 5.7 6.01 5.76 5.88 5.88 5.99 5.8 5.85 5.91 63.11 1e-05 0.01 512 MobileNet
1.0 6.31 5.8 5.42 5.45 5.06 5.24 5.38 5.48 5.45 5.38 5.28 5.2 5.41 5.32 5.17 5.16 5.15 5.38 5.2 5.41 65.45 1e-06 0.01 512 MobileNet
1.0 6.17 5.88 5.6 5.3 4.92 5.1 4.97 5.05 5.16 4.98 4.95 5.23 5.28 5.07 5.05 5.12 5.05 5.33 5.13 5.18 64.35 1e-07 0.01 512 MobileNet
1.0 8.61 7.52 7.45 7.67 7.52 7.6 7.61 7.49 7.43 7.68 7.62 7.52 7.47 7.55 7.7 7.55 7.61 7.54 7.79 7.8 59.29 1e-05 0.01 1024 MobileNet
1.0 8.25 7.97 7.49 7.3 7.2 7.36 7.09 7.11 7.16 7.09 7.04 7.02 7.05 7.17 7.1 7.13 7.21 7.35 7.22 7.07 60.29 1e-06 0.01 1024 MobileNet
1.0 7.46 7.51 6.82 6.39 6.58 6.34 6.35 6.47 6.46 6.5 6.46 6.45 6.41 6.5 6.38 6.48 6.45 6.46 6.42 6.3 60.25 1e-07 0.01 1024 MobileNet
1.0 11.24 9.52 9.25 9.11 8.99 9.02 8.35 8.64 8.56 8.73 8.46 8.72 8.59 8.5 8.44 8.36 8.47 8.49 8.31 8.69 57.61 1e-05 0.001 256 MobileNet
1.0 12.0 9.91 10.97 9.89 9.06 8.61 8.93 9.38 9.16 8.78 8.86 8.75 8.69 8.65 9.19 8.72 8.76 8.67 8.54 8.78 56.65 1e-06 0.001 256 MobileNet
1.0 10.75 10.08 9.59 9.63 9.09 9.26 9.09 9.01 8.67 8.84 9.14 8.8 9.47 9.18 8.99 9.19 8.88 8.75 8.62 9.1 57.51 1e-07 0.001 256 MobileNet
1.0 19.56 11.37 12.77 15.66 14.54 13.88 13.9 14.11 13.8 13.39 13.07 13.15 13.53 13.95 13.83 13.58 13.49 13.74 13.41 13.61 50.72 1e-05 0.001 512 MobileNet
1.0 16.97 12.43 12.81 12.97 13.61 12.69 12.68 12.83 13.21 12.59 12.07 12.46 12.22 12.31 12.39 12.23 12.46 12.22 12.53 12.28 49.72 1e-06 0.001 512 MobileNet
1.0 17.45 11.47 13.39 15.35 13.58 12.63 12.71 13.26 13.08 12.34 12.96 12.78 12.8 13.27 12.85 12.63 12.92 13.06 12.83 13.16 50.24 1e-07 0.001 512 MobileNet
1.0 28.68 17.34 16.14 16.46 19.35 20.28 20.15 20.53 20.24 20.46 19.81 19.85 20.29 20.21 20.26 19.83 19.83 19.64 19.96 19.93 42.14 1e-05 0.001 1024 MobileNet
1.0 27.13 18.39 15.58 16.54 18.8 18.86 19.92 19.81 19.53 18.98 19.15 19.25 19.15 19.87 19.34 19.37 18.78 19.22 19.25 19.45 45.11 1e-06 0.001 1024 MobileNet
1.0 29.46 18.49 16.2 16.51 18.43 19.69 19.6 19.75 19.84 19.47 19.34 19.31 19.57 19.42 18.97 19.31 19.43 19.29 19.55 19.36 43.35 1e-07 0.001 1024 MobileNet
1.0 3.61 3.64 3.43 3.51 3.24 3.29 3.08 3.42 3.37 3.49 3.19 3.22 3.39 3.21 3.29 3.27 3.31 3.44 3.28 3.26 77.13 1e-05 0.1 256 MobileNet
1.0 3.38 3.18 3.54 3.34 3.27 3.14 3.25 3.15 3.28 3.48 3.55 3.47 3.52 3.46 3.45 3.26 3.55 3.37 3.37 3.31 77.94 1e-06 0.1 256 MobileNet
1.0 3.0 3.42 3.41 3.35 3.18 3.42 3.51 3.31 3.51 3.46 3.54 3.53 3.54 3.33 3.4 3.55 3.36 3.45 3.43 3.4 76.08 1e-07 0.1 256 MobileNet
1.0 4.08 4.2 4.01 3.69 3.82 3.98 3.84 3.61 3.79 3.74 3.74 3.71 3.79 3.76 3.58 3.8 3.69 3.74 3.71 3.79 72.91 1e-05 0.1 512 MobileNet
1.0 4.1 3.97 3.85 3.78 3.83 3.72 3.97 3.94 3.94 4.0 4.02 4.12 4.01 4.05 4.06 4.1 3.93 4.02 4.0 4.11 72.87 1e-06 0.1 512 MobileNet
1.0 3.8 3.76 3.77 3.75 3.71 3.67 3.79 3.76 3.72 3.81 3.62 3.72 3.74 3.66 3.65 3.72 3.62 3.71 3.67 3.62 72.25 1e-07 0.1 512 MobileNet
1.0 4.85 4.14 4.48 3.97 4.47 4.3 4.34 4.33 4.32 4.3 4.18 4.27 4.34 4.19 4.3 4.25 4.3 4.38 4.33 4.25 68.96 1e-05 0.1 1024 MobileNet
1.0 4.71 4.53 4.05 4.28 4.32 4.43 4.23 4.25 4.5 4.43 4.36 4.37 4.42 4.34 4.36 4.32 4.35 4.23 4.4 4.4 68.2 1e-06 0.1 1024 MobileNet
1.0 4.41 4.26 4.67 4.22 4.2 4.11 4.08 4.09 4.09 4.15 4.06 4.21 4.22 3.98 4.07 4.08 4.08 4.11 4.13 4.22 68.88 1e-07 0.1 1024 MobileNet
1.0 4.85 4.65 5.01 4.58 4.16 4.63 4.64 4.61 4.73 4.44 4.53 4.49 4.46 4.52 4.34 4.48 4.51 4.35 4.45 4.75 67.45 1e-05 0.01 256 MobileNet
1.0 4.87 4.89 4.25 4.59 4.4 4.47 4.63 4.68 4.72 4.79 4.73 4.55 4.71 4.7 4.55 4.86 4.68 4.66 4.61 4.88 68.34 1e-06 0.01 256 MobileNet
1.0 5.19 4.82 4.98 4.48 4.45 4.38 4.16 4.32 4.23 4.43 4.38 4.45 4.54 4.42 4.51 4.33 4.55 4.42 4.48 4.35 68.16 1e-07 0.01 256 MobileNet
1.0 6.75 5.27 5.55 5.7 5.13 5.08 5.31 5.3 5.18 5.11 5.09 5.27 5.19 5.19 5.25 5.17 5.26 5.07 5.42 5.17 64.82 1e-05 0.01 512 MobileNet
1.0 6.8 6.31 5.79 5.46 5.82 5.7 5.73 5.74 6.02 5.72 5.78 5.72 5.73 5.71 5.58 5.61 5.77 5.84 6.0 5.97 63.1 1e-06 0.01 512 MobileNet
1.0 5.93 5.79 6.04 5.45 5.59 5.83 5.74 5.56 5.91 5.96 5.63 5.77 5.94 5.63 5.92 5.79 5.7 5.76 5.76 5.73 63.17 1e-07 0.01 512 MobileNet
1.0 8.78 7.55 7.41 7.17 6.94 6.88 6.91 6.91 6.73 7.03 6.78 6.92 6.85 6.81 6.99 6.99 6.73 6.9 6.76 6.94 60.2 1e-05 0.01 1024 MobileNet
1.0 8.76 7.91 7.59 7.31 7.04 7.03 6.93 6.86 7.08 7.07 7.36 7.28 7.25 7.12 7.05 7.3 7.04 7.22 7.02 7.1 60.47 1e-06 0.01 1024 MobileNet
1.0 8.14 7.69 7.12 6.93 7.07 6.94 6.9 6.84 7.15 7.04 6.86 6.93 7.03 7.01 6.8 6.89 6.77 6.91 7.03 7.02 61.54 1e-07 0.01 1024 MobileNet
1.0 12.07 10.88 11.06 9.79 9.3 10.02 9.95 9.64 9.27 9.49 9.48 9.54 9.44 10.12 9.71 9.37 9.56 9.86 9.6 9.73 57.88 1e-05 0.001 256 MobileNet
1.0 11.26 11.23 11.07 10.28 9.65 9.72 9.96 9.53 9.23 9.68 9.75 9.55 9.44 9.42 9.86 9.63 9.44 9.5 9.36 9.28 57.46 1e-06 0.001 256 MobileNet
1.0 12.59 11.19 11.0 11.03 9.92 10.38 9.97 9.79 9.47 9.63 9.52 9.49 9.71 9.65 9.8 9.69 9.35 9.79 9.76 9.86 57.15 1e-07 0.001 256 MobileNet
1.0 18.36 12.12 13.93 15.04 14.01 13.25 13.55 12.87 12.67 12.68 12.69 12.67 12.83 12.79 12.68 12.63 12.63 12.61 12.52 12.69 51.83 1e-05 0.001 512 MobileNet
1.0 21.86 13.35 14.08 14.65 13.22 13.72 13.82 12.52 13.0 12.63 12.77 12.68 12.83 12.86 13.22 12.82 12.48 12.54 12.73 12.98 51.89 1e-06 0.001 512 MobileNet
1.0 18.8 12.87 14.78 15.88 14.77 14.79 14.8 14.09 14.06 13.94 14.48 14.5 14.41 13.77 14.13 14.05 14.37 14.06 14.14 13.79 51.63 1e-07 0.001 512 MobileNet
1.0 31.0 20.64 18.5 19.59 22.48 23.21 22.22 21.72 22.54 22.72 22.43 23.24 22.59 22.44 22.45 22.6 22.99 22.79 22.96 22.56 45.12 1e-05 0.001 1024 MobileNet
1.0 31.46 18.65 16.43 18.09 18.9 19.77 19.93 19.67 19.71 20.08 19.0 18.92 19.01 18.92 18.78 19.49 18.71 18.83 18.9 18.95 44.61 1e-06 0.001 1024 MobileNet
1.0 32.5 21.09 15.59 17.71 20.01 21.0 21.13 21.05 20.75 21.39 20.25 19.74 20.48 20.48 20.04 20.28 20.78 20.39 20.26 20.23 46.01 1e-07 0.001 1024 MobileNet
1.0 3.36 3.64 3.3 3.23 3.4 3.31 3.22 3.38 3.29 3.31 3.23 3.26 3.27 3.26 3.21 3.24 3.28 3.28 3.31 3.27 76.35 1e-05 0.1 256 MobileNet
1.0 3.52 3.41 3.42 3.42 3.49 3.34 3.26 3.38 3.32 3.33 3.42 3.5 3.43 3.37 3.39 3.37 3.4 3.55 3.49 3.57 75.37 1e-06 0.1 256 MobileNet
1.0 3.21 3.1 3.23 3.18 3.27 3.28 3.46 3.27 3.5 3.6 3.63 3.44 3.44 3.49 3.41 3.35 3.33 3.44 3.36 3.34 76.13 1e-07 0.1 256 MobileNet
1.0 3.63 3.77 3.65 3.77 3.65 3.78 3.72 3.64 3.64 3.69 3.64 3.57 3.64 3.62 3.56 3.55 3.64 3.68 3.6 3.62 73.02 1e-05 0.1 512 MobileNet
1.0 3.83 3.74 3.82 3.63 3.96 3.6 3.7 3.61 3.65 3.6 3.58 3.74 3.7 3.79 3.6 3.64 3.55 3.78 3.7 3.56 70.82 1e-06 0.1 512 MobileNet
1.0 3.97 3.73 3.56 3.62 3.7 3.72 3.63 3.68 3.71 3.66 3.64 3.68 3.62 3.65 3.6 3.68 3.7 3.59 3.6 3.63 73.21 1e-07 0.1 512 MobileNet
1.0 4.91 4.71 4.69 4.74 4.42 4.33 4.61 4.48 4.54 4.51 4.33 4.52 4.54 4.44 4.42 4.48 4.48 4.39 4.48 4.64 66.3 1e-05 0.1 1024 MobileNet
1.0 4.58 4.06 4.25 4.23 4.17 4.18 4.21 4.26 4.27 4.22 4.29 4.26 4.07 4.28 4.36 4.34 4.24 4.32 4.3 4.23 67.84 1e-06 0.1 1024 MobileNet
1.0 4.69 4.46 4.28 4.32 4.32 4.29 4.32 4.21 4.29 4.36 4.32 4.27 4.37 4.19 4.2 4.37 4.31 4.28 4.32 4.21 68.77 1e-07 0.1 1024 MobileNet
1.0 4.95 4.26 4.29 4.54 4.17 4.66 4.34 4.42 4.22 4.39 4.37 4.34 4.13 4.46 4.47 4.36 4.43 4.36 4.31 4.57 68.38 1e-05 0.01 256 MobileNet
1.0 5.07 4.45 4.63 5.02 4.56 4.77 4.45 4.44 4.41 4.87 4.53 4.59 4.9 4.7 4.74 4.54 4.85 4.76 4.65 4.67 67.22 1e-06 0.01 256 MobileNet
1.0 5.12 4.75 4.94 4.54 4.4 4.74 4.67 4.44 4.42 4.19 4.3 4.33 4.25 4.3 4.24 4.31 4.37 4.31 4.22 4.19 68.51 1e-07 0.01 256 MobileNet
1.0 5.97 5.7 5.89 5.4 5.53 5.33 5.29 5.36 5.4 5.41 5.45 5.35 5.29 5.25 5.34 5.18 5.37 5.14 5.38 5.28 65.18 1e-05 0.01 512 MobileNet
1.0 6.06 5.78 5.79 6.11 5.72 5.68 5.92 5.75 5.74 5.83 6.03 5.98 5.96 6.01 6.08 5.76 5.86 5.89 5.85 5.84 63.06 1e-06 0.01 512 MobileNet
1.0 6.24 6.33 5.34 5.92 6.13 6.29 6.09 6.07 6.14 6.1 6.1 6.09 6.04 5.99 5.75 5.84 5.92 5.96 5.89 6.08 63.44 1e-07 0.01 512 MobileNet
1.0 9.79 7.96 7.93 8.2 8.41 8.22 8.0 8.09 8.29 8.14 8.04 8.11 8.02 8.17 8.29 8.13 8.28 8.15 8.36 8.17 57.33 1e-05 0.01 1024 MobileNet
1.0 8.5 7.92 7.56 7.65 7.64 7.4 7.76 8.01 7.82 7.7 7.7 7.68 7.52 7.59 7.79 7.49 7.71 7.62 7.6 7.48 59.77 1e-06 0.01 1024 MobileNet
1.0 8.58 7.81 6.98 6.73 6.68 6.83 6.65 6.8 6.73 6.94 6.85 6.77 6.68 6.71 6.87 6.77 7.01 6.69 6.74 6.86 60.36 1e-07 0.01 1024 MobileNet
1.0 12.12 11.29 11.12 10.52 9.73 9.25 9.76 9.55 9.16 9.15 9.26 8.98 9.27 9.11 9.08 8.85 9.25 9.3 9.25 9.07 57.88 1e-05 0.001 256 MobileNet
1.0 11.74 9.59 9.69 9.13 8.91 8.96 8.87 8.96 8.62 8.74 8.97 8.5 8.79 8.33 8.58 8.68 8.7 8.59 8.6 8.51 58.96 1e-06 0.001 256 MobileNet
1.0 11.24 10.14 10.93 9.86 9.32 9.24 8.88 9.15 9.16 8.79 9.03 9.08 8.92 8.81 8.59 8.8 8.94 8.62 8.87 8.78 57.35 1e-07 0.001 256 MobileNet
1.0 19.63 12.91 14.27 14.54 14.73 13.83 13.95 13.84 14.2 14.06 13.71 13.27 13.68 13.59 13.9 13.94 13.63 13.23 13.07 13.3 51.65 1e-05 0.001 512 MobileNet
1.0 19.86 12.11 12.45 13.62 13.91 13.92 13.58 12.97 13.0 13.42 12.51 12.85 13.16 12.82 13.09 13.16 13.0 12.66 12.6 13.23 52.47 1e-06 0.001 512 MobileNet
1.0 20.35 14.36 13.29 14.89 14.46 14.51 13.36 14.11 13.99 14.06 13.9 13.5 13.96 14.13 13.73 14.16 14.31 13.56 14.04 13.88 51.63 1e-07 0.001 512 MobileNet
1.0 30.84 20.47 17.16 17.47 18.98 19.63 19.91 19.4 18.95 19.27 18.91 18.68 18.71 19.6 19.13 19.46 19.13 19.06 19.18 18.86 43.76 1e-05 0.001 1024 MobileNet
1.0 31.64 19.11 16.4 15.98 19.12 19.31 19.36 19.43 19.08 18.55 18.0 19.07 18.69 18.73 18.43 18.51 18.79 18.07 18.18 18.36 45.69 1e-06 0.001 1024 MobileNet
1.0 29.34 19.45 16.72 17.87 19.63 20.43 20.13 20.29 19.56 19.25 19.39 19.29 18.62 19.61 19.11 19.02 19.4 18.8 18.87 19.52 44.54 1e-07 0.001 1024 MobileNet
1.84 2.77 2.6 2.69 2.53 2.59 2.58 2.62 2.61 2.64 2.56 2.61 2.59 2.6 2.61 2.62 2.63 2.65 2.63 2.58 2.62 85.95 1e-05 0.1 256 SENet18
1.84 2.89 2.59 2.6 2.62 2.62 2.6 2.62 2.6 2.6 2.59 2.59 2.59 2.58 2.6 2.59 2.6 2.62 2.59 2.6 2.57 83.74 1e-05 0.1 1024 SENet18
1.84 2.69 2.67 2.68 2.64 2.63 2.66 2.63 2.69 2.64 2.65 2.65 2.62 2.67 2.63 2.66 2.66 2.65 2.64 2.65 2.66 83.73 1e-06 0.1 1024 SENet18
1.84 2.54 2.68 2.63 2.63 2.63 2.64 2.64 2.62 2.64 2.61 2.6 2.64 2.63 2.63 2.6 2.64 2.64 2.65 2.65 2.62 85.37 1e-06 0.1 512 SENet18
1.84 2.65 2.75 2.58 2.61 2.6 2.58 2.62 2.6 2.59 2.6 2.62 2.57 2.59 2.63 2.56 2.57 2.62 2.6 2.62 2.63 85.3 1e-05 0.1 512 SENet18
1.84 2.81 2.52 2.7 2.62 2.64 2.67 2.67 2.62 2.66 2.66 2.67 2.65 2.64 2.63 2.61 2.67 2.63 2.65 2.68 2.7 85.31 1e-07 0.1 512 SENet18
1.84 2.66 2.6 2.7 2.61 2.62 2.65 2.66 2.66 2.68 2.65 2.63 2.63 2.61 2.62 2.64 2.64 2.65 2.68 2.65 2.65 86.27 1e-07 0.1 256 SENet18
1.84 2.65 2.68 2.62 2.67 2.5 2.61 2.58 2.64 2.6 2.6 2.62 2.61 2.64 2.59 2.6 2.64 2.64 2.62 2.63 2.63 85.71 1e-06 0.1 256 SENet18
1.84 2.79 2.71 2.67 2.7 2.65 2.67 2.69 2.7 2.69 2.73 2.7 2.63 2.68 2.7 2.68 2.7 2.67 2.65 2.68 2.72 83.44 1e-07 0.1 1024 SENet18
1.84 2.99 3.03 2.87 2.9 2.89 2.86 2.86 2.88 2.91 2.93 2.9 2.87 2.89 2.88 2.89 2.91 2.9 2.92 2.91 2.92 74.4 1e-07 0.01 1024 SENet18
1.84 2.85 2.72 2.55 2.56 2.56 2.58 2.6 2.57 2.59 2.55 2.58 2.62 2.62 2.56 2.58 2.62 2.59 2.56 2.57 2.54 81.37 1e-06 0.01 256 SENet18
1.84 3.34 2.93 2.93 3.01 3.04 2.92 2.97 2.98 2.95 2.96 2.98 2.97 3.05 2.96 2.96 2.96 2.98 2.95 2.97 2.94 74.5 1e-05 0.01 1024 SENet18
1.84 2.76 2.79 2.75 2.83 2.81 2.79 2.84 2.87 2.86 2.79 2.78 2.8 2.82 2.79 2.93 2.85 2.86 2.86 2.88 2.89 78.63 1e-05 0.01 512 SENet18
1.84 2.79 2.65 2.72 2.7 2.71 2.78 2.75 2.7 2.72 2.78 2.75 2.71 2.71 2.71 2.73 2.72 2.74 2.72 2.69 2.72 78.54 1e-06 0.01 512 SENet18
1.84 3.04 2.68 2.6 2.6 2.59 2.61 2.63 2.62 2.63 2.64 2.66 2.68 2.66 2.66 2.62 2.6 2.67 2.67 2.61 2.58 81.73 1e-07 0.01 256 SENet18
1.84 2.71 2.68 2.73 2.63 2.66 2.69 2.69 2.69 2.72 2.7 2.67 2.69 2.69 2.69 2.68 2.73 2.73 2.69 2.68 2.72 81.42 1e-05 0.01 256 SENet18
1.84 2.92 3.04 3.06 3.04 3.04 3.01 3.03 3.04 3.01 3.03 3.04 3.01 3.01 3.04 3.02 3.01 3.0 3.03 3.03 3.03 74.43 1e-06 0.01 1024 SENet18
1.84 2.93 2.8 2.81 2.87 2.76 2.91 2.88 2.94 2.84 2.81 2.84 2.79 2.8 2.86 2.83 2.97 2.92 2.82 2.88 2.88 77.83 1e-07 0.01 512 SENet18
1.84 3.3 3.68 3.61 3.53 3.62 3.56 3.73 3.66 3.55 3.58 3.64 3.6 3.67 3.71 3.69 3.71 3.72 3.54 3.6 3.7 69.85 1e-05 0.001 256 SENet18
1.84 3.24 3.45 3.75 3.66 3.66 3.72 3.7 3.64 3.76 3.62 3.72 3.58 3.65 3.84 3.59 3.62 3.68 3.74 3.63 3.72 69.82 1e-07 0.001 256 SENet18
1.84 3.25 3.2 3.79 3.88 3.86 3.96 3.94 3.92 3.78 3.85 3.94 4.02 3.97 4.0 3.99 4.02 4.04 4.02 4.05 4.07 66.27 1e-05 0.001 512 SENet18
1.84 3.41 3.29 3.3 3.39 3.81 4.12 4.17 4.28 4.15 4.12 4.16 4.27 4.32 4.18 4.17 4.21 4.23 4.23 4.22 4.18 64.0 1e-05 0.001 1024 SENet18
1.84 3.41 3.28 3.34 3.44 3.81 4.07 4.06 4.22 4.27 4.25 4.4 4.35 4.25 4.39 4.25 4.38 4.34 4.27 4.26 4.28 63.86 1e-06 0.001 1024 SENet18
1.84 3.41 3.29 3.31 3.44 3.7 4.19 4.19 4.23 4.21 4.24 4.17 4.24 4.25 4.31 4.23 4.27 4.28 4.2 4.33 4.21 63.89 1e-07 0.001 1024 SENet18
1.84 3.2 3.15 3.85 3.94 4.03 4.08 4.06 3.97 3.95 4.0 4.14 4.11 4.07 4.04 4.14 4.15 4.14 4.14 4.04 4.08 66.31 1e-06 0.001 512 SENet18
1.84 3.17 3.34 3.56 3.64 3.7 3.86 3.72 3.8 3.81 3.61 3.65 3.62 3.64 3.74 3.7 3.67 3.74 3.74 3.67 3.77 69.84 1e-06 0.001 256 SENet18
1.84 3.15 3.18 3.86 4.03 3.95 3.95 4.05 3.93 3.87 3.98 4.14 3.97 3.92 3.99 3.94 4.12 3.92 3.91 3.88 3.95 65.97 1e-07 0.001 512 SENet18
2.25 2.67 2.77 2.69 2.69 2.66 2.71 2.7 2.69 2.68 2.74 2.77 2.76 2.72 2.71 2.76 2.78 2.74 2.75 2.74 2.72 84.2 1e-05 0.1 1024 SENet18
2.25 2.62 2.64 2.74 2.74 2.74 2.74 2.72 2.73 2.73 2.73 2.7 2.73 2.73 2.72 2.68 2.67 2.69 2.7 2.71 2.73 85.91 1e-06 0.1 512 SENet18
2.25 2.78 2.83 2.73 2.7 2.71 2.69 2.71 2.7 2.72 2.72 2.73 2.71 2.71 2.72 2.7 2.69 2.72 2.73 2.71 2.7 83.87 1e-07 0.1 1024 SENet18
2.25 2.78 2.76 2.72 2.86 2.78 2.88 2.82 2.82 2.83 2.86 2.78 2.81 2.79 2.83 2.78 2.84 2.78 2.77 2.82 2.8 86.23 1e-07 0.1 256 SENet18
2.25 3.02 2.76 2.57 2.6 2.6 2.64 2.59 2.53 2.63 2.58 2.59 2.57 2.66 2.58 2.56 2.6 2.58 2.57 2.58 2.61 86.32 1e-05 0.1 256 SENet18
2.25 2.64 2.81 2.77 2.69 2.7 2.67 2.66 2.65 2.65 2.67 2.69 2.71 2.66 2.65 2.66 2.67 2.65 2.68 2.65 2.64 84.41 1e-06 0.1 1024 SENet18
2.25 2.83 2.64 2.67 2.65 2.62 2.68 2.62 2.6 2.71 2.62 2.65 2.64 2.66 2.69 2.64 2.64 2.61 2.61 2.66 2.68 86.39 1e-06 0.1 256 SENet18
2.25 2.72 2.79 2.74 2.75 2.69 2.74 2.72 2.73 2.72 2.72 2.72 2.73 2.71 2.71 2.78 2.74 2.72 2.71 2.77 2.72 85.65 1e-07 0.1 512 SENet18
2.25 3.06 3.16 3.11 3.09 3.1 3.15 3.14 3.21 3.13 3.22 3.18 3.14 3.2 3.18 3.15 3.16 3.17 3.16 3.17 3.16 75.42 1e-05 0.01 1024 SENet18
2.25 3.04 3.06 2.96 3.03 3.0 3.06 3.01 3.08 2.95 2.97 2.96 3.0 3.0 3.01 2.99 3.04 2.99 2.96 3.0 2.96 79.76 1e-07 0.01 512 SENet18
2.25 3.11 3.17 3.1 3.08 3.14 3.11 3.16 3.16 3.1 3.15 3.12 3.08 3.12 3.14 3.13 3.08 3.11 3.13 3.15 3.15 75.07 1e-07 0.01 1024 SENet18
2.25 3.19 3.12 3.19 3.11 3.06 3.06 3.13 3.1 3.07 3.07 3.1 3.1 3.11 3.12 3.16 3.16 3.1 3.1 3.11 3.11 75.66 1e-06 0.01 1024 SENet18
2.25 2.76 2.76 2.8 2.71 2.79 2.85 2.8 2.8 2.77 2.79 2.75 2.77 2.78 2.78 2.78 2.79 2.77 2.75 2.75 2.78 82.74 1e-05 0.01 256 SENet18
2.25 2.66 2.66 2.77 2.72 2.71 2.7 2.76 2.71 2.68 2.69 2.73 2.7 2.67 2.67 2.72 2.72 2.7 2.69 2.69 2.7 85.43 1e-05 0.1 512 SENet18
1.0 2.76 2.69 2.65 2.71 2.72 2.71 2.72 2.73 2.69 2.71 2.77 2.73 2.71 2.72 2.69 2.76 2.68 2.71 2.72 2.68 85.11 1e-07 0.1 512 SENet18
1.0 2.91 2.92 2.97 2.95 2.99 2.93 3.03 2.92 2.95 2.95 2.9 2.93 2.97 3.0 2.94 2.96 2.95 2.92 2.9 2.99 79.06 1e-07 0.01 512 SENet18
1.0 2.76 2.67 2.84 2.93 2.95 2.85 2.93 2.82 2.85 2.94 2.91 2.88 2.91 2.86 2.92 2.96 2.9 2.92 2.87 2.91 82.24 1e-06 0.01 256 SENet18
2.25 3.3 3.43 3.71 3.71 3.75 3.82 3.71 3.74 3.68 3.78 3.74 3.68 3.7 3.81 3.77 3.77 3.8 3.79 3.82 3.76 67.2 1e-07 0.001 512 SENet18
1.0 3.19 3.12 3.7 4.08 3.88 4.02 4.17 3.96 4.06 3.88 3.98 4.0 4.04 3.99 4.17 4.06 4.03 4.1 4.07 4.03 66.58 1e-06 0.001 512 SENet18
2.25 3.32 3.34 3.59 3.66 3.83 3.72 3.62 3.62 3.6 3.7 3.72 3.69 3.75 3.68 3.66 3.64 3.66 3.72 3.68 3.64 67.11 1e-06 0.001 512 SENet18
1.0 2.77 2.63 2.76 2.74 2.7 2.76 2.73 2.75 2.75 2.8 2.72 2.74 2.77 2.74 2.74 2.76 2.74 2.74 2.77 2.78 85.69 1e-05 0.1 512 SENet18
1.0 2.74 2.65 2.83 2.75 2.81 2.78 2.82 2.86 2.79 2.79 2.78 2.82 2.85 2.79 2.81 2.79 2.8 2.85 2.84 2.82 85.43 1e-06 0.1 512 SENet18
1.0 2.9 2.8 2.82 2.83 2.87 2.82 2.81 2.8 2.81 2.8 2.81 2.79 2.8 2.79 2.81 2.8 2.79 2.78 2.78 2.8 83.95 1e-05 0.1 1024 SENet18
1.0 2.93 2.95 2.87 2.83 2.82 2.92 2.89 2.79 2.8 2.8 2.79 2.85 2.82 2.82 2.8 2.84 2.82 2.86 2.83 2.8 81.68 1e-05 0.01 256 SENet18
1.0 3.17 3.1 3.64 4.08 4.03 3.94 3.89 3.98 4.1 3.93 3.94 3.89 4.13 4.1 4.0 3.96 4.2 4.07 4.03 4.08 66.76 1e-07 0.001 512 SENet18
2.25 2.79 2.89 2.89 2.88 2.83 2.96 2.86 2.88 2.9 2.87 2.87 2.87 2.94 2.98 2.85 2.89 2.89 2.9 2.84 2.86 79.78 1e-05 0.01 512 SENet18
2.25 2.88 2.78 2.74 2.74 2.73 2.83 2.76 2.79 2.74 2.78 2.73 2.76 2.76 2.86 2.78 2.77 2.83 2.82 2.74 2.77 82.57 1e-06 0.01 256 SENet18
1.0 2.96 2.97 2.94 3.0 2.95 2.97 2.98 2.92 2.97 2.93 2.96 2.98 3.02 2.94 2.93 2.89 2.95 2.99 2.98 2.94 79.22 1e-06 0.01 512 SENet18
1.0 3.16 3.47 3.39 3.56 3.6 3.54 3.62 3.63 3.75 3.73 3.77 3.62 3.77 3.75 3.78 3.58 3.66 3.76 3.74 3.85 69.86 1e-05 0.001 256 SENet18
1.0 3.44 3.16 3.15 3.26 3.51 3.86 3.83 4.05 3.9 3.99 3.94 4.02 3.93 3.96 3.98 3.99 3.97 4.07 4.04 3.95 65.2 1e-05 0.001 1024 SENet18
2.25 2.91 3.1 3.01 3.04 2.92 2.92 2.95 3.02 3.03 3.06 2.95 3.03 3.02 3.07 2.97 3.0 2.99 3.03 2.99 2.95 79.09 1e-06 0.01 512 SENet18
2.25 2.76 2.77 2.73 2.79 2.74 2.7 2.77 2.67 2.73 2.75 2.68 2.75 2.71 2.7 2.78 2.8 2.68 2.7 2.72 2.66 82.7 1e-07 0.01 256 SENet18
1.0 3.15 3.09 3.72 3.92 3.88 4.1 4.01 4.09 4.1 4.04 3.96 3.89 4.1 4.0 4.12 3.94 4.0 3.95 3.98 4.08 66.68 1e-05 0.001 512 SENet18
1.0 3.06 3.52 3.53 3.47 3.49 3.52 3.53 3.57 3.53 3.63 3.56 3.44 3.53 3.45 3.49 3.56 3.62 3.56 3.59 3.56 70.1 1e-06 0.001 256 SENet18
2.25 3.34 3.37 3.68 3.63 3.86 3.69 3.61 3.8 3.68 3.68 3.7 3.69 3.82 3.85 3.8 3.75 3.72 3.78 3.81 3.72 67.3 1e-05 0.001 512 SENet18
2.25 3.33 3.11 3.52 3.48 3.52 3.56 3.5 3.54 3.58 3.6 3.56 3.59 3.55 3.59 3.55 3.6 3.57 3.6 3.5 3.57 70.48 1e-05 0.001 256 SENet18
1.0 3.43 3.13 3.16 3.25 3.51 3.9 4.0 3.94 3.91 3.97 4.0 3.9 3.93 3.96 3.99 3.92 3.98 3.98 4.02 3.9 65.24 1e-06 0.001 1024 SENet18
1.0 3.01 3.57 3.52 3.61 3.63 3.78 3.6 3.74 3.74 3.7 3.73 3.63 3.71 3.9 3.7 3.73 3.77 3.63 3.73 3.76 69.96 1e-07 0.001 256 SENet18
2.25 3.3 3.25 3.55 3.63 3.61 3.67 3.57 3.61 3.68 3.58 3.54 3.73 3.65 3.63 3.62 3.71 3.62 3.61 3.63 3.63 70.34 1e-06 0.001 256 SENet18
2.25 3.29 3.41 3.53 3.67 3.49 3.74 3.55 3.55 3.62 3.6 3.64 3.66 3.51 3.68 3.59 3.64 3.54 3.48 3.54 3.52 70.62 1e-07 0.001 256 SENet18
1.0 2.72 2.81 2.7 2.79 2.73 2.76 2.81 2.77 2.77 2.77 2.77 2.73 2.77 2.69 2.72 2.71 2.78 2.73 2.72 2.75 86.22 1e-06 0.1 256 SENet18
1.0 2.8 2.78 2.91 2.89 2.92 2.8 2.87 2.84 2.91 2.89 2.87 2.91 2.87 2.92 2.93 2.88 2.91 2.91 2.88 2.93 86.18 1e-05 0.1 256 SENet18
1.0 2.89 2.7 2.58 2.55 2.59 2.52 2.55 2.55 2.53 2.54 2.57 2.56 2.55 2.55 2.58 2.54 2.55 2.54 2.51 2.55 85.95 1e-07 0.1 256 SENet18
1.0 2.99 2.8 2.77 2.82 2.75 2.77 2.76 2.78 2.77 2.77 2.85 2.81 2.83 2.79 2.79 2.78 2.81 2.79 2.75 2.79 81.99 1e-07 0.01 256 SENet18
