1.0 7.06 6.29 6.81 7.1 6.71 6.68 6.69 6.73 6.74 6.7 6.83 6.71 6.75 6.72 6.75 6.68 6.73 6.73 6.74 6.76 100.0 75.66 1e-05 0.1 1024
1.0 6.71 6.65 6.75 6.69 6.61 6.56 6.64 6.66 6.62 6.63 6.58 6.59 6.56 6.61 6.62 6.55 6.59 6.5 6.59 6.57 100.0 79.27 1e-06 0.1 1024
1.0 6.92 6.9 6.75 7.16 6.83 6.84 6.85 6.81 6.86 6.8 6.82 6.81 6.81 6.84 6.79 6.82 6.86 6.85 6.83 6.88 100.0 77.67 1e-07 0.1 1024
1.0 6.58 6.7 6.31 6.41 6.44 6.39 6.41 6.34 6.44 6.43 6.39 6.32 6.32 6.4 6.42 6.42 6.4 6.45 6.38 6.44 100.0 80.44 1e-05 0.1 512
1.0 6.98 6.95 6.7 6.74 6.54 6.65 6.55 6.55 6.5 6.5 6.48 6.59 6.52 6.55 6.53 6.52 6.48 6.59 6.55 6.54 100.0 77.14 1e-06 0.1 512
1.0 6.79 7.07 6.63 6.66 6.62 6.67 6.59 6.64 6.6 6.6 6.62 6.55 6.74 6.6 6.67 6.64 6.61 6.61 6.65 6.57 100.0 78.73 1e-07 0.1 512
1.0 6.35 6.3 6.33 6.37 6.11 6.04 6.06 6.06 6.25 6.18 6.04 6.19 6.09 6.09 5.98 6.08 6.08 6.06 6.12 6.06 100.0 82.56 1e-05 0.1 256
1.0 6.6 6.59 6.83 6.28 6.46 6.47 6.37 6.51 6.33 6.32 6.34 6.34 6.28 6.29 6.27 6.24 6.21 6.23 6.3 6.22 100.0 78.95 1e-06 0.1 256
1.0 6.61 6.95 7.34 7.55 7.25 7.04 7.17 7.33 7.3 7.3 7.3 7.34 7.48 7.42 7.48 7.46 7.36 7.35 7.32 7.32 99.998 74.33 1e-07 0.1 256
1.0 10.98 10.77 10.48 10.56 10.57 10.63 10.62 10.63 10.54 10.66 10.68 10.45 10.64 10.59 10.6 10.55 10.51 10.6 10.71 10.53 100.0 59.99 1e-05 0.01 1024
1.0 10.93 10.95 10.78 10.81 10.78 10.84 10.75 10.96 10.89 10.83 10.87 10.96 10.88 10.73 10.83 10.76 10.89 10.86 10.75 10.82 100.0 59.75 1e-06 0.01 1024
1.0 10.71 10.83 10.75 10.65 10.68 10.69 10.66 10.81 10.76 10.66 10.73 10.64 10.68 10.64 10.77 10.65 10.73 10.72 10.77 10.77 100.0 60.79 1e-07 0.01 1024
1.0 9.03 8.63 8.46 8.45 8.46 8.53 8.39 8.48 8.44 8.46 8.49 8.5 8.57 8.54 8.54 8.45 8.41 8.48 8.43 8.56 100.0 69.36 1e-05 0.01 512
1.0 9.11 8.99 8.57 8.78 8.61 8.57 8.66 8.64 8.65 8.56 8.57 8.68 8.62 8.67 8.61 8.63 8.77 8.66 8.67 8.72 100.0 68.02 1e-06 0.01 512
1.0 8.92 8.96 9.16 9.16 9.01 9.07 9.18 9.1 9.15 9.24 9.1 9.07 9.1 9.37 9.22 9.07 9.1 9.23 9.27 9.15 100.0 67.83 1e-07 0.01 512
1.0 7.36 7.44 7.54 7.48 7.7 7.41 7.33 7.39 7.42 7.62 7.46 7.52 7.54 7.53 7.38 7.53 7.42 7.37 7.39 7.43 100.0 74.61 1e-05 0.01 256
1.0 7.41 7.39 7.64 7.02 7.18 7.04 7.0 7.01 7.04 7.03 7.08 7.0 7.09 7.0 7.03 7.08 7.02 7.0 7.05 7.06 100.0 74.33 1e-06 0.01 256
1.0 7.38 7.13 7.32 7.31 7.33 7.45 7.46 7.43 7.43 7.43 7.32 7.41 7.54 7.36 7.43 7.48 7.45 7.42 7.43 7.39 100.0 73.24 1e-07 0.01 256
1.0 16.21 19.6 23.84 25.37 25.72 25.44 25.72 25.39 25.44 25.67 25.69 25.82 25.56 25.68 25.64 25.58 25.82 25.52 25.88 25.81 100.0 36.99 1e-05 0.001 1024
1.0 15.73 20.02 23.19 24.31 24.43 24.37 24.48 24.34 24.5 24.27 24.23 24.28 24.46 24.18 24.38 24.11 24.21 24.39 24.42 24.68 100.0 36.69 1e-06 0.001 1024
1.0 15.13 19.97 23.2 24.86 25.32 25.07 25.31 25.57 25.4 25.4 25.41 25.28 25.41 25.31 25.45 25.52 25.45 25.53 25.48 25.59 100.0 37.13 1e-07 0.001 1024
1.0 13.39 19.15 20.36 20.82 20.63 20.66 20.78 20.77 20.66 20.54 20.64 20.74 20.49 20.62 20.69 20.62 20.79 20.57 20.61 20.76 100.0 44.04 1e-05 0.001 512
1.0 13.69 18.28 19.33 18.98 18.87 19.33 19.3 19.2 19.25 19.16 19.43 19.22 19.13 18.95 19.37 19.05 19.11 19.15 19.16 19.37 100.0 43.84 1e-06 0.001 512
1.0 13.39 18.49 20.02 19.96 20.26 20.08 20.12 20.17 20.57 20.37 20.17 20.32 20.13 20.37 20.14 20.41 20.33 20.32 20.29 20.42 100.0 43.59 1e-07 0.001 512
1.0 12.88 15.23 14.65 15.18 14.78 15.43 15.39 15.36 15.15 15.3 15.42 15.33 15.06 15.06 15.2 15.38 15.08 15.31 15.2 15.35 99.996 51.38 1e-05 0.001 256
1.0 12.86 14.46 14.59 14.44 14.52 14.81 14.95 15.25 15.09 14.8 14.91 15.03 14.78 14.83 14.77 15.15 14.83 15.25 15.03 14.98 100.0 52.01 1e-06 0.001 256
1.0 14.08 15.2 15.6 14.93 14.8 14.96 15.07 14.9 15.09 15.32 15.19 15.49 15.08 15.26 15.28 15.25 15.17 15.13 15.05 15.28 100.0 51.18 1e-07 0.001 256
1.0 7.71 8.47 8.58 8.16 8.38 8.43 8.39 8.27 8.29 8.23 8.19 8.25 8.26 8.19 8.23 8.31 8.32 8.28 8.28 8.26 100.0 69.13 1e-05 0.1 1024
1.0 6.72 6.64 6.76 6.64 6.73 6.64 6.6 6.69 6.7 6.67 6.71 6.7 6.65 6.65 6.67 6.69 6.7 6.66 6.75 6.65 100.0 77.46 1e-06 0.1 1024
1.0 6.71 6.44 6.93 6.75 6.75 6.73 6.81 6.73 6.84 6.84 6.74 6.71 6.68 6.76 6.78 6.73 6.73 6.74 6.74 6.71 100.0 77.31 1e-07 0.1 1024
1.0 7.14 7.7 7.21 7.05 6.91 6.53 6.5 6.77 6.91 6.95 7.13 6.62 6.63 6.61 6.65 6.77 6.61 6.69 6.84 6.76 100.0 78.92 1e-05 0.1 512
1.0 6.74 6.87 6.75 6.75 6.64 6.87 6.94 6.88 6.93 7.05 6.95 6.9 7.08 6.8 6.89 6.93 6.91 6.89 6.88 6.89 100.0 75.94 1e-06 0.1 512
1.0 6.15 6.61 6.49 6.34 6.15 6.26 6.05 6.2 6.23 6.38 6.22 6.33 6.31 6.39 6.27 6.27 6.35 6.3 6.29 6.38 99.998 81.27 1e-07 0.1 512
1.0 6.52 7.68 7.04 7.21 7.26 7.43 7.14 7.27 7.24 7.24 7.19 7.33 7.17 7.26 7.28 7.22 7.29 7.28 7.3 7.22 100.0 71.86 1e-05 0.1 256
1.0 6.19 6.62 6.83 6.74 6.82 6.07 6.4 6.33 6.18 6.18 6.22 6.21 6.26 6.29 6.19 6.36 6.19 6.17 6.16 6.28 100.0 80.29 1e-06 0.1 256
1.0 6.57 6.8 6.77 6.67 6.31 6.49 6.26 6.44 6.44 6.4 6.55 6.67 6.46 6.48 6.38 6.52 6.45 6.41 6.38 6.46 99.996 78.7 1e-07 0.1 256
1.0 10.99 11.0 10.83 10.99 10.97 10.95 11.01 11.01 11.12 10.98 11.03 10.99 10.98 11.19 11.02 11.05 11.08 11.02 11.02 11.05 100.0 58.67 1e-05 0.01 1024
1.0 11.61 11.69 11.44 11.53 11.5 11.3 11.36 11.34 11.4 11.4 11.46 11.5 11.28 11.37 11.29 11.48 11.4 11.43 11.43 11.4 100.0 59.13 1e-06 0.01 1024
1.0 11.71 11.17 11.36 11.2 11.17 11.12 11.16 11.09 10.96 11.07 10.89 11.0 11.07 11.17 11.13 11.08 11.08 11.22 11.1 11.05 100.0 59.28 1e-07 0.01 1024
1.0 8.99 8.95 8.68 8.66 8.74 8.62 8.71 8.69 8.67 8.75 8.68 8.78 8.66 8.68 8.63 8.73 8.59 8.64 8.68 8.75 100.0 68.36 1e-05 0.01 512
1.0 9.58 8.96 9.3 9.4 9.36 9.33 9.31 9.35 9.48 9.36 9.32 9.34 9.4 9.36 9.36 9.29 9.34 9.42 9.38 9.28 100.0 66.65 1e-06 0.01 512
1.0 9.29 9.06 9.37 9.21 9.37 9.27 9.13 9.12 9.29 9.09 9.07 9.16 9.11 9.04 9.11 9.13 9.02 9.17 9.23 9.17 100.0 67.39 1e-07 0.01 512
1.0 7.37 7.16 7.3 7.17 7.18 7.08 7.35 7.16 7.43 7.51 7.33 7.27 7.35 7.27 7.23 7.39 7.21 7.28 7.26 7.17 100.0 75.49 1e-05 0.01 256
1.0 7.89 7.18 7.16 7.29 7.18 7.04 7.2 7.17 7.2 7.12 7.13 7.18 7.15 7.02 7.09 7.05 7.21 7.06 7.26 7.13 100.0 75.4 1e-06 0.01 256
1.0 6.98 7.16 7.34 7.25 7.17 7.17 7.19 7.28 7.4 7.28 7.3 7.17 7.27 7.21 7.16 7.35 7.2 7.19 7.22 7.14 100.0 75.07 1e-07 0.01 256
1.0 15.14 18.75 22.42 24.02 24.22 24.24 24.32 24.35 24.21 24.76 24.42 24.23 24.44 24.34 24.61 24.3 24.55 24.6 24.54 24.34 100.0 38.69 1e-05 0.001 1024
1.0 15.28 19.52 22.39 24.53 24.83 24.97 24.8 24.77 24.67 24.89 24.82 24.41 24.65 24.61 24.57 24.49 24.51 24.78 24.54 24.65 100.0 39.38 1e-06 0.001 1024
1.0 15.49 19.17 22.81 24.34 24.66 24.22 24.69 24.81 24.61 24.9 24.62 24.62 25.02 24.8 24.99 24.91 24.95 25.15 24.74 24.89 100.0 39.08 1e-07 0.001 1024
1.0 13.83 17.44 19.04 19.32 19.44 19.05 18.92 19.54 19.25 19.35 19.1 19.06 19.29 19.14 19.27 19.11 19.42 19.03 19.02 19.13 99.992 44.85 1e-05 0.001 512
1.0 14.24 18.96 20.5 20.62 20.34 20.09 20.11 20.43 20.41 20.53 20.43 20.33 20.31 20.37 20.48 20.52 20.46 20.35 20.49 20.37 99.998 44.05 1e-06 0.001 512
1.0 14.35 19.27 20.25 20.61 20.81 20.72 20.93 20.72 20.57 20.72 20.83 21.04 20.51 20.69 20.64 21.26 21.12 20.71 21.19 20.82 99.998 44.5 1e-07 0.001 512
1.0 12.08 15.26 14.81 14.98 15.09 15.29 14.62 14.72 14.96 15.25 14.93 14.82 14.67 14.87 14.88 15.19 14.47 14.8 15.05 14.77 99.998 53.52 1e-05 0.001 256
1.0 12.89 15.28 14.8 14.97 15.19 14.8 14.87 14.77 14.64 15.01 15.01 14.82 14.74 15.29 14.81 14.82 14.51 15.07 14.93 14.54 100.0 51.28 1e-06 0.001 256
1.0 13.44 15.59 15.28 15.27 15.48 15.18 15.15 15.15 15.33 15.48 15.31 15.29 15.57 15.43 15.56 15.22 15.03 15.76 15.33 15.02 99.998 51.36 1e-07 0.001 256
1.0 6.02 6.56 6.46 6.67 6.55 6.47 6.43 6.48 6.6 6.53 6.5 6.51 6.47 6.45 6.4 6.46 6.5 6.49 6.49 6.51 99.998 78.7 1e-05 0.1 1024
1.0 6.49 6.18 6.19 6.34 6.12 6.1 6.04 6.07 5.99 6.07 6.1 6.1 6.1 6.05 6.08 6.04 6.09 6.1 6.11 6.08 100.0 79.22 1e-06 0.1 1024
1.0 6.45 6.26 6.45 6.41 6.38 6.49 6.48 6.45 6.55 6.47 6.47 6.48 6.52 6.5 6.45 6.52 6.49 6.48 6.5 6.46 100.0 78.19 1e-07 0.1 1024
1.0 6.92 6.41 6.62 6.42 6.5 6.64 6.45 6.25 6.5 6.5 6.34 6.43 6.34 6.43 6.38 6.46 6.4 6.32 6.3 6.42 100.0 76.72 1e-05 0.1 512
1.0 6.17 6.58 6.6 6.77 6.64 6.65 6.71 6.78 6.84 6.77 6.81 6.75 6.73 6.74 6.85 6.87 6.75 6.72 6.74 6.82 100.0 77.68 1e-06 0.1 512
1.0 6.46 6.55 6.24 6.24 6.31 6.51 6.34 6.39 6.42 6.45 6.41 6.32 6.46 6.42 6.43 6.39 6.58 6.41 6.44 6.51 100.0 79.89 1e-07 0.1 512
1.0 6.44 7.32 7.07 7.52 7.28 6.95 6.89 7.07 7.35 7.32 7.25 7.19 7.24 7.27 7.19 7.21 7.22 7.21 7.31 7.27 100.0 73.76 1e-05 0.1 256
1.0 6.58 6.33 6.54 6.29 6.54 6.47 6.48 6.43 6.53 6.37 6.44 6.67 6.47 6.56 6.65 6.66 6.63 6.68 6.64 6.61 100.0 78.84 1e-06 0.1 256
1.0 6.65 6.29 6.37 6.12 6.43 6.19 6.09 6.19 6.22 6.27 6.31 6.51 6.38 6.4 6.32 6.31 6.42 6.36 6.35 6.37 100.0 82.04 1e-07 0.1 256
1.0 11.54 10.94 10.81 10.85 10.7 10.78 10.75 10.8 10.84 10.83 10.82 10.76 10.9 10.71 10.75 10.77 10.72 10.8 10.87 10.72 100.0 58.98 1e-05 0.01 1024
1.0 11.8 11.5 11.48 11.53 11.64 11.5 11.57 11.46 11.46 11.58 11.52 11.51 11.51 11.56 11.45 11.51 11.5 11.48 11.6 11.3 100.0 58.54 1e-06 0.01 1024
1.0 11.17 10.85 11.0 10.96 10.88 10.78 10.96 10.96 10.88 10.89 11.01 10.93 10.84 10.97 10.9 10.9 10.91 10.97 10.95 10.84 100.0 59.62 1e-07 0.01 1024
1.0 9.01 9.31 8.86 8.99 8.8 8.87 8.89 9.0 8.76 8.89 8.87 8.91 8.92 8.83 8.89 8.86 8.87 8.96 8.75 8.85 100.0 67.45 1e-06 0.01 512
1.0 8.85 8.85 9.13 9.06 9.13 9.02 9.0 8.97 9.05 9.03 9.01 9.04 9.07 8.94 9.06 8.95 9.02 8.99 9.02 9.06 100.0 67.72 1e-07 0.01 512
1.0 9.23 8.73 8.67 8.57 8.58 8.66 8.51 8.53 8.67 8.65 8.65 8.58 8.66 8.69 8.58 8.54 8.65 8.65 8.58 8.58 100.0 67.45 1e-05 0.01 512
1.0 7.66 7.53 7.91 7.81 7.52 7.54 7.51 7.61 7.57 7.46 7.54 7.67 7.52 7.55 7.47 7.49 7.51 7.57 7.57 7.59 100.0 73.54 1e-06 0.01 256
1.0 7.49 7.98 7.59 7.3 7.27 7.39 7.44 7.44 7.5 7.59 7.62 7.59 7.56 7.5 7.41 7.5 7.51 7.57 7.37 7.46 100.0 73.08 1e-07 0.01 256
1.0 7.9 7.2 7.8 7.41 7.35 7.54 7.43 7.43 7.61 7.52 7.43 7.47 7.54 7.58 7.45 7.49 7.58 7.48 7.4 7.51 100.0 73.36 1e-05 0.01 256
1.0 16.64 21.76 25.9 26.46 26.75 26.75 27.12 27.37 27.11 27.27 27.21 27.15 27.37 27.68 27.69 27.34 27.27 27.43 27.45 27.31 100.0 35.42 1e-07 0.001 1024
1.0 13.68 20.58 20.51 20.36 20.97 21.08 20.94 20.69 20.95 20.8 21.25 20.91 20.83 21.08 20.87 20.78 20.84 20.9 20.88 20.84 100.0 41.83 1e-06 0.001 512
1.0 13.73 15.2 15.4 15.14 15.36 15.33 15.08 15.43 15.44 15.47 15.45 15.44 15.74 15.73 15.38 15.35 15.23 15.55 15.67 15.43 100.0 50.78 1e-06 0.001 256
1.0 13.68 19.97 20.61 20.51 20.36 20.36 20.05 20.37 20.75 20.02 20.39 20.28 20.37 20.63 20.28 20.24 20.24 20.3 20.41 19.99 100.0 42.25 1e-07 0.001 512
1.0 13.14 14.87 15.8 15.62 15.52 15.59 15.89 15.76 15.8 15.88 15.51 15.55 15.68 15.44 15.79 15.42 15.57 15.73 15.8 15.64 99.998 50.65 1e-07 0.001 256
1.0 14.22 15.2 15.06 15.46 15.3 15.56 15.34 15.45 15.44 15.49 15.22 15.69 15.73 15.57 15.54 15.37 15.54 15.58 15.67 15.36 100.0 51.41 1e-05 0.001 256
