1.0 13.61 15.37 14.22 14.81 14.72 14.89 14.95 15.01 15.19 15.21 15.13 15.2 15.05 15.03 14.89 15.19 15.28 14.98 15.13 15.08 100.0 67.85 1e-05 0.1 1024
1.0 14.45 14.88 14.11 13.91 13.64 14.14 13.99 13.96 14.21 14.09 14.29 14.07 14.03 14.0 14.01 13.98 14.27 14.07 14.07 14.18 100.0 68.08 1e-06 0.1 1024
1.0 14.38 15.78 14.75 15.19 14.5 14.43 14.52 14.44 14.5 14.31 14.8 14.53 14.55 14.78 14.9 14.89 14.66 14.53 14.73 14.74 100.0 67.85 1e-07 0.1 1024
1.0 9.62 9.66 9.39 9.42 9.19 8.88 9.46 9.57 9.66 9.21 9.1 9.46 9.29 9.17 9.17 9.26 9.1 9.47 9.33 9.38 99.998 76.5 1e-07 0.1 256
1.0 12.19 11.34 11.13 10.85 11.78 11.35 11.42 11.05 11.18 11.38 11.36 11.28 11.06 11.29 11.34 11.32 11.19 11.36 11.18 11.51 100.0 72.61 1e-06 0.1 512
1.0 9.3 9.29 9.31 9.48 9.19 9.21 9.24 9.33 9.15 9.5 9.34 9.47 9.44 9.11 9.1 9.17 9.16 9.14 9.17 9.4 100.0 76.43 1e-05 0.1 256
1.0 11.07 11.2 11.42 10.26 10.94 10.91 10.66 10.38 10.27 10.39 10.29 10.26 10.21 10.4 10.24 10.36 10.29 10.24 10.28 10.27 100.0 73.3 1e-07 0.1 512
1.0 9.43 9.1 9.94 9.53 9.29 9.3 9.05 9.55 9.59 9.22 9.37 9.79 9.46 9.75 9.89 9.81 9.94 9.59 9.82 9.59 100.0 75.77 1e-06 0.1 256
1.0 28.76 31.59 27.26 27.33 27.55 27.31 27.32 27.58 27.36 27.52 27.38 27.48 27.72 27.67 27.37 27.14 27.6 27.48 27.6 27.55 100.0 61.51 1e-07 0.01 1024
1.0 23.33 21.67 20.47 20.02 20.36 20.07 20.05 20.09 19.97 19.76 19.83 19.67 19.69 19.81 19.65 19.88 19.77 19.85 19.99 19.91 100.0 64.39 1e-05 0.01 512
1.0 20.33 21.14 18.93 18.23 18.31 17.98 18.18 17.91 17.73 17.89 17.92 17.66 17.58 17.7 17.99 17.88 17.94 17.74 17.93 17.82 100.0 64.32 1e-06 0.01 512
1.0 16.2 16.07 16.07 14.9 15.31 14.81 14.79 14.93 14.78 14.8 15.28 14.87 15.42 14.79 14.97 14.82 14.89 15.22 14.95 15.06 99.998 68.6 1e-05 0.01 256
1.0 22.39 19.28 20.09 19.15 18.79 18.57 18.35 18.42 18.26 18.3 18.43 18.54 18.35 18.41 18.21 18.38 18.33 18.43 18.25 18.03 100.0 65.84 1e-07 0.01 512
1.0 113.62 71.03 60.63 69.67 88.17 104.52 106.7 105.8 106.75 104.28 104.5 105.43 106.2 105.29 105.02 104.05 104.93 105.4 104.62 104.96 99.932 43.98 1e-06 0.001 1024
1.0 16.46 16.31 16.06 15.44 15.2 15.46 15.09 15.48 15.4 15.59 15.66 15.65 16.03 15.83 15.98 16.06 15.74 15.78 15.81 15.63 100.0 66.9 1e-06 0.01 256
1.0 105.78 71.53 61.5 74.81 95.53 105.76 108.13 106.32 107.0 105.53 106.83 105.82 105.71 106.09 106.55 103.8 105.34 105.5 104.5 105.09 99.958 43.63 1e-05 0.001 1024
1.0 17.33 15.26 14.93 15.07 14.77 15.15 14.89 15.14 15.09 15.02 14.9 15.26 15.57 15.27 15.18 15.41 15.21 15.08 15.24 15.37 100.0 67.83 1e-07 0.01 256
1.0 15.18 14.95 15.43 14.22 13.7 13.6 13.66 13.88 13.67 13.75 13.7 13.96 13.77 13.67 13.79 13.8 13.78 13.68 13.62 13.74 100.0 69.27 1e-05 0.1 1024
1.0 71.11 46.79 61.56 71.34 70.11 68.1 68.24 66.57 66.8 67.42 66.0 65.7 66.06 65.31 65.67 66.03 65.85 66.1 65.94 65.37 99.99 50.79 1e-07 0.001 512
1.0 44.25 48.43 52.88 47.49 45.15 44.63 44.75 43.6 41.91 44.92 44.01 43.5 43.43 43.67 43.4 43.13 43.11 43.59 42.93 43.07 99.982 57.16 1e-07 0.001 256
1.0 68.77 46.54 65.3 71.6 72.24 68.17 69.01 67.41 67.7 67.32 67.55 68.27 68.43 67.66 68.25 68.01 67.63 67.72 67.47 67.01 100.0 51.18 1e-06 0.001 512
1.0 40.75 43.7 48.59 43.02 41.26 40.56 39.64 40.63 40.28 39.76 40.06 40.1 39.29 39.89 39.43 39.3 39.54 40.95 40.15 40.07 99.99 57.7 1e-05 0.001 256
1.0 40.69 40.7 45.37 41.83 41.15 39.27 38.96 38.8 38.99 39.45 38.4 38.76 38.16 40.38 38.72 39.31 40.0 39.71 39.13 38.61 99.986 57.28 1e-06 0.001 256
1.0 14.29 12.84 14.12 13.32 13.11 13.24 13.22 13.2 13.11 13.12 13.14 13.15 13.13 13.12 13.31 13.1 13.4 13.34 13.22 13.12 100.0 69.56 1e-06 0.1 1024
1.0 11.34 10.79 10.95 10.36 10.69 10.5 10.17 10.38 10.33 10.37 10.34 10.32 10.36 10.42 10.53 10.52 10.29 10.46 10.43 10.39 100.0 73.25 1e-05 0.1 512
1.0 9.29 9.49 9.28 9.35 8.69 9.39 9.12 8.73 8.8 8.63 8.63 8.52 8.67 8.49 8.55 8.5 8.48 8.48 8.55 8.62 100.0 77.58 1e-05 0.1 256
1.0 11.89 12.06 11.41 11.1 11.5 11.81 11.01 10.81 10.91 10.97 10.82 10.85 11.02 10.68 10.82 11.01 10.93 11.08 11.04 11.15 100.0 72.88 1e-07 0.1 512
1.0 11.9 12.67 11.72 11.36 11.4 11.64 11.22 11.08 11.1 11.05 11.04 11.18 11.15 10.98 11.13 11.06 11.04 11.2 11.09 11.04 100.0 71.39 1e-06 0.1 512
1.0 9.27 8.87 9.21 8.71 8.78 8.92 8.41 8.58 8.71 8.75 8.52 8.34 8.46 8.3 8.63 8.58 8.47 8.48 8.5 8.48 100.0 77.64 1e-07 0.1 256
1.0 32.29 36.0 30.76 30.04 30.18 30.15 30.3 30.11 29.82 29.58 29.76 29.72 29.68 29.93 29.58 29.76 29.96 29.35 29.73 29.52 100.0 59.89 1e-06 0.01 1024
1.0 10.0 9.2 9.67 9.65 9.47 9.92 9.44 9.39 9.13 9.15 9.47 9.38 9.58 9.28 9.84 9.67 9.44 9.51 9.44 9.73 100.0 75.91 1e-06 0.1 256
1.0 33.93 32.83 30.66 30.31 30.1 30.0 29.67 29.93 29.96 30.07 29.66 29.85 30.08 29.42 29.34 29.63 29.61 29.39 29.39 30.49 100.0 60.93 1e-07 0.01 1024
1.0 23.67 21.69 19.84 19.65 19.52 19.71 19.63 19.61 20.14 19.76 19.93 19.8 19.71 19.82 19.88 19.9 19.86 20.03 19.62 19.9 100.0 64.9 1e-05 0.01 512
1.0 23.51 20.79 20.36 19.28 20.07 19.79 19.65 19.38 20.01 19.86 19.54 19.9 19.99 19.35 19.98 19.84 20.08 19.87 20.1 19.51 100.0 64.47 1e-06 0.01 512
1.0 23.02 21.91 20.47 19.77 19.77 19.78 19.65 19.51 19.89 20.21 19.57 19.49 20.2 19.94 20.0 19.56 19.79 19.8 19.64 19.84 100.0 64.27 1e-07 0.01 512
1.0 16.42 15.29 15.2 15.6 14.16 14.87 14.38 14.34 15.25 15.1 14.34 14.75 14.44 14.21 14.5 14.64 14.28 14.58 14.64 14.61 100.0 68.16 1e-06 0.01 256
1.0 15.45 16.32 16.54 15.91 15.54 14.8 14.69 14.65 15.14 15.07 14.76 14.61 14.75 14.51 15.17 15.14 14.78 14.89 14.86 15.07 100.0 68.2 1e-07 0.01 256
1.0 17.17 15.71 15.43 14.1 14.87 14.77 14.71 15.02 15.42 15.32 15.01 15.19 15.31 15.58 15.26 15.23 15.42 15.14 15.22 15.23 100.0 68.3 1e-05 0.01 256
1.0 109.66 72.49 58.26 75.14 99.46 103.46 104.61 103.8 103.75 103.49 104.29 103.09 103.33 103.46 103.03 104.24 103.44 103.64 103.54 102.84 99.952 45.52 1e-05 0.001 1024
1.0 122.19 71.55 75.14 94.86 115.61 116.77 115.93 114.2 115.23 115.21 113.74 113.58 113.7 114.24 113.7 114.28 113.74 113.38 114.06 114.07 99.97 43.22 1e-07 0.001 1024
1.0 114.85 67.43 63.37 80.35 101.26 108.73 108.08 107.13 105.33 106.84 106.78 106.58 106.12 106.29 107.14 106.59 106.52 107.11 106.4 105.83 99.978 44.45 1e-06 0.001 1024
1.0 65.11 44.06 55.15 69.73 66.75 66.29 64.02 63.36 64.36 63.59 63.41 63.09 64.09 62.16 63.12 62.99 63.4 62.45 63.15 62.96 99.99 53.13 1e-05 0.001 512
1.0 68.94 46.53 55.21 71.35 67.05 66.07 66.35 64.59 64.31 65.09 65.33 64.32 64.71 64.25 64.13 64.22 64.17 65.52 64.9 64.29 99.998 51.84 1e-06 0.001 512
1.0 14.12 14.49 13.97 14.02 13.31 13.81 13.54 13.72 13.94 13.68 13.93 13.95 13.87 14.09 13.71 13.84 13.84 13.79 13.9 13.92 100.0 68.52 1e-05 0.1 1024
1.0 68.15 49.03 64.42 75.41 70.86 69.44 68.7 68.33 68.38 68.37 69.82 69.01 69.56 68.31 67.85 69.55 69.22 68.44 68.8 68.66 99.988 51.88 1e-07 0.001 512
1.0 40.46 45.15 50.52 46.38 42.68 42.38 41.19 41.83 40.78 40.91 39.84 40.67 40.14 40.62 41.1 41.44 40.74 41.62 41.09 41.73 99.996 58.2 1e-05 0.001 256
1.0 14.24 14.29 13.57 13.79 14.0 14.19 14.03 14.16 14.15 14.12 14.18 14.1 14.07 14.11 14.0 14.14 14.03 14.05 13.88 14.02 100.0 67.69 1e-06 0.1 1024
1.0 40.99 42.85 48.08 43.64 42.92 40.71 40.15 40.37 40.83 39.95 39.6 38.95 40.05 39.73 41.02 39.78 39.4 39.69 40.21 40.23 99.994 57.37 1e-06 0.001 256
1.0 41.42 46.1 52.41 47.79 44.88 43.34 43.97 42.18 43.9 43.44 43.53 42.12 43.21 42.91 43.0 43.3 42.56 43.31 42.96 43.1 100.0 57.25 1e-07 0.001 256
1.0 14.19 13.57 14.34 12.97 12.43 12.57 12.54 12.41 12.47 12.43 12.57 12.59 12.54 12.45 12.44 12.53 12.51 12.51 12.64 12.54 100.0 68.36 1e-07 0.1 1024
1.0 11.64 11.32 11.33 10.92 10.97 10.09 10.21 10.19 10.25 10.16 10.31 10.34 10.46 10.43 10.29 10.33 10.27 10.29 10.41 10.27 100.0 71.69 1e-05 0.1 512
1.0 11.04 11.28 11.28 10.96 10.63 10.46 10.26 10.51 10.61 10.64 10.62 10.77 10.8 10.69 10.61 10.55 10.6 10.68 10.56 10.51 100.0 72.2 1e-06 0.1 512
1.0 11.8 11.99 12.64 11.6 11.1 11.05 10.75 10.72 11.08 11.1 10.97 10.83 10.92 10.87 10.9 10.66 10.75 10.69 10.83 10.81 100.0 70.61 1e-07 0.1 512
1.0 10.34 9.36 9.59 9.71 9.85 8.97 9.41 9.03 9.25 9.26 9.25 8.93 10.07 9.68 9.57 9.57 9.43 9.61 9.71 9.5 100.0 75.57 1e-07 0.1 256
1.0 9.24 8.81 9.52 9.33 9.77 9.72 8.93 8.86 9.3 9.71 9.35 9.24 9.2 9.35 9.18 9.23 9.38 9.36 9.18 9.2 100.0 75.89 1e-05 0.1 256
1.0 36.21 34.39 30.56 31.66 31.17 31.18 31.1 31.02 31.06 30.86 31.01 30.97 30.89 31.08 30.8 30.98 30.77 30.84 30.87 31.24 100.0 58.72 1e-05 0.01 1024
1.0 9.58 9.69 9.17 9.54 8.52 9.27 8.85 9.32 9.13 8.99 9.31 9.24 9.2 9.58 9.28 9.51 9.3 9.25 9.52 9.45 100.0 75.83 1e-06 0.1 256
1.0 41.04 36.29 35.7 33.98 33.78 33.27 33.85 33.34 33.38 33.49 33.59 33.7 32.96 33.51 33.5 33.15 33.64 33.49 33.56 33.52 100.0 59.68 1e-06 0.01 1024
1.0 34.2 29.85 29.34 29.12 29.3 28.95 28.68 28.74 28.89 28.5 28.63 28.58 28.41 28.59 28.8 28.4 28.44 28.36 28.33 28.61 100.0 60.6 1e-07 0.01 1024
1.0 23.19 22.05 19.99 20.09 19.66 19.73 19.54 19.87 19.74 19.35 19.21 19.5 19.3 19.66 19.15 19.67 19.29 19.94 19.62 19.46 100.0 64.97 1e-05 0.01 512
1.0 21.55 22.69 20.79 20.66 20.26 20.64 20.07 20.19 20.47 20.29 20.02 20.26 20.33 20.12 20.16 20.17 20.43 20.2 20.34 20.27 100.0 62.63 1e-06 0.01 512
1.0 20.3 21.54 19.06 19.34 19.68 19.71 19.75 19.74 19.53 19.93 19.73 19.61 19.75 19.37 19.95 19.64 19.67 19.51 19.88 19.7 100.0 64.37 1e-07 0.01 512
1.0 16.58 15.13 15.2 14.28 13.85 13.41 14.09 13.69 14.01 13.98 13.93 14.07 14.23 14.28 14.05 14.09 14.07 13.89 13.74 14.18 100.0 68.96 1e-07 0.01 256
1.0 16.5 14.34 14.58 13.29 13.04 13.32 13.4 13.38 13.32 13.18 14.05 13.49 13.27 13.41 13.4 13.35 13.15 13.47 13.51 13.22 100.0 69.35 1e-06 0.01 256
1.0 136.75 67.35 58.55 65.08 84.96 100.17 101.26 102.57 102.82 102.5 103.25 103.4 102.51 102.51 101.61 101.59 102.3 101.34 101.86 101.55 99.958 45.5 1e-06 0.001 1024
1.0 16.55 15.54 14.26 13.72 13.54 13.27 13.59 13.29 13.2 13.3 13.65 13.45 13.55 13.69 13.43 13.37 13.41 13.41 13.55 13.85 100.0 68.33 1e-05 0.01 256
1.0 126.17 76.29 62.83 71.85 94.64 108.0 109.2 110.03 107.72 107.99 106.88 107.95 108.07 108.44 106.74 106.83 108.29 107.56 107.82 107.62 99.97 44.69 1e-07 0.001 1024
1.0 128.62 69.99 57.8 61.74 81.86 96.71 96.56 98.16 97.04 97.81 97.3 98.48 98.14 96.32 96.96 97.23 97.35 97.24 97.02 97.72 99.968 45.28 1e-05 0.001 1024
1.0 73.73 52.7 61.08 72.32 70.54 69.44 68.42 67.94 66.23 67.27 66.64 66.12 66.14 65.34 66.29 65.18 65.85 64.73 65.04 66.47 99.986 51.78 1e-06 0.001 512
1.0 65.71 45.48 60.54 70.09 71.51 69.71 67.96 68.79 68.26 68.23 67.08 66.88 65.67 66.24 66.58 65.9 65.86 66.52 66.94 66.49 99.98 52.21 1e-07 0.001 512
1.0 67.58 48.56 65.14 77.61 76.64 73.79 70.54 71.58 71.34 71.21 70.21 69.55 71.18 70.15 71.13 69.79 70.0 69.39 69.68 70.2 99.986 50.77 1e-05 0.001 512
1.0 42.1 43.11 50.01 47.01 43.14 44.54 43.11 42.11 42.6 41.29 42.81 43.32 42.19 42.36 43.38 42.75 42.35 42.94 43.11 42.3 99.996 57.74 1e-06 0.001 256
1.0 45.03 43.36 50.52 47.03 43.46 43.89 45.24 43.06 41.45 41.08 41.86 41.76 42.22 42.19 41.6 41.61 41.89 41.35 41.78 42.24 99.996 58.13 1e-07 0.001 256
1.0 43.62 44.58 47.84 47.48 42.54 42.13 42.05 42.61 42.35 41.25 42.53 42.21 42.71 42.07 41.99 41.73 41.5 42.19 42.17 41.97 99.996 58.58 1e-05 0.001 256
