1.14 7.38 9.28 9.1 9.87 9.66 9.65 9.68 9.72 9.85 9.77 9.8 9.81 10.02 9.87 10.0 9.9 9.96 9.99 10.01 9.84 100.0 76.68 1e-05 0.1 1024
1.14 7.93 8.45 9.46 9.74 9.65 9.79 9.77 9.93 9.61 9.81 9.82 9.87 9.93 9.87 9.95 10.02 9.93 9.99 9.94 10.05 100.0 77.57 1e-06 0.1 1024
1.14 8.21 9.64 9.78 9.64 10.69 10.57 10.56 10.7 10.63 10.83 10.7 10.86 10.82 10.82 10.76 10.95 10.58 10.76 10.78 10.86 100.0 75.37 1e-07 0.1 1024
1.14 7.4 7.34 8.33 8.28 8.47 8.54 8.54 8.55 8.39 8.45 8.63 8.57 8.49 8.55 8.54 8.64 8.68 8.57 8.44 8.53 100.0 80.56 1e-05 0.1 512
1.14 7.46 9.06 10.29 9.81 10.28 10.31 10.07 9.95 10.19 10.44 10.2 10.16 10.26 10.4 10.44 10.32 10.3 10.37 10.36 10.3 100.0 76.21 1e-06 0.1 512
1.14 9.17 9.06 11.18 11.2 11.16 11.34 11.38 11.37 11.25 11.44 11.41 11.54 11.65 11.61 11.7 11.73 11.67 11.6 11.57 11.39 100.0 80.3 1e-07 0.1 512
1.14 6.58 7.11 7.36 7.47 7.59 7.52 7.49 7.6 7.6 7.59 7.62 7.59 7.63 7.59 7.64 7.43 7.62 7.7 7.66 7.72 100.0 83.6 1e-05 0.1 256
1.14 6.68 7.69 8.44 7.71 7.83 7.4 7.62 7.73 7.73 7.71 7.77 7.7 7.51 7.7 7.69 7.52 7.64 7.67 7.69 7.7 100.0 81.28 1e-06 0.1 256
1.14 7.32 7.63 7.8 8.25 7.98 8.22 8.12 7.97 8.13 8.15 8.18 7.96 8.04 7.91 7.92 7.78 8.0 8.12 8.06 7.9 100.0 82.35 1e-07 0.1 256
1.14 12.13 16.48 16.53 15.59 15.38 15.35 15.55 15.62 15.39 15.51 15.54 15.53 15.56 15.65 15.62 15.51 15.39 15.48 15.64 15.57 100.0 71.62 1e-05 0.01 1024
1.14 13.21 16.1 14.42 16.78 16.65 16.65 16.44 16.64 16.57 16.53 16.53 16.52 16.7 16.54 16.38 16.55 16.44 16.47 16.47 16.51 100.0 70.87 1e-06 0.01 1024
1.14 13.24 14.91 16.37 16.93 16.67 16.8 16.83 16.9 16.74 16.78 17.12 16.7 16.81 16.93 16.68 16.72 16.87 16.89 16.85 16.78 100.0 71.25 1e-07 0.01 1024
1.14 11.17 11.44 12.33 12.02 12.52 12.6 12.39 12.37 12.39 12.46 12.3 12.48 12.45 12.47 12.6 12.56 12.46 12.55 12.38 12.47 100.0 75.92 1e-05 0.01 512
1.14 12.64 11.8 12.04 12.11 11.97 12.2 12.07 11.95 12.15 11.84 11.94 11.86 11.82 12.08 11.95 11.94 11.92 12.05 12.18 11.89 100.0 76.17 1e-06 0.01 512
1.14 10.94 12.58 12.38 12.15 12.44 12.39 12.36 12.46 12.4 12.26 12.54 12.72 12.52 12.66 12.44 12.78 12.6 12.7 12.61 12.5 100.0 76.02 1e-07 0.01 512
1.14 8.25 8.97 9.13 9.26 9.54 9.27 9.37 9.32 9.41 9.34 9.21 9.3 9.37 9.32 9.12 9.11 9.37 9.41 9.39 9.2 100.0 80.48 1e-05 0.01 256
1.14 8.12 8.73 8.92 9.14 9.13 9.0 9.02 8.98 8.99 8.98 8.98 9.08 8.93 8.88 9.13 8.9 9.04 9.07 9.07 9.08 100.0 81.63 1e-06 0.01 256
1.14 9.29 9.49 8.94 9.45 9.58 9.42 9.27 9.27 9.47 9.38 9.44 9.39 9.34 9.5 9.63 9.51 9.24 9.31 9.35 9.44 100.0 81.18 1e-07 0.01 256
1.14 18.86 18.06 22.77 29.7 41.21 47.98 50.99 53.12 51.04 51.15 52.19 52.19 52.44 52.15 52.31 52.31 52.2 52.57 52.31 52.01 100.0 52.54 1e-05 0.001 1024
1.14 17.31 16.96 21.14 28.59 39.17 47.83 47.68 48.15 48.11 50.23 48.75 49.92 49.67 49.73 49.24 49.72 49.94 49.81 49.58 49.15 99.998 52.67 1e-06 0.001 1024
1.14 17.97 17.46 22.12 31.38 38.52 48.17 50.84 50.19 48.77 49.46 50.02 49.73 50.59 50.14 50.84 49.97 50.5 50.65 50.23 50.15 99.998 52.86 1e-07 0.001 1024
1.14 16.26 19.41 28.59 34.48 36.67 36.38 36.37 37.27 35.96 37.76 37.64 36.43 36.7 37.33 37.04 36.93 37.12 37.11 37.36 36.79 99.998 59.17 1e-05 0.001 512
1.14 16.97 19.38 26.25 35.71 36.48 37.51 37.82 38.08 37.7 38.06 37.8 38.35 38.43 37.78 37.86 38.28 38.01 38.42 37.94 38.03 100.0 59.06 1e-06 0.001 512
1.14 15.02 19.45 27.58 32.85 36.61 35.4 36.0 35.96 35.31 36.97 36.01 35.97 36.62 37.13 36.71 36.73 36.78 36.69 36.9 36.14 100.0 59.04 1e-07 0.001 512
1.14 14.64 19.54 22.72 23.84 23.21 22.87 22.84 23.3 23.41 23.53 23.24 23.46 23.2 23.47 23.31 23.75 23.41 23.34 23.44 23.36 100.0 65.66 1e-05 0.001 256
1.14 13.9 19.25 23.76 21.34 22.41 22.73 22.31 23.03 22.15 22.58 22.05 23.23 22.81 22.71 22.52 22.72 22.7 22.35 22.55 22.44 99.998 66.31 1e-06 0.001 256
1.14 15.64 20.69 23.72 25.23 25.82 25.28 24.71 25.36 25.15 24.83 25.38 25.48 25.9 25.49 25.71 25.64 26.03 25.46 25.74 25.66 99.996 65.64 1e-07 0.001 256
1.16 7.3 7.3 9.26 9.0 9.14 9.45 9.41 9.23 9.49 9.37 9.41 9.39 9.37 9.5 9.41 9.55 9.65 9.49 9.63 9.56 100.0 79.69 1e-05 0.1 1024
1.16 8.01 7.2 7.87 8.57 8.62 8.59 8.66 8.67 8.74 8.84 9.02 8.91 8.92 9.13 9.03 9.1 9.07 9.01 9.04 8.97 100.0 80.66 1e-06 0.1 1024
1.16 7.69 6.74 8.88 9.07 9.06 8.96 8.96 9.18 9.01 8.97 8.96 9.18 9.08 9.09 8.91 8.98 9.0 8.96 8.92 9.01 100.0 77.28 1e-07 0.1 1024
1.16 6.84 7.62 8.51 8.37 8.27 8.25 8.41 8.2 8.25 8.34 8.22 8.37 8.38 8.32 8.35 8.4 8.42 8.32 8.31 8.3 100.0 80.31 1e-05 0.1 512
1.16 6.54 8.02 8.91 8.5 8.59 8.53 8.82 8.52 8.61 8.77 8.66 8.55 9.0 8.53 8.51 8.74 8.62 8.61 8.73 8.55 100.0 74.09 1e-06 0.1 512
1.16 6.94 7.66 8.78 8.47 8.64 8.65 8.61 8.43 8.47 8.42 8.4 8.46 8.59 8.45 8.5 8.39 8.51 8.45 8.45 8.45 100.0 79.46 1e-07 0.1 512
1.16 7.63 7.97 8.36 7.91 8.12 7.57 7.73 7.68 7.42 7.44 7.63 7.54 7.42 7.44 7.72 7.59 7.49 7.49 7.56 7.68 99.998 81.98 1e-05 0.1 256
1.16 6.72 7.65 7.84 7.87 7.89 7.9 7.74 7.73 7.93 7.86 8.01 7.63 7.76 7.88 7.69 7.82 7.9 7.76 7.82 7.82 100.0 82.4 1e-06 0.1 256
1.16 6.97 7.05 7.67 8.03 8.0 8.07 7.96 7.95 7.97 7.98 7.99 8.13 7.95 8.04 8.12 7.98 7.99 8.07 8.11 7.95 100.0 81.84 1e-07 0.1 256
1.16 13.71 16.84 16.7 16.49 16.59 16.43 16.77 16.72 16.69 16.8 16.85 16.91 16.8 16.86 16.74 16.83 17.04 16.85 16.92 16.85 100.0 71.99 1e-05 0.01 1024
1.16 13.6 16.8 16.86 16.86 17.06 17.14 16.9 17.09 17.24 17.14 17.33 17.2 17.26 17.32 17.24 17.31 17.15 17.16 17.4 17.4 100.0 71.99 1e-06 0.01 1024
1.16 13.02 16.13 16.78 16.86 16.97 16.94 16.99 17.1 17.28 17.17 17.13 16.98 16.9 16.99 17.32 17.27 17.24 17.41 17.16 17.27 100.0 71.75 1e-07 0.01 1024
1.16 9.8 11.51 11.75 11.46 11.68 11.66 11.81 11.82 11.59 11.9 11.65 11.63 11.86 11.74 11.71 11.79 11.77 11.67 11.72 11.78 100.0 76.77 1e-05 0.01 512
1.16 10.82 12.5 12.57 12.39 12.43 12.31 12.25 12.67 12.43 12.53 12.54 12.39 12.28 12.59 12.67 12.43 12.61 12.6 12.73 12.59 100.0 75.4 1e-06 0.01 512
1.16 11.26 11.61 11.99 11.79 11.7 11.63 11.88 11.62 11.65 11.73 11.69 11.75 11.9 11.58 11.7 11.62 11.68 11.65 11.51 11.61 100.0 76.38 1e-07 0.01 512
1.16 8.6 8.88 8.56 8.53 8.75 8.75 8.66 8.84 8.57 8.71 8.75 8.98 8.67 8.89 8.9 8.84 8.79 8.82 8.93 8.66 100.0 81.54 1e-05 0.01 256
1.16 8.33 8.26 9.28 9.02 8.98 8.81 8.97 9.19 9.0 9.1 9.11 9.08 9.37 9.14 9.05 9.03 9.14 9.04 9.07 9.12 100.0 81.39 1e-06 0.01 256
1.16 9.3 8.57 9.39 9.47 9.18 9.13 8.98 9.09 8.95 8.91 8.99 8.84 9.15 8.92 9.04 8.99 8.96 8.84 9.01 9.08 100.0 81.29 1e-07 0.01 256
1.16 21.6 19.74 26.0 33.73 46.13 54.0 54.36 55.4 57.19 57.07 57.11 56.93 56.68 57.21 56.81 56.31 56.53 56.95 57.0 56.64 100.0 51.01 1e-05 0.001 1024
1.16 22.51 20.48 25.38 35.75 46.64 54.96 56.38 56.18 55.78 55.96 56.4 56.34 56.03 56.61 56.33 55.84 56.58 56.21 56.23 56.45 100.0 50.92 1e-06 0.001 1024
1.16 23.87 21.09 26.34 36.07 48.56 55.4 56.06 57.11 54.85 56.2 56.96 55.67 55.79 56.15 55.62 55.15 55.54 55.54 55.24 55.88 100.0 51.42 1e-07 0.001 1024
1.16 17.63 20.03 29.54 34.4 37.43 36.42 37.02 36.64 37.42 37.24 37.83 37.19 37.19 37.36 37.37 37.14 37.18 37.52 37.1 37.65 100.0 59.0 1e-05 0.001 512
1.16 17.71 19.49 27.42 33.82 36.15 35.91 37.04 37.63 37.78 37.35 37.69 37.47 37.28 37.27 37.15 37.65 37.48 37.31 37.44 37.49 100.0 60.22 1e-06 0.001 512
1.16 17.79 19.63 29.09 37.52 36.69 38.29 37.53 37.37 37.8 37.36 38.08 37.23 37.98 37.3 38.27 37.76 38.11 38.31 37.94 37.74 100.0 59.01 1e-07 0.001 512
1.16 15.42 19.83 26.66 25.88 26.59 25.99 26.29 25.08 26.03 24.21 25.65 26.39 26.13 26.23 26.07 26.26 26.13 25.87 26.43 25.94 99.996 65.22 1e-05 0.001 256
1.16 14.64 21.29 25.55 24.36 25.0 24.57 24.18 25.06 24.72 24.8 25.3 24.87 25.05 24.97 25.06 25.15 24.99 25.18 25.05 25.56 99.992 65.66 1e-06 0.001 256
1.16 14.95 20.91 28.97 24.99 25.43 26.35 26.11 26.6 26.3 26.99 27.05 27.19 26.75 26.89 26.52 26.81 26.88 26.58 26.61 26.58 99.998 65.61 1e-07 0.001 256
2.33 8.05 8.86 10.52 10.32 10.51 10.36 9.93 10.29 10.61 9.91 10.22 10.42 10.42 10.28 10.23 10.34 10.13 10.21 10.33 10.36 100.0 81.23 1e-05 0.1 1024
2.33 8.59 9.51 10.14 10.68 10.64 10.87 10.8 10.71 10.66 10.86 10.95 10.84 10.78 10.89 11.2 10.99 11.04 11.02 11.02 11.02 100.0 78.62 1e-06 0.1 1024
2.33 7.55 8.07 9.14 9.09 8.85 8.53 8.64 8.77 8.79 8.66 8.68 8.66 8.87 8.74 8.67 8.7 8.76 8.59 8.7 8.71 100.0 79.83 1e-07 0.1 1024
2.33 6.58 7.51 7.77 7.5 7.52 7.53 7.48 7.49 7.62 7.62 7.61 7.69 7.71 7.68 7.66 7.64 7.86 7.73 7.74 7.59 100.0 81.26 1e-05 0.1 512
2.33 6.79 8.07 8.63 8.65 8.55 8.29 8.38 8.29 8.27 8.47 8.43 8.33 8.32 8.57 8.4 8.51 8.65 8.39 8.52 8.55 100.0 77.99 1e-06 0.1 512
2.33 6.59 8.03 8.18 8.33 8.05 8.12 8.08 8.02 8.0 7.95 8.09 7.99 8.1 8.23 8.14 8.09 8.21 8.06 8.03 8.14 100.0 79.79 1e-07 0.1 512
2.33 13.84 16.46 15.98 16.14 16.5 16.41 16.45 16.28 16.46 16.43 16.55 16.76 16.54 16.54 16.64 16.66 16.62 16.55 16.63 16.55 100.0 71.35 1e-05 0.01 1024
2.33 5.9 6.64 7.87 7.03 7.22 7.25 7.37 7.57 7.44 7.52 7.45 7.35 7.42 7.39 7.48 7.48 7.48 7.54 7.4 7.48 100.0 84.55 1e-05 0.1 256
2.33 12.33 15.43 16.12 15.88 16.14 16.23 16.44 16.45 16.57 16.36 16.46 16.47 16.53 16.8 16.67 16.63 16.52 16.52 16.56 16.72 100.0 70.82 1e-06 0.01 1024
2.33 12.52 16.79 13.94 14.62 14.4 14.43 14.74 14.61 14.63 14.72 14.63 14.91 14.81 14.63 14.72 14.83 14.68 14.8 14.74 14.7 100.0 71.92 1e-07 0.01 1024
2.33 6.59 7.3 7.72 7.88 7.6 7.73 7.63 7.65 7.49 7.65 7.67 7.69 7.77 7.77 7.73 7.8 7.57 7.82 7.74 7.7 100.0 82.07 1e-07 0.1 256
2.33 6.59 7.67 7.34 7.29 7.4 7.28 7.27 7.33 7.21 7.4 7.25 7.15 7.35 7.37 7.15 7.23 7.09 7.18 7.27 7.32 100.0 83.43 1e-06 0.1 256
2.33 22.26 20.78 24.96 37.96 51.64 59.89 60.77 63.17 62.36 63.37 61.29 62.86 62.18 62.69 62.84 63.15 63.17 62.61 62.9 62.88 99.968 52.78 1e-05 0.001 1024
2.33 20.15 21.05 24.45 37.92 50.01 59.22 58.98 60.84 61.44 60.75 61.47 60.66 60.85 61.41 60.88 60.75 60.95 60.87 60.84 60.84 99.974 53.42 1e-06 0.001 1024
2.33 11.95 13.29 12.07 12.02 12.26 11.99 12.06 12.11 12.16 12.24 12.19 12.18 12.62 12.42 12.02 12.1 12.28 12.14 12.3 11.98 100.0 76.33 1e-05 0.01 512
2.33 10.98 12.8 12.01 12.24 12.28 12.15 12.11 12.0 12.23 12.01 11.98 11.82 12.2 12.28 12.02 12.01 11.97 12.02 11.99 12.0 100.0 76.83 1e-06 0.01 512
2.33 8.84 9.85 9.09 8.84 9.1 8.88 8.87 8.9 8.81 9.01 8.97 8.95 8.76 8.98 8.94 8.95 8.95 9.05 8.87 9.08 100.0 81.44 1e-06 0.01 256
2.33 19.8 20.2 29.72 37.03 38.04 38.63 38.73 38.32 38.87 39.11 38.78 38.6 39.73 39.85 38.93 38.93 39.63 38.84 39.46 39.22 100.0 59.96 1e-05 0.001 512
2.33 11.76 11.2 11.84 11.7 11.79 11.82 11.7 11.9 12.06 11.8 11.77 11.79 11.81 11.72 11.9 11.77 11.93 11.85 12.01 11.82 100.0 76.97 1e-07 0.01 512
2.33 24.29 21.05 25.15 37.67 50.38 62.4 63.05 63.98 64.71 65.13 63.62 64.53 65.49 64.77 64.84 65.36 65.71 65.1 65.91 65.22 99.958 52.39 1e-07 0.001 1024
2.33 8.33 8.64 9.33 9.12 9.03 8.93 8.89 8.9 8.97 9.4 9.08 8.97 9.07 9.03 8.99 8.94 9.25 9.29 9.09 9.18 100.0 81.11 1e-05 0.01 256
2.33 8.66 8.82 8.9 8.97 8.93 8.91 8.86 9.11 9.08 8.8 9.0 8.81 9.21 9.11 9.05 9.11 9.18 9.01 9.0 8.94 100.0 80.73 1e-07 0.01 256
2.33 18.14 19.32 29.77 40.25 42.23 42.01 41.55 41.75 43.04 42.21 42.91 42.72 42.86 42.93 42.92 42.66 42.34 42.85 42.4 42.72 100.0 59.39 1e-07 0.001 512
2.33 18.66 19.13 31.01 36.97 40.96 39.17 40.13 40.02 40.18 40.67 40.65 40.64 40.74 40.31 39.97 40.83 40.53 41.17 40.54 41.0 100.0 59.36 1e-06 0.001 512
2.33 15.2 22.05 25.77 26.72 27.51 26.9 27.53 27.64 27.25 27.35 27.29 27.07 27.35 27.27 28.15 27.56 27.87 27.37 28.07 28.08 99.998 67.25 1e-05 0.001 256
2.33 15.31 22.61 25.46 27.78 26.68 26.61 28.38 27.61 27.22 28.09 27.28 27.42 27.55 27.28 27.66 27.46 27.36 27.3 27.4 27.97 100.0 66.75 1e-06 0.001 256
2.33 15.49 22.5 28.25 27.35 27.35 26.62 27.15 27.01 26.71 27.63 27.42 26.77 26.99 27.43 27.46 27.39 27.39 27.24 26.86 26.58 100.0 66.57 1e-07 0.001 256
