2.55 5.74 6.92 6.88 6.88 6.75 6.86 6.9 6.9 7.0 6.93 7.22 7.07 6.99 7.01 7.01 6.93 7.02 6.98 7.09 7.07 99.998 79.68 1e-06 0.1 1024
2.55 6.13 6.89 6.51 6.56 6.62 6.58 6.45 6.58 6.69 6.6 6.66 6.69 6.65 6.64 6.58 6.55 6.63 6.62 6.55 6.61 100.0 80.61 1e-05 0.1 1024
2.55 6.34 6.51 6.61 6.82 6.93 6.78 6.98 6.86 6.82 6.82 6.83 6.79 6.87 6.86 6.8 6.81 6.87 6.79 6.87 6.8 100.0 80.97 1e-07 0.1 1024
2.55 8.05 7.77 7.86 7.89 7.98 7.93 7.98 7.88 7.9 7.94 7.97 7.93 8.0 8.04 7.94 7.98 7.97 7.99 7.96 7.93 100.0 78.62 1e-05 0.01 1024
2.55 6.5 6.86 6.88 6.52 6.58 6.5 6.62 6.58 6.57 6.57 6.7 6.7 6.56 6.56 6.6 6.65 6.66 6.66 6.64 6.74 100.0 81.14 1e-06 0.1 512
2.55 7.66 7.56 7.57 7.54 7.58 7.64 7.68 7.64 7.69 7.67 7.73 7.55 7.7 7.59 7.65 7.69 7.68 7.64 7.6 7.66 100.0 78.14 1e-06 0.01 1024
2.55 7.91 8.08 8.17 8.18 8.16 8.18 8.16 8.18 8.28 8.23 8.25 8.41 8.41 8.28 8.39 8.3 8.27 8.32 8.27 8.41 100.0 78.82 1e-07 0.01 1024
2.55 6.58 6.26 6.35 6.34 6.26 6.33 6.38 6.28 6.32 6.35 6.31 6.36 6.36 6.41 6.47 6.41 6.44 6.35 6.34 6.35 100.0 82.35 1e-05 0.01 512
2.55 6.43 6.66 6.96 6.83 6.85 6.64 6.71 6.82 6.88 6.81 6.63 6.6 6.69 6.76 6.79 6.69 6.73 6.73 6.77 6.73 100.0 81.51 1e-05 0.1 512
2.55 6.8 6.57 6.77 6.88 6.62 6.65 6.99 6.95 6.97 7.11 6.9 6.92 6.97 6.93 6.82 6.89 6.85 6.86 6.91 6.86 100.0 80.48 1e-07 0.1 512
2.55 7.01 6.93 6.65 6.76 6.63 6.63 6.78 6.66 6.73 6.66 6.81 6.72 6.81 6.78 6.7 6.67 6.66 6.77 6.75 6.77 100.0 82.13 1e-07 0.01 512
2.55 18.33 22.67 23.09 22.72 23.36 23.4 23.14 23.41 23.16 23.26 23.37 23.14 23.22 23.38 23.22 23.24 23.56 23.33 23.07 23.3 100.0 61.84 1e-05 0.001 1024
2.55 6.11 6.38 6.39 6.48 6.46 6.39 6.32 6.4 6.18 6.25 6.21 6.28 6.32 6.37 6.34 6.27 6.2 6.34 6.35 6.34 100.0 83.1 1e-05 0.1 256
2.55 19.82 23.7 22.96 22.99 23.34 23.48 23.2 23.41 23.6 23.56 23.52 23.65 23.71 23.71 23.75 23.62 23.57 23.65 23.66 23.76 100.0 62.56 1e-07 0.001 1024
2.55 15.42 15.69 15.61 15.73 15.68 15.7 15.68 15.5 15.93 15.75 15.66 15.58 15.84 15.78 15.76 15.88 15.9 15.67 15.85 15.67 100.0 68.67 1e-07 0.001 512
2.55 18.31 24.3 24.08 24.18 24.52 24.39 24.27 24.37 24.57 24.7 24.51 24.57 24.59 24.71 24.61 24.51 24.56 24.4 24.91 24.78 100.0 62.91 1e-06 0.001 1024
2.55 5.99 6.04 5.81 6.03 5.88 5.91 5.77 5.85 5.83 5.8 5.76 5.92 5.83 5.83 5.92 5.89 5.83 5.86 5.8 5.7 100.0 84.5 1e-06 0.01 256
2.55 7.43 7.27 7.22 7.53 7.4 7.12 6.95 7.11 7.24 7.28 7.12 7.25 7.15 7.15 7.19 7.26 7.11 7.12 7.15 7.29 100.0 81.32 1e-06 0.1 256
2.55 10.59 10.71 10.51 10.83 10.86 10.52 10.81 11.13 11.0 10.96 10.9 10.92 10.73 10.75 10.87 10.9 11.11 10.88 11.02 11.05 100.0 75.59 1e-05 0.001 256
2.55 6.32 6.78 6.94 6.66 6.43 6.22 6.17 6.41 6.34 6.39 6.22 6.29 6.27 6.37 6.2 6.41 6.44 6.47 6.42 6.32 100.0 81.19 1e-07 0.1 256
2.55 16.13 15.31 15.47 15.46 15.21 15.24 15.45 15.41 15.42 15.33 15.56 15.4 15.54 15.5 15.53 15.38 15.65 15.36 15.64 15.52 100.0 69.02 1e-05 0.001 512
2.55 5.95 6.24 6.09 6.08 6.0 6.03 6.01 5.97 5.94 5.92 5.96 5.86 6.04 6.01 5.95 5.96 5.91 5.99 5.95 6.06 100.0 85.2 1e-05 0.01 256
2.55 6.59 6.72 6.66 6.66 6.65 6.69 6.58 6.61 6.74 6.69 6.8 6.6 6.61 6.62 6.7 6.58 6.54 6.66 6.62 6.72 100.0 82.21 1e-06 0.01 512
2.55 11.31 10.6 10.3 10.8 10.42 10.5 10.12 10.61 10.39 10.35 10.38 10.25 10.3 10.48 10.62 10.48 10.4 10.36 10.48 10.45 100.0 74.65 1e-07 0.001 256
1.26 7.56 7.62 7.58 7.67 7.67 7.65 7.74 7.73 7.73 7.71 7.79 7.73 7.82 7.76 7.76 7.77 7.69 7.75 7.79 7.81 100.0 78.06 1e-05 0.01 1024
2.55 16.29 15.86 16.04 15.75 15.92 15.91 15.9 16.02 15.84 15.69 15.78 15.92 15.82 15.73 15.78 15.82 15.9 15.93 15.92 15.79 100.0 68.55 1e-06 0.001 512
1.26 5.97 6.36 6.28 6.8 6.72 6.74 6.82 6.44 6.74 6.7 6.63 6.64 6.55 6.53 6.6 6.46 6.54 6.64 6.61 6.54 100.0 82.99 1e-07 0.1 512
2.55 6.15 6.07 6.1 6.15 6.1 6.13 6.1 6.23 6.13 6.14 6.17 6.12 6.17 6.18 6.07 6.12 5.99 6.21 6.12 6.09 100.0 84.56 1e-07 0.01 256
1.26 6.81 6.63 7.07 7.12 6.49 6.65 6.53 6.69 6.79 6.77 6.67 6.73 6.71 6.74 6.69 6.73 6.64 6.65 6.57 6.8 99.998 81.28 1e-05 0.1 512
1.26 6.33 5.97 6.09 6.03 5.93 5.94 5.91 5.93 5.96 5.92 5.97 5.94 6.03 5.97 6.02 5.96 5.96 5.99 5.95 5.98 100.0 84.09 1e-06 0.01 256
1.26 6.53 6.49 6.1 6.37 6.29 6.44 6.53 6.45 6.45 6.51 6.52 6.45 6.54 6.56 6.54 6.46 6.5 6.54 6.49 6.57 100.0 83.14 1e-06 0.1 512
1.26 6.91 6.44 6.41 6.64 6.65 6.64 6.62 6.58 6.53 6.57 6.64 6.55 6.46 6.53 6.53 6.52 6.52 6.45 6.52 6.49 100.0 82.26 1e-07 0.01 512
1.26 14.6 15.85 15.88 16.2 16.02 16.13 15.75 15.83 15.87 15.82 16.24 16.29 16.11 16.28 16.22 16.33 16.21 16.28 15.91 16.29 100.0 68.86 1e-07 0.001 512
2.55 10.39 9.91 9.8 10.06 10.12 10.25 10.1 10.29 10.07 10.31 10.1 10.04 10.35 10.48 10.2 10.14 10.08 10.33 10.23 10.42 100.0 74.78 1e-06 0.001 256
1.26 6.69 6.56 6.62 6.79 6.73 6.79 6.74 6.77 6.7 6.79 6.72 6.77 6.78 6.78 6.72 6.78 6.76 6.78 6.81 6.77 100.0 81.63 1e-06 0.01 512
1.26 6.03 6.18 6.36 6.3 6.28 6.42 6.26 6.34 6.3 6.21 6.31 6.29 6.29 6.34 6.35 6.35 6.3 6.27 6.26 6.3 100.0 84.32 1e-05 0.01 256
1.26 6.56 6.82 6.66 6.67 6.74 6.62 6.59 6.68 6.71 6.66 6.63 6.73 6.59 6.82 6.78 6.62 6.79 6.82 6.61 6.84 100.0 81.87 1e-05 0.01 512
1.26 6.58 5.98 5.95 6.0 5.92 5.86 6.01 6.09 6.02 5.93 6.05 6.12 6.01 6.01 6.08 5.99 5.91 5.99 5.96 6.05 100.0 84.76 1e-07 0.01 256
1.6 6.76 7.07 7.0 7.0 6.84 6.75 6.8 6.73 6.66 6.71 6.73 6.6 6.6 6.65 6.68 6.69 6.67 6.63 6.72 6.69 100.0 80.2 1e-05 0.1 1024
1.26 6.78 6.66 6.79 7.27 6.69 6.71 6.63 6.78 6.61 6.66 6.44 6.73 6.6 6.62 6.41 6.6 6.65 6.55 6.49 6.36 100.0 79.53 1e-06 0.1 256
1.26 6.51 7.18 7.33 7.06 7.17 6.75 7.02 6.71 6.77 6.64 6.62 6.71 6.69 6.64 6.79 6.89 6.82 6.66 6.73 6.65 99.996 78.99 1e-05 0.1 256
1.26 11.04 10.56 10.55 10.82 10.75 10.72 10.77 10.88 10.99 10.8 10.65 10.78 10.71 10.78 10.71 10.84 10.68 10.74 10.95 10.71 100.0 74.88 1e-07 0.001 256
1.26 6.52 6.62 6.4 6.55 6.69 6.54 6.57 6.67 6.56 7.0 6.88 6.72 6.74 6.56 6.64 6.55 6.57 6.61 6.64 6.58 99.998 80.32 1e-07 0.1 256
1.6 7.84 7.75 7.95 7.79 7.93 7.83 7.89 7.91 7.86 7.89 7.83 7.92 7.73 7.86 7.82 7.9 7.79 7.77 7.79 7.97 100.0 78.59 1e-06 0.01 1024
1.26 15.22 16.43 16.2 16.25 16.24 16.4 16.29 16.1 16.27 16.34 16.33 16.19 16.44 16.03 16.5 16.27 16.37 16.24 16.41 16.6 100.0 68.46 1e-06 0.001 512
1.6 6.68 6.58 6.7 6.77 6.73 6.76 6.65 6.74 6.65 6.78 6.7 6.75 6.72 6.69 6.81 6.78 6.81 6.75 6.73 6.72 100.0 81.96 1e-07 0.01 512
1.6 6.84 7.58 8.02 7.27 8.25 7.23 7.12 7.06 6.88 6.9 6.76 6.84 6.77 7.01 6.82 6.81 6.76 6.78 6.75 6.77 100.0 79.71 1e-05 0.1 512
1.6 6.55 6.85 6.91 7.05 8.31 7.24 7.15 7.17 7.15 7.01 7.3 7.13 7.03 6.95 7.06 6.89 6.99 7.01 7.01 7.05 100.0 79.17 1e-07 0.1 512
1.26 11.14 10.74 11.17 11.21 11.19 11.05 11.08 11.24 11.2 11.19 10.93 11.37 11.03 10.85 11.0 11.11 11.26 11.03 11.06 11.15 100.0 74.11 1e-06 0.001 256
1.26 16.31 15.98 15.95 15.53 15.75 15.81 15.59 16.14 15.89 16.22 16.39 16.08 15.97 16.12 16.16 16.11 16.11 16.13 15.81 15.96 100.0 68.74 1e-05 0.001 512
1.6 6.69 7.14 6.99 7.62 8.22 7.58 7.43 7.41 7.29 7.62 7.76 7.99 7.78 7.68 7.9 8.24 8.01 7.72 7.74 8.0 99.988 79.69 1e-06 0.1 512
1.26 10.8 10.79 10.99 11.13 11.21 10.8 11.19 11.04 11.15 10.99 11.04 11.13 11.16 11.14 10.87 11.15 11.14 11.11 11.24 10.9 100.0 74.69 1e-05 0.001 256
1.6 6.15 6.33 6.18 6.25 6.27 6.2 6.21 6.26 6.23 6.16 6.24 6.22 6.25 6.31 6.12 6.23 6.3 6.14 6.17 6.22 100.0 81.96 1e-06 0.01 512
1.6 6.38 6.74 6.59 6.7 6.08 6.41 6.47 6.43 6.35 6.46 6.38 6.51 6.46 6.56 6.62 6.51 6.56 6.47 6.31 6.5 100.0 81.08 1e-05 0.1 256
1.6 6.75 6.85 6.68 6.62 6.35 6.48 6.52 6.33 6.31 6.55 6.66 6.54 6.51 6.54 6.57 6.59 6.49 6.46 6.47 6.6 100.0 78.16 1e-06 0.1 256
1.6 6.67 6.54 6.63 6.65 6.58 6.67 6.77 6.61 6.78 6.76 6.72 6.64 6.69 6.75 6.74 6.73 6.71 6.7 6.62 6.69 100.0 81.57 1e-05 0.01 512
1.6 6.22 6.0 6.06 6.05 6.12 6.17 6.04 6.11 6.03 6.1 6.06 5.95 6.05 6.14 6.07 6.09 6.12 6.11 5.98 6.09 100.0 83.92 1e-07 0.01 256
1.6 6.1 5.99 6.02 6.03 6.11 6.01 6.0 6.04 6.03 5.95 5.92 6.07 6.02 5.98 6.12 5.99 6.05 6.05 6.08 6.07 100.0 84.65 1e-05 0.01 256
1.6 6.11 6.06 6.06 6.02 6.09 6.15 5.93 6.12 6.09 6.15 6.13 6.06 6.11 5.98 5.98 6.15 6.09 6.27 6.11 6.19 100.0 84.16 1e-06 0.01 256
1.6 15.02 14.8 14.34 14.59 14.88 14.89 14.83 14.64 14.82 14.72 14.9 14.7 14.76 14.75 14.96 14.91 15.03 14.72 15.0 15.01 100.0 69.35 1e-06 0.001 512
1.6 14.26 15.55 15.5 15.58 15.24 15.05 15.12 15.31 15.15 15.42 15.59 15.16 15.42 15.23 15.51 15.49 15.42 15.59 15.09 15.46 100.0 68.11 1e-05 0.001 512
1.6 6.22 6.33 6.94 6.58 6.7 6.69 6.76 6.72 6.74 6.72 6.79 6.73 6.84 6.59 6.63 6.75 6.64 6.68 6.68 6.67 100.0 81.64 1e-07 0.1 256
