3.01 5.97 5.98 6.11 6.13 6.11 6.1 6.06 6.07 6.03 6.1 6.07 6.1 6.1 6.06 6.08 6.12 6.1 6.1 6.06 6.15 100.0 83.83 1e-05 0.1 1024
3.01 5.71 5.96 5.91 5.86 5.87 5.82 5.82 5.83 5.84 5.89 5.84 5.82 5.86 5.88 5.82 5.83 5.81 5.84 5.79 5.88 100.0 83.19 1e-06 0.1 1024
3.01 5.58 5.87 5.96 5.95 5.9 5.89 5.93 5.94 5.88 5.86 5.95 5.9 5.94 5.83 5.94 5.93 5.88 5.93 5.9 5.88 100.0 83.36 1e-07 0.1 1024
3.01 5.8 5.6 5.74 5.74 5.73 5.72 5.72 5.7 5.73 5.81 5.69 5.74 5.79 5.78 5.71 5.71 5.68 5.69 5.78 5.77 100.0 85.53 1e-05 0.1 512
3.01 5.47 7.83 7.88 7.94 7.95 7.92 7.89 7.9 7.95 8.0 7.97 7.93 8.03 7.98 7.93 7.85 8.0 7.98 7.93 7.97 100.0 74.65 1e-05 0.01 1024
3.01 5.78 5.74 5.89 5.9 5.81 5.87 5.85 5.78 5.85 5.83 5.89 5.87 5.84 5.83 5.72 5.79 5.82 5.78 5.82 5.82 100.0 85.79 1e-07 0.1 512
3.01 6.82 8.05 7.89 7.96 7.99 7.91 8.03 7.95 8.01 7.98 7.97 8.06 8.05 8.04 7.88 7.99 7.93 7.97 7.96 8.09 100.0 74.34 1e-06 0.01 1024
3.01 6.06 6.06 6.04 6.03 6.01 5.99 5.95 5.95 5.97 5.92 5.99 5.96 6.0 5.88 5.97 5.83 5.95 5.93 5.89 5.99 100.0 85.96 1e-06 0.1 256
3.01 5.83 6.21 6.04 5.96 5.99 6.0 5.92 5.92 5.94 5.96 5.92 5.97 5.9 5.92 5.92 5.91 5.88 5.89 5.87 5.87 100.0 85.22 1e-06 0.1 512
3.01 6.32 6.08 6.31 6.36 6.36 6.43 6.55 6.4 6.41 6.34 6.32 6.37 6.36 6.35 6.43 6.57 6.46 6.34 6.37 6.41 100.0 78.87 1e-05 0.01 512
3.01 6.69 7.95 7.95 7.9 7.99 7.95 7.98 7.93 7.96 7.93 7.9 7.9 7.89 7.89 7.92 7.88 7.9 7.85 7.88 7.9 100.0 74.21 1e-07 0.01 1024
3.01 6.3 5.99 5.9 5.86 5.75 5.76 5.74 5.84 5.83 5.74 5.79 5.72 5.78 5.67 5.78 5.74 5.79 5.82 5.76 5.75 100.0 85.17 1e-07 0.1 256
3.01 7.32 7.37 7.37 8.22 9.75 11.23 11.67 11.79 11.98 11.93 11.98 12.0 11.96 12.16 12.0 12.03 11.98 12.07 12.01 12.06 100.0 63.92 1e-05 0.001 1024
3.01 6.21 6.13 6.2 6.05 6.06 6.28 6.11 6.13 6.13 6.18 6.18 6.21 6.1 6.23 6.13 6.16 6.17 6.15 6.26 6.14 100.0 81.97 1e-06 0.01 256
3.01 6.17 5.84 5.99 5.88 6.05 6.08 6.07 6.15 6.05 6.01 5.95 6.15 6.06 6.01 6.1 6.02 6.13 6.05 6.03 6.05 100.0 86.11 1e-05 0.1 256
3.01 6.12 6.46 6.11 6.09 6.1 6.18 6.07 6.1 6.11 6.19 6.13 6.09 6.02 5.94 6.14 6.06 6.17 6.17 6.26 6.03 100.0 81.77 1e-07 0.01 256
3.01 6.05 6.38 6.41 6.34 6.33 6.34 6.29 6.35 6.25 6.12 6.22 6.32 6.22 6.37 6.35 6.34 6.28 6.3 6.21 6.24 100.0 78.64 1e-07 0.01 512
3.01 5.8 6.38 6.05 5.97 6.04 6.07 6.05 6.04 6.02 6.02 5.96 6.0 5.96 6.08 6.05 5.87 6.06 5.95 5.93 6.12 100.0 81.99 1e-05 0.01 256
3.01 5.87 6.6 6.46 6.49 6.43 6.41 6.41 6.51 6.44 6.43 6.31 6.56 6.44 6.55 6.5 6.48 6.47 6.4 6.35 6.51 100.0 79.08 1e-06 0.01 512
3.01 7.05 7.31 9.36 10.04 10.35 10.4 10.76 10.86 10.75 10.84 10.83 11.02 10.81 10.96 10.97 10.91 10.94 10.82 10.93 10.89 100.0 66.1 1e-05 0.001 512
3.21 5.54 5.58 5.76 5.81 5.69 5.73 5.71 5.73 5.7 5.71 5.71 5.68 5.76 5.75 5.74 5.66 5.7 5.66 5.71 5.72 100.0 84.36 1e-06 0.1 1024
3.01 6.97 7.25 9.31 10.41 10.57 10.67 10.76 10.82 10.63 10.9 10.89 10.72 10.98 10.87 10.85 10.89 10.9 11.02 11.0 10.98 100.0 66.19 1e-06 0.001 512
3.01 6.77 8.97 9.55 9.62 9.61 9.4 9.38 9.44 9.54 9.45 9.55 9.4 9.57 9.59 9.67 9.75 9.65 9.69 9.72 9.71 100.0 69.92 1e-06 0.001 256
3.01 7.01 7.14 9.19 10.14 10.42 10.59 10.76 10.53 10.63 10.9 10.74 10.76 10.8 10.66 10.84 10.83 10.8 10.79 10.82 10.74 100.0 66.25 1e-07 0.001 512
3.21 5.85 5.81 5.56 5.53 5.57 5.56 5.52 5.55 5.59 5.55 5.61 5.56 5.59 5.62 5.58 5.58 5.6 5.57 5.6 5.61 100.0 83.88 1e-05 0.1 1024
3.01 6.86 8.51 9.38 9.4 9.68 9.75 9.63 9.66 9.65 9.64 9.37 9.61 9.49 9.7 9.74 9.59 9.86 9.86 9.72 9.67 100.0 69.87 1e-05 0.001 256
3.01 6.87 8.47 9.7 9.59 9.85 9.69 9.61 9.52 9.85 9.74 9.52 9.78 9.57 9.69 9.71 9.62 9.64 9.75 9.67 9.59 100.0 69.68 1e-07 0.001 256
3.21 5.54 5.63 5.65 5.6 5.63 5.6 5.69 5.66 5.77 5.71 5.65 5.69 5.64 5.71 5.72 5.68 5.65 5.7 5.67 5.82 100.0 85.71 1e-07 0.1 512
3.21 5.54 5.8 5.51 5.52 5.51 5.57 5.48 5.55 5.55 5.55 5.56 5.56 5.56 5.47 5.6 5.59 5.58 5.56 5.62 5.53 100.0 85.4 1e-06 0.1 512
3.21 5.88 5.49 5.48 5.57 5.62 5.61 5.61 5.68 5.53 5.55 5.54 5.53 5.57 5.54 5.55 5.55 5.48 5.52 5.5 5.44 100.0 85.61 1e-05 0.1 512
3.21 6.69 7.63 7.65 7.68 7.66 7.63 7.74 7.7 7.68 7.71 7.64 7.73 7.69 7.69 7.72 7.75 7.71 7.68 7.62 7.71 100.0 75.13 1e-06 0.01 1024
3.21 6.34 6.6 6.68 6.7 6.7 6.66 6.56 6.67 6.69 6.7 6.7 6.66 6.73 6.69 6.73 6.69 6.68 6.74 6.76 6.67 100.0 79.76 1e-05 0.01 512
3.21 5.93 5.61 5.89 5.8 5.92 5.74 5.77 5.82 5.75 5.74 5.75 5.72 5.84 5.86 5.87 5.79 5.79 5.76 5.81 5.75 100.0 86.59 1e-05 0.1 256
3.21 6.78 7.69 7.82 7.76 7.87 7.77 7.74 7.76 7.78 7.9 7.8 7.71 7.9 7.77 7.68 7.69 7.83 7.7 7.78 7.81 100.0 75.11 1e-07 0.01 1024
3.21 6.3 5.8 5.73 5.85 5.67 5.7 5.66 5.79 5.67 5.68 5.67 5.72 5.75 5.74 5.75 5.67 5.74 5.73 5.73 5.84 100.0 86.4 1e-07 0.1 256
3.21 5.94 5.71 5.57 5.5 5.55 5.52 5.5 5.51 5.53 5.52 5.54 5.55 5.54 5.47 5.58 5.53 5.56 5.53 5.49 5.5 100.0 86.45 1e-06 0.1 256
3.21 7.89 6.94 7.77 8.48 10.03 10.38 11.01 11.36 11.34 11.4 11.33 11.56 11.57 11.61 11.7 11.72 11.45 11.54 11.53 11.5 100.0 64.69 1e-07 0.001 1024
3.21 6.99 7.8 9.32 10.28 10.76 10.81 10.5 10.66 10.75 10.68 10.68 10.67 10.85 10.89 10.67 10.77 10.58 10.72 10.73 10.84 100.0 67.18 1e-05 0.001 512
3.21 5.92 6.97 7.07 6.96 6.85 7.0 6.92 6.88 6.91 6.82 6.83 6.82 6.94 6.87 6.83 6.82 6.79 6.83 6.94 6.95 100.0 79.73 1e-06 0.01 512
3.21 6.21 6.71 6.59 6.61 6.54 6.52 6.47 6.63 6.66 6.67 6.56 6.59 6.66 6.58 6.54 6.56 6.61 6.62 6.64 6.57 100.0 79.81 1e-07 0.01 512
3.21 6.94 7.87 9.19 10.37 10.71 10.75 10.6 10.75 10.82 10.81 10.82 10.82 10.76 10.72 10.64 10.9 10.75 10.84 10.79 10.82 100.0 66.99 1e-06 0.001 512
3.21 6.04 6.17 6.09 6.01 6.13 6.15 6.15 6.11 6.1 6.12 6.08 6.07 6.05 6.08 6.1 6.08 6.13 6.0 6.1 6.1 100.0 82.42 1e-06 0.01 256
3.21 6.96 7.75 9.06 10.59 10.52 10.75 10.65 10.68 10.71 10.77 10.91 10.79 11.07 11.04 10.93 10.86 10.73 10.81 10.87 10.78 100.0 67.05 1e-07 0.001 512
3.21 5.95 6.12 6.07 6.17 6.07 6.14 6.08 6.16 6.14 6.13 6.2 6.14 6.15 6.11 6.14 6.16 6.22 6.1 6.1 6.11 100.0 82.44 1e-07 0.01 256
3.21 7.55 8.04 9.39 9.62 9.63 9.9 9.81 9.59 9.63 9.81 9.6 9.8 9.53 9.86 9.84 9.89 9.77 9.69 9.61 9.66 100.0 70.5 1e-06 0.001 256
3.21 7.36 7.95 9.4 8.95 9.5 9.87 9.62 9.62 9.76 9.58 9.59 9.51 9.57 9.46 9.67 9.62 9.57 9.76 9.5 9.6 100.0 70.68 1e-05 0.001 256
3.21 7.69 7.96 9.32 9.56 9.59 9.96 9.6 9.75 9.78 9.79 9.53 9.54 9.81 9.68 9.53 9.57 9.75 9.77 9.57 9.74 100.0 70.48 1e-07 0.001 256
1.0 5.69 5.57 5.96 5.68 5.74 5.66 5.69 5.76 5.65 5.64 5.66 5.63 5.68 5.67 5.64 5.62 5.68 5.67 5.67 5.66 100.0 85.72 1e-05 0.1 512
1.0 6.85 7.51 7.65 7.57 7.66 7.69 7.66 7.67 7.69 7.77 7.7 7.62 7.69 7.77 7.65 7.68 7.73 7.67 7.65 7.63 100.0 74.33 1e-05 0.01 1024
1.0 6.13 5.61 5.71 5.72 5.68 5.77 5.78 5.66 5.74 5.8 5.81 5.79 5.72 5.78 5.73 5.73 5.68 5.76 5.7 5.78 100.0 86.41 1e-06 0.1 256
1.0 6.16 6.54 5.88 5.68 5.79 5.7 5.75 5.67 5.69 5.74 5.68 5.71 5.77 5.72 5.61 5.79 5.74 5.8 5.85 5.7 100.0 86.49 1e-07 0.1 256
1.0 5.98 7.43 7.57 7.64 7.7 7.64 7.65 7.64 7.66 7.62 7.5 7.56 7.68 7.57 7.64 7.63 7.65 7.74 7.55 7.64 100.0 74.3 1e-06 0.01 1024
1.0 5.63 5.79 5.52 5.6 5.55 5.6 5.5 5.6 5.63 5.6 5.62 5.64 5.63 5.57 5.6 5.58 5.58 5.62 5.61 5.57 100.0 85.85 1e-06 0.1 512
1.0 5.83 6.01 5.97 5.77 5.63 5.69 5.75 5.65 5.68 5.73 5.74 5.71 5.65 5.68 5.67 5.68 5.73 5.63 5.67 5.75 100.0 85.88 1e-05 0.1 256
1.0 6.82 7.59 7.52 7.62 7.5 7.59 7.55 7.46 7.57 7.48 7.62 7.57 7.5 7.49 7.61 7.56 7.64 7.64 7.53 7.59 100.0 74.58 1e-07 0.01 1024
1.0 6.3 6.41 6.42 6.37 6.47 6.4 6.54 6.39 6.55 6.35 6.43 6.34 6.44 6.48 6.5 6.47 6.51 6.4 6.4 6.49 100.0 79.26 1e-07 0.01 512
1.0 6.07 6.5 6.49 6.46 6.48 6.49 6.51 6.49 6.45 6.44 6.54 6.55 6.46 6.49 6.51 6.57 6.53 6.52 6.54 6.43 100.0 79.07 1e-06 0.01 512
1.0 6.53 6.19 6.26 6.24 6.37 6.28 6.24 6.22 6.25 6.24 6.31 6.31 6.29 6.27 6.35 6.3 6.32 6.25 6.27 6.37 100.0 78.8 1e-05 0.01 512
1.0 7.36 6.79 7.11 7.66 9.45 10.45 11.2 11.11 11.17 11.44 11.45 11.63 11.61 11.48 11.51 11.25 11.41 11.56 11.66 11.45 100.0 65.09 1e-06 0.001 1024
1.0 5.69 5.86 6.17 6.17 6.16 6.13 6.08 6.16 6.09 6.05 6.11 6.09 6.14 6.06 6.07 6.02 6.1 5.97 6.09 6.11 100.0 81.85 1e-06 0.01 256
1.0 7.38 6.79 7.01 7.75 9.63 10.59 11.14 11.04 11.36 11.44 11.34 11.49 11.65 11.53 11.56 11.59 11.54 11.65 11.63 11.46 100.0 64.95 1e-07 0.001 1024
1.0 7.35 6.79 7.08 7.86 9.53 10.67 11.18 11.26 11.3 11.37 11.43 11.56 11.45 11.58 11.41 11.42 11.42 11.37 11.48 11.47 100.0 65.16 1e-05 0.001 1024
1.0 6.59 6.86 9.44 10.13 10.56 10.47 10.51 10.66 10.62 10.47 10.76 10.61 10.44 10.74 10.68 10.69 10.7 10.59 10.58 10.45 100.0 66.83 1e-05 0.001 512
1.0 5.9 6.33 6.41 6.39 6.37 6.34 6.43 6.3 6.38 6.39 6.39 6.43 6.39 6.24 6.33 6.43 6.41 6.36 6.36 6.37 100.0 82.3 1e-05 0.01 256
1.0 6.26 5.87 5.98 5.91 6.03 6.08 6.09 5.98 5.96 6.07 5.99 5.96 5.95 5.89 5.98 6.05 6.03 6.04 6.03 5.97 100.0 82.16 1e-07 0.01 256
1.0 6.72 8.28 9.24 9.12 9.04 9.46 9.4 9.49 9.31 9.12 9.31 9.34 9.38 9.32 9.32 9.41 9.44 9.43 9.35 9.42 100.0 69.91 1e-07 0.001 256
1.0 6.59 6.84 9.34 10.29 10.14 10.18 10.59 10.4 10.58 10.47 10.31 10.36 10.52 10.51 10.6 10.39 10.51 10.43 10.44 10.66 100.0 66.64 1e-07 0.001 512
1.0 6.63 7.86 8.92 9.08 9.02 9.3 9.19 9.44 9.32 9.41 9.29 9.52 9.36 9.19 9.29 9.4 9.2 9.1 9.34 9.47 100.0 69.65 1e-06 0.001 256
1.0 6.54 8.51 8.83 8.99 9.09 9.38 9.0 9.14 9.2 9.09 9.1 9.3 9.21 9.27 9.16 9.41 9.18 9.32 9.27 9.14 100.0 70.01 1e-05 0.001 256
