1.0 6.87 6.97 6.67 6.7 6.7 6.58 6.59 6.6 6.62 6.71 6.66 6.61 6.72 6.69 6.68 6.59 6.7 6.65 6.68 6.59 100.0 82.76 1e-06 0.1 1024
1.0 6.8 6.52 6.6 6.53 6.48 6.46 6.47 6.47 6.53 6.53 6.54 6.53 6.54 6.55 6.54 6.57 6.5 6.51 6.53 6.54 100.0 82.58 1e-07 0.1 1024
1.0 6.53 6.49 6.32 6.32 6.39 6.39 6.42 6.47 6.49 6.46 6.49 6.57 6.52 6.44 6.49 6.52 6.41 6.44 6.58 6.51 100.0 83.97 1e-05 0.1 512
1.0 6.44 6.7 6.48 6.56 6.39 6.41 6.49 6.35 6.44 6.46 6.38 6.43 6.38 6.53 6.49 6.52 6.47 6.46 6.51 6.39 100.0 83.73 1e-07 0.1 512
1.0 6.25 6.86 6.3 6.35 6.28 6.26 6.31 6.31 6.3 6.38 6.23 6.44 6.43 6.46 6.45 6.45 6.44 6.44 6.3 6.35 100.0 84.95 1e-05 0.1 256
1.0 6.58 6.44 6.42 6.33 6.45 6.43 6.43 6.5 6.42 6.45 6.46 6.5 6.38 6.49 6.44 6.39 6.49 6.51 6.52 6.49 100.0 84.26 1e-06 0.1 512
1.0 6.49 6.33 6.23 6.23 6.27 6.27 6.29 6.27 6.26 6.26 6.19 6.31 6.31 6.36 6.27 6.24 6.23 6.31 6.31 6.23 100.0 84.69 1e-06 0.1 256
1.0 9.64 9.41 9.27 9.35 9.37 9.41 9.38 9.39 9.54 9.52 9.46 9.52 9.47 9.57 9.4 9.59 9.52 9.44 9.52 9.39 100.0 76.49 1e-05 0.01 1024
1.0 9.99 10.15 10.29 10.39 10.41 10.39 10.38 10.62 10.4 10.46 10.51 10.46 10.64 10.49 10.56 10.63 10.63 10.5 10.48 10.42 100.0 76.34 1e-07 0.01 1024
1.0 6.55 6.45 6.49 6.47 6.51 6.43 6.45 6.42 6.5 6.52 6.48 6.41 6.53 6.39 6.52 6.47 6.42 6.47 6.45 6.43 100.0 83.93 1e-07 0.1 256
1.0 7.68 7.61 7.64 7.74 7.76 7.81 7.68 7.78 7.73 7.7 7.83 7.75 7.7 7.73 7.74 7.7 7.82 7.89 7.8 7.88 100.0 81.3 1e-07 0.01 512
1.0 7.82 7.67 7.7 7.55 7.55 7.53 7.58 7.53 7.65 7.63 7.5 7.59 7.48 7.71 7.48 7.66 7.63 7.59 7.67 7.6 100.0 82.52 1e-05 0.01 512
1.0 7.18 7.51 7.73 7.64 7.59 7.66 7.54 7.75 7.62 7.61 7.79 7.69 7.6 7.59 7.65 7.57 7.61 7.66 7.53 7.67 100.0 81.99 1e-06 0.01 512
1.0 12.05 28.05 32.51 33.86 33.61 33.75 34.0 34.35 34.67 34.45 34.32 34.4 34.78 34.5 34.49 34.84 34.32 34.35 34.66 34.87 100.0 53.29 1e-05 0.001 1024
1.0 7.14 6.85 6.94 7.05 7.09 7.05 6.98 7.0 6.84 7.19 7.04 7.16 7.09 6.87 7.15 7.01 7.05 7.08 7.03 7.04 100.0 83.49 1e-05 0.01 256
1.0 6.45 7.0 7.06 6.76 6.93 6.97 7.13 6.94 6.97 7.1 6.99 6.92 6.98 6.8 7.06 7.0 6.9 6.91 6.92 6.95 100.0 83.98 1e-06 0.01 256
1.0 7.19 7.12 6.87 7.08 7.1 6.94 7.16 7.08 7.01 7.07 6.91 6.93 6.98 7.12 6.93 7.13 7.03 7.19 7.05 7.02 100.0 83.39 1e-07 0.01 256
1.0 14.4 19.88 22.52 22.08 22.65 22.81 22.53 22.7 22.39 22.88 22.28 22.56 22.43 22.6 22.27 22.59 22.63 22.39 22.25 22.36 100.0 63.43 1e-05 0.001 512
1.0 12.45 27.15 33.48 33.79 34.48 34.31 34.49 34.81 35.11 35.02 34.67 34.44 35.17 34.96 34.9 35.28 34.98 34.91 34.91 35.33 100.0 54.21 1e-06 0.001 1024
1.0 13.06 14.89 15.08 15.45 15.45 15.55 15.46 15.04 15.3 15.24 14.97 15.31 15.33 15.33 15.41 15.06 15.26 15.04 15.58 15.17 100.0 72.56 1e-06 0.001 256
1.0 15.56 24.04 23.82 23.88 23.56 23.6 24.02 23.68 23.62 23.74 24.0 23.61 23.91 23.77 23.73 24.03 23.98 23.76 23.65 23.97 100.0 63.93 1e-06 0.001 512
1.0 6.68 6.82 6.81 6.94 6.9 6.85 6.83 6.82 6.87 6.81 6.94 6.95 6.89 6.9 6.91 6.92 6.9 6.87 6.85 6.89 100.0 82.29 1e-05 0.1 1024
1.0 14.83 22.92 24.97 24.87 24.64 24.96 24.47 24.67 25.22 25.52 24.94 25.25 25.04 24.88 25.02 24.75 25.38 25.28 24.6 25.36 100.0 63.25 1e-07 0.001 512
1.0 13.93 16.23 15.83 16.2 16.46 16.45 17.01 16.43 16.79 16.47 16.53 16.44 16.73 16.41 16.68 16.67 16.78 16.6 16.56 16.39 100.0 71.6 1e-05 0.001 256
1.0 12.34 15.0 14.85 14.6 15.07 15.35 15.38 15.35 14.9 15.35 15.26 15.18 15.52 15.33 15.41 15.25 15.22 14.96 15.34 15.3 100.0 71.72 1e-07 0.001 256
1.0 6.79 6.67 6.5 6.75 6.63 6.64 6.75 6.77 6.74 6.61 6.67 6.72 6.64 6.57 6.65 6.6 6.61 6.71 6.69 6.68 100.0 83.84 1e-05 0.1 512
1.0 6.64 6.03 6.21 6.28 6.31 6.3 6.41 6.3 6.21 6.24 6.29 6.31 6.36 6.29 6.25 6.26 6.36 6.26 6.37 6.31 100.0 84.42 1e-06 0.1 512
1.0 6.16 6.65 6.45 6.48 6.38 6.49 6.52 6.39 6.49 6.46 6.45 6.42 6.46 6.43 6.51 6.56 6.42 6.41 6.53 6.45 100.0 83.76 1e-07 0.1 512
1.0 6.47 6.41 6.34 6.29 6.34 6.23 6.39 6.34 6.33 6.44 6.49 6.48 6.43 6.32 6.42 6.47 6.47 6.53 6.44 6.46 100.0 84.38 1e-05 0.1 256
1.0 6.24 6.7 6.68 6.66 6.64 6.6 6.63 6.53 6.56 6.64 6.59 6.48 6.51 6.62 6.48 6.71 6.58 6.57 6.57 6.6 100.0 84.41 1e-06 0.1 256
1.0 6.73 6.34 6.3 6.36 6.26 6.33 6.31 6.17 6.23 6.25 6.34 6.22 6.28 6.3 6.25 6.3 6.3 6.26 6.12 6.2 100.0 83.24 1e-07 0.1 256
1.0 8.19 8.35 8.44 8.57 8.6 8.47 8.64 8.61 8.57 8.56 8.6 8.71 8.48 8.51 8.56 8.58 8.67 8.62 8.52 8.59 100.0 81.37 1e-05 0.01 512
1.0 7.53 8.19 8.42 8.31 8.52 8.39 8.52 8.47 8.33 8.64 8.48 8.53 8.53 8.54 8.57 8.46 8.5 8.5 8.48 8.36 100.0 81.37 1e-06 0.01 512
1.0 8.68 8.25 8.28 8.44 8.35 8.28 8.34 8.39 8.36 8.38 8.43 8.4 8.46 8.32 8.41 8.44 8.35 8.43 8.54 8.45 100.0 80.66 1e-07 0.01 512
1.0 6.25 7.1 7.09 7.23 6.99 7.19 7.23 7.14 7.24 7.12 7.18 7.19 7.06 7.28 7.09 7.17 7.05 7.18 7.28 7.12 100.0 83.56 1e-05 0.01 256
1.0 7.35 6.95 6.95 6.84 6.85 6.88 6.9 6.9 6.85 6.9 6.91 6.9 6.81 6.91 6.77 6.91 6.78 6.85 6.84 6.91 100.0 83.24 1e-06 0.01 256
1.0 6.99 7.16 6.86 6.97 6.93 6.96 7.22 7.22 7.09 6.99 7.05 7.09 6.9 6.99 7.0 6.93 7.03 7.13 7.07 7.09 100.0 83.22 1e-07 0.01 256
1.0 15.95 37.46 42.5 42.07 42.66 43.22 44.11 43.52 44.24 44.27 44.05 43.71 43.64 44.1 44.16 44.39 44.32 43.99 44.01 44.01 100.0 54.84 1e-07 0.001 1024
1.0 14.69 25.2 23.78 24.34 24.26 24.9 24.83 24.81 24.74 24.85 25.11 25.1 25.2 24.64 25.25 24.59 25.41 24.92 25.1 25.36 100.0 65.7 1e-05 0.001 512
1.0 13.65 25.08 23.21 23.07 23.62 23.37 23.49 23.46 23.49 23.62 23.85 23.37 23.82 23.85 23.35 23.51 23.31 23.78 23.21 23.24 100.0 65.91 1e-06 0.001 512
1.0 15.92 23.49 24.49 23.34 23.15 23.02 23.57 23.27 23.29 23.47 23.62 23.32 23.63 23.64 23.61 23.58 23.74 23.65 23.54 23.91 100.0 64.49 1e-07 0.001 512
1.0 11.86 15.91 14.89 14.64 15.23 14.69 14.96 15.19 14.92 15.2 15.04 15.46 15.04 15.09 15.0 14.93 15.47 15.24 15.32 15.43 100.0 73.27 1e-05 0.001 256
1.0 12.23 15.77 15.5 15.52 15.48 15.75 15.48 15.92 15.77 15.66 16.08 15.77 15.69 15.81 15.48 15.86 15.86 15.51 15.46 15.7 100.0 72.49 1e-06 0.001 256
1.0 6.73 6.73 6.94 6.96 6.94 6.87 6.97 6.97 7.08 7.08 6.98 7.07 6.94 7.02 7.12 7.01 7.16 7.07 6.93 7.02 100.0 81.33 1e-06 0.1 1024
1.0 12.05 14.6 14.57 14.44 14.8 14.78 14.4 14.79 14.87 14.42 14.45 14.57 14.86 14.65 14.9 14.7 14.5 14.53 14.64 14.58 100.0 74.18 1e-07 0.001 256
1.0 6.43 6.54 6.74 6.67 6.7 6.77 6.61 6.73 6.61 6.65 6.71 6.55 6.62 6.67 6.6 6.58 6.67 6.67 6.6 6.69 100.0 83.95 1e-05 0.1 512
1.0 6.62 6.76 6.93 7.02 6.94 6.99 6.94 6.96 6.91 6.87 6.93 6.94 7.03 7.03 6.91 6.92 6.87 6.97 6.95 6.97 100.0 83.93 1e-06 0.1 512
1.0 6.51 6.33 6.36 6.44 6.37 6.39 6.34 6.41 6.39 6.42 6.42 6.38 6.29 6.36 6.38 6.42 6.38 6.37 6.43 6.48 100.0 84.31 1e-07 0.1 512
1.0 6.64 6.44 6.28 6.18 6.17 6.21 6.3 6.25 6.32 6.23 6.39 6.28 6.18 6.28 6.37 6.32 6.33 6.36 6.31 6.25 100.0 84.59 1e-07 0.1 256
1.0 6.77 6.53 6.11 6.27 6.33 6.26 6.3 6.33 6.32 6.19 6.27 6.41 6.45 6.26 6.39 6.38 6.29 6.45 6.39 6.37 100.0 85.02 1e-05 0.1 256
1.0 8.3 10.26 10.25 10.25 10.46 10.46 10.29 10.49 10.43 10.6 10.58 10.39 10.35 10.36 10.4 10.5 10.37 10.47 10.49 10.44 100.0 77.96 1e-05 0.01 1024
1.0 6.14 6.31 6.36 6.49 6.52 6.56 6.53 6.48 6.5 6.51 6.44 6.3 6.3 6.52 6.46 6.41 6.56 6.62 6.43 6.36 100.0 84.37 1e-06 0.1 256
1.0 8.27 8.3 8.13 8.36 8.34 8.39 8.33 8.29 8.35 8.44 8.33 8.54 8.44 8.49 8.51 8.41 8.31 8.48 8.27 8.51 100.0 80.7 1e-05 0.01 512
1.0 10.19 9.86 9.9 10.0 10.13 9.97 9.97 10.1 10.13 10.06 10.18 10.24 10.21 10.21 10.05 10.15 10.27 10.24 10.16 10.3 100.0 76.56 1e-06 0.01 1024
1.0 10.44 10.07 10.14 10.26 10.13 9.85 10.08 10.1 10.31 10.25 10.09 10.27 10.25 10.28 10.19 10.25 10.17 10.27 10.15 10.17 100.0 76.69 1e-07 0.01 1024
1.0 7.26 6.76 7.1 6.96 7.17 7.05 7.09 7.05 7.04 7.09 7.04 7.05 7.07 7.04 6.99 7.06 7.06 7.18 7.2 7.07 100.0 83.63 1e-05 0.01 256
1.0 8.14 8.22 8.27 8.4 8.41 8.36 8.36 8.46 8.25 8.56 8.51 8.5 8.44 8.43 8.53 8.5 8.43 8.36 8.5 8.54 100.0 79.91 1e-07 0.01 512
1.0 7.14 7.39 6.93 6.78 6.89 6.88 7.0 7.07 6.95 7.12 6.85 7.03 7.0 7.02 7.11 7.03 7.0 6.88 7.08 6.86 100.0 84.14 1e-07 0.01 256
1.0 7.64 7.7 7.89 7.68 7.94 7.94 7.74 7.83 7.79 7.82 7.78 7.75 7.77 7.64 7.85 7.69 7.75 7.7 7.83 7.94 100.0 81.46 1e-06 0.01 512
1.0 13.33 28.15 37.28 36.91 37.75 37.9 37.62 38.19 38.43 38.24 38.35 38.34 38.42 37.9 38.7 38.67 38.69 38.24 38.24 38.5 100.0 57.1 1e-06 0.001 1024
1.0 14.39 29.27 37.55 36.79 38.08 38.16 37.89 37.95 37.84 38.13 38.65 38.54 38.69 38.36 38.13 38.24 38.47 38.37 38.22 38.25 100.0 56.87 1e-05 0.001 1024
1.0 7.46 6.81 7.33 7.1 7.38 7.46 7.35 7.46 7.52 7.35 7.34 7.22 7.19 7.37 7.43 7.15 7.44 7.34 7.37 7.25 100.0 83.43 1e-06 0.01 256
1.0 15.1 22.89 23.38 23.24 23.65 24.08 23.81 23.83 23.71 24.19 24.26 24.25 24.22 24.06 23.75 24.09 24.36 24.15 24.53 23.74 100.0 66.18 1e-05 0.001 512
1.0 14.92 30.01 35.59 36.46 37.01 37.27 37.31 37.08 37.45 37.69 37.72 37.86 37.6 37.33 37.35 37.57 37.74 37.59 37.75 37.43 100.0 56.84 1e-07 0.001 1024
1.0 12.57 15.6 13.67 13.65 13.82 13.81 13.68 13.93 13.62 13.98 13.97 13.66 13.7 13.86 13.98 13.97 14.04 13.67 14.08 13.58 100.0 73.78 1e-06 0.001 256
1.0 14.76 22.55 20.86 21.48 21.71 21.53 21.9 21.59 22.05 21.63 21.92 21.78 22.22 21.98 21.86 21.8 21.92 21.8 22.28 21.83 100.0 66.28 1e-06 0.001 512
1.0 14.63 14.59 14.86 14.61 14.96 15.14 15.2 15.32 15.2 15.33 15.08 15.48 15.38 15.24 15.75 15.36 15.27 15.11 15.23 15.44 100.0 73.41 1e-05 0.001 256
1.0 15.22 23.87 23.46 22.92 22.69 23.27 23.49 23.18 23.5 23.03 23.28 23.79 23.53 23.61 23.47 23.78 23.41 23.65 23.64 23.75 100.0 64.75 1e-07 0.001 512
1.0 14.22 15.11 14.15 14.38 15.07 14.83 14.9 14.75 14.67 14.75 14.71 15.03 14.72 14.71 14.61 14.56 14.77 14.43 14.58 14.53 100.0 73.1 1e-07 0.001 256
