1.0 3.34 3.56 3.5 3.44 3.31 3.23 3.25 3.35 3.31 3.34 3.16 3.24 3.43 3.33 3.32 3.34 3.29 3.35 3.35 3.34 100.0 76.68 1e-05 0.1 1024
1.0 3.53 3.26 3.3 3.51 3.38 3.42 3.61 3.54 3.56 3.51 3.6 3.51 3.56 3.61 3.55 3.58 3.56 3.49 3.52 3.61 100.0 77.57 1e-06 0.1 1024
1.0 3.59 3.53 3.54 3.24 3.38 3.26 3.32 3.33 3.36 3.33 3.34 3.36 3.35 3.33 3.37 3.37 3.34 3.35 3.36 3.38 100.0 75.37 1e-07 0.1 1024
1.0 3.21 3.08 3.33 2.99 3.18 3.12 3.09 3.05 2.98 3.04 3.14 3.16 3.08 3.11 3.09 3.07 3.1 3.06 3.04 3.1 100.0 80.56 1e-05 0.1 512
1.0 3.28 3.43 3.64 3.59 3.64 3.52 3.61 3.79 3.69 3.81 3.73 3.66 3.69 3.66 3.6 3.59 3.66 3.63 3.71 3.55 100.0 76.21 1e-06 0.1 512
1.0 3.39 2.99 3.44 3.39 3.31 3.34 3.29 3.31 3.41 3.41 3.34 3.42 3.3 3.33 3.42 3.39 3.42 3.36 3.32 3.32 100.0 80.3 1e-07 0.1 512
1.0 2.91 2.96 2.92 3.05 3.11 3.11 2.97 3.04 3.18 3.06 3.13 3.08 3.13 3.07 3.1 3.09 2.98 3.09 3.08 3.06 100.0 83.6 1e-05 0.1 256
1.0 2.78 3.17 3.11 3.08 3.0 2.87 2.92 3.06 2.88 3.05 2.93 2.88 2.91 2.91 2.89 2.84 2.83 2.97 2.93 2.93 100.0 81.28 1e-06 0.1 256
1.0 3.17 2.91 3.21 2.89 2.98 2.97 2.97 2.97 3.13 2.96 3.13 3.02 2.94 3.02 2.99 2.94 3.03 2.93 2.98 3.06 100.0 82.35 1e-07 0.1 256
1.0 4.58 4.81 5.35 4.69 4.78 4.6 4.73 4.68 4.65 4.8 4.72 4.66 4.69 4.63 4.76 4.65 4.82 4.7 4.82 4.8 100.0 71.62 1e-05 0.01 1024
1.0 4.39 5.49 4.88 5.31 5.21 5.27 5.08 5.37 5.18 5.1 5.19 5.16 5.41 5.26 5.26 5.16 5.12 5.15 5.25 5.23 100.0 70.87 1e-06 0.01 1024
1.0 4.55 5.12 5.31 5.03 5.26 5.3 5.15 5.16 5.23 5.26 5.19 5.29 5.14 5.13 5.23 5.3 5.34 5.1 5.09 4.98 100.0 71.25 1e-07 0.01 1024
1.0 4.04 4.01 3.94 3.71 3.89 3.79 3.95 3.82 3.83 3.78 3.68 3.86 3.89 3.95 3.93 3.93 3.9 3.89 3.9 3.82 100.0 75.92 1e-05 0.01 512
1.0 4.58 4.33 4.12 4.1 3.91 3.98 3.79 3.89 3.92 3.91 3.81 3.83 3.94 3.81 3.84 3.79 3.9 3.93 3.94 3.82 100.0 76.17 1e-06 0.01 512
1.0 3.93 4.42 4.27 4.36 4.22 4.19 4.16 4.38 4.17 4.36 4.15 4.3 4.2 4.32 4.14 4.28 4.26 4.27 4.22 4.3 100.0 76.02 1e-07 0.01 512
1.0 3.26 3.31 3.3 3.23 3.21 3.26 3.08 3.17 3.19 3.26 3.31 3.37 3.34 3.25 3.14 3.22 3.28 3.33 3.25 3.18 100.0 80.48 1e-05 0.01 256
1.0 3.45 3.25 3.3 3.21 3.25 3.22 3.32 3.18 3.23 3.23 3.2 3.18 3.27 3.27 3.19 3.2 3.09 3.24 3.37 3.27 100.0 81.63 1e-06 0.01 256
1.0 3.45 3.53 3.5 3.44 3.7 3.54 3.54 3.46 3.49 3.63 3.58 3.44 3.36 3.63 3.46 3.49 3.55 3.46 3.35 3.46 100.0 81.18 1e-07 0.01 256
1.0 7.39 6.32 7.14 8.84 11.32 12.46 13.68 12.45 12.43 12.18 12.69 12.58 12.41 12.65 12.12 12.23 11.88 12.39 12.43 12.16 100.0 52.54 1e-05 0.001 1024
1.0 7.09 6.19 7.3 9.01 10.34 11.35 11.72 11.91 11.9 11.89 11.39 11.61 11.6 11.93 11.64 11.87 11.69 11.86 11.39 11.71 99.998 52.67 1e-06 0.001 1024
1.0 7.81 6.27 7.27 8.86 10.79 12.0 12.42 12.82 12.56 12.14 12.87 12.38 12.69 12.51 12.74 12.66 12.44 12.89 12.76 12.7 99.998 52.86 1e-07 0.001 1024
1.0 5.69 6.53 7.83 8.29 8.9 9.01 9.47 9.51 9.05 9.45 9.38 9.31 9.37 9.15 9.16 9.2 9.55 9.28 9.47 9.42 99.998 59.17 1e-05 0.001 512
1.0 6.41 6.67 7.8 9.19 9.63 9.91 9.85 9.84 9.88 10.2 10.09 9.84 9.65 9.66 9.59 9.49 9.88 9.61 9.81 9.78 100.0 59.06 1e-06 0.001 512
1.0 5.72 6.35 7.69 8.68 9.08 9.57 9.48 8.79 9.48 9.34 9.45 9.28 9.66 9.27 9.41 9.31 9.61 9.53 9.48 9.38 100.0 59.04 1e-07 0.001 512
1.0 5.67 5.88 6.85 7.06 6.91 6.72 6.48 6.98 6.46 6.66 6.91 6.79 6.46 7.0 6.73 6.82 6.77 6.65 6.75 6.61 100.0 65.66 1e-05 0.001 256
1.0 5.13 6.28 6.76 6.27 6.58 6.44 6.45 6.31 6.12 6.6 6.23 6.45 6.35 6.33 6.37 6.5 6.34 6.57 6.26 6.38 99.998 66.31 1e-06 0.001 256
1.0 5.44 6.04 6.34 7.04 6.53 7.23 6.5 6.65 6.86 6.57 6.84 6.65 6.7 6.85 6.9 6.48 6.48 6.52 6.48 6.46 99.996 65.64 1e-07 0.001 256
1.01 3.38 3.04 3.54 3.66 3.51 3.54 3.56 3.65 3.62 3.48 3.6 3.52 3.56 3.56 3.54 3.55 3.57 3.58 3.56 3.6 100.0 79.69 1e-05 0.1 1024
1.01 3.43 3.13 3.44 3.27 3.3 3.33 3.35 3.29 3.2 3.2 3.26 3.2 3.23 3.25 3.25 3.25 3.19 3.26 3.28 3.22 100.0 80.66 1e-06 0.1 1024
1.01 3.59 2.94 3.16 3.27 3.24 3.18 3.23 3.31 3.21 3.36 3.22 3.26 3.25 3.23 3.18 3.25 3.25 3.23 3.22 3.21 100.0 77.28 1e-07 0.1 1024
1.01 3.14 3.25 3.22 3.38 3.22 3.26 3.24 3.12 3.16 3.22 3.08 3.15 3.25 3.21 3.16 3.16 3.22 3.14 3.13 3.15 100.0 80.31 1e-05 0.1 512
1.01 3.01 3.15 3.39 3.23 3.27 3.19 3.13 3.25 3.24 3.27 3.2 3.26 3.19 3.25 3.21 3.29 3.29 3.27 3.33 3.35 100.0 74.09 1e-06 0.1 512
1.01 3.21 3.17 3.28 3.36 3.26 3.41 3.35 3.35 3.26 3.34 3.26 3.29 3.37 3.35 3.32 3.29 3.42 3.34 3.3 3.31 100.0 79.46 1e-07 0.1 512
1.01 3.11 3.24 3.34 3.11 3.0 3.01 2.95 3.05 2.97 3.02 3.01 2.91 2.99 2.91 2.99 2.96 2.85 3.0 2.96 2.94 99.998 81.98 1e-05 0.1 256
1.01 3.07 3.19 3.12 3.19 3.23 3.07 3.15 3.18 3.17 3.14 3.19 3.2 3.25 3.26 3.2 3.25 3.27 3.22 3.23 3.24 100.0 82.4 1e-06 0.1 256
1.01 3.1 3.2 3.25 3.17 3.02 3.14 3.16 3.04 3.13 3.07 3.03 3.05 3.04 3.1 3.06 3.07 2.99 2.99 3.05 3.09 100.0 81.84 1e-07 0.1 256
1.01 4.85 5.38 4.91 5.18 5.19 5.12 5.24 5.15 5.26 5.25 5.25 5.14 5.13 5.3 5.13 5.14 5.27 5.26 5.21 5.2 100.0 71.99 1e-05 0.01 1024
1.01 4.68 5.66 5.28 5.39 5.38 5.24 5.26 5.4 5.12 5.3 5.37 5.44 5.34 5.35 5.31 5.33 5.33 5.31 5.27 5.37 100.0 71.99 1e-06 0.01 1024
1.01 4.52 5.45 5.27 4.89 4.99 4.84 5.12 5.04 5.19 5.12 4.99 5.01 5.13 5.1 5.18 5.09 5.16 5.14 5.06 4.96 100.0 71.75 1e-07 0.01 1024
1.01 4.08 3.84 3.74 3.82 3.73 3.78 3.87 3.69 3.87 3.7 3.79 3.75 3.96 3.78 3.85 3.96 3.8 3.85 3.72 3.72 100.0 76.77 1e-05 0.01 512
1.01 3.99 4.13 4.52 4.53 4.47 4.53 4.45 4.47 4.53 4.44 4.46 4.47 4.43 4.41 4.48 4.55 4.45 4.48 4.51 4.53 100.0 75.4 1e-06 0.01 512
1.01 4.05 4.09 4.21 4.12 4.07 4.11 4.05 3.93 3.97 4.07 4.03 3.98 3.91 4.01 4.33 3.96 4.0 3.93 4.05 3.99 100.0 76.38 1e-07 0.01 512
1.01 3.21 3.38 3.15 3.06 3.1 3.17 3.09 3.13 3.15 3.14 3.15 3.22 3.13 3.1 3.14 3.17 3.15 3.13 3.07 3.24 100.0 81.54 1e-05 0.01 256
1.01 3.39 3.29 3.66 3.49 3.34 3.44 3.57 3.54 3.32 3.51 3.53 3.59 3.52 3.61 3.53 3.48 3.43 3.62 3.46 3.47 100.0 81.39 1e-06 0.01 256
1.01 3.29 3.27 3.49 3.63 3.45 3.55 3.56 3.44 3.5 3.45 3.39 3.37 3.48 3.41 3.44 3.43 3.43 3.4 3.42 3.35 100.0 81.29 1e-07 0.01 256
1.01 9.23 7.4 8.29 9.26 11.24 13.23 13.2 13.59 14.03 13.61 13.15 13.64 13.69 13.6 13.67 13.54 13.58 13.42 13.73 13.65 100.0 51.01 1e-05 0.001 1024
1.01 9.7 7.48 9.02 10.11 12.18 12.93 13.41 13.65 13.26 13.09 13.2 13.74 13.24 13.8 13.78 13.54 13.43 13.59 14.07 13.32 100.0 50.92 1e-06 0.001 1024
1.01 10.09 7.6 9.5 10.27 13.09 13.97 14.38 14.31 13.45 14.22 14.64 14.28 14.34 14.43 14.19 13.92 13.92 14.15 14.34 14.21 100.0 51.42 1e-07 0.001 1024
1.01 6.16 6.59 9.1 9.6 10.61 9.93 10.06 9.78 10.22 10.26 10.14 9.98 10.11 10.36 10.07 9.81 9.86 9.77 9.82 10.0 100.0 59.0 1e-05 0.001 512
1.01 7.58 6.38 8.53 9.33 9.86 9.38 10.07 10.05 10.08 9.83 9.62 9.85 9.68 9.65 9.39 9.98 9.8 9.81 9.8 9.55 100.0 60.22 1e-06 0.001 512
1.01 6.7 7.13 8.94 10.03 10.32 9.27 9.29 9.4 9.54 10.05 9.8 9.33 9.28 9.85 9.63 10.03 9.72 9.74 9.88 9.71 100.0 59.01 1e-07 0.001 512
1.01 5.75 6.61 7.94 7.85 7.72 7.5 6.91 6.94 6.99 6.77 7.08 7.51 7.56 6.93 7.14 7.31 7.35 7.14 7.53 7.24 99.996 65.22 1e-05 0.001 256
1.01 5.74 6.8 7.39 6.84 6.8 6.34 6.37 6.68 6.71 6.99 6.83 6.68 7.09 7.15 6.73 7.28 7.04 6.75 6.74 7.0 99.992 65.66 1e-06 0.001 256
1.01 6.14 6.39 7.72 6.86 7.21 7.0 6.89 7.03 7.27 7.52 7.35 7.29 7.38 7.47 7.42 7.05 7.35 7.22 7.01 7.2 99.998 65.61 1e-07 0.001 256
1.57 3.01 3.2 3.39 3.31 2.98 3.06 2.98 3.19 3.04 3.02 3.07 3.1 3.13 3.05 3.07 3.1 3.03 3.1 3.08 3.11 100.0 81.23 1e-05 0.1 1024
1.57 3.24 3.37 3.4 3.45 3.5 3.48 3.55 3.62 3.5 3.58 3.59 3.51 3.53 3.56 3.61 3.6 3.54 3.59 3.62 3.59 100.0 78.62 1e-06 0.1 1024
1.57 3.32 3.27 3.52 3.39 3.27 3.25 3.19 3.28 3.2 3.19 3.13 3.17 3.3 3.26 3.23 3.2 3.21 3.19 3.16 3.23 100.0 79.83 1e-07 0.1 1024
1.57 3.1 3.09 3.2 3.12 3.23 3.1 3.2 3.22 3.29 3.25 3.19 3.27 3.25 3.35 3.3 3.34 3.28 3.22 3.31 3.27 100.0 81.26 1e-05 0.1 512
1.57 2.97 3.35 3.33 3.37 3.52 3.37 3.33 3.29 3.46 3.46 3.36 3.39 3.38 3.41 3.46 3.46 3.44 3.41 3.39 3.48 100.0 77.99 1e-06 0.1 512
1.57 3.04 3.15 3.31 3.28 3.21 3.23 3.11 3.14 3.07 3.11 3.07 3.13 3.02 3.05 3.09 3.09 3.19 3.06 3.07 3.13 100.0 79.79 1e-07 0.1 512
1.57 2.74 2.92 3.2 2.92 2.91 2.88 2.88 2.86 2.85 3.01 3.05 2.84 2.88 2.86 2.95 2.89 2.98 2.92 2.88 2.94 100.0 84.55 1e-05 0.1 256
1.57 3.01 3.13 2.99 2.83 2.87 2.89 2.98 2.98 3.06 3.1 2.99 3.01 2.91 3.03 3.0 3.02 3.03 3.02 2.97 3.03 100.0 83.43 1e-06 0.1 256
1.57 3.13 2.91 3.18 3.16 3.09 3.05 3.09 3.08 3.03 3.11 3.15 3.13 3.11 3.15 3.16 3.17 3.13 3.16 3.19 3.15 100.0 82.07 1e-07 0.1 256
1.57 4.85 5.27 5.09 4.7 4.62 4.58 4.62 4.61 4.62 4.63 4.63 4.68 4.6 4.51 4.62 4.71 4.62 4.69 4.67 4.72 100.0 71.35 1e-05 0.01 1024
1.57 4.17 4.88 4.95 5.19 5.06 4.97 5.0 5.01 4.94 5.07 5.15 5.03 4.99 5.08 4.88 5.05 4.89 4.93 5.15 5.01 100.0 70.82 1e-06 0.01 1024
1.57 4.99 5.13 4.5 5.06 4.96 4.96 5.04 4.95 5.09 4.93 5.06 5.01 5.04 4.98 5.11 5.03 4.95 4.98 5.07 5.17 100.0 71.92 1e-07 0.01 1024
1.57 4.25 4.47 4.18 4.06 4.27 4.21 4.06 4.11 4.04 4.15 4.1 4.04 4.09 4.18 4.06 4.02 4.07 3.99 4.17 3.93 100.0 76.33 1e-05 0.01 512
1.57 3.85 4.03 4.0 3.98 3.95 4.0 3.86 3.9 3.9 3.83 4.0 3.89 3.93 3.92 3.91 3.82 3.8 3.88 3.73 3.86 100.0 76.83 1e-06 0.01 512
1.57 4.12 4.02 3.79 3.94 3.99 4.06 3.96 4.03 4.07 3.89 4.13 3.98 4.09 4.05 4.07 4.01 4.15 4.04 4.16 3.93 100.0 76.97 1e-07 0.01 512
1.57 3.51 3.7 3.35 3.51 3.48 3.61 3.46 3.57 3.45 3.49 3.42 3.41 3.61 3.53 3.46 3.52 3.46 3.47 3.56 3.56 100.0 81.26 1e-05 0.01 256
1.57 3.19 3.42 3.42 3.38 3.31 3.32 3.26 3.34 3.46 3.4 3.23 3.34 3.3 3.35 3.37 3.29 3.3 3.32 3.27 3.36 100.0 80.97 1e-06 0.01 256
1.57 3.36 3.43 3.21 3.44 3.36 3.32 3.31 3.22 3.17 3.36 3.24 3.24 3.34 3.28 3.24 3.3 3.28 3.23 3.28 3.28 100.0 80.89 1e-07 0.01 256
1.57 8.63 7.05 7.31 9.28 11.6 12.67 12.78 13.07 13.67 13.62 13.52 13.2 13.1 12.9 13.16 12.99 12.91 13.04 13.3 13.33 99.958 52.63 1e-05 0.001 1024
1.57 7.04 6.63 7.05 9.85 11.4 12.84 12.33 12.34 11.82 11.9 12.55 12.85 12.33 12.49 12.51 12.76 12.54 12.57 12.5 12.43 99.96 53.47 1e-06 0.001 1024
1.57 7.52 6.84 7.83 9.79 11.07 12.74 12.49 12.79 12.54 12.38 12.9 12.5 12.3 12.83 12.63 12.59 12.68 12.55 12.44 12.35 99.974 52.72 1e-07 0.001 1024
1.57 5.33 6.41 7.98 8.98 8.62 9.05 9.11 9.29 9.18 9.6 9.27 9.3 9.52 9.38 9.29 9.37 9.45 9.55 9.05 9.64 100.0 59.96 1e-05 0.001 512
1.57 7.0 6.14 7.92 8.61 9.22 9.0 9.14 9.1 8.73 8.89 9.22 9.14 9.05 9.12 9.13 9.11 9.21 8.89 9.07 9.04 99.998 59.72 1e-06 0.001 512
1.57 6.53 6.09 8.91 8.85 9.32 9.45 9.22 9.42 9.52 9.47 9.24 9.5 9.33 9.53 9.58 9.33 9.62 9.88 9.31 9.37 100.0 59.77 1e-07 0.001 512
1.57 4.83 6.21 7.34 7.12 7.49 7.09 7.06 7.06 6.78 7.02 6.97 7.11 6.83 7.34 7.16 7.08 7.09 7.01 7.16 7.11 99.998 66.02 1e-05 0.001 256
1.57 5.21 6.31 6.56 6.15 6.04 6.45 6.26 6.46 6.33 6.53 6.36 6.38 6.37 6.24 6.27 6.25 6.53 6.17 6.27 6.31 100.0 65.74 1e-06 0.001 256
1.57 4.86 6.66 7.44 6.79 6.46 6.85 6.71 6.96 7.02 7.05 6.85 6.76 6.72 6.92 6.83 6.76 6.49 6.81 6.58 6.97 100.0 65.64 1e-07 0.001 256
