3.710000 100.000000 72.100000 0.000000 0.001000 256.000000
4.226667 100.000000 67.320000 0.000000 0.001000 512.000000
4.586667 100.000000 63.953333 0.000000 0.001000 1024.000000
2.770000 100.000000 83.506667 0.000000 0.010000 256.000000
2.853333 100.000000 80.820000 0.000000 0.010000 512.000000
3.050000 100.000000 76.846667 0.000000 0.010000 1024.000000
2.723333 100.000000 84.296667 0.000000 0.100000 256.000000
2.706667 100.000000 83.036667 0.000000 0.100000 512.000000
2.930000 100.000000 80.316667 0.000000 0.100000 1024.000000
3.753333 100.000000 72.023333 0.000001 0.001000 256.000000
4.223333 100.000000 67.356667 0.000001 0.001000 512.000000
4.503333 100.000000 64.206667 0.000001 0.001000 1024.000000
2.713333 100.000000 83.480000 0.000001 0.010000 256.000000
2.873333 100.000000 80.523333 0.000001 0.010000 512.000000
3.030000 100.000000 77.043333 0.000001 0.010000 1024.000000
2.796667 100.000000 84.030000 0.000001 0.100000 256.000000
2.880000 100.000000 80.863333 0.000001 0.100000 512.000000
2.890000 100.000000 80.876667 0.000001 0.100000 1024.000000
3.850000 100.000000 72.606667 0.000010 0.001000 256.000000
4.286667 100.000000 67.143333 0.000010 0.001000 512.000000
4.683333 100.000000 63.833333 0.000010 0.001000 1024.000000
2.783333 100.000000 83.723333 0.000010 0.010000 256.000000
2.800000 100.000000 81.040000 0.000010 0.010000 512.000000
3.073333 100.000000 76.780000 0.000010 0.010000 1024.000000
2.860000 100.000000 83.470000 0.000010 0.100000 256.000000
2.773333 100.000000 82.796667 0.000010 0.100000 512.000000
2.920000 100.000000 80.736667 0.000010 0.100000 1024.000000
