1.89 2.67 2.88 2.9 2.84 2.78 2.86 2.78 2.79 2.82 2.89 2.73 2.79 2.73 2.8 2.79 2.8 2.76 2.76 2.82 2.72 100.0 83.18 1e-05 0.1 256
1.89 2.88 2.88 2.78 2.76 2.73 2.75 2.69 2.72 2.67 2.76 2.71 2.7 2.71 2.69 2.74 2.73 2.74 2.74 2.72 2.67 100.0 82.15 1e-05 0.1 512
1.89 2.89 3.07 2.96 2.96 2.97 2.92 2.81 2.9 2.86 2.85 2.85 2.84 2.91 2.81 2.87 2.87 2.85 2.91 2.84 2.8 100.0 79.32 1e-05 0.1 1024
1.89 2.7 2.75 2.74 2.75 2.79 2.75 2.76 2.75 2.7 2.71 2.77 2.79 2.71 2.73 2.74 2.76 2.82 2.76 2.82 2.71 100.0 83.82 1e-05 0.01 256
1.89 2.75 2.83 2.84 2.8 2.81 2.76 2.79 2.78 2.84 2.82 2.85 2.83 2.8 2.81 2.89 2.81 2.79 2.88 2.82 2.73 100.0 81.23 1e-05 0.01 512
1.89 3.14 2.99 2.98 2.96 2.97 3.01 3.06 3.08 3.1 3.1 3.11 3.1 3.04 3.12 3.03 3.18 3.14 3.07 3.08 3.08 100.0 76.81 1e-05 0.01 1024
1.89 3.04 2.97 2.95 2.95 2.95 2.89 2.94 2.92 2.96 2.91 2.94 2.9 2.94 2.9 2.91 2.88 2.93 2.91 2.9 2.86 100.0 76.89 1e-06 0.01 1024
1.89 2.98 2.98 2.97 3.02 3.02 3.03 3.02 3.01 2.94 2.93 2.97 3.01 2.97 3.05 3.04 2.98 3.03 2.97 2.96 3.02 100.0 77.22 1e-07 0.01 1024
1.89 3.28 3.49 3.57 3.76 3.67 3.68 3.53 3.71 3.81 3.69 3.63 3.72 3.72 3.71 3.59 3.53 3.53 3.53 3.65 3.63 100.0 72.48 1e-05 0.001 256
1.89 3.47 3.58 3.62 3.73 3.71 3.69 3.62 3.68 3.74 3.7 3.65 3.88 3.79 3.8 3.66 3.87 3.82 3.74 3.63 3.77 100.0 71.55 1e-06 0.001 256
1.89 3.3 3.57 3.61 3.58 3.63 3.79 3.6 3.7 3.58 3.51 3.65 3.56 3.68 3.69 3.64 3.8 3.57 3.74 3.62 3.56 100.0 72.29 1e-07 0.001 256
1.89 3.49 4.08 4.19 4.11 4.29 4.23 4.18 4.05 4.21 4.23 4.23 4.15 4.21 4.12 4.2 4.28 4.14 4.25 4.12 4.16 100.0 66.58 1e-05 0.001 512
1.89 3.73 4.16 4.2 4.29 4.26 4.36 4.31 4.29 4.3 4.24 4.28 4.23 4.28 4.31 4.32 4.3 4.16 4.3 4.31 4.22 100.0 67.13 1e-06 0.001 512
1.89 3.7 4.21 4.29 4.07 4.13 4.2 4.05 4.15 4.29 4.14 4.18 4.15 4.27 4.03 4.26 4.22 4.15 4.13 4.13 4.14 100.0 66.97 1e-07 0.001 512
1.89 3.58 4.42 4.42 4.32 4.58 4.42 4.51 4.43 4.3 4.44 4.49 4.49 4.48 4.5 4.5 4.46 4.42 4.41 4.48 4.39 100.0 63.48 1e-05 0.001 1024
1.89 3.51 4.16 4.33 4.42 4.27 4.27 4.39 4.26 4.52 4.44 4.31 4.34 4.37 4.43 4.45 4.4 4.42 4.53 4.44 4.39 100.0 63.94 1e-06 0.001 1024
1.89 3.68 4.19 4.62 4.67 4.66 4.6 4.53 4.76 4.62 4.63 4.63 4.53 4.61 4.63 4.77 4.57 4.7 4.57 4.55 4.71 100.0 63.66 1e-07 0.001 1024
