1 2.0 3.08 3.0 2.77 2.74 2.73 2.73 2.7 2.71 2.71 2.7 2.72 2.71 2.71 2.72 2.72 2.71 2.71 2.72 2.69 2.7 100.0 79.98 1e-06 0.1 1024
1 2.0 3.12 3.1 3.11 3.06 3.07 3.09 3.06 3.16 3.11 3.06 3.09 3.06 3.1 3.13 3.07 3.1 3.14 3.08 3.1 3.14 100.0 72.3 1e-06 0.005 1024
1 2.0 2.89 2.71 2.83 2.83 2.8 2.84 2.85 2.8 2.81 2.8 2.82 2.81 2.8 2.78 2.81 2.82 2.8 2.8 2.79 2.61 100.0 81.44 1e-06 0.1 512
1 2.0 2.73 2.56 2.56 2.54 2.55 2.55 2.55 2.54 2.52 2.54 2.53 2.53 2.53 2.54 2.54 2.52 2.53 2.54 2.53 2.54 100.0 83.06 1e-06 0.05 1024
1 2.0 2.74 2.76 2.78 2.87 2.81 2.78 2.83 2.83 2.75 2.83 2.79 2.79 2.82 2.78 2.81 2.83 2.77 2.78 2.81 2.89 100.0 77.34 1e-06 0.005 512
1 2.0 2.63 2.59 2.58 2.57 2.6 2.59 2.56 2.61 2.56 2.56 2.58 2.59 2.58 2.59 2.56 2.6 2.62 2.63 2.61 2.57 100.0 81.39 1e-06 0.005 256
1 2.0 2.88 2.86 2.7 2.66 2.7 2.66 2.69 2.67 2.66 2.68 2.73 2.7 2.74 2.75 2.71 2.74 2.76 2.75 2.56 2.7 100.0 82.99 1e-06 0.1 256
1 2.0 2.72 2.68 2.6 2.63 2.65 2.62 2.62 2.64 2.6 2.62 2.64 2.65 2.6 2.62 2.68 2.59 2.63 2.58 2.58 2.64 100.0 80.84 1e-06 0.01 512
1 2.0 3.5 3.13 3.22 3.21 3.31 3.26 3.29 3.26 3.27 3.28 3.28 3.18 3.2 3.3 3.29 3.21 3.24 3.21 3.23 3.25 100.0 72.47 1e-06 0.001 256
1 2.0 2.8 2.38 2.39 2.38 2.38 2.37 2.38 2.39 2.41 2.38 2.4 2.39 2.39 2.38 2.39 2.4 2.39 2.42 2.38 2.48 100.0 84.57 1e-06 0.05 512
1 2.0 2.61 2.54 2.54 2.52 2.49 2.49 2.51 2.49 2.53 2.51 2.53 2.53 2.49 2.55 2.49 2.51 2.5 2.51 2.5 2.47 100.0 83.59 1e-06 0.01 256
1 2.0 2.86 2.77 2.79 2.76 2.8 2.79 2.83 2.8 2.83 2.83 2.77 2.82 2.82 2.8 2.85 2.81 2.78 2.78 2.81 2.82 100.0 76.65 1e-06 0.01 1024
1 2.0 3.68 3.56 3.45 3.6 3.53 3.58 3.63 3.63 3.56 3.64 3.44 3.56 3.6 3.54 3.6 3.53 3.65 3.66 3.54 3.52 100.0 66.67 1e-06 0.001 512
1 2.0 2.71 2.58 2.51 2.53 2.51 2.47 2.52 2.48 2.49 2.49 2.49 2.48 2.49 2.5 2.48 2.5 2.52 2.48 2.49 2.48 100.0 85.44 1e-06 0.05 256
1 2.0 3.53 4.0 3.94 4.03 3.92 3.99 3.98 3.91 3.98 3.97 4.02 4.04 4.01 3.96 3.96 4.0 3.99 3.94 4.06 4.01 100.0 63.54 1e-06 0.001 1024
