1.89 2.71 2.84 2.85 2.84 2.75 2.8 2.69 2.64 2.7 2.6 2.68 2.59 2.55 2.54 2.6 2.61 2.61 2.59 2.58 2.57 99.994 91.9 1e-05 0.1 1024
1.89 3.08 2.84 2.85 2.82 2.59 2.69 3.02 2.79 2.78 2.76 2.87 2.75 2.74 2.81 2.67 2.68 2.62 2.69 2.65 2.68 100.0 91.6 1e-06 0.1 1024
1.89 3.01 2.88 2.93 2.79 2.8 2.76 2.73 2.49 2.71 2.59 2.64 2.64 2.57 2.58 2.59 2.57 2.55 2.55 2.59 2.53 99.994 91.56 1e-07 0.1 1024
1.89 2.73 2.9 2.96 2.76 2.73 2.7 2.67 2.71 2.65 2.76 2.72 2.64 2.62 2.68 2.67 2.64 2.6 2.62 2.61 2.64 99.998 90.59 1e-05 0.1 512
1.89 2.83 3.01 2.8 2.77 2.71 2.7 2.7 2.72 2.77 2.81 2.77 2.68 2.74 2.72 2.8 2.76 2.74 2.86 2.84 2.85 99.996 90.87 1e-06 0.1 512
1.89 2.71 2.76 2.74 2.71 2.73 2.69 2.69 2.66 2.67 2.69 2.7 2.64 2.62 2.68 2.65 2.62 2.64 2.62 2.66 2.67 100.0 90.5 1e-07 0.1 512
1.89 2.87 2.72 2.6 2.64 2.7 2.51 2.5 2.55 2.55 2.48 2.45 2.44 2.46 2.54 2.44 2.53 2.54 2.51 2.46 2.49 100.0 93.11 1e-05 0.1 256
1.89 2.8 2.61 2.61 2.7 2.75 2.63 2.59 2.71 2.75 2.67 2.62 2.56 2.57 2.54 2.5 2.53 2.54 2.56 2.59 2.53 100.0 92.7 1e-06 0.1 256
1.89 2.84 2.72 2.61 2.64 2.58 2.54 2.44 2.49 2.5 2.5 2.47 2.41 2.35 2.46 2.34 2.42 2.45 2.46 2.46 2.36 99.994 92.9 1e-07 0.1 256
1.89 2.7 2.77 2.7 2.82 2.64 2.66 2.68 2.67 2.56 2.6 2.69 2.56 2.62 2.64 2.63 2.6 2.62 2.63 2.63 2.63 99.998 91.71 1e-05 0.01 1024
1.89 2.56 2.8 2.77 2.81 2.66 2.71 2.78 2.65 2.75 2.54 2.66 2.59 2.65 2.65 2.67 2.6 2.61 2.62 2.62 2.62 99.996 91.23 1e-06 0.01 1024
1.89 2.71 2.72 2.65 2.63 2.62 2.59 2.77 2.66 2.68 2.59 2.6 2.63 2.62 2.61 2.61 2.62 2.61 2.6 2.64 2.64 99.998 91.54 1e-07 0.01 1024
1.89 2.67 2.73 2.8 2.6 2.65 2.62 2.48 2.61 2.49 2.46 2.53 2.57 2.51 2.48 2.43 2.43 2.45 2.46 2.48 2.47 100.0 92.14 1e-05 0.01 512
1.89 2.58 2.69 2.62 2.58 2.64 2.57 2.46 2.58 2.51 2.5 2.63 2.54 2.55 2.57 2.6 2.6 2.55 2.6 2.62 2.64 100.0 92.25 1e-06 0.01 512
1.89 2.89 2.6 2.58 2.67 2.6 2.53 2.58 2.63 2.56 2.68 2.59 2.66 2.58 2.55 2.58 2.53 2.58 2.56 2.59 2.59 99.998 92.43 1e-07 0.01 512
1.89 2.6 2.64 2.69 2.61 2.71 2.62 2.59 2.54 2.59 2.51 2.52 2.53 2.59 2.54 2.56 2.51 2.51 2.57 2.52 2.6 100.0 92.96 1e-05 0.01 256
1.89 2.66 2.58 2.66 2.61 2.58 2.44 2.54 2.5 2.54 2.56 2.5 2.52 2.49 2.54 2.55 2.51 2.53 2.53 2.59 2.53 99.998 92.96 1e-06 0.01 256
1.89 2.65 2.69 2.67 2.68 2.76 2.56 2.67 2.49 2.5 2.63 2.58 2.47 2.5 2.55 2.57 2.59 2.59 2.52 2.53 2.54 100.0 92.91 1e-07 0.01 256
1.89 3.38 3.1 2.86 2.84 2.76 2.85 2.84 2.93 2.76 2.92 2.84 2.96 2.85 2.84 2.82 2.89 2.91 2.85 2.83 2.86 97.076 85.67 1e-05 0.001 1024
1.89 3.34 3.06 2.87 3.02 2.65 2.86 2.83 2.92 2.92 2.91 2.79 2.78 2.97 2.99 3.05 2.97 3.02 2.89 2.98 2.98 97.248 85.62 1e-06 0.001 1024
1.89 3.26 3.18 2.77 2.85 2.75 2.91 2.8 2.89 2.9 2.92 2.72 2.93 2.82 2.8 2.9 2.85 2.86 2.86 2.82 2.81 97.168 85.44 1e-07 0.001 1024
1.89 3.03 2.88 2.75 2.82 2.71 2.8 2.94 2.9 2.88 2.93 2.88 2.84 2.88 2.9 2.88 2.86 2.87 2.89 2.88 2.84 99.708 87.71 1e-05 0.001 512
1.89 2.97 2.86 2.98 2.76 2.78 2.71 2.96 2.86 2.82 3.04 2.85 2.9 2.92 2.8 2.93 2.86 2.95 3.0 2.95 2.91 99.708 87.87 1e-06 0.001 512
1.89 2.99 2.79 2.74 2.93 2.83 2.84 2.9 2.93 2.99 2.88 2.84 2.97 2.92 2.97 2.81 2.83 2.82 2.84 2.8 2.83 99.782 87.74 1e-07 0.001 512
1.89 2.94 2.84 2.74 2.62 2.83 2.79 2.75 2.72 2.74 2.72 2.68 2.66 2.7 2.74 2.71 2.72 2.67 2.71 2.69 2.74 99.958 89.76 1e-05 0.001 256
1.89 2.89 2.83 2.73 2.76 2.51 2.8 2.76 2.62 2.64 2.64 2.68 2.67 2.69 2.64 2.62 2.71 2.71 2.78 2.69 2.69 99.95 89.36 1e-06 0.001 256
1.89 2.81 2.85 2.75 2.72 2.77 2.73 2.8 2.68 2.71 2.91 2.84 2.74 2.75 2.76 2.73 2.87 2.69 2.77 2.76 2.76 99.956 89.74 1e-07 0.001 256
1.57 2.97 3.08 2.78 2.78 2.68 2.8 2.84 2.73 2.76 2.75 2.74 2.7 2.81 2.79 2.82 2.83 2.8 2.85 2.81 2.86 99.998 92.38 1e-05 0.1 1024
1.57 2.96 2.9 2.72 2.68 2.63 2.83 2.6 2.78 2.68 2.54 2.59 2.62 2.58 2.59 2.52 2.54 2.55 2.55 2.54 2.55 100.0 92.76 1e-06 0.1 1024
1.57 2.63 2.97 2.72 2.78 2.92 2.72 2.79 2.74 2.69 2.74 2.65 2.64 2.64 2.63 2.68 2.64 2.65 2.65 2.65 2.65 99.998 92.49 1e-07 0.1 1024
1.57 2.95 2.85 2.84 2.96 2.84 2.64 2.77 2.7 2.71 2.73 2.76 2.76 2.66 2.73 2.72 2.69 2.69 2.68 2.67 2.68 99.998 91.68 1e-05 0.1 512
1.57 2.93 3.07 2.93 2.87 2.87 2.88 2.86 2.91 2.79 2.87 2.8 2.75 2.7 2.69 2.75 2.72 2.83 2.81 2.79 2.76 99.998 91.41 1e-06 0.1 512
1.57 2.95 2.94 2.95 2.9 2.82 2.97 2.84 2.74 2.74 2.75 2.75 2.78 2.78 2.77 2.77 2.77 2.77 2.77 2.74 2.8 100.0 91.85 1e-07 0.1 512
1.57 2.86 2.87 2.93 2.91 2.84 2.75 2.64 2.72 2.78 2.68 2.76 2.66 2.6 2.69 2.63 2.68 2.62 2.6 2.64 2.64 99.996 92.65 1e-05 0.1 256
1.57 3.04 2.8 2.72 2.82 2.82 2.65 2.77 2.6 2.81 2.71 2.77 2.62 2.68 2.66 2.69 2.67 2.68 2.64 2.65 2.63 100.0 92.17 1e-06 0.1 256
1.57 2.79 2.87 2.74 2.91 2.73 2.81 2.92 2.76 2.79 2.76 2.65 2.77 2.74 2.69 2.75 2.77 2.72 2.72 2.74 2.67 99.998 92.37 1e-07 0.1 256
1.57 2.89 2.92 2.81 2.71 2.82 2.89 2.84 2.72 2.78 2.72 2.71 2.78 2.76 2.76 2.8 2.83 2.77 2.79 2.76 2.77 99.998 91.04 1e-05 0.01 1024
1.57 2.93 2.87 2.9 2.72 2.87 2.78 2.72 2.68 2.64 2.62 2.63 2.7 2.62 2.58 2.57 2.57 2.58 2.6 2.63 2.57 100.0 90.99 1e-06 0.01 1024
1.57 2.72 2.83 2.79 2.69 2.78 2.78 2.86 2.73 2.79 2.74 2.68 2.71 2.69 2.7 2.78 2.75 2.77 2.71 2.68 2.73 99.992 91.69 1e-07 0.01 1024
1.57 2.71 2.77 2.81 2.87 2.83 2.8 2.75 2.67 2.59 2.65 2.63 2.61 2.57 2.53 2.6 2.58 2.58 2.56 2.52 2.59 100.0 92.58 1e-05 0.01 512
1.57 2.86 2.74 2.73 2.79 2.6 2.73 2.8 2.67 2.62 2.66 2.65 2.64 2.74 2.7 2.68 2.75 2.66 2.74 2.64 2.71 99.998 92.16 1e-06 0.01 512
1.57 2.73 2.79 2.73 2.85 2.77 2.67 2.72 2.67 2.68 2.74 2.64 2.72 2.7 2.69 2.71 2.73 2.63 2.69 2.66 2.68 99.998 92.45 1e-07 0.01 512
1.57 2.68 2.86 2.72 2.77 2.67 2.68 2.79 2.63 2.63 2.62 2.57 2.5 2.59 2.57 2.56 2.58 2.55 2.57 2.59 2.58 99.996 93.18 1e-05 0.01 256
1.57 2.87 2.67 2.66 2.64 2.62 2.61 2.73 2.64 2.56 2.58 2.54 2.6 2.6 2.62 2.57 2.58 2.53 2.58 2.59 2.55 99.998 92.93 1e-06 0.01 256
1.57 2.88 2.83 2.67 2.75 2.71 2.68 2.58 2.57 2.7 2.6 2.53 2.55 2.62 2.55 2.58 2.59 2.59 2.59 2.59 2.59 99.996 92.89 1e-07 0.01 256
1.57 3.18 3.01 3.27 3.08 3.19 2.98 3.1 3.07 3.03 3.15 3.16 3.14 3.05 3.16 3.06 3.11 3.15 3.14 3.09 3.11 97.212 85.81 1e-05 0.001 1024
1.57 3.14 3.07 3.11 2.97 2.97 2.88 3.18 3.07 3.1 2.97 3.02 3.04 3.13 3.07 3.05 3.24 3.12 3.1 3.12 3.13 97.284 85.94 1e-06 0.001 1024
1.57 3.24 3.04 3.12 2.95 3.03 2.95 3.06 3.05 3.02 3.05 3.28 3.24 3.26 3.24 3.12 3.09 3.06 3.19 3.19 3.07 97.3 85.96 1e-07 0.001 1024
1.57 3.28 3.02 2.92 2.85 3.04 2.83 2.96 2.9 2.96 2.91 2.99 2.98 3.01 2.88 2.91 3.0 3.08 3.09 3.06 3.12 99.752 87.94 1e-05 0.001 512
1.57 3.12 2.85 3.02 3.06 3.05 2.93 2.9 3.13 2.96 2.97 3.01 2.89 3.1 3.0 3.11 3.04 2.96 3.03 3.01 3.04 99.734 87.89 1e-06 0.001 512
1.57 3.11 3.22 3.04 2.85 3.13 3.12 2.96 3.2 2.93 2.9 3.02 2.87 3.16 2.9 3.06 3.12 3.0 3.09 3.0 3.0 99.742 87.97 1e-07 0.001 512
1.57 2.93 2.78 2.85 2.91 2.84 2.84 2.79 2.78 2.8 2.82 2.95 2.69 2.83 2.86 2.74 2.76 2.81 2.79 2.78 2.79 99.954 90.37 1e-05 0.001 256
1.57 2.96 2.75 2.9 2.65 2.86 2.71 2.82 2.9 2.77 2.83 2.85 2.83 2.76 2.66 2.89 2.74 2.84 2.8 2.73 2.77 99.968 89.75 1e-06 0.001 256
1.57 2.9 2.91 2.88 2.85 2.87 2.77 2.75 2.87 2.94 2.88 2.99 2.69 2.88 2.75 2.89 3.0 2.91 2.86 2.86 2.95 99.958 89.72 1e-07 0.001 256
1.26 2.73 2.73 2.75 2.83 2.75 2.66 2.71 2.66 2.68 2.57 2.61 2.6 2.61 2.53 2.59 2.63 2.57 2.53 2.57 2.56 100.0 91.69 1e-05 0.1 1024
1.26 2.92 2.68 2.89 2.86 2.85 2.83 2.82 2.64 2.8 2.63 2.71 2.74 2.75 2.74 2.75 2.74 2.73 2.71 2.75 2.74 100.0 91.87 1e-06 0.1 1024
1.26 2.85 2.88 2.91 2.76 2.82 2.68 2.61 2.71 2.71 2.57 2.69 2.63 2.59 2.5 2.63 2.61 2.61 2.57 2.58 2.59 100.0 92.03 1e-07 0.1 1024
1.26 2.71 2.78 2.82 2.64 2.46 2.53 2.5 2.59 2.44 2.5 2.57 2.46 2.45 2.52 2.52 2.52 2.51 2.54 2.55 2.52 99.998 92.94 1e-05 0.1 512
1.26 2.84 2.87 2.96 2.73 2.66 2.76 2.7 2.56 2.62 2.66 2.73 2.71 2.71 2.72 2.7 2.73 2.76 2.7 2.7 2.71 99.998 92.75 1e-06 0.1 512
1.26 2.74 2.58 2.73 2.61 2.61 2.7 2.67 2.59 2.69 2.57 2.6 2.56 2.58 2.6 2.62 2.61 2.6 2.6 2.57 2.58 100.0 92.46 1e-07 0.1 512
1.26 2.67 2.71 2.85 2.68 2.61 2.66 2.61 2.57 2.58 2.68 2.5 2.48 2.52 2.54 2.49 2.51 2.53 2.5 2.5 2.49 100.0 93.22 1e-05 0.1 256
1.26 2.82 2.7 2.65 2.67 2.65 2.74 2.65 2.54 2.63 2.55 2.61 2.57 2.62 2.58 2.57 2.55 2.54 2.56 2.53 2.59 99.994 93.17 1e-06 0.1 256
1.26 2.9 2.75 2.57 2.62 2.64 2.6 2.46 2.56 2.58 2.51 2.66 2.56 2.62 2.64 2.59 2.61 2.6 2.65 2.63 2.6 99.996 93.14 1e-07 0.1 256
1.26 2.86 2.77 2.73 2.83 2.73 2.6 2.7 2.67 2.78 2.68 2.86 2.72 2.75 2.72 2.76 2.71 2.71 2.74 2.74 2.74 99.994 91.05 1e-05 0.01 1024
1.26 2.8 2.64 2.77 2.84 2.76 2.75 2.62 2.74 2.6 2.69 2.7 2.63 2.71 2.71 2.75 2.74 2.66 2.7 2.76 2.69 99.996 91.19 1e-06 0.01 1024
1.26 2.73 2.64 2.7 2.73 2.73 2.69 2.71 2.75 2.64 2.72 2.63 2.69 2.66 2.61 2.65 2.64 2.66 2.66 2.66 2.66 99.994 91.19 1e-07 0.01 1024
1.26 2.73 2.73 2.74 2.94 2.65 2.75 2.67 2.65 2.65 2.64 2.63 2.69 2.6 2.64 2.66 2.64 2.65 2.62 2.67 2.66 100.0 92.76 1e-05 0.01 512
1.26 2.63 2.7 2.81 2.7 2.55 2.6 2.69 2.54 2.5 2.63 2.7 2.64 2.64 2.57 2.62 2.62 2.62 2.55 2.56 2.59 99.998 92.09 1e-06 0.01 512
1.26 2.73 2.68 2.58 2.7 2.65 2.74 2.64 2.58 2.63 2.57 2.58 2.58 2.55 2.51 2.56 2.51 2.54 2.53 2.51 2.52 99.994 92.17 1e-07 0.01 512
1.26 2.81 2.67 2.71 2.6 2.69 2.62 2.56 2.71 2.73 2.68 2.7 2.64 2.68 2.64 2.65 2.62 2.62 2.61 2.64 2.6 100.0 93.16 1e-05 0.01 256
1.26 2.66 2.64 2.73 2.66 2.68 2.69 2.64 2.68 2.62 2.65 2.64 2.58 2.62 2.58 2.61 2.57 2.58 2.61 2.63 2.58 100.0 93.06 1e-06 0.01 256
1.26 2.78 2.71 2.77 2.66 2.69 2.61 2.6 2.65 2.62 2.59 2.51 2.64 2.56 2.58 2.62 2.64 2.62 2.62 2.6 2.6 100.0 93.19 1e-07 0.01 256
1.26 3.17 3.05 3.0 3.0 2.96 2.89 3.01 3.06 2.97 3.06 3.19 3.06 3.09 3.1 3.14 3.22 3.16 3.13 3.1 3.11 97.258 85.77 1e-05 0.001 1024
1.26 3.36 3.04 3.03 3.01 3.05 2.75 2.96 3.04 2.91 2.86 2.92 3.03 2.99 3.11 3.0 3.05 2.97 3.01 3.0 2.98 97.232 86.01 1e-06 0.001 1024
1.26 3.15 2.94 2.96 2.98 3.08 2.96 2.93 3.0 3.12 3.1 3.1 2.92 3.06 3.02 2.95 2.99 2.93 2.95 2.97 2.95 97.132 86.15 1e-07 0.001 1024
1.26 2.95 3.07 2.69 2.95 2.79 2.89 2.75 2.84 2.81 2.92 2.8 2.85 2.82 2.82 2.87 2.85 2.92 2.94 2.84 2.95 99.746 88.23 1e-05 0.001 512
1.26 2.92 2.85 2.92 2.96 2.89 2.96 2.92 3.1 3.02 2.97 2.87 2.98 2.97 3.01 2.91 2.95 2.9 2.96 2.92 2.98 99.752 88.1 1e-06 0.001 512
1.26 2.97 3.05 2.88 2.88 2.75 2.97 2.91 2.94 2.85 2.97 2.86 3.03 3.0 2.95 3.07 3.01 2.97 2.94 2.92 2.99 99.746 88.03 1e-07 0.001 512
1.26 2.93 2.82 2.85 2.92 2.84 2.83 2.77 2.67 2.89 2.92 2.75 2.76 2.77 2.86 2.79 2.72 2.76 2.76 2.81 2.8 99.948 89.93 1e-05 0.001 256
1.26 2.8 2.86 2.59 2.9 2.82 2.72 2.78 2.84 2.83 2.77 2.76 2.69 2.74 2.74 2.77 2.75 2.85 2.78 2.74 2.73 99.964 89.99 1e-06 0.001 256
1.26 2.79 2.8 2.84 2.86 2.82 2.77 2.73 2.83 2.73 2.75 2.81 2.75 2.61 2.71 2.77 2.75 2.7 2.67 2.69 2.73 99.966 89.82 1e-07 0.001 256
