1.89 2.83 2.56 2.52 2.54 2.56 2.41 2.38 2.41 2.34 2.5 2.53 2.46 2.51 2.51 2.5 2.51 2.48 2.48 2.56 2.46 47.65 83.59 1e-05 0.1 1024
1.89 2.67 2.66 2.57 2.49 2.46 2.41 2.4 2.6 2.37 2.42 2.43 2.38 2.4 2.47 2.41 2.37 2.44 2.37 2.39 2.44 47.818 83.81 1e-06 0.1 1024
1.89 2.65 2.72 2.4 2.64 2.49 2.48 2.54 2.48 2.46 2.46 2.45 2.43 2.52 2.44 2.42 2.53 2.44 2.47 2.51 2.48 47.65 82.87 1e-07 0.1 1024
1.89 2.64 2.76 2.55 2.37 2.4 2.39 2.36 2.44 2.56 2.41 2.31 2.43 2.45 2.49 2.33 2.37 2.43 2.45 2.49 2.51 58.402 83.91 1e-05 0.1 512
1.89 2.75 2.57 2.52 2.48 2.45 2.49 2.5 2.32 2.51 2.26 2.52 2.32 2.37 2.28 2.28 2.24 2.3 2.28 2.26 2.28 58.526 84.35 1e-06 0.1 512
1.89 2.75 2.55 2.6 2.57 2.55 2.54 2.39 2.38 2.39 2.43 2.53 2.37 2.36 2.29 2.3 2.31 2.28 2.36 2.29 2.29 58.494 83.63 1e-07 0.1 512
1.89 2.56 2.38 2.34 2.54 2.28 2.44 2.37 2.28 2.25 2.31 2.21 2.18 2.21 2.13 2.24 2.14 2.23 2.24 2.18 2.27 57.716 85.79 1e-05 0.1 256
1.89 2.55 2.47 2.39 2.37 2.28 2.33 2.49 2.36 2.46 2.31 2.39 2.34 2.34 2.32 2.27 2.43 2.32 2.31 2.29 2.3 57.542 85.5 1e-06 0.1 256
1.89 2.53 2.46 2.54 2.27 2.33 2.43 2.41 2.26 2.43 2.27 2.42 2.41 2.42 2.37 2.32 2.36 2.34 2.42 2.4 2.4 57.526 85.69 1e-07 0.1 256
1.89 2.64 2.69 2.75 2.65 2.71 2.66 2.55 2.58 2.59 2.56 2.54 2.53 2.63 2.56 2.61 2.69 2.68 2.7 2.61 2.71 47.438 80.14 1e-05 0.01 1024
1.89 2.82 2.73 2.84 2.74 2.63 2.69 2.62 2.49 2.62 2.42 2.62 2.65 2.67 2.94 2.76 2.73 2.68 2.62 2.58 2.65 47.324 80.71 1e-06 0.01 1024
1.89 2.64 2.75 2.7 2.57 2.44 2.47 2.55 2.62 2.58 2.54 2.4 2.52 2.59 2.46 2.57 2.6 2.46 2.5 2.44 2.48 47.356 80.6 1e-07 0.01 1024
1.89 2.6 2.69 2.57 2.42 2.49 2.43 2.53 2.55 2.29 2.36 2.42 2.43 2.43 2.49 2.31 2.46 2.49 2.44 2.44 2.37 58.57 82.06 1e-05 0.01 512
1.89 2.58 2.59 2.51 2.33 2.46 2.61 2.55 2.44 2.35 2.55 2.44 2.48 2.32 2.29 2.39 2.32 2.34 2.43 2.4 2.39 58.446 82.0 1e-06 0.01 512
1.89 2.58 2.58 2.4 2.44 2.46 2.51 2.56 2.45 2.32 2.49 2.62 2.44 2.47 2.42 2.36 2.42 2.36 2.52 2.43 2.41 58.36 82.38 1e-07 0.01 512
1.89 2.49 2.54 2.32 2.3 2.41 2.34 2.21 2.42 2.47 2.51 2.39 2.45 2.47 2.48 2.47 2.5 2.44 2.38 2.43 2.41 57.71 84.01 1e-05 0.01 256
1.89 2.44 2.45 2.43 2.47 2.41 2.57 2.33 2.46 2.51 2.46 2.39 2.57 2.55 2.44 2.39 2.38 2.39 2.33 2.33 2.33 57.582 84.13 1e-06 0.01 256
1.89 2.48 2.34 2.51 2.58 2.52 2.37 2.35 2.23 2.37 2.46 2.26 2.37 2.4 2.35 2.39 2.47 2.46 2.45 2.44 2.46 57.6 84.1 1e-07 0.01 256
1.89 3.47 3.22 3.18 2.94 2.94 3.09 3.14 3.08 3.08 3.3 3.3 2.92 3.15 3.03 3.16 3.15 3.06 3.1 3.07 3.03 44.496 74.93 1e-05 0.001 1024
1.89 3.29 2.99 3.0 3.15 2.96 3.23 3.33 3.47 3.09 3.36 3.23 3.19 3.28 3.03 3.13 3.12 3.17 3.19 3.09 3.19 44.462 74.95 1e-06 0.001 1024
1.89 3.42 3.15 2.85 2.92 2.92 3.14 3.27 3.12 3.09 3.22 3.28 3.0 3.22 3.16 3.14 3.18 3.2 3.07 3.03 3.06 44.454 74.8 1e-07 0.001 1024
1.89 3.17 3.01 3.0 3.11 3.0 2.93 2.95 3.11 2.76 2.96 2.8 2.89 2.86 3.0 2.78 2.88 2.95 2.94 2.83 2.84 56.938 77.2 1e-05 0.001 512
1.89 3.03 2.98 3.08 2.93 2.99 3.03 3.07 2.79 2.95 2.93 2.96 3.01 2.86 3.02 2.92 2.91 2.92 2.85 2.93 2.95 56.99 77.42 1e-06 0.001 512
1.57 2.57 2.6 2.54 2.46 2.42 2.49 2.4 2.58 2.56 2.46 2.6 2.52 2.58 2.39 2.45 2.38 2.43 2.44 2.43 2.39 60.616 86.15 1e-06 0.1 512
1.57 2.66 2.65 2.57 2.65 2.41 2.53 2.5 2.49 2.53 2.59 2.64 2.58 2.6 2.58 2.62 2.56 2.47 2.53 2.58 2.58 60.486 85.22 1e-07 0.1 512
1.57 2.76 2.63 2.67 2.54 2.5 2.47 2.48 2.68 2.65 2.57 2.5 2.61 2.52 2.54 2.53 2.48 2.58 2.61 2.57 2.5 59.334 85.88 1e-05 0.1 256
1.57 2.75 2.74 2.64 2.69 2.49 2.52 2.45 2.57 2.47 2.51 2.48 2.42 2.46 2.47 2.54 2.48 2.4 2.53 2.59 2.51 59.324 85.15 1e-06 0.1 256
1.57 2.75 2.74 2.69 2.43 2.48 2.52 2.55 2.54 2.5 2.41 2.61 2.55 2.48 2.46 2.47 2.47 2.52 2.6 2.59 2.54 59.188 85.28 1e-07 0.1 256
1.57 2.91 2.72 2.77 2.85 2.95 2.8 2.71 2.66 2.82 2.72 2.72 2.8 2.83 2.67 2.83 2.68 2.76 2.64 2.61 2.58 59.058 80.75 1e-05 0.01 1024
1.57 2.76 2.75 2.83 2.76 2.63 2.79 2.88 2.74 2.75 2.81 2.93 2.72 2.72 2.7 2.72 2.71 2.73 2.8 2.73 2.72 59.02 80.35 1e-06 0.01 1024
1.57 2.91 2.86 2.72 2.85 2.9 2.83 2.78 2.89 2.64 2.8 2.78 2.65 2.74 2.79 2.76 2.83 2.83 2.77 2.76 2.85 58.988 81.13 1e-07 0.01 1024
1.57 2.63 2.78 2.56 2.86 2.72 2.73 2.71 2.78 2.59 2.81 2.69 2.78 2.57 2.75 2.73 2.73 2.8 2.74 2.82 2.72 60.574 82.46 1e-05 0.01 512
1.57 2.55 2.68 2.78 2.73 2.66 2.72 2.6 2.63 2.64 2.63 2.73 2.83 2.8 2.73 2.65 2.7 2.73 2.71 2.71 2.68 60.308 81.95 1e-06 0.01 512
1.57 2.55 2.61 2.78 2.77 2.5 2.63 2.63 2.65 2.79 2.67 2.64 2.67 2.68 2.73 2.74 2.77 2.8 2.78 2.76 2.71 60.45 82.0 1e-07 0.01 512
1.57 2.82 2.69 2.67 2.62 2.54 2.5 2.52 2.59 2.64 2.59 2.43 2.6 2.5 2.54 2.61 2.57 2.65 2.57 2.58 2.57 59.23 83.85 1e-05 0.01 256
1.57 2.6 2.58 2.56 2.55 2.62 2.44 2.54 2.55 2.47 2.36 2.54 2.62 2.43 2.55 2.5 2.52 2.56 2.44 2.48 2.51 59.106 83.41 1e-06 0.01 256
1.57 2.67 2.63 2.66 2.66 2.6 2.58 2.56 2.67 2.64 2.65 2.54 2.48 2.37 2.52 2.57 2.61 2.57 2.54 2.61 2.57 59.254 83.81 1e-07 0.01 256
1.57 3.1 3.06 3.25 3.32 3.48 3.44 3.38 3.65 3.29 3.47 3.78 3.5 3.46 3.48 3.44 3.52 3.74 3.53 3.52 3.49 56.022 76.54 1e-05 0.001 1024
1.57 3.23 3.16 3.05 3.43 3.21 3.37 3.29 3.38 3.15 3.38 3.5 3.35 3.39 3.22 3.4 3.26 3.46 3.43 3.48 3.36 55.986 76.24 1e-06 0.001 1024
1.57 3.23 3.12 3.22 3.24 3.53 3.14 3.41 3.53 3.38 3.51 3.49 3.49 3.39 3.53 3.54 3.58 3.62 3.18 3.43 3.16 56.102 76.0 1e-07 0.001 1024
1.57 2.95 3.18 3.04 3.38 3.18 3.47 3.12 3.13 2.91 3.05 3.06 3.23 3.01 2.93 3.1 3.05 3.13 3.11 3.14 3.04 58.492 79.0 1e-05 0.001 512
1.57 2.75 3.13 3.27 3.29 3.19 3.32 3.16 3.12 3.23 3.19 3.22 3.03 3.22 3.18 3.08 3.16 3.22 3.1 3.05 3.18 58.6 78.46 1e-06 0.001 512
1.57 2.94 3.25 3.11 3.28 3.38 3.34 2.96 3.15 3.12 3.24 3.3 3.29 2.99 2.97 2.97 3.0 3.03 3.04 3.07 3.08 58.498 78.51 1e-07 0.001 512
1.57 3.17 3.18 3.16 2.89 3.05 2.86 2.95 3.03 3.14 3.06 2.91 2.91 3.01 3.02 3.05 3.08 2.87 2.99 2.94 3.04 58.26 80.04 1e-05 0.001 256
1.57 2.98 3.1 3.23 3.01 2.9 2.84 2.83 3.03 2.96 3.03 2.76 2.79 3.02 3.08 2.97 2.97 2.88 3.0 2.89 2.92 58.4 80.36 1e-06 0.001 256
1.57 2.85 3.01 3.01 2.97 3.02 2.79 2.9 2.91 3.02 2.9 2.84 2.9 2.75 2.76 2.76 2.86 2.86 2.9 2.92 2.85 58.384 79.56 1e-07 0.001 256
1.26 2.95 2.58 2.6 2.69 2.52 2.51 2.6 2.44 2.6 2.49 2.54 2.38 2.41 2.42 2.53 2.48 2.4 2.37 2.4 2.42 45.692 84.1 1e-05 0.1 1024
1.26 2.78 2.8 2.87 2.6 2.64 2.61 2.49 2.59 2.44 2.46 2.47 2.45 2.39 2.49 2.48 2.49 2.5 2.45 2.53 2.5 45.528 83.2 1e-06 0.1 1024
1.26 2.74 2.57 2.68 2.53 2.44 2.58 2.48 2.32 2.49 2.46 2.44 2.37 2.48 2.37 2.4 2.51 2.4 2.44 2.34 2.45 45.736 84.47 1e-07 0.1 1024
1.26 2.43 2.58 2.47 2.62 2.49 2.35 2.3 2.42 2.36 2.41 2.4 2.37 2.45 2.54 2.55 2.48 2.52 2.49 2.44 2.47 55.334 85.11 1e-05 0.1 512
1.26 2.48 2.65 2.52 2.53 2.52 2.44 2.41 2.54 2.45 2.39 2.51 2.56 2.37 2.43 2.47 2.39 2.56 2.47 2.49 2.43 55.458 85.04 1e-06 0.1 512
1.26 2.5 2.52 2.39 2.47 2.42 2.5 2.4 2.42 2.32 2.38 2.22 2.41 2.37 2.43 2.35 2.31 2.31 2.33 2.49 2.35 55.272 85.65 1e-07 0.1 512
1.26 2.53 2.59 2.52 2.47 2.51 2.44 2.41 2.31 2.44 2.48 2.38 2.42 2.35 2.33 2.35 2.46 2.38 2.48 2.37 2.41 58.314 86.18 1e-05 0.1 256
1.26 2.32 2.55 2.46 2.26 2.39 2.38 2.35 2.44 2.37 2.38 2.34 2.42 2.42 2.49 2.48 2.36 2.48 2.46 2.3 2.4 58.376 85.61 1e-06 0.1 256
1.26 2.5 2.32 2.43 2.41 2.27 2.37 2.31 2.28 2.25 2.36 2.48 2.33 2.36 2.38 2.35 2.34 2.31 2.32 2.32 2.25 58.448 85.96 1e-07 0.1 256
1.26 2.59 2.72 2.68 2.53 2.73 2.62 2.53 2.7 2.65 2.65 2.52 2.54 2.66 2.85 2.75 2.66 2.74 2.66 2.63 2.65 45.626 80.53 1e-05 0.01 1024
1.26 2.68 2.73 2.86 2.66 2.59 2.49 2.52 2.6 2.61 2.65 2.56 2.64 2.58 2.6 2.55 2.69 2.67 2.71 2.6 2.63 45.64 80.32 1e-06 0.01 1024
1.26 2.8 2.74 2.9 2.7 2.54 2.6 2.69 2.74 2.66 2.62 2.65 2.78 2.67 2.68 2.69 2.66 2.57 2.61 2.61 2.58 45.67 80.53 1e-07 0.01 1024
1.26 2.57 2.61 2.59 2.68 2.63 2.59 2.39 2.49 2.57 2.48 2.5 2.63 2.53 2.46 2.59 2.43 2.45 2.65 2.6 2.61 55.312 81.83 1e-05 0.01 512
1.26 2.51 2.53 2.62 2.68 2.42 2.57 2.37 2.62 2.59 2.49 2.56 2.54 2.58 2.62 2.65 2.59 2.63 2.56 2.56 2.52 55.296 82.11 1e-06 0.01 512
1.26 2.69 2.82 2.65 2.69 2.69 2.72 2.58 2.48 2.53 2.47 2.48 2.62 2.73 2.52 2.55 2.52 2.5 2.54 2.57 2.55 55.288 81.95 1e-07 0.01 512
1.26 2.55 2.31 2.51 2.43 2.38 2.45 2.42 2.35 2.31 2.41 2.37 2.5 2.42 2.53 2.45 2.38 2.42 2.46 2.41 2.42 58.356 83.32 1e-05 0.01 256
1.26 2.39 2.37 2.48 2.45 2.29 2.42 2.39 2.39 2.42 2.49 2.45 2.42 2.38 2.39 2.48 2.46 2.46 2.5 2.47 2.51 58.142 83.86 1e-06 0.01 256
1.26 2.47 2.52 2.64 2.5 2.35 2.47 2.55 2.37 2.46 2.46 2.52 2.43 2.52 2.37 2.51 2.49 2.43 2.52 2.55 2.47 58.284 83.11 1e-07 0.01 256
1.26 3.51 3.14 3.13 3.0 2.96 3.09 3.01 3.29 3.08 3.08 3.07 3.12 2.97 3.02 2.94 2.97 2.98 2.99 2.98 2.99 43.19 74.85 1e-05 0.001 1024
1.26 3.51 3.02 3.19 2.87 3.15 3.18 3.16 3.19 3.08 3.32 2.9 3.32 2.96 2.89 2.92 2.98 2.92 2.97 3.0 2.92 43.096 74.94 1e-06 0.001 1024
1.26 3.35 3.05 2.95 2.91 2.98 3.1 2.92 2.97 3.14 3.27 3.16 3.02 3.01 2.86 2.98 3.01 3.07 3.02 3.07 2.94 43.28 74.9 1e-07 0.001 1024
1.26 2.83 2.95 3.0 2.94 3.26 2.95 3.03 3.11 2.95 2.93 2.89 2.88 2.96 2.85 3.01 2.79 2.93 2.87 2.81 2.83 53.824 77.2 1e-05 0.001 512
1.26 3.02 2.88 3.12 2.98 2.96 3.01 2.91 2.83 2.83 2.82 2.87 2.9 2.82 2.82 2.82 2.81 2.82 2.81 2.87 2.88 53.842 77.56 1e-06 0.001 512
1.26 2.86 2.95 2.95 2.94 3.17 3.03 3.14 2.98 2.89 2.94 2.93 2.99 2.93 2.89 2.89 2.78 2.82 2.8 2.96 2.91 53.628 77.58 1e-07 0.001 512
1.26 2.84 2.78 2.78 2.9 2.87 2.7 2.81 2.84 2.64 2.88 2.92 2.71 2.87 2.71 2.83 2.81 2.78 2.75 2.91 2.85 57.348 79.57 1e-05 0.001 256
1.26 2.89 2.81 2.78 3.05 2.66 2.81 2.76 2.61 2.79 2.74 2.67 2.78 2.64 2.79 2.68 2.69 2.67 2.72 2.76 2.8 57.326 79.46 1e-06 0.001 256
1.26 2.94 2.69 2.76 2.85 2.83 2.86 2.75 2.76 2.78 2.95 2.71 2.81 2.9 2.88 2.63 2.8 2.86 2.82 2.85 2.76 57.296 79.86 1e-07 0.001 256
