1.89 2.67 2.88 2.9 2.84 2.78 2.86 2.78 2.79 2.82 2.89 2.73 2.79 2.73 2.8 2.79 2.8 2.76 2.76 2.82 2.72 100.0 83.18 1e-05 0.1 256
1.89 2.9 2.75 2.79 2.76 2.75 2.8 2.84 2.81 2.78 2.76 2.79 2.84 2.79 2.79 2.82 2.78 2.76 2.8 2.82 2.79 100.0 83.78 1e-06 0.1 256
1.89 2.8 2.78 2.8 2.67 2.73 2.66 2.64 2.73 2.61 2.77 2.68 2.62 2.66 2.65 2.65 2.64 2.64 2.7 2.72 2.68 100.0 84.45 1e-07 0.1 256
1.89 2.88 2.88 2.78 2.76 2.73 2.75 2.69 2.72 2.67 2.76 2.71 2.7 2.71 2.69 2.74 2.73 2.74 2.74 2.72 2.67 100.0 82.15 1e-05 0.1 512
1.89 2.9 3.01 2.88 2.83 2.79 2.89 2.78 2.82 2.87 2.8 2.79 2.83 2.79 2.87 2.78 2.82 2.82 2.91 2.81 2.81 100.0 79.07 1e-06 0.1 512
1.89 2.81 2.78 2.72 2.69 2.73 2.76 2.77 2.71 2.73 2.72 2.75 2.73 2.79 2.7 2.73 2.73 2.75 2.74 2.75 2.73 100.0 81.82 1e-07 0.1 512
1.89 2.89 3.07 2.96 2.96 2.97 2.92 2.81 2.9 2.86 2.85 2.85 2.84 2.91 2.81 2.87 2.87 2.85 2.91 2.84 2.8 100.0 79.32 1e-05 0.1 1024
1.89 2.76 2.88 2.81 2.74 2.78 2.82 2.79 2.8 2.83 2.79 2.82 2.87 2.84 2.85 2.86 2.84 2.83 2.83 2.83 2.83 100.0 79.32 1e-06 0.1 1024
1.89 2.89 3.05 3.13 3.01 3.07 2.94 3.06 2.99 3.0 2.97 2.98 3.06 3.02 3.0 3.0 3.0 3.0 3.03 2.95 2.96 100.0 77.64 1e-07 0.1 1024
1.89 2.7 2.75 2.74 2.75 2.79 2.75 2.76 2.75 2.7 2.71 2.77 2.79 2.71 2.73 2.74 2.76 2.82 2.76 2.82 2.71 100.0 83.82 1e-05 0.01 256
1.89 2.7 2.61 2.69 2.67 2.66 2.58 2.67 2.65 2.61 2.64 2.68 2.59 2.66 2.66 2.62 2.65 2.66 2.64 2.66 2.68 100.0 83.51 1e-06 0.01 256
1.89 2.65 2.69 2.69 2.74 2.73 2.7 2.7 2.71 2.73 2.7 2.73 2.74 2.74 2.72 2.72 2.72 2.66 2.72 2.71 2.71 100.0 83.55 1e-07 0.01 256
1.89 2.75 2.83 2.84 2.8 2.81 2.76 2.79 2.78 2.84 2.82 2.85 2.83 2.8 2.81 2.89 2.81 2.79 2.88 2.82 2.73 100.0 81.23 1e-05 0.01 512
1.89 2.78 2.81 2.82 2.86 2.84 2.85 2.84 2.91 2.85 2.88 2.87 2.84 2.85 2.88 2.87 2.88 2.88 2.91 2.83 2.8 100.0 80.55 1e-06 0.01 512
1.89 2.79 2.74 2.82 2.81 2.89 2.84 2.84 2.83 2.79 2.85 2.85 2.84 2.83 2.82 2.85 2.83 2.8 2.87 2.81 2.82 100.0 81.28 1e-07 0.01 512
1.89 3.14 2.99 2.98 2.96 2.97 3.01 3.06 3.08 3.1 3.1 3.11 3.1 3.04 3.12 3.03 3.18 3.14 3.07 3.08 3.08 100.0 76.81 1e-05 0.01 1024
1.89 3.04 2.97 2.95 2.95 2.95 2.89 2.94 2.92 2.96 2.91 2.94 2.9 2.94 2.9 2.91 2.88 2.93 2.91 2.9 2.86 100.0 76.89 1e-06 0.01 1024
1.89 2.98 2.98 2.97 3.02 3.02 3.03 3.02 3.01 2.94 2.93 2.97 3.01 2.97 3.05 3.04 2.98 3.03 2.97 2.96 3.02 100.0 77.22 1e-07 0.01 1024
1.89 3.28 3.49 3.57 3.76 3.67 3.68 3.53 3.71 3.81 3.69 3.63 3.72 3.72 3.71 3.59 3.53 3.53 3.53 3.65 3.63 100.0 72.48 1e-05 0.001 256
1.89 3.47 3.58 3.62 3.73 3.71 3.69 3.62 3.68 3.74 3.7 3.65 3.88 3.79 3.8 3.66 3.87 3.82 3.74 3.63 3.77 100.0 71.55 1e-06 0.001 256
1.89 3.3 3.57 3.61 3.58 3.63 3.79 3.6 3.7 3.58 3.51 3.65 3.56 3.68 3.69 3.64 3.8 3.57 3.74 3.62 3.56 100.0 72.29 1e-07 0.001 256
1.89 3.49 4.08 4.19 4.11 4.29 4.23 4.18 4.05 4.21 4.23 4.23 4.15 4.21 4.12 4.2 4.28 4.14 4.25 4.12 4.16 100.0 66.58 1e-05 0.001 512
1.89 3.73 4.16 4.2 4.29 4.26 4.36 4.31 4.29 4.3 4.24 4.28 4.23 4.28 4.31 4.32 4.3 4.16 4.3 4.31 4.22 100.0 67.13 1e-06 0.001 512
1.89 3.7 4.21 4.29 4.07 4.13 4.2 4.05 4.15 4.29 4.14 4.18 4.15 4.27 4.03 4.26 4.22 4.15 4.13 4.13 4.14 100.0 66.97 1e-07 0.001 512
1.89 3.58 4.42 4.42 4.32 4.58 4.42 4.51 4.43 4.3 4.44 4.49 4.49 4.48 4.5 4.5 4.46 4.42 4.41 4.48 4.39 100.0 63.48 1e-05 0.001 1024
1.89 3.51 4.16 4.33 4.42 4.27 4.27 4.39 4.26 4.52 4.44 4.31 4.34 4.37 4.43 4.45 4.4 4.42 4.53 4.44 4.39 100.0 63.94 1e-06 0.001 1024
1.89 3.68 4.19 4.62 4.67 4.66 4.6 4.53 4.76 4.62 4.63 4.63 4.53 4.61 4.63 4.77 4.57 4.7 4.57 4.55 4.71 100.0 63.66 1e-07 0.001 1024
1.57 2.93 2.76 2.86 2.76 2.9 2.84 2.84 2.79 2.83 2.81 2.77 2.82 2.87 2.84 2.78 2.84 2.85 2.74 2.79 2.82 100.0 83.68 1e-05 0.1 256
1.57 2.83 2.82 2.78 2.81 2.84 2.84 2.87 2.81 2.82 2.83 2.83 2.79 2.79 2.76 2.79 2.81 2.78 2.81 2.87 2.8 100.0 83.77 1e-06 0.1 256
1.57 2.91 2.85 2.78 2.77 2.63 2.7 2.63 2.67 2.69 2.67 2.67 2.69 2.66 2.65 2.66 2.66 2.68 2.64 2.64 2.71 100.0 83.65 1e-07 0.1 256
1.57 2.93 2.79 2.77 2.87 2.8 2.82 2.81 2.88 2.85 2.84 2.89 2.84 2.9 2.88 2.84 2.83 2.89 2.83 2.83 2.87 100.0 83.53 1e-05 0.1 512
1.57 2.99 3.01 3.01 2.93 2.95 2.96 2.96 2.94 2.95 2.95 2.94 2.97 2.94 2.96 2.92 3.0 2.88 2.95 2.96 2.98 100.0 82.16 1e-06 0.1 512
1.57 2.94 2.83 2.78 2.75 2.8 2.82 2.8 2.82 2.8 2.82 2.79 2.83 2.85 2.74 2.74 2.79 2.82 2.79 2.78 2.72 100.0 83.77 1e-07 0.1 512
1.57 2.89 2.98 3.02 3.02 3.02 3.02 3.09 3.01 3.01 3.05 3.0 3.0 3.03 3.01 3.05 2.98 3.03 3.0 3.07 3.0 100.0 82.25 1e-05 0.1 1024
1.57 2.8 2.8 2.9 2.89 2.83 2.86 2.9 2.85 2.85 2.85 2.87 2.87 2.88 2.85 2.86 2.88 2.86 2.87 2.89 2.87 100.0 81.9 1e-06 0.1 1024
1.57 3.02 2.88 2.93 2.86 2.9 2.86 2.96 2.9 2.91 2.93 2.95 2.92 2.9 2.94 2.94 2.94 2.98 2.92 2.93 2.91 100.0 82.58 1e-07 0.1 1024
1.57 2.88 2.8 2.88 2.83 2.85 2.85 2.83 2.84 2.81 2.86 2.86 2.89 2.85 2.86 2.93 2.88 2.85 2.82 2.81 2.84 100.0 83.53 1e-05 0.01 256
1.57 2.73 2.73 2.74 2.73 2.76 2.69 2.67 2.71 2.73 2.78 2.8 2.72 2.75 2.72 2.7 2.69 2.76 2.75 2.69 2.74 100.0 83.69 1e-06 0.01 256
1.57 2.96 2.75 2.73 2.76 2.76 2.81 2.77 2.76 2.75 2.78 2.78 2.77 2.83 2.78 2.76 2.83 2.85 2.76 2.77 2.81 100.0 83.76 1e-07 0.01 256
1.57 2.92 2.84 2.8 2.87 2.86 2.88 2.85 2.84 2.88 2.88 2.9 2.86 2.85 2.85 2.89 2.86 2.88 2.84 2.88 2.83 100.0 81.05 1e-05 0.01 512
1.57 2.89 2.86 2.88 2.92 2.84 2.9 2.92 2.9 2.92 2.93 2.96 2.86 2.93 2.94 2.91 2.97 2.94 2.94 2.93 2.97 100.0 80.4 1e-06 0.01 512
1.57 3.05 3.01 2.96 2.98 2.97 2.92 2.93 2.96 2.92 2.92 2.9 2.92 2.91 2.95 2.92 2.9 2.94 2.88 2.95 2.94 100.0 80.24 1e-07 0.01 512
1.57 3.15 3.14 3.07 3.1 3.07 3.03 3.06 3.1 3.04 3.11 3.1 3.08 3.08 3.06 3.05 3.06 3.11 3.11 3.05 3.06 100.0 76.69 1e-05 0.01 1024
1.57 3.23 3.22 3.22 3.15 3.14 3.16 3.13 3.26 3.22 3.12 3.18 3.14 3.23 3.16 3.12 3.2 3.22 3.21 3.12 3.13 100.0 77.38 1e-06 0.01 1024
1.57 3.09 3.02 3.0 3.07 3.03 2.97 3.04 3.04 3.03 2.99 3.04 3.03 3.1 3.09 3.03 3.01 3.04 3.06 3.1 3.03 100.0 77.1 1e-07 0.01 1024
1.57 3.92 3.79 3.88 3.82 3.87 3.92 3.92 3.94 3.86 4.15 4.08 3.92 3.87 4.04 3.9 4.01 3.89 4.0 4.06 4.05 100.0 73.04 1e-05 0.001 256
1.57 3.86 3.87 3.88 3.9 3.94 3.96 3.98 3.99 3.91 4.03 3.95 3.96 3.98 4.04 4.03 4.13 3.99 3.99 4.05 4.11 100.0 72.71 1e-06 0.001 256
1.57 3.57 3.95 3.93 3.86 3.91 3.9 3.86 3.82 3.87 4.0 3.93 3.88 4.05 3.93 3.91 3.97 3.99 3.74 3.98 4.0 100.0 72.12 1e-07 0.001 256
1.57 3.82 4.23 4.48 4.42 4.47 4.42 4.54 4.44 4.46 4.35 4.42 4.41 4.39 4.37 4.4 4.49 4.35 4.37 4.39 4.43 100.0 67.84 1e-05 0.001 512
1.57 3.9 4.32 4.23 4.3 4.41 4.35 4.23 4.35 4.51 4.66 4.36 4.33 4.5 4.42 4.42 4.49 4.57 4.51 4.55 4.46 100.0 67.69 1e-06 0.001 512
1.57 3.71 4.25 4.17 4.31 4.15 4.06 4.21 4.13 4.27 4.2 4.31 4.2 4.32 4.28 4.2 4.23 4.39 4.26 4.3 4.31 100.0 67.59 1e-07 0.001 512
1.57 3.37 4.36 4.67 4.93 4.85 4.93 4.85 4.9 4.97 5.0 4.94 4.86 4.95 4.88 5.0 4.93 4.95 4.98 4.91 4.97 100.0 64.52 1e-05 0.001 1024
1.57 3.58 4.72 4.24 4.45 4.51 4.5 4.42 4.25 4.46 4.39 4.47 4.37 4.51 4.36 4.43 4.44 4.47 4.43 4.39 4.46 100.0 64.57 1e-06 0.001 1024
1.57 3.51 4.53 4.56 4.55 4.52 4.77 4.49 4.77 4.56 4.74 4.68 4.82 4.66 4.65 4.73 4.59 4.61 4.7 4.65 4.66 100.0 64.84 1e-07 0.001 1024
1.26 2.81 2.77 2.95 2.84 2.86 2.93 2.88 2.95 2.95 2.91 2.9 3.01 2.95 2.96 2.98 2.96 2.93 2.99 2.96 3.04 100.0 83.55 1e-05 0.1 256
1.26 2.83 2.83 2.62 2.84 2.78 2.91 2.86 2.79 2.78 2.81 2.85 2.76 2.8 2.78 2.78 2.76 2.77 2.8 2.8 2.8 100.0 84.54 1e-06 0.1 256
1.26 2.91 2.81 2.78 2.73 2.84 2.79 2.83 2.83 2.82 2.76 2.84 2.84 2.8 2.83 2.81 2.84 2.83 2.81 2.81 2.78 100.0 84.79 1e-07 0.1 256
1.26 2.85 2.72 2.72 2.75 2.78 2.78 2.75 2.82 2.8 2.72 2.77 2.78 2.78 2.76 2.77 2.8 2.76 2.77 2.78 2.78 100.0 82.71 1e-05 0.1 512
1.26 2.89 2.95 2.85 2.82 2.83 2.87 2.82 2.84 2.83 2.82 2.84 2.86 2.82 2.83 2.83 2.78 2.84 2.82 2.79 2.85 100.0 81.36 1e-06 0.1 512
1.26 2.76 2.83 2.74 2.69 2.66 2.66 2.64 2.68 2.67 2.69 2.71 2.69 2.68 2.67 2.68 2.69 2.71 2.69 2.69 2.67 100.0 83.52 1e-07 0.1 512
1.26 2.97 3.18 3.02 2.97 2.98 2.94 2.88 2.9 2.93 2.95 2.98 2.97 2.96 2.95 2.99 2.95 2.95 2.95 2.96 2.96 100.0 80.64 1e-05 0.1 1024
1.26 2.87 3.04 2.84 3.04 2.91 2.94 2.92 2.91 2.9 2.89 2.96 2.87 2.95 2.95 2.94 2.97 2.93 2.92 2.88 2.97 100.0 81.41 1e-06 0.1 1024
1.26 2.92 2.77 2.85 2.95 2.95 2.94 2.9 2.91 2.92 2.91 2.93 2.89 2.92 2.92 2.91 2.91 2.91 2.91 2.92 2.92 100.0 80.73 1e-07 0.1 1024
1.26 2.77 2.8 2.82 2.8 2.82 2.82 2.78 2.87 2.77 2.8 2.82 2.76 2.78 2.82 2.77 2.77 2.83 2.79 2.87 2.8 100.0 83.82 1e-05 0.01 256
1.26 2.84 2.76 2.72 2.75 2.8 2.79 2.81 2.73 2.74 2.77 2.75 2.71 2.84 2.74 2.7 2.68 2.72 2.75 2.79 2.72 100.0 83.24 1e-06 0.01 256
1.26 2.79 2.79 2.76 2.86 2.73 2.84 2.76 2.8 2.75 2.7 2.74 2.73 2.78 2.78 2.84 2.81 2.73 2.79 2.77 2.79 100.0 83.21 1e-07 0.01 256
1.26 2.97 2.9 2.87 2.88 2.88 2.82 2.8 2.84 2.83 2.85 2.84 2.84 2.81 2.86 2.83 2.84 2.88 2.82 2.81 2.84 100.0 80.84 1e-05 0.01 512
1.26 2.92 2.81 2.91 2.89 2.88 2.84 2.83 2.85 2.85 2.95 2.89 2.84 2.85 2.9 2.9 2.86 2.92 2.89 2.87 2.85 100.0 80.62 1e-06 0.01 512
1.26 2.78 2.85 2.82 2.92 2.91 2.92 2.86 2.89 2.81 2.8 2.84 2.88 2.92 2.77 2.85 2.83 2.88 2.8 2.87 2.8 100.0 80.94 1e-07 0.01 512
1.26 3.21 3.1 3.09 3.02 3.03 3.06 3.07 3.06 3.09 3.07 3.1 3.05 3.11 3.06 3.1 3.08 3.16 3.1 3.1 3.08 100.0 76.84 1e-05 0.01 1024
1.26 3.01 2.96 2.92 2.97 3.0 2.97 3.09 3.04 3.1 3.15 3.11 3.09 3.03 3.09 3.12 3.18 3.1 3.13 3.06 3.1 100.0 76.86 1e-06 0.01 1024
1.26 3.23 3.2 3.12 3.12 3.17 3.07 3.11 3.12 3.12 3.12 3.07 3.04 3.1 3.11 3.08 3.11 3.16 3.08 3.12 3.1 100.0 76.22 1e-07 0.01 1024
1.26 3.68 3.85 3.85 3.91 3.83 3.99 4.08 3.87 3.78 3.84 3.88 3.86 3.9 3.87 3.89 3.94 3.88 3.82 3.81 3.87 100.0 72.3 1e-05 0.001 256
1.26 3.43 3.35 3.43 3.53 3.34 3.53 3.48 3.54 3.41 3.42 3.4 3.47 3.5 3.49 3.41 3.42 3.34 3.52 3.46 3.38 100.0 71.81 1e-06 0.001 256
1.26 3.52 3.64 3.43 3.44 3.43 3.54 3.58 3.42 3.57 3.57 3.47 3.54 3.48 3.57 3.53 3.51 3.57 3.5 3.57 3.57 100.0 71.89 1e-07 0.001 256
1.26 3.72 4.01 4.02 4.03 4.17 4.16 4.21 4.24 4.23 4.14 4.21 4.23 4.15 4.08 4.26 4.09 4.19 4.21 4.06 4.27 100.0 67.01 1e-05 0.001 512
1.26 3.8 3.92 4.0 3.95 4.05 4.01 4.06 4.15 4.05 3.87 4.07 4.01 4.08 4.05 4.13 3.99 3.94 4.04 3.91 3.99 100.0 67.25 1e-06 0.001 512
1.26 3.58 4.34 4.43 4.46 4.46 4.49 4.52 4.55 4.41 4.38 4.48 4.45 4.36 4.41 4.42 4.32 4.49 4.43 4.27 4.23 100.0 67.4 1e-07 0.001 512
1.26 3.57 4.46 4.72 4.79 4.67 4.89 4.7 4.79 4.65 4.63 4.66 4.62 4.69 4.59 4.72 4.73 4.66 4.69 4.57 4.69 100.0 63.5 1e-05 0.001 1024
1.26 3.54 4.58 4.6 4.52 4.55 4.63 4.59 4.73 4.65 4.65 4.68 4.58 4.7 4.62 4.69 4.63 4.76 4.6 4.63 4.66 100.0 64.11 1e-06 0.001 1024
1.26 3.7 4.22 4.59 4.66 4.47 4.52 4.65 4.48 4.64 4.55 4.48 4.51 4.57 4.45 4.38 4.55 4.46 4.53 4.5 4.39 100.0 63.36 1e-07 0.001 1024
