1 2.0 2.95 2.84 2.84 2.93 2.9 2.87 2.79 2.71 2.77 3.05 2.82 2.75 2.78 2.76 2.69 2.91 2.76 2.78 2.74 2.69 99.642 81.76 1e-05 0.1 256
1 2.0 2.95 3.09 2.96 2.97 2.75 2.78 2.86 2.78 2.76 2.88 3.08 2.98 3.0 2.78 2.86 2.84 2.86 2.86 2.77 2.86 99.732 81.63 1e-06 0.1 256
1 2.0 3.07 2.83 3.03 2.9 2.85 2.85 2.75 2.8 2.77 2.81 3.0 2.83 2.78 2.7 2.72 2.83 2.77 2.68 2.68 2.73 99.72 81.38 1e-07 0.1 256
1 2.0 3.38 3.19 2.88 2.97 2.94 2.85 3.04 2.77 3.19 2.94 2.81 2.94 2.93 2.84 2.95 2.68 2.77 2.8 2.68 2.75 99.622 79.31 1e-05 0.1 512
1 2.0 3.2 3.07 3.06 3.01 2.91 2.92 3.09 3.14 2.91 2.89 2.92 2.96 2.82 3.08 2.9 2.82 3.05 2.82 2.83 2.71 99.628 79.54 1e-06 0.1 512
1 2.0 3.32 3.12 3.13 2.92 3.06 2.84 2.83 2.86 2.92 2.88 3.05 2.92 2.98 2.89 2.82 2.81 2.83 2.9 2.84 2.9 99.726 79.12 1e-07 0.1 512
1 2.0 3.07 3.17 3.33 3.26 3.28 2.89 3.11 3.03 2.74 2.88 3.15 2.92 3.11 2.95 2.92 3.13 2.88 2.95 2.91 2.96 96.268 75.45 1e-05 0.1 1024
1 2.0 4.04 3.54 3.25 3.18 3.21 3.18 3.13 3.0 3.1 3.08 3.04 3.02 3.09 2.97 2.96 2.94 2.83 3.06 3.07 3.0 98.256 77.01 1e-06 0.1 1024
1 2.0 3.72 3.24 3.23 3.32 3.17 2.88 2.91 2.9 2.9 2.67 3.01 3.07 2.93 2.85 3.05 2.9 2.92 2.84 2.89 2.93 98.502 74.69 1e-07 0.1 1024
1 2.0 3.55 3.09 3.15 3.26 2.91 3.05 2.72 3.12 2.87 3.06 3.08 2.98 2.96 3.09 2.87 3.05 3.02 2.99 2.92 2.79 98.668 76.19 1e-05 0.2 256
1 2.0 3.49 2.95 3.02 3.03 2.87 2.99 2.79 2.97 2.88 2.85 2.83 2.82 2.97 3.01 2.97 2.97 2.93 2.81 2.82 2.78 99.3 79.55 1e-06 0.2 256
1 2.0 3.14 2.94 3.08 3.02 2.78 2.68 2.71 2.73 2.62 2.95 2.83 2.85 2.88 2.93 3.12 2.79 2.93 2.81 2.86 2.82 97.362 78.7 1e-07 0.2 256
1 2.0 3.14 3.18 3.14 3.09 2.94 2.86 2.89 2.84 3.1 3.01 2.98 2.9 2.91 2.96 2.94 2.9 2.92 2.99 2.9 2.89 98.53 78.98 1e-05 0.2 512
1 2.0 3.23 3.02 3.06 2.89 2.79 3.12 3.07 2.85 2.97 3.07 2.86 3.12 3.12 3.07 3.01 2.98 3.0 2.92 2.76 2.88 99.084 76.87 1e-06 0.2 512
1 2.0 3.22 3.08 3.07 2.94 2.9 2.95 2.9 3.0 2.9 3.05 2.81 2.87 2.96 2.97 2.78 2.9 2.85 2.77 2.87 2.96 99.03 78.14 1e-07 0.2 512
1 2.0 5.18 3.4 3.27 3.21 3.25 3.29 3.08 3.42 3.23 2.88 2.94 3.01 2.99 3.01 3.02 3.15 3.03 3.06 3.03 3.07 95.522 72.65 1e-05 0.2 1024
1 2.0 2.45 3.26 3.15 3.04 3.26 3.06 3.03 3.28 3.12 2.97 2.98 2.88 3.17 2.86 3.13 3.16 3.14 3.1 3.18 3.19 93.84 70.2 1e-06 0.2 1024
1 2.0 2.37 3.72 3.32 3.2 3.12 3.02 3.09 2.98 2.89 3.12 3.0 3.04 2.98 2.95 3.1 2.89 3.08 2.95 2.9 3.11 91.922 72.53 1e-07 0.2 1024
1 2.0 3.16 2.71 3.11 2.97 2.8 3.14 2.92 2.89 2.97 2.88 2.83 2.98 2.97 2.97 3.11 3.09 3.02 3.09 2.87 3.01 98.686 73.89 1e-05 0.3 256
1 2.0 2.88 2.98 3.04 3.12 2.91 2.89 2.72 3.05 3.03 2.87 3.1 2.96 2.9 3.06 2.91 2.96 2.91 2.9 2.91 2.79 98.178 72.88 1e-06 0.3 256
1 2.0 3.79 3.03 2.78 2.98 2.92 2.97 2.73 2.87 2.88 2.81 2.71 2.86 3.01 2.94 2.87 2.74 2.74 2.97 2.72 2.88 97.992 77.53 1e-07 0.3 256
1 2.0 1.17 1.32 2.86 3.38 2.93 3.11 3.23 3.17 3.1 2.95 3.14 2.81 3.02 2.95 2.71 2.95 3.0 3.01 2.89 2.94 84.442 72.11 1e-05 0.3 512
1 2.0 4.0 3.43 3.25 3.15 3.1 2.96 2.94 2.85 2.96 2.92 2.82 3.01 2.91 3.07 2.91 3.01 2.96 3.08 2.82 3.04 95.802 75.85 1e-06 0.3 512
1 2.0 3.0 3.03 3.16 3.68 2.93 2.95 3.08 2.98 2.99 3.12 3.04 3.04 3.15 2.97 2.91 3.0 3.28 3.0 3.04 3.09 83.678 73.08 1e-07 0.3 512
1 2.0 4.15 3.59 3.21 3.51 3.13 3.22 3.04 3.03 3.07 3.06 3.02 2.9 2.83 3.04 3.03 3.19 2.97 2.91 3.05 2.91 80.056 62.36 1e-05 0.3 1024
1 2.0 2.44 3.79 3.14 3.27 3.24 3.26 3.14 3.18 3.16 3.09 3.22 3.12 2.97 2.89 2.89 2.87 3.11 3.12 3.18 3.09 76.024 67.61 1e-06 0.3 1024
1 2.0 3.35 2.97 3.38 2.99 3.42 2.92 2.8 2.9 3.13 3.04 2.97 2.93 2.89 2.88 3.13 3.02 2.98 3.05 3.03 3.01 85.068 70.61 1e-07 0.3 1024
1 2.0 3.15 3.56 2.91 2.94 3.01 2.84 2.7 3.01 3.07 2.92 2.82 2.97 2.87 2.96 3.06 2.93 3.22 2.94 2.84 3.09 95.326 74.14 1e-05 0.4 256
1 2.0 2.87 2.82 2.84 3.14 2.98 2.83 2.79 2.99 2.9 2.79 2.84 2.87 2.99 2.94 2.83 2.91 3.16 3.02 2.82 2.88 95.714 71.75 1e-06 0.4 256
1 2.0 3.29 2.71 2.82 2.95 2.82 2.99 2.92 2.88 2.96 3.12 2.91 2.82 2.95 3.08 2.83 2.89 2.99 3.13 3.06 3.22 92.234 74.44 1e-07 0.4 256
1 2.0 3.28 3.46 3.13 3.27 3.4 2.99 3.22 3.21 2.93 2.98 2.92 2.94 2.97 2.89 2.88 2.97 3.14 2.91 3.06 2.93 94.634 70.97 1e-05 0.4 512
1 2.0 3.99 3.18 3.08 2.85 3.17 2.9 3.08 2.88 2.81 2.98 2.81 2.94 2.95 2.91 3.05 2.95 2.96 2.97 3.01 2.93 96.5 73.16 1e-06 0.4 512
1 2.0 3.22 3.1 3.27 3.4 3.07 3.13 2.99 3.03 2.95 2.97 2.92 3.0 2.95 2.99 2.96 3.11 3.09 3.04 2.97 3.27 96.084 72.15 1e-07 0.4 512
1 2.0 4.37 3.42 2.88 3.1 3.3 3.26 3.08 3.12 3.05 2.99 3.26 3.0 3.0 3.02 3.0 2.92 2.97 2.91 3.16 3.16 78.282 69.03 1e-05 0.4 1024
1 2.0 3.09 4.22 3.28 3.72 3.11 3.28 2.91 3.09 3.18 3.16 3.2 3.16 2.99 2.96 2.92 2.98 3.33 2.75 2.97 3.17 83.114 71.03 1e-06 0.4 1024
1 2.0 2.19 2.77 3.72 3.28 3.07 3.08 3.24 2.99 3.12 2.92 2.88 2.85 3.1 3.04 3.05 2.87 2.96 3.03 2.85 2.94 76.032 67.12 1e-07 0.4 1024
1 2.0 3.55 2.95 3.06 3.18 3.07 2.77 3.03 2.93 3.08 3.04 2.96 2.98 3.04 3.12 2.93 3.04 3.12 2.81 3.03 3.09 94.092 73.01 1e-05 0.5 256
1 2.0 3.9 3.06 3.01 2.87 2.93 2.89 2.89 3.03 2.83 2.87 2.84 2.97 3.1 2.94 3.14 3.09 2.94 3.02 2.9 2.93 96.228 67.73 1e-06 0.5 256
1 2.0 3.24 3.01 3.1 3.04 2.94 2.92 2.81 3.04 2.93 2.85 2.92 2.99 3.14 3.04 3.2 3.1 2.96 3.24 2.98 3.04 97.244 69.29 1e-07 0.5 256
1 2.0 3.12 3.47 2.96 2.86 3.12 2.94 2.96 3.08 2.94 3.21 2.91 3.05 3.08 3.01 2.97 3.15 3.0 3.06 2.99 3.12 92.868 74.67 1e-05 0.5 512
1 2.0 2.03 2.9 2.8 3.32 3.17 3.26 2.84 3.1 3.03 2.9 2.79 2.95 3.24 2.94 2.99 2.8 3.08 3.07 2.88 2.95 81.618 71.49 1e-06 0.5 512
1 2.0 2.86 2.81 3.16 3.09 3.29 3.35 3.33 3.13 3.32 2.97 2.84 3.0 2.86 2.99 2.85 2.85 2.99 3.18 2.88 3.1 87.584 74.56 1e-07 0.5 512
1 2.0 3.86 3.8 3.86 3.52 3.65 2.87 3.08 3.03 3.21 2.9 2.97 2.85 3.0 3.18 3.17 3.15 3.25 3.12 3.1 2.94 80.61 60.73 1e-05 0.5 1024
1 2.0 4.21 4.37 3.84 3.75 3.6 3.02 3.35 3.27 3.04 2.8 3.04 2.97 2.99 3.05 3.01 3.14 3.16 3.17 3.06 2.98 76.764 65.3 1e-06 0.5 1024
1 2.0 1.56 2.94 3.43 3.35 3.06 3.37 3.06 3.02 2.93 2.93 3.13 2.95 2.97 3.13 3.04 3.01 2.97 2.91 3.0 3.05 70.14 56.93 1e-07 0.5 1024
