7 1.0 1.74 1.84 1.73 1.83 1.89 1.77 1.85 1.84 1.78 1.75 1.81 1.82 1.77 1.86 1.84 1.85 1.82 1.8 1.87 1.79 96.708 74.88 1e-05 0.1 256
7 1.0 1.92 1.68 1.78 1.74 1.72 1.63 1.7 1.71 1.61 1.7 1.72 1.76 1.82 1.8 1.9 1.83 1.89 1.73 1.73 1.8 97.112 76.88 1e-06 0.1 256
7 1.0 1.87 1.75 1.83 1.79 1.74 1.69 1.81 1.7 1.76 1.86 1.83 1.68 1.8 1.85 1.83 1.79 1.72 1.74 1.74 1.8 95.546 75.05 1e-07 0.1 256
7 1.0 1.91 1.7 1.66 1.74 1.71 1.8 1.73 1.79 1.67 1.89 1.75 1.66 1.74 1.72 1.72 1.66 1.74 1.72 1.74 1.74 97.93 77.06 1e-05 0.1 512
7 1.0 2.63 1.74 1.8 1.72 1.76 1.82 1.6 1.71 1.72 1.81 1.82 1.87 1.87 1.72 1.84 1.8 1.73 1.8 1.71 1.74 97.774 75.78 1e-06 0.1 512
7 1.0 1.46 2.16 1.62 1.67 1.59 1.74 1.63 1.61 1.72 1.66 1.66 1.76 1.76 1.82 1.8 1.78 1.71 1.68 1.73 1.77 97.906 78.34 1e-07 0.1 512
7 1.0 1.69 1.81 1.98 1.72 1.81 1.75 1.81 1.77 1.78 1.86 1.89 1.79 1.88 1.71 1.91 1.78 1.82 1.77 1.99 1.72 98.552 76.14 1e-05 0.1 1024
7 1.0 1.66 1.79 1.83 1.88 1.89 1.75 1.75 1.84 1.77 1.79 1.82 1.82 1.88 1.93 1.78 1.84 1.8 1.79 1.89 1.76 98.666 74.72 1e-06 0.1 1024
7 1.0 1.67 1.98 1.68 1.75 1.7 1.78 1.77 1.8 1.85 1.89 1.75 1.91 1.79 1.82 1.79 1.8 1.83 1.85 1.83 1.83 98.552 75.23 1e-07 0.1 1024
7 1.0 1.82 1.98 1.78 1.82 1.84 1.84 1.84 1.85 1.8 1.83 1.88 1.83 1.87 1.84 1.85 1.79 1.81 1.82 1.83 1.81 98.824 72.38 1e-05 0.01 256
7 1.0 1.79 1.82 1.77 1.8 1.8 1.75 1.74 1.84 1.85 1.86 1.88 1.9 1.87 1.97 1.88 1.9 1.8 1.87 1.87 1.86 98.714 72.67 1e-06 0.01 256
7 1.0 1.79 1.81 1.64 1.86 1.77 1.87 1.8 1.79 1.85 1.97 1.82 1.8 1.87 1.82 1.85 1.82 1.73 1.87 1.84 1.8 98.624 72.43 1e-07 0.01 256
7 1.0 1.95 1.99 1.86 1.77 1.87 1.93 1.91 1.83 1.89 1.89 1.84 1.88 1.91 1.86 1.93 1.94 1.99 1.88 1.89 1.98 99.856 67.19 1e-05 0.01 512
7 1.0 1.81 1.92 1.77 1.77 1.82 1.99 2.08 2.02 2.06 1.95 1.9 1.93 1.93 1.88 1.97 1.87 2.01 1.95 1.88 1.9 99.696 66.54 1e-06 0.01 512
7 1.0 1.97 1.93 1.7 1.9 1.9 2.05 1.91 2.03 1.99 1.91 1.93 1.99 2.06 1.97 1.9 2.04 2.02 1.99 1.91 1.95 99.898 67.62 1e-07 0.01 512
7 1.0 1.27 1.93 1.94 1.95 2.06 2.07 2.06 2.08 1.94 2.0 2.08 1.9 2.12 2.12 1.94 1.99 1.92 1.98 1.95 1.98 100.0 60.14 1e-05 0.01 1024
7 1.0 1.22 1.92 1.87 1.87 1.97 2.25 2.26 2.06 2.21 2.15 2.0 2.1 2.17 2.14 2.24 2.0 2.06 2.21 2.08 2.1 99.998 60.69 1e-06 0.01 1024
7 1.0 1.23 2.02 1.97 1.96 2.03 2.15 1.97 2.11 2.01 2.23 2.07 2.03 2.0 2.27 2.08 2.1 2.07 1.96 1.94 1.95 99.986 59.31 1e-07 0.01 1024
7 1.0 2.06 1.95 1.99 1.95 1.98 2.01 2.06 2.04 2.14 2.14 2.2 2.27 2.16 2.25 2.27 2.25 2.31 2.35 2.26 2.22 99.43 51.64 1e-05 0.001 256
7 1.0 2.13 1.87 1.93 1.95 2.09 1.97 1.94 2.13 2.13 2.12 2.2 2.12 2.17 2.24 1.99 2.07 2.06 2.25 2.2 2.26 99.466 51.98 1e-06 0.001 256
7 1.0 2.14 1.94 1.81 1.96 2.04 2.0 1.99 2.33 2.18 2.27 2.21 2.26 2.31 2.29 2.26 2.29 2.13 2.27 2.69 2.34 99.576 50.54 1e-07 0.001 256
7 1.0 1.61 2.09 1.96 2.03 1.87 1.77 1.89 1.89 1.89 1.93 1.95 2.06 2.01 2.07 2.12 2.41 2.16 2.34 2.34 2.25 96.728 43.21 1e-05 0.001 512
7 1.0 1.73 1.98 2.01 1.91 1.9 1.89 1.93 1.93 1.94 2.05 2.02 2.09 2.33 2.29 2.21 2.35 2.36 2.36 2.28 2.45 96.724 44.17 1e-06 0.001 512
7 1.0 1.76 2.08 1.99 2.02 1.96 1.94 1.96 1.91 1.89 1.91 2.01 2.18 2.11 2.37 2.29 2.47 2.36 2.19 2.42 2.37 96.824 44.03 1e-07 0.001 512
7 1.0 1.0 1.7 1.93 1.96 2.07 2.1 2.08 2.18 2.03 1.94 2.12 2.0 1.89 1.91 1.92 1.95 2.01 2.1 2.23 2.23 77.59 40.24 1e-05 0.001 1024
7 1.0 1.0 1.73 2.04 2.04 2.06 2.09 2.1 1.96 1.98 1.9 1.95 1.93 1.96 1.9 2.1 2.15 2.18 2.1 2.04 2.19 77.244 40.15 1e-06 0.001 1024
7 1.0 1.0 1.7 1.94 2.03 2.01 2.04 2.01 2.01 1.98 1.99 1.96 2.03 1.99 1.96 1.97 2.02 2.28 2.13 2.25 2.33 77.38 40.17 1e-07 0.001 1024
