7 1.0 2.17 2.09 1.77 1.81 1.92 1.88 1.85 1.88 1.9 1.93 1.89 1.93 1.95 1.88 1.96 2.07 1.85 1.85 2.01 1.99 97.25 72.84 1e-05 0.1 256
7 1.0 1.98 1.98 1.93 1.93 1.92 1.85 1.96 1.92 1.95 1.92 1.95 1.85 1.92 2.01 1.89 1.9 1.92 1.88 1.97 1.89 97.486 75.57 1e-06 0.1 256
7 1.0 2.0 1.93 1.9 1.83 1.85 1.79 1.86 1.97 1.96 1.89 2.0 1.93 1.92 1.99 2.03 2.01 1.83 2.04 1.84 1.91 97.3 74.93 1e-07 0.1 256
7 1.0 2.28 1.99 2.12 1.98 2.03 1.85 2.25 2.07 2.09 2.08 1.99 2.18 2.22 2.24 1.97 2.07 2.19 2.13 2.13 2.14 96.722 68.1 1e-05 0.1 512
7 1.0 1.97 2.16 1.84 1.99 1.92 2.2 2.08 2.17 1.99 2.06 2.06 2.04 2.06 2.1 2.25 2.2 2.08 2.11 2.16 1.99 97.17 69.79 1e-06 0.1 512
7 1.0 2.13 2.36 2.15 2.13 2.02 2.04 2.18 2.17 2.02 2.33 2.27 2.21 2.12 2.27 2.22 2.31 2.31 2.21 2.28 2.17 97.042 68.39 1e-07 0.1 512
7 1.0 2.22 2.0 2.19 2.33 2.38 2.14 2.43 2.31 2.42 2.24 2.3 2.61 2.14 2.24 2.36 2.24 2.2 2.26 2.24 2.2 97.332 66.54 1e-05 0.1 1024
7 1.0 2.32 2.21 2.1 2.42 2.42 2.31 2.27 2.49 2.34 2.3 2.38 2.27 2.38 2.41 2.51 2.37 2.25 2.47 2.7 2.38 96.664 64.67 1e-06 0.1 1024
7 1.0 2.44 2.39 2.37 2.43 2.3 2.3 2.59 2.49 2.24 2.35 2.4 2.34 2.46 2.24 2.42 2.32 2.16 2.51 2.47 2.32 95.988 62.32 1e-07 0.1 1024
7 1.0 4.13 2.66 2.92 2.45 2.6 2.5 2.48 2.6 2.32 2.48 2.5 2.59 2.63 2.37 2.41 2.51 2.43 2.42 2.45 2.24 97.286 65.91 1e-05 0.01 256
7 1.0 4.23 2.54 2.55 2.62 2.36 2.58 2.46 2.57 2.37 2.43 2.47 2.29 2.65 2.45 2.34 2.5 2.49 2.45 2.6 2.49 97.176 63.78 1e-06 0.01 256
7 1.0 3.93 2.61 2.54 2.54 2.46 2.29 2.44 2.62 2.55 2.46 2.36 2.53 2.68 2.47 2.44 2.47 2.4 2.3 2.37 2.35 96.41 63.09 1e-07 0.01 256
7 1.0 8.21 5.37 3.46 3.15 3.31 2.97 3.41 3.47 2.83 2.97 2.7 2.92 3.04 2.93 2.62 2.9 2.98 2.65 2.94 2.71 95.662 60.97 1e-05 0.01 512
7 1.0 10.49 4.87 3.23 3.23 2.99 2.82 2.76 3.02 2.89 3.16 2.79 2.94 3.0 3.14 2.71 2.81 2.88 2.57 2.59 2.88 96.316 61.75 1e-06 0.01 512
7 1.0 7.43 5.72 3.56 3.62 3.21 3.61 3.4 3.4 3.35 3.11 3.24 3.49 3.57 2.93 3.33 3.24 2.87 2.98 2.86 2.95 96.254 58.07 1e-07 0.01 512
7 1.0 5.09 9.84 6.4 4.66 4.75 4.07 3.97 3.63 3.66 3.96 3.95 3.51 3.65 3.62 3.63 4.02 3.79 3.3 3.35 3.24 93.752 56.58 1e-05 0.01 1024
7 1.0 4.98 8.23 6.85 5.12 4.64 4.41 4.39 3.69 3.93 3.69 4.16 3.95 3.81 3.78 3.74 4.1 3.97 3.54 3.64 3.45 93.652 56.01 1e-06 0.01 1024
7 1.0 4.36 10.11 7.0 5.17 4.56 4.19 3.93 3.44 3.93 4.34 3.95 4.42 4.14 3.84 3.77 3.92 3.71 3.64 3.7 3.73 94.03 56.42 1e-07 0.01 1024
7 1.0 22.29 16.48 11.09 8.38 8.97 7.27 5.87 5.19 5.35 5.68 4.42 4.55 4.78 4.47 3.91 4.54 3.89 4.06 4.2 4.91 75.22 53.97 1e-05 0.001 256
7 1.0 23.66 15.83 12.27 10.15 9.02 7.93 6.65 5.75 5.49 5.16 4.75 5.06 4.81 4.66 5.2 4.61 4.67 4.56 4.67 4.61 75.158 53.52 1e-06 0.001 256
7 1.0 23.24 15.12 11.03 8.7 7.09 6.76 6.41 6.14 5.53 5.27 4.92 4.85 4.14 4.59 4.07 4.34 4.27 4.1 3.92 4.51 76.656 55.01 1e-07 0.001 256
7 1.0 29.14 24.95 18.79 14.87 11.9 11.69 10.27 9.48 8.61 8.64 7.18 7.97 7.04 6.7 6.25 6.31 6.01 5.8 5.0 5.61 54.8 47.65 1e-05 0.001 512
7 1.0 30.44 24.54 17.66 16.97 13.45 12.16 11.08 10.15 8.93 8.54 7.88 7.52 7.14 7.34 6.62 7.07 6.89 5.99 5.61 6.1 55.57 48.41 1e-06 0.001 512
7 1.0 27.99 23.73 18.75 15.59 11.91 10.43 9.5 9.11 9.53 7.21 7.44 7.06 6.77 7.24 5.9 6.17 5.95 5.71 5.44 5.42 56.156 49.28 1e-07 0.001 512
7 1.0 16.95 29.12 25.93 23.56 21.69 18.75 17.48 16.66 13.92 11.82 11.29 11.24 10.54 11.17 9.42 9.51 8.83 8.83 7.64 8.86 40.014 37.92 1e-05 0.001 1024
7 1.0 16.93 28.54 26.86 24.87 21.71 18.14 16.2 14.99 14.47 12.03 12.27 12.67 10.76 10.42 9.35 9.53 9.04 8.57 7.96 8.24 40.798 39.3 1e-06 0.001 1024
7 1.0 16.8 29.81 27.2 23.53 22.02 18.01 18.07 15.8 15.14 13.28 11.28 12.14 11.28 11.5 11.02 10.5 9.02 9.93 9.08 8.86 39.034 37.19 1e-07 0.001 1024
