7 1.0 2.35 2.2 2.05 2.0 1.76 1.8 1.8 1.74 1.78 1.83 1.83 1.96 1.88 1.86 1.87 1.97 2.01 1.86 1.86 1.77 93.316 75.68 1e-05 0.1 256
7 1.0 1.46 1.85 1.79 1.9 1.64 1.73 1.78 1.77 1.83 1.81 1.89 1.86 1.81 1.79 1.78 1.84 1.92 1.97 1.84 1.8 96.664 79.4 1e-06 0.1 256
7 1.0 1.87 1.87 1.95 2.01 1.9 1.78 1.93 1.96 1.88 1.84 1.88 1.98 1.94 1.97 1.96 1.98 1.95 1.99 2.11 1.93 94.64 76.71 1e-07 0.1 256
7 1.0 1.11 1.04 1.97 1.9 1.77 1.77 1.99 1.88 1.83 1.93 1.82 2.0 1.98 1.96 1.87 1.89 1.79 1.83 1.96 1.87 91.34 74.38 1e-05 0.1 512
7 1.0 1.04 1.28 1.8 1.86 1.88 1.82 1.92 1.76 1.82 2.0 1.87 1.87 1.9 1.91 2.01 1.82 1.9 1.78 1.89 1.94 89.272 74.45 1e-06 0.1 512
7 1.0 2.03 1.78 1.73 1.85 2.25 1.92 1.91 1.85 2.0 1.87 1.97 2.01 1.95 1.79 1.95 1.83 1.87 2.0 1.91 1.98 88.204 75.73 1e-07 0.1 512
7 1.0 1.89 1.8 1.81 2.09 2.03 1.95 1.9 1.97 1.93 1.76 1.81 1.96 1.97 2.0 2.18 1.85 1.78 1.82 1.85 2.05 84.91 71.27 1e-05 0.1 1024
7 1.0 1.58 1.62 1.98 2.01 1.95 1.92 2.12 1.93 2.0 1.8 1.75 1.83 1.77 1.8 1.85 1.92 1.86 1.79 1.91 2.03 82.708 69.61 1e-06 0.1 1024
7 1.0 1.55 1.6 1.88 1.81 1.86 1.94 2.07 2.05 1.9 2.05 2.05 1.97 1.96 1.92 2.0 2.1 1.85 1.83 1.9 1.83 84.856 65.91 1e-07 0.1 1024
7 1.0 1.92 2.0 2.02 1.97 1.83 1.74 2.03 1.91 1.94 1.99 1.98 2.12 2.04 2.04 2.01 2.06 2.12 1.98 1.81 1.94 99.708 79.48 1e-05 0.01 256
7 1.0 1.76 2.01 1.98 1.96 1.94 1.94 1.92 1.9 2.06 2.03 1.96 1.95 1.96 1.91 1.97 1.87 2.02 2.11 1.98 2.12 98.746 76.43 1e-06 0.01 256
7 1.0 1.82 1.87 1.99 1.89 1.98 1.94 2.03 2.1 1.95 2.05 2.03 2.03 2.12 1.99 2.0 1.95 2.24 1.92 1.94 1.91 99.572 78.63 1e-07 0.01 256
7 1.0 3.24 2.32 2.16 2.16 2.16 2.08 2.14 2.05 1.99 2.37 2.2 1.85 2.11 2.33 2.13 2.33 2.19 2.04 2.19 2.24 98.7 72.63 1e-05 0.01 512
7 1.0 3.66 2.34 2.21 2.16 2.14 2.21 2.16 2.27 2.12 2.27 2.31 2.44 2.11 2.05 2.39 2.31 2.24 2.24 2.3 2.38 98.676 71.43 1e-06 0.01 512
7 1.0 2.62 2.1 2.35 2.06 2.04 2.1 2.23 1.97 2.18 2.09 2.13 2.23 2.25 2.32 2.44 2.24 2.32 2.15 2.05 2.02 99.366 72.14 1e-07 0.01 512
7 1.0 2.82 2.79 2.45 2.56 2.29 2.38 2.2 2.49 2.6 2.28 2.54 2.83 2.45 2.56 2.49 2.74 2.86 2.72 2.76 2.73 95.964 58.36 1e-05 0.01 1024
7 1.0 2.4 2.68 2.39 2.57 2.11 2.48 2.19 2.6 2.44 2.5 2.28 3.14 2.65 2.54 2.63 2.65 2.91 2.59 2.55 2.39 95.294 63.26 1e-06 0.01 1024
7 1.0 2.5 2.36 2.56 2.51 2.31 2.23 2.3 2.14 2.29 2.25 2.47 2.48 2.65 2.3 2.66 2.61 2.49 2.35 2.36 2.41 95.454 65.54 1e-07 0.01 1024
7 1.0 4.83 3.87 3.22 2.98 3.05 2.67 2.65 2.83 2.66 2.86 2.63 2.56 2.54 2.71 2.96 3.06 3.04 3.04 2.98 2.93 82.488 61.61 1e-05 0.001 256
7 1.0 5.61 4.01 3.51 2.47 3.48 2.7 2.72 2.63 2.69 2.58 2.62 2.57 2.75 2.56 3.02 2.91 3.15 2.83 2.99 2.86 82.512 64.75 1e-06 0.001 256
7 1.0 5.39 4.01 3.57 3.03 2.89 2.79 2.81 2.68 2.72 2.84 2.7 2.63 2.73 2.85 3.02 3.16 2.76 2.86 2.94 3.36 82.29 63.08 1e-07 0.001 256
7 1.0 3.91 5.34 4.62 3.77 4.14 3.87 3.77 3.34 3.47 2.95 3.06 3.18 3.07 2.94 2.71 2.95 2.86 3.02 2.88 3.09 67.194 57.34 1e-05 0.001 512
7 1.0 4.3 5.12 4.94 3.57 3.6 3.86 3.42 3.36 3.1 3.03 2.92 2.85 2.78 2.79 3.08 3.09 2.81 2.59 2.95 2.76 67.466 57.84 1e-06 0.001 512
7 1.0 3.64 4.72 4.78 3.96 4.59 3.95 4.33 3.49 3.32 3.33 3.12 2.84 3.21 3.39 2.97 3.35 3.27 2.9 2.97 3.1 68.038 57.86 1e-07 0.001 512
7 1.0 2.22 6.34 5.65 5.27 5.15 4.43 3.84 4.02 4.66 4.28 3.74 3.41 3.69 3.53 3.63 3.25 3.66 3.4 3.0 3.34 54.768 51.36 1e-05 0.001 1024
7 1.0 2.09 7.24 5.22 5.1 5.08 4.44 3.96 4.1 4.05 4.05 3.52 3.87 3.86 3.94 4.0 3.61 3.9 3.8 3.41 3.66 54.604 51.19 1e-06 0.001 1024
7 1.0 2.08 5.71 5.37 5.35 5.13 4.56 3.94 4.09 3.82 4.21 3.76 3.34 3.46 3.71 3.89 3.49 3.33 3.56 3.29 3.5 55.096 51.74 1e-07 0.001 1024
