7 1.29 1.83 1.77 1.87 1.77 1.77 1.77 1.83 1.82 1.93 1.88 1.74 1.84 1.86 1.83 1.93 1.78 1.8 1.83 1.88 1.78 99.628 79.54 1e-06 0.1 512
7 1.29 1.63 1.83 1.91 1.88 1.73 1.85 1.81 1.76 1.78 1.84 1.95 1.87 1.79 1.86 1.77 1.92 1.82 1.75 1.78 1.8 96.268 75.45 1e-05 0.1 1024
7 1.29 1.68 1.75 1.68 1.86 1.72 1.81 1.81 1.71 1.77 1.77 1.85 1.82 1.79 1.76 1.95 1.77 1.69 1.75 1.81 1.76 99.642 81.76 1e-05 0.1 256
7 1.29 1.78 1.86 1.89 1.78 1.91 1.77 1.84 1.81 1.75 1.77 1.84 1.83 1.79 1.76 1.72 1.76 1.86 1.75 1.78 1.73 99.622 79.31 1e-05 0.1 512
7 1.29 2.1 1.91 1.94 1.73 1.94 1.71 1.72 1.86 1.88 1.86 1.77 1.91 1.83 1.85 1.89 1.79 1.79 1.81 1.88 1.82 98.256 77.01 1e-06 0.1 1024
7 1.29 1.83 1.91 1.82 1.91 1.77 1.74 1.77 1.82 1.8 1.73 1.85 1.75 1.83 1.8 1.9 1.76 1.81 1.87 1.87 1.88 99.72 81.38 1e-07 0.1 256
7 1.29 1.86 1.77 1.85 1.82 1.73 1.79 1.81 1.8 1.87 1.91 1.86 1.78 1.78 1.79 1.85 1.79 1.86 1.72 1.76 1.81 99.732 81.63 1e-06 0.1 256
7 1.29 1.9 1.86 1.81 1.67 1.87 1.68 1.76 1.74 1.79 1.84 1.84 1.85 1.75 1.83 1.87 1.86 1.86 1.96 1.75 1.87 99.726 79.12 1e-07 0.1 512
7 1.29 1.67 1.82 1.72 1.73 1.73 1.78 1.8 1.76 1.7 1.81 1.71 1.75 1.7 1.71 1.75 1.77 1.79 1.74 1.7 1.75 100.0 81.0 1e-06 0.01 512
7 1.29 1.96 1.93 1.86 1.77 1.85 1.85 2.01 1.99 2.01 2.0 2.03 2.03 2.12 2.04 2.13 2.0 2.12 2.16 2.12 2.2 100.0 72.67 1e-06 0.001 256
7 1.29 1.89 1.89 1.91 1.75 1.84 1.81 1.81 1.82 1.74 1.84 1.82 1.79 1.74 1.75 1.85 1.74 1.75 1.79 1.73 1.81 98.502 74.69 1e-07 0.1 1024
7 1.29 1.82 1.66 1.81 1.72 1.76 1.74 1.75 1.72 1.71 1.7 1.64 1.67 1.71 1.7 1.73 1.7 1.73 1.69 1.72 1.73 100.0 83.79 1e-07 0.01 256
7 1.29 1.85 1.63 1.81 1.72 1.8 1.81 1.7 1.78 1.7 1.64 1.72 1.72 1.72 1.66 1.7 1.68 1.72 1.7 1.68 1.65 100.0 83.97 1e-05 0.01 256
7 1.29 1.85 1.78 1.8 1.76 1.68 1.95 1.73 1.77 1.86 1.86 1.89 1.92 1.92 1.87 1.88 1.87 1.95 1.91 1.9 1.87 100.0 76.47 1e-07 0.01 1024
7 1.29 1.76 1.75 1.86 1.74 1.65 1.69 1.86 1.7 1.7 1.68 1.65 1.68 1.69 1.65 1.64 1.68 1.66 1.67 1.68 1.67 100.0 83.48 1e-06 0.01 256
7 1.29 1.73 1.8 1.81 1.85 1.7 1.75 1.78 1.75 1.79 1.73 1.72 1.68 1.67 1.71 1.73 1.71 1.71 1.74 1.77 1.76 100.0 81.04 1e-05 0.01 512
7 1.29 1.75 1.84 1.79 1.87 2.03 1.96 1.89 1.92 2.03 2.0 2.01 1.97 2.01 2.06 2.11 2.0 2.01 1.96 1.99 1.98 100.0 72.19 1e-05 0.001 256
7 1.29 1.78 1.77 1.85 1.73 1.84 1.72 1.92 1.84 1.89 1.86 1.92 1.89 1.86 1.88 1.88 1.85 1.9 1.87 1.89 1.84 100.0 77.15 1e-05 0.01 1024
7 1.29 1.72 1.61 1.76 1.74 1.81 1.86 1.77 1.91 1.85 1.72 1.79 1.77 1.76 1.77 1.75 1.77 1.85 1.77 1.82 1.78 100.0 81.48 1e-07 0.01 512
7 1.29 1.83 1.66 1.87 1.72 1.91 1.95 1.88 1.86 1.88 1.79 1.93 1.84 1.82 1.84 1.82 1.86 1.86 1.84 1.85 1.83 100.0 76.74 1e-06 0.01 1024
7 1.29 1.98 1.83 1.95 1.86 1.86 1.94 2.04 1.97 1.94 2.1 2.05 2.2 2.17 2.12 2.13 2.11 2.02 2.18 2.11 2.07 100.0 67.06 1e-05 0.001 512
7 1.29 2.0 1.86 1.97 1.91 1.93 2.05 2.09 2.02 2.02 2.1 2.37 2.05 2.39 2.22 2.28 2.2 2.18 2.2 2.21 2.19 100.0 67.18 1e-06 0.001 512
7 1.29 1.93 1.9 1.81 1.91 1.93 2.04 1.96 2.06 2.0 2.06 2.03 2.09 2.02 2.07 2.0 2.0 2.08 2.06 1.99 2.02 100.0 72.07 1e-07 0.001 256
7 1.29 2.02 1.91 1.92 1.89 2.01 2.01 1.96 2.04 2.02 2.1 2.17 2.08 2.13 2.3 2.36 2.31 2.21 2.14 2.21 2.19 100.0 66.79 1e-07 0.001 512
7 1.29 1.74 1.94 1.92 1.86 1.84 1.85 1.93 1.89 1.86 1.97 1.94 2.02 2.01 2.14 2.21 2.06 1.99 2.15 2.36 2.16 99.02 62.77 1e-07 0.001 1024
7 1.29 1.76 1.99 2.01 1.95 1.89 1.8 2.02 1.78 1.88 2.13 1.88 2.11 2.13 2.08 2.14 2.09 2.14 2.19 2.15 2.31 99.026 62.1 1e-05 0.001 1024
7 1.29 1.8 1.83 1.92 1.96 1.85 1.81 1.86 1.82 1.85 1.97 1.87 1.95 2.05 1.98 2.09 1.97 2.21 2.09 2.18 2.39 99.12 63.63 1e-06 0.001 1024
