7 1.19 1.91 1.95 1.77 1.77 1.7 1.66 1.8 1.68 1.62 1.84 1.76 1.86 1.86 1.87 1.78 1.85 1.75 1.79 1.81 1.82 98.376 75.91 1e-05 0.1 512
7 1.19 1.79 1.76 1.81 1.75 1.71 1.82 1.83 1.73 1.78 1.7 1.77 1.77 1.75 1.65 1.73 1.81 1.76 1.75 1.74 1.8 98.212 78.4 1e-05 0.1 1024
7 1.19 1.9 1.79 1.77 1.82 1.81 1.79 1.88 1.73 1.84 1.81 1.73 1.88 1.74 1.77 1.81 1.86 1.81 1.81 1.87 1.79 98.666 77.97 1e-07 0.1 512
7 1.19 1.76 1.86 1.76 1.73 1.85 1.76 1.82 1.75 1.79 1.83 1.83 1.83 2.0 1.84 1.87 1.75 1.88 1.79 1.86 1.62 98.282 76.91 1e-06 0.1 512
7 1.19 2.02 1.76 1.73 1.77 1.7 1.72 1.73 1.76 1.77 1.82 1.87 1.76 1.93 1.84 1.8 1.88 1.81 1.89 1.81 1.97 98.786 78.69 1e-07 0.1 256
7 1.19 1.96 1.78 1.72 1.81 1.71 1.79 1.66 1.7 1.69 1.69 1.85 1.76 1.73 1.82 1.73 1.76 1.74 1.76 1.75 1.76 99.134 80.7 1e-05 0.1 256
7 1.19 1.84 1.96 1.88 1.88 1.82 1.79 1.84 1.9 1.71 1.9 1.72 1.77 1.88 1.74 1.8 1.77 1.77 1.82 1.79 1.67 98.682 78.61 1e-06 0.1 256
7 1.19 2.02 1.76 1.73 1.77 1.7 1.72 1.73 1.76 1.77 1.82 1.87 1.76 1.93 1.84 1.8 1.88 1.81 1.89 1.81 1.97 98.786 78.69 1e-07 0.1 256
7 1.19 1.91 1.95 1.77 1.77 1.7 1.66 1.8 1.68 1.62 1.84 1.76 1.86 1.86 1.87 1.78 1.85 1.75 1.79 1.81 1.82 98.376 75.91 1e-05 0.1 512
7 1.19 1.76 1.86 1.76 1.73 1.85 1.76 1.82 1.75 1.79 1.83 1.83 1.83 2.0 1.84 1.87 1.75 1.88 1.79 1.86 1.62 98.282 76.91 1e-06 0.1 512
7 1.19 1.9 1.79 1.77 1.82 1.81 1.79 1.88 1.73 1.84 1.81 1.73 1.88 1.74 1.77 1.81 1.86 1.81 1.81 1.87 1.79 98.666 77.97 1e-07 0.1 512
7 1.19 1.79 1.76 1.81 1.75 1.71 1.82 1.83 1.73 1.78 1.7 1.77 1.77 1.75 1.65 1.73 1.81 1.76 1.75 1.74 1.8 98.212 78.4 1e-05 0.1 1024
7 1.19 1.88 1.82 1.78 1.8 1.68 1.75 1.7 1.74 1.9 1.76 1.77 1.76 1.82 1.72 1.85 1.69 1.78 1.69 1.89 1.84 98.136 75.74 1e-06 0.1 1024
7 1.19 2.06 1.76 1.78 1.72 1.85 1.73 1.76 1.86 1.86 1.84 1.85 1.73 1.81 1.79 1.79 1.9 1.89 1.89 1.86 1.88 96.896 77.18 1e-07 0.1 1024
7 1.19 1.8 1.77 1.73 1.8 1.74 1.82 1.72 1.83 1.67 1.76 1.76 1.79 1.77 1.75 1.63 1.8 1.78 1.76 1.8 1.78 100.0 84.9 1e-05 0.01 256
7 1.19 1.74 1.79 1.82 1.68 1.72 1.76 1.82 1.75 1.84 1.73 1.76 1.75 1.68 1.63 1.64 1.73 1.75 1.71 1.72 1.73 99.336 79.6 1e-06 0.01 256
7 1.19 1.72 1.83 1.74 1.83 1.75 1.73 1.73 1.66 1.76 1.81 1.83 1.81 1.87 1.74 1.72 1.7 1.74 1.69 1.7 1.71 100.0 84.17 1e-07 0.01 256
7 1.19 1.79 1.73 1.73 1.83 1.84 1.87 1.72 1.7 1.87 1.92 2.0 1.78 1.71 1.74 1.73 1.73 1.74 1.7 1.71 1.71 100.0 82.0 1e-05 0.01 512
7 1.19 1.76 1.78 1.94 1.77 1.7 1.7 1.78 1.83 1.76 1.75 1.73 1.83 1.72 1.83 1.76 1.77 1.69 1.68 1.69 1.67 100.0 82.6 1e-06 0.01 512
7 1.19 1.84 1.76 1.88 1.8 1.91 1.66 1.81 1.76 1.85 1.77 1.75 1.66 1.72 1.79 1.71 1.72 1.68 1.68 1.66 1.69 100.0 81.94 1e-07 0.01 512
7 1.19 1.98 1.86 1.77 1.83 1.74 1.79 1.87 1.81 1.8 1.97 1.83 1.84 2.03 1.94 1.94 1.87 1.82 1.8 1.84 1.85 100.0 78.66 1e-05 0.01 1024
7 1.19 2.01 1.79 1.85 1.79 1.73 1.82 1.78 1.88 1.86 1.83 1.81 1.78 1.77 1.72 1.76 1.78 1.77 1.83 1.76 1.79 100.0 78.64 1e-06 0.01 1024
7 1.19 1.92 1.94 1.91 1.84 1.79 1.95 1.99 1.82 2.03 1.69 1.8 1.67 1.88 1.75 1.77 1.86 1.83 1.8 1.76 1.77 100.0 77.94 1e-07 0.01 1024
7 1.19 2.15 2.25 1.83 1.91 2.06 2.05 2.11 2.13 2.08 1.94 2.01 1.93 2.08 1.98 1.98 1.99 1.96 1.96 1.95 1.93 100.0 75.23 1e-05 0.001 256
7 1.19 2.05 2.23 1.99 2.03 2.13 2.05 2.07 2.2 2.14 1.9 2.1 1.99 2.16 2.15 2.09 2.1 2.12 2.08 2.1 2.1 100.0 74.72 1e-06 0.001 256
7 1.19 1.91 2.04 2.07 2.04 1.95 2.03 2.08 2.02 2.15 2.06 2.05 1.93 2.03 2.09 2.02 1.95 1.89 1.97 1.86 1.88 100.0 74.56 1e-07 0.001 256
7 1.19 2.42 2.18 2.13 2.25 2.1 2.32 2.35 2.26 2.23 2.37 2.54 2.54 2.54 2.42 2.47 2.37 2.5 2.38 2.44 2.36 100.0 68.25 1e-05 0.001 512
7 1.19 2.34 2.26 2.03 2.17 2.24 2.1 2.34 2.24 2.29 2.36 2.61 2.4 2.36 2.46 2.25 2.39 2.37 2.43 2.28 2.26 100.0 68.96 1e-06 0.001 512
7 1.19 2.35 2.0 2.08 2.21 2.1 2.36 2.29 2.51 2.73 2.23 2.32 2.38 2.29 2.34 2.52 2.35 2.4 2.39 2.34 2.41 100.0 68.89 1e-07 0.001 512
7 1.19 2.15 2.52 2.14 2.34 2.3 2.47 2.09 2.38 2.68 2.83 2.75 2.83 2.83 2.87 2.81 2.7 2.73 2.8 2.77 2.9 100.0 62.08 1e-05 0.001 1024
7 1.19 2.56 2.59 2.26 2.3 2.26 2.32 2.42 2.64 2.67 2.58 2.6 2.61 2.67 2.98 2.56 2.86 2.86 2.78 2.81 2.72 100.0 62.1 1e-06 0.001 1024
7 1.19 2.8 2.52 2.13 2.39 2.35 2.36 2.28 2.71 2.59 2.79 2.75 2.96 3.26 2.91 3.02 2.74 2.87 3.0 3.15 2.99 100.0 62.12 1e-07 0.001 1024
