7 1.34 1.76 1.69 1.73 1.67 1.83 1.84 1.69 1.76 1.77 1.67 1.86 1.78 1.79 1.69 1.72 1.74 1.69 1.75 1.79 1.76 99.448 83.7 1e-05 0.1 256
7 1.34 1.58 1.68 1.76 1.69 1.74 1.71 1.69 1.85 1.71 1.83 1.82 1.74 1.78 1.77 1.83 1.65 1.73 1.74 1.73 1.73 99.532 83.75 1e-06 0.1 256
7 1.34 1.8 1.62 1.71 1.73 1.83 1.82 1.7 1.74 1.72 1.7 1.8 1.72 1.74 1.67 1.7 1.8 1.77 1.79 1.72 1.73 99.74 83.84 1e-07 0.1 256
7 1.34 1.69 1.64 1.71 1.76 1.63 1.76 1.56 1.74 1.68 1.85 1.76 1.65 1.77 1.74 1.69 1.74 1.75 1.82 1.77 1.71 99.756 82.37 1e-05 0.1 512
7 1.34 1.7 1.76 1.81 1.66 1.64 1.65 1.71 1.67 1.84 1.72 1.77 1.83 1.77 1.65 1.73 1.7 1.66 1.75 1.67 1.66 99.112 79.82 1e-06 0.1 512
7 1.34 1.62 1.71 1.84 1.74 1.66 1.71 1.75 1.7 1.76 1.89 1.69 1.79 1.67 1.64 1.62 1.79 1.81 1.67 1.68 1.72 99.572 82.79 1e-07 0.1 512
7 1.34 1.83 1.67 1.77 1.74 1.78 1.74 1.73 1.84 1.77 1.69 1.77 1.74 1.79 1.77 1.79 1.71 1.7 1.78 1.76 1.88 99.608 78.01 1e-05 0.1 1024
7 1.34 1.8 1.8 1.91 1.73 1.76 1.69 1.74 1.66 1.69 1.78 1.78 1.84 1.65 1.69 1.63 1.78 1.75 1.71 1.72 1.75 99.982 82.77 1e-06 0.1 1024
7 1.34 1.84 1.72 1.8 1.79 1.74 1.77 1.77 1.8 1.73 1.83 1.78 1.77 1.82 1.71 1.71 1.77 1.78 1.68 1.7 1.81 99.418 78.03 1e-07 0.1 1024
7 1.34 1.8 1.84 1.74 1.72 1.7 1.76 1.73 1.84 1.62 1.87 1.68 1.75 1.75 1.81 1.78 1.68 1.75 1.78 1.77 1.83 99.974 81.69 1e-05 0.01 256
7 1.34 1.84 1.84 1.8 1.78 1.68 1.67 1.86 1.77 1.8 1.76 1.69 1.79 1.71 1.75 1.78 1.84 1.75 1.76 1.8 1.76 99.564 78.75 1e-06 0.01 256
7 1.34 1.98 1.78 1.78 1.75 1.81 1.58 1.79 1.77 1.84 1.81 1.73 1.81 1.82 1.79 1.74 1.86 1.84 1.79 1.74 1.75 99.728 79.72 1e-07 0.01 256
7 1.34 1.84 1.91 1.87 1.75 1.69 1.81 1.71 1.79 1.77 1.79 1.78 1.87 1.72 1.84 1.89 1.85 1.83 1.81 1.79 1.82 100.0 77.8 1e-05 0.01 512
7 1.34 1.86 1.89 1.93 1.89 1.8 1.81 1.8 1.73 1.86 1.79 1.75 1.78 1.92 1.91 1.78 1.71 1.92 1.82 1.77 1.73 99.85 76.58 1e-06 0.01 512
7 1.34 1.87 1.8 1.8 1.83 1.84 1.75 1.88 1.84 1.85 1.78 1.82 1.86 1.84 1.77 1.72 1.74 1.78 1.77 1.84 1.7 100.0 78.57 1e-07 0.01 512
7 1.34 1.85 1.91 1.88 1.91 1.81 1.83 1.87 1.98 1.92 1.9 2.06 1.86 2.04 2.02 1.97 1.98 1.88 1.92 1.89 1.94 100.0 74.26 1e-05 0.01 1024
7 1.34 1.85 1.91 1.81 1.9 1.79 1.85 1.83 1.79 1.84 1.89 2.04 1.97 2.04 1.98 1.94 1.98 1.95 2.09 2.05 1.99 100.0 74.32 1e-06 0.01 1024
7 1.34 1.87 1.88 1.8 1.8 1.8 1.94 1.8 1.91 1.85 1.87 1.9 2.01 1.9 1.95 1.93 2.0 1.94 1.95 1.92 1.93 100.0 73.98 1e-07 0.01 1024
7 1.34 1.84 1.96 1.92 1.8 1.9 1.86 1.97 1.81 2.06 1.86 1.94 2.02 1.88 1.91 2.07 1.94 1.95 1.96 1.99 2.05 99.248 66.51 1e-05 0.001 256
7 1.34 1.84 1.96 1.91 1.8 1.89 1.89 2.01 1.79 2.07 1.87 1.89 2.02 1.83 1.93 1.99 2.11 1.92 1.99 2.0 2.06 99.39 66.68 1e-06 0.001 256
7 1.34 1.84 1.94 1.92 1.78 1.89 1.9 1.99 1.81 2.03 1.88 1.94 2.0 1.92 1.95 2.03 2.07 1.93 2.05 2.02 2.06 99.254 64.98 1e-07 0.001 256
7 1.34 1.88 1.79 1.85 1.9 1.84 1.97 1.84 1.84 1.87 1.9 1.94 1.98 1.83 1.9 1.86 1.96 2.03 2.03 1.89 1.91 78.792 66.54 1e-05 0.001 512
7 1.34 1.88 1.79 1.85 1.9 1.85 1.98 1.84 1.85 1.86 1.96 1.95 1.97 1.82 1.91 1.86 1.93 2.06 1.99 1.84 1.94 78.824 66.54 1e-06 0.001 512
7 1.34 1.88 1.79 1.85 1.9 1.85 1.95 1.84 1.81 1.87 2.03 1.94 1.96 1.81 1.89 1.87 1.94 2.02 2.04 1.92 1.97 78.742 66.61 1e-07 0.001 512
7 1.34 1.87 1.74 1.85 1.74 1.81 1.88 1.9 1.91 1.84 1.87 1.8 1.84 1.87 1.94 1.84 1.8 1.86 1.87 1.85 1.9 60.716 57.05 1e-05 0.001 1024
7 1.34 1.89 1.74 1.85 1.74 1.83 1.88 1.9 1.91 1.84 1.88 1.81 1.84 1.87 1.94 1.83 1.81 1.9 1.88 1.85 1.9 60.712 56.97 1e-06 0.001 1024
7 1.34 1.89 1.74 1.85 1.75 1.81 1.88 1.9 1.91 1.84 1.89 1.8 1.84 1.87 1.96 1.84 1.81 1.91 1.87 1.85 1.9 60.694 57.01 1e-07 0.001 1024
