7 1.0 1.94 1.74 1.92 1.91 1.84 1.88 1.9 1.87 1.92 1.9 1.94 1.77 1.88 1.78 1.96 1.87 1.89 1.92 1.88 1.85 97.92 78.13 1e-05 0.1 256
7 1.0 1.8 1.7 1.94 1.77 1.88 1.77 1.86 1.96 1.87 1.87 1.8 1.84 1.83 1.83 1.95 1.79 1.81 1.95 1.8 1.86 97.428 76.84 1e-06 0.1 256
7 1.0 1.98 1.75 1.83 1.73 1.72 1.79 1.86 1.85 1.95 1.92 1.87 1.83 1.91 1.81 1.81 1.88 1.96 1.85 1.93 1.92 97.594 77.95 1e-07 0.1 256
7 1.0 2.02 1.89 1.91 1.77 1.73 1.92 1.93 1.91 2.01 1.91 1.83 1.85 1.93 1.87 1.87 1.94 1.78 1.78 1.8 1.85 98.302 75.35 1e-05 0.1 512
7 1.0 1.99 1.86 1.85 1.84 1.84 1.82 1.94 1.83 1.9 1.75 1.94 1.94 1.9 1.85 2.01 1.85 1.89 1.74 1.78 1.77 98.254 75.32 1e-06 0.1 512
7 1.0 1.95 1.94 1.8 1.69 1.78 1.88 1.81 1.78 1.8 1.89 1.74 1.95 1.81 1.88 1.89 1.86 1.89 1.83 1.8 1.76 98.49 75.3 1e-07 0.1 512
7 1.0 2.34 2.15 2.12 1.91 1.8 1.92 1.86 2.17 2.03 2.15 2.02 2.01 1.95 1.96 2.0 2.19 2.07 2.04 2.01 2.0 97.804 72.34 1e-05 0.1 1024
7 1.0 2.13 1.88 1.94 1.87 2.0 2.09 1.92 1.87 1.96 1.97 1.93 2.05 1.96 2.2 2.05 1.97 1.97 1.97 1.91 1.94 97.954 71.75 1e-06 0.1 1024
7 1.0 1.99 1.81 1.88 1.9 2.07 1.94 2.13 2.04 2.07 2.14 1.99 2.01 2.13 1.97 2.1 2.05 2.1 1.97 1.97 2.0 97.914 70.9 1e-07 0.1 1024
7 1.0 3.43 2.74 2.34 2.22 1.86 2.08 1.96 1.95 2.22 2.08 2.15 2.08 2.18 2.11 2.14 2.11 2.13 2.06 2.21 2.24 96.874 71.73 1e-05 0.01 256
7 1.0 3.82 2.49 2.1 2.45 2.07 2.24 2.09 2.19 2.09 2.08 2.1 2.18 1.91 2.07 2.13 2.32 2.03 2.08 2.19 2.13 95.632 68.89 1e-06 0.01 256
7 1.0 3.74 2.75 2.22 2.07 2.18 2.21 2.05 2.09 2.25 2.2 2.02 2.23 2.03 2.22 2.09 2.19 2.26 2.12 2.08 2.16 96.43 70.36 1e-07 0.01 256
7 1.0 4.02 3.6 3.14 2.83 2.71 2.2 2.51 2.22 2.23 2.53 2.47 2.43 2.22 2.56 2.6 2.49 2.21 2.24 2.2 2.31 92.838 64.15 1e-05 0.01 512
7 1.0 4.29 3.49 2.82 2.48 2.53 2.26 2.43 2.58 2.39 2.34 2.83 2.63 2.4 2.5 2.59 2.41 2.56 2.37 2.41 2.3 92.628 64.67 1e-06 0.01 512
7 1.0 5.43 3.86 2.74 2.66 2.45 2.64 2.28 2.29 2.32 2.33 2.49 2.32 2.53 2.26 2.5 2.52 2.39 2.54 2.37 2.51 92.68 64.63 1e-07 0.01 512
7 1.0 1.2 5.63 4.37 4.1 3.39 3.14 3.43 3.02 2.76 3.03 3.39 3.01 3.08 3.1 3.14 3.19 2.77 2.96 3.05 3.12 82.724 59.2 1e-05 0.01 1024
7 1.0 1.29 5.7 3.84 4.42 3.25 2.85 2.52 2.7 2.89 2.63 2.66 2.7 2.74 2.8 3.0 3.04 2.73 3.04 2.92 3.17 83.908 60.7 1e-06 0.01 1024
7 1.0 1.27 5.23 3.99 3.61 3.37 2.73 3.06 3.19 2.83 2.78 3.13 3.09 3.0 3.04 2.97 2.82 2.89 2.99 3.02 3.25 83.24 59.32 1e-07 0.01 1024
7 1.0 5.02 8.73 6.06 4.66 4.36 4.18 4.82 3.98 3.8 3.22 3.57 3.56 3.63 3.57 3.35 3.42 3.62 3.53 3.76 3.53 64.914 53.47 1e-05 0.001 256
7 1.0 5.62 7.91 6.35 4.74 4.44 4.72 4.02 4.15 3.93 3.77 3.21 3.62 3.57 3.54 3.63 3.31 3.55 3.63 3.3 3.53 64.216 53.75 1e-06 0.001 256
7 1.0 4.39 8.12 6.59 5.65 4.51 4.99 4.71 4.13 3.74 3.84 3.17 3.31 3.39 3.05 3.3 3.24 3.17 2.94 3.7 3.43 65.812 56.18 1e-07 0.001 256
7 1.0 8.74 10.63 9.85 9.16 8.14 5.98 5.86 5.81 5.27 4.29 4.5 4.35 4.63 4.75 4.31 4.2 3.88 4.35 4.52 4.0 49.198 45.08 1e-05 0.001 512
7 1.0 7.74 8.53 10.32 10.22 8.3 6.11 5.69 5.39 5.25 4.78 5.36 4.77 4.91 4.51 4.25 4.74 4.36 3.91 4.12 4.25 49.508 46.21 1e-06 0.001 512
7 1.0 7.11 8.76 9.92 8.93 7.9 5.75 5.57 5.81 5.33 4.67 5.14 4.88 5.23 4.8 4.55 3.97 4.16 4.26 4.21 3.58 48.168 44.3 1e-07 0.001 512
7 1.0 10.14 16.35 12.52 10.9 9.85 9.55 9.3 7.51 7.28 6.88 7.24 5.59 5.69 5.63 5.26 5.51 5.49 5.21 5.39 4.95 37.858 35.42 1e-05 0.001 1024
7 1.0 9.65 14.82 12.49 11.36 10.4 9.84 8.29 8.98 7.34 6.42 7.29 5.94 5.92 5.68 5.48 5.72 5.18 4.91 5.38 4.61 37.546 35.61 1e-06 0.001 1024
7 1.0 10.5 14.69 11.75 11.92 10.1 10.52 10.06 9.72 7.95 8.06 7.38 6.38 5.89 5.44 6.06 5.54 5.23 5.24 5.51 5.5 38.212 36.12 1e-07 0.001 1024
