7 1.0 1.83 1.74 1.7 1.72 1.75 1.71 1.87 1.92 1.72 1.87 1.73 1.76 1.86 1.79 1.81 1.8 1.72 1.79 1.77 1.78 99.534 82.36 1e-05 0.1 256
7 1.0 1.85 1.81 1.88 1.85 1.84 1.8 1.9 1.79 1.71 1.83 1.86 1.69 1.81 1.8 1.78 1.73 1.81 1.82 1.8 1.87 99.076 79.85 1e-06 0.1 256
7 1.0 1.75 1.68 1.72 1.79 1.8 1.85 1.87 1.86 1.82 1.75 1.81 1.79 1.88 1.85 1.64 1.81 1.75 1.71 1.74 1.78 99.344 81.31 1e-07 0.1 256
7 1.0 1.79 1.83 1.77 1.63 1.83 1.76 1.79 1.81 1.8 1.8 1.68 1.86 1.73 1.8 1.79 1.79 1.76 1.75 1.9 1.75 99.844 82.26 1e-05 0.1 512
7 1.0 1.95 1.86 1.83 1.84 1.8 1.83 1.96 1.79 2.0 1.8 1.77 1.75 1.82 1.75 1.72 1.7 1.73 1.77 1.81 1.7 99.498 80.89 1e-06 0.1 512
7 1.0 1.82 1.78 1.83 1.68 1.88 2.01 1.8 1.89 1.84 1.74 1.76 1.7 1.89 1.8 1.77 1.8 1.73 1.86 1.83 1.68 99.852 81.65 1e-07 0.1 512
7 1.0 1.92 1.9 1.88 1.86 1.81 1.72 1.85 1.71 1.87 1.9 1.85 1.9 1.92 1.81 1.79 1.92 1.89 1.82 1.78 1.69 99.878 81.42 1e-05 0.1 1024
7 1.0 1.94 1.87 2.02 1.83 1.72 1.78 1.78 1.79 1.86 1.78 1.79 1.88 1.87 1.78 1.73 1.76 1.89 1.79 1.83 1.79 99.998 81.78 1e-06 0.1 1024
7 1.0 2.09 1.92 1.73 1.87 1.82 1.77 1.89 1.78 1.86 1.83 1.86 1.95 1.76 1.78 1.84 1.74 1.82 1.85 1.82 1.83 99.542 79.74 1e-07 0.1 1024
7 1.0 1.95 1.78 1.84 1.76 1.75 1.79 1.81 1.89 1.9 1.8 1.71 1.8 1.73 1.75 1.73 1.71 1.85 1.68 1.7 1.69 99.644 81.37 1e-05 0.01 256
7 1.0 1.86 1.9 1.8 1.73 1.82 1.76 1.86 1.76 1.76 1.8 1.84 1.87 1.84 1.8 1.82 1.86 1.78 1.74 1.7 1.75 100.0 83.45 1e-06 0.01 256
7 1.0 1.92 1.73 1.86 1.81 1.78 1.78 1.84 1.78 1.68 2.02 1.85 1.91 1.93 1.84 1.83 1.82 1.74 1.72 1.82 1.79 100.0 83.32 1e-07 0.01 256
7 1.0 2.04 1.85 1.93 1.86 1.75 2.0 1.83 1.86 1.78 1.85 2.04 1.94 1.78 1.71 1.75 1.74 1.84 1.77 1.8 1.78 100.0 81.62 1e-05 0.01 512
7 1.0 2.05 1.84 1.87 1.88 1.96 1.89 1.88 1.87 1.93 1.96 1.91 1.86 1.84 1.82 1.82 1.95 1.9 1.83 1.82 1.82 100.0 80.7 1e-06 0.01 512
7 1.0 2.09 2.04 1.95 1.76 1.86 1.9 2.1 2.03 1.95 2.01 1.87 2.01 2.08 1.86 1.81 1.88 1.86 2.01 1.99 2.0 100.0 80.97 1e-07 0.01 512
7 1.0 2.04 1.96 2.07 2.05 2.03 2.02 2.24 2.27 2.07 2.14 2.04 2.13 2.15 2.05 1.89 1.96 2.13 2.0 2.01 1.98 100.0 76.31 1e-05 0.01 1024
7 1.0 2.24 2.11 2.14 1.94 2.02 2.01 2.13 2.0 2.08 2.27 2.03 2.18 2.1 1.9 2.04 2.05 1.89 1.82 1.83 1.83 100.0 76.99 1e-06 0.01 1024
7 1.0 2.33 2.03 2.04 2.09 2.0 2.02 2.12 2.13 1.96 2.13 2.05 1.99 2.16 2.05 2.11 1.98 1.94 2.0 2.08 2.07 100.0 77.06 1e-07 0.01 1024
7 1.0 3.3 2.47 1.98 2.32 2.34 1.99 2.21 2.35 2.32 2.28 2.44 2.44 2.42 2.28 2.49 2.49 2.34 2.54 2.62 2.42 99.654 70.73 1e-05 0.001 256
7 1.0 3.04 2.56 2.19 2.24 2.31 2.15 2.18 2.1 2.31 2.14 2.38 2.46 2.44 2.38 2.22 2.37 2.43 2.49 2.38 2.19 99.758 71.18 1e-06 0.001 256
7 1.0 3.63 2.5 2.12 2.14 2.19 2.28 2.21 2.14 2.15 2.17 2.34 2.41 2.39 2.5 2.29 2.35 2.31 2.64 2.37 2.24 99.74 70.81 1e-07 0.001 256
7 1.0 5.59 3.35 2.64 2.63 2.72 2.3 2.34 2.43 2.73 2.53 2.51 2.82 2.67 2.53 3.01 2.84 3.13 3.09 2.91 3.13 92.94 57.67 1e-05 0.001 512
7 1.0 5.91 3.68 2.85 2.62 2.32 2.52 2.31 2.54 2.59 2.68 2.87 2.91 2.63 2.89 2.92 3.01 3.05 3.15 2.96 3.08 93.744 59.35 1e-06 0.001 512
7 1.0 4.98 3.01 2.5 2.47 2.15 2.26 2.47 2.53 2.59 2.5 2.7 2.62 2.62 2.88 2.99 2.76 2.94 3.0 2.92 3.04 93.08 56.38 1e-07 0.001 512
7 1.0 3.73 5.98 3.8 3.09 2.75 2.59 2.27 2.41 2.49 2.5 2.6 2.49 2.67 3.16 2.8 3.06 2.94 3.48 3.26 3.41 82.312 49.96 1e-05 0.001 1024
7 1.0 3.06 5.52 4.08 3.66 2.92 2.84 2.7 2.7 2.58 2.5 2.58 2.41 2.77 3.06 2.86 3.13 3.53 3.45 3.79 3.83 79.964 53.36 1e-06 0.001 1024
7 1.0 3.42 4.89 4.1 3.59 2.84 2.67 2.64 2.57 2.45 2.48 2.43 2.58 2.67 2.79 2.89 2.94 3.4 3.33 3.47 3.79 81.578 52.58 1e-07 0.001 1024
