7 1.0 1.49 1.6 1.79 2.03 2.18 1.96 2.64 2.17 2.02 1.91 1.94 1.99 1.97 1.99 1.88 1.94 2.03 1.99 1.93 1.99 89.046 78.92 1e-05 0.1 256
7 1.0 2.36 2.22 1.91 2.06 1.95 2.23 2.21 2.09 1.98 2.11 1.83 1.95 1.87 1.85 1.96 1.91 1.98 1.87 1.92 1.89 87.672 77.73 1e-06 0.1 256
7 1.0 1.0 1.0 1.96 2.21 1.88 1.98 2.04 1.98 2.01 2.16 1.86 1.74 1.94 1.91 1.82 1.96 1.92 1.89 1.84 1.91 89.66 80.22 1e-07 0.1 256
7 1.0 1.09 1.2 2.26 2.37 2.48 1.91 2.14 2.27 2.18 2.13 2.04 2.13 2.04 2.27 2.01 2.01 2.04 1.92 2.02 1.98 72.88 69.83 1e-05 0.1 512
7 1.0 1.0 1.0 1.02 1.3 1.83 1.79 1.75 2.11 1.9 1.96 2.28 1.96 2.07 1.96 1.86 1.94 2.05 1.76 1.93 1.88 68.462 65.58 1e-06 0.1 512
7 1.0 1.0 1.0 1.2 2.21 1.44 1.99 2.19 2.21 2.13 2.33 2.63 2.16 2.54 2.31 2.11 2.02 1.97 1.96 1.99 1.91 67.154 64.28 1e-07 0.1 512
7 1.0 1.03 1.01 1.04 1.65 1.86 1.79 2.24 2.08 1.94 1.73 1.84 1.9 2.0 2.02 2.29 2.16 2.03 2.06 2.07 2.14 46.852 46.5 1e-05 0.1 1024
7 1.0 1.0 1.0 1.0 1.16 1.0 1.06 1.14 1.59 1.51 1.59 1.6 1.73 2.33 1.85 1.92 1.82 2.09 1.96 2.31 2.41 35.842 33.87 1e-06 0.1 1024
7 1.0 1.15 1.05 1.09 1.16 1.04 1.1 1.14 1.09 1.14 1.08 1.21 1.31 1.68 2.36 1.96 1.93 1.94 2.24 2.08 1.96 34.496 32.91 1e-07 0.1 1024
7 1.0 1.82 1.85 1.87 1.79 1.78 1.81 1.84 1.66 1.75 1.83 1.77 1.8 1.77 1.7 1.71 1.81 1.71 1.76 1.77 1.84 99.144 82.21 1e-05 0.01 256
7 1.0 1.94 1.75 1.78 1.76 1.76 1.73 1.78 1.78 1.7 1.62 1.76 1.83 1.71 1.75 1.69 1.73 1.87 1.73 1.85 1.79 99.36 82.55 1e-06 0.01 256
7 1.0 1.76 1.72 1.85 1.83 1.76 1.91 1.79 1.73 1.83 1.75 1.86 1.74 1.7 1.76 1.74 1.8 1.8 1.74 1.64 1.75 99.144 82.87 1e-07 0.01 256
7 1.0 1.74 1.69 1.72 1.72 1.94 1.76 1.75 1.8 1.85 1.81 1.73 1.77 1.86 1.77 1.8 1.81 1.74 1.61 1.71 1.73 99.526 82.02 1e-05 0.01 512
7 1.0 1.86 1.9 1.69 1.83 1.8 1.62 1.75 1.86 1.77 1.69 1.81 1.82 1.74 1.71 1.72 1.83 1.75 1.83 1.76 1.86 99.742 83.03 1e-06 0.01 512
7 1.0 1.66 1.81 1.81 1.85 1.84 1.77 1.81 1.81 1.86 1.81 1.81 1.77 1.8 1.84 1.74 1.84 1.83 1.82 1.81 1.86 99.394 81.2 1e-07 0.01 512
7 1.0 1.83 2.04 1.85 1.83 1.85 1.89 1.69 1.84 1.79 1.75 1.93 1.86 1.79 1.68 1.78 1.83 1.73 1.72 1.76 1.75 99.472 79.59 1e-05 0.01 1024
7 1.0 1.69 1.77 1.8 1.77 1.84 1.77 1.79 1.87 1.8 1.87 1.87 1.74 1.82 1.78 1.8 1.83 1.8 1.77 1.86 1.81 99.744 79.48 1e-06 0.01 1024
7 1.0 1.71 1.82 1.85 1.79 1.74 1.86 1.86 1.83 1.88 1.77 1.86 1.71 1.89 1.69 1.71 1.74 1.68 1.81 1.91 1.81 99.738 79.87 1e-07 0.01 1024
7 1.0 2.09 1.86 2.03 1.89 1.86 2.01 2.02 1.97 1.84 1.83 1.87 1.89 1.86 1.93 1.93 1.81 1.79 1.73 1.8 1.78 100.0 78.05 1e-05 0.001 256
7 1.0 2.04 1.76 1.93 2.02 1.84 1.92 1.91 1.84 2.04 1.85 1.84 1.8 1.94 1.86 1.8 1.91 1.87 1.81 1.79 1.84 100.0 77.89 1e-06 0.001 256
7 1.0 2.03 1.83 1.82 2.15 1.9 1.87 1.94 2.02 1.88 1.93 1.98 1.88 1.87 1.91 1.95 1.93 1.93 1.93 1.79 1.88 100.0 77.8 1e-07 0.001 256
7 1.0 2.32 2.19 1.91 1.9 1.8 2.07 2.15 2.01 2.02 1.87 2.09 1.99 2.0 2.0 2.13 2.02 2.04 2.13 2.1 2.05 100.0 73.82 1e-05 0.001 512
7 1.0 2.05 2.01 1.88 2.26 2.07 2.22 2.24 2.08 2.21 2.16 2.09 2.01 2.01 1.96 1.99 1.94 1.98 2.0 1.96 1.99 100.0 72.21 1e-06 0.001 512
7 1.0 2.14 2.12 2.46 2.1 2.18 2.17 2.4 2.18 2.07 2.05 1.98 2.16 2.01 2.1 2.07 2.15 2.08 2.04 2.08 2.18 100.0 72.89 1e-07 0.001 512
7 1.0 2.54 2.24 2.32 2.32 2.75 2.57 2.44 2.63 2.56 2.72 2.71 2.73 2.62 2.56 2.65 2.61 2.61 2.72 2.81 2.62 100.0 66.09 1e-05 0.001 1024
7 1.0 2.48 2.25 2.42 2.44 2.57 2.56 2.43 2.57 2.61 2.53 2.47 2.47 2.41 2.46 2.4 2.45 2.48 2.42 2.61 2.45 100.0 66.29 1e-06 0.001 1024
7 1.0 2.73 2.47 2.34 2.38 2.61 2.32 2.52 2.59 2.49 2.46 2.4 2.28 2.43 2.35 2.42 2.37 2.45 2.4 2.5 2.37 100.0 65.78 1e-07 0.001 1024
