68.65118964623811 0.6184821011274735 0.00900905147186134 15.62909324915228 1.8428002837165762 14.668119509528257 5.462772263085826 1.8428002837165762 3.0631790965218086 1.5325280908496144 96.268 75.45 1e-05 0.1 1024
57.46760296571452 0.21846820357653643 0.0038015889353672145 16.43795212061224 1.7504679871557225 13.39572151453314 4.627742057582042 1.7504679871557225 3.0197292721897 1.460417139739841 98.256 77.01 1e-06 0.1 1024
66.84743517775196 0.7035141397870371 0.010524175503762325 15.717067797492124 1.7875272335298733 15.013732989142515 4.941291994726525 1.7875272335298733 3.0530395745749677 1.5148292891002493 99.726 79.12 1e-07 0.1 512
62.164234812661775 0.5944410117764259 0.009562427874610445 17.005403597663022 1.7988434334268195 15.965135653327085 5.042584842692481 1.7988434334268195 3.032568733210027 1.4744226198482462 99.628 79.54 1e-06 0.1 512
50.10154727214021 0.3605885127234611 0.007197153228917788 17.523567278693296 1.8316292067432407 15.483532030890562 5.351798794395521 1.8316292067432407 2.962740467468537 1.3397400040122822 99.72 81.38 1e-07 0.1 256
68.74416168392048 0.6981140872850327 0.010155249117661786 16.181127627204038 1.819977823688256 15.462381441901304 5.239151782041027 1.819977823688256 3.059463864400631 1.5210018151728266 99.622 79.31 1e-05 0.1 512
57.642829569524515 0.6402533313674978 0.011107250219132142 16.36273582727728 1.7831575987436998 15.470953066657163 4.902893473287013 1.7831575987436998 3.02030747319971 1.452234302847661 98.502 74.69 1e-07 0.1 1024
57.7207126087551 0.18365678313903122 0.003181817667150112 17.90003593714056 1.3776473655730044 14.510662157843687 2.5830118738153325 1.3776473655730044 3.0809947931480304 1.6080375966094123 100.0 67.18 1e-06 0.001 512
46.670836634749755 0.41180086565626106 0.008823515825933277 14.866708834479429 1.3139598992352852 13.092277605841733 2.370842356293129 1.3139598992352852 3.0324500156695375 1.5188584591163674 100.0 81.04 1e-05 0.01 512
46.96642906358088 0.38873913436988156 0.008276957437910073 16.370716173956968 1.8083080618128196 14.48102196008978 5.129401944939014 1.8083080618128196 2.94646789392431 1.312597543633979 99.642 81.76 1e-05 0.1 256
48.49793105284235 0.462787439619571 0.009542416131428933 17.833063204596616 1.8317647711688152 16.292087633917905 5.353128335019758 1.8317647711688152 2.9540439366796805 1.324601289752031 99.732 81.63 1e-06 0.1 256
57.709020566004234 0.20720602251918935 0.0035905309167775443 17.881942828009702 1.3770633301698445 14.733860094855405 2.5809349699108446 1.3770633301698445 3.080966625375823 1.6081241820859997 100.0 67.06 1e-05 0.001 512
39.70078210324546 0.5479099834116734 0.01380098714395057 13.903431017706968 1.3062572971852004 12.700141985724546 2.3470378956346063 1.3062572971852004 2.9948384068476686 1.4435126567797052 100.0 83.79 1e-07 0.01 256
40.037052541013495 0.5251729861869632 0.013117174038947597 13.988641817877866 1.305701039146611 12.700586397955991 2.3453335308069807 1.305701039146611 2.9966376854071863 1.4469502835224988 100.0 83.97 1e-05 0.01 256
57.74977171221112 0.20011141810234623 0.003465146478839377 17.88642509729681 1.3776974228829237 14.668663103888608 2.583190103887727 1.3776974228829237 3.081088116399475 1.60828562782705 100.0 66.79 1e-07 0.001 512
59.872117134407816 0.20572900570891317 0.0034361404866821233 18.123724062750913 1.3835925472174597 14.961332400153257 2.604300584528678 1.3835925472174597 3.0891649583294365 1.623125315399198 99.026 62.1 1e-05 0.001 1024
51.42850012395851 0.30251243823859325 0.005882194454620399 15.993629534552671 1.3367485573687528 13.602363665412046 2.4435412539720462 1.3367485573687528 3.054725900394025 1.5610167520468505 100.0 77.15 1e-05 0.01 1024
51.54081693713125 0.35233061907675234 0.006835953328146122 15.999263842413999 1.3369579767743118 13.91289337427435 2.444225520628348 1.3369579767743118 3.055190413264566 1.5619223480558184 100.0 76.74 1e-06 0.01 1024
39.4526438708287 0.4681020709178794 0.011864910053949369 13.83264549524603 1.303532254550521 12.314508517096616 2.338706834110318 1.303532254550521 2.993428503306324 1.4412390138946833 100.0 83.48 1e-06 0.01 256
46.7241635659484 0.3943676562162047 0.008440336351009858 14.850370486090757 1.3129586372135842 12.989427645514585 2.3677264818021007 1.3129586372135842 3.0326519113403774 1.5191405120009922 100.0 81.0 1e-06 0.01 512
59.86649371988057 0.20487603720925524 0.003422215407634933 18.15536506922064 1.383668925280203 14.984664995978452 2.6045758548967495 1.383668925280203 3.08912837527959 1.622929648011589 99.02 62.77 1e-07 0.001 1024
51.52214092853067 0.31444973677237337 0.006103196239623751 15.981634219000913 1.3357393887509061 13.667772372077085 2.440248358234408 1.3357393887509061 3.0551264220706127 1.561811677000945 100.0 76.47 1e-07 0.01 1024
55.80979224254692 0.19645876215088673 0.0035201486021858948 17.279480059455015 1.3655313979135537 14.024873812506772 2.540441707741898 1.3655313979135537 3.073321006595718 1.594632222456401 100.0 72.67 1e-06 0.001 256
59.837864837904895 0.19814482303934436 0.003311361853837865 18.14353760034857 1.3834515835114318 14.90602310449896 2.6037928096715035 1.3834515835114318 3.089039617134359 1.6227611377447269 99.12 63.63 1e-06 0.001 1024
46.42371567370631 0.32553264087878997 0.007012205640040285 14.859752734015562 1.3125567651008236 12.615167696784116 2.366477633256311 1.3125567651008236 3.0312191676508617 1.5163517418900723 100.0 81.48 1e-07 0.01 512
55.75167283084428 0.1956560070552393 0.0035094194868175114 17.268371661017515 1.3648010788761227 14.005577166388608 2.5379102704093803 1.3648010788761227 3.073081750260904 1.594375038999335 100.0 72.07 1e-07 0.001 256
55.846314032491215 0.19492047066650892 0.0034903014468081954 17.229202349494077 1.3650061071350081 13.958875735114194 2.538620567008734 1.3650061071350081 3.0734106841321096 1.5948555795464978 100.0 72.19 1e-05 0.001 256
57.642829569524515 0.6402533313674978 0.011107250219132142 16.36273582727728 1.7831575987436998 15.470953066657163 4.902893473287013 1.7831575987436998 3.02030747319971 1.452234302847661 98.502 74.69 1e-07 0.1 1024
57.46760296571452 0.21846820357653643 0.0038015889353672145 16.43795212061224 1.7504679871557225 13.39572151453314 4.627742057582042 1.7504679871557225 3.0197292721897 1.460417139739841 98.256 77.01 1e-06 0.1 1024
66.84743517775196 0.7035141397870371 0.010524175503762325 15.717067797492124 1.7875272335298733 15.013732989142515 4.941291994726525 1.7875272335298733 3.0530395745749677 1.5148292891002493 99.726 79.12 1e-07 0.1 512
57.709020566004234 0.20720602251918935 0.0035905309167775443 17.881942828009702 1.3770633301698445 14.733860094855405 2.5809349699108446 1.3770633301698445 3.080966625375823 1.6081241820859997 100.0 67.06 1e-05 0.001 512
68.65118964623811 0.6184821011274735 0.00900905147186134 15.62909324915228 1.8428002837165762 14.668119509528257 5.462772263085826 1.8428002837165762 3.0631790965218086 1.5325280908496144 96.268 75.45 1e-05 0.1 1024
68.74416168392048 0.6981140872850327 0.010155249117661786 16.181127627204038 1.819977823688256 15.462381441901304 5.239151782041027 1.819977823688256 3.059463864400631 1.5210018151728266 99.622 79.31 1e-05 0.1 512
62.164234812661775 0.5944410117764259 0.009562427874610445 17.005403597663022 1.7988434334268195 15.965135653327085 5.042584842692481 1.7988434334268195 3.032568733210027 1.4744226198482462 99.628 79.54 1e-06 0.1 512
39.70078210324546 0.5479099834116734 0.01380098714395057 13.903431017706968 1.3062572971852004 12.700141985724546 2.3470378956346063 1.3062572971852004 2.9948384068476686 1.4435126567797052 100.0 83.79 1e-07 0.01 256
51.42850012395851 0.30251243823859325 0.005882194454620399 15.993629534552671 1.3367485573687528 13.602363665412046 2.4435412539720462 1.3367485573687528 3.054725900394025 1.5610167520468505 100.0 77.15 1e-05 0.01 1024
59.872117134407816 0.20572900570891317 0.0034361404866821233 18.123724062750913 1.3835925472174597 14.961332400153257 2.604300584528678 1.3835925472174597 3.0891649583294365 1.623125315399198 99.026 62.1 1e-05 0.001 1024
40.037052541013495 0.5251729861869632 0.013117174038947597 13.988641817877866 1.305701039146611 12.700586397955991 2.3453335308069807 1.305701039146611 2.9966376854071863 1.4469502835224988 100.0 83.97 1e-05 0.01 256
39.4526438708287 0.4681020709178794 0.011864910053949369 13.83264549524603 1.303532254550521 12.314508517096616 2.338706834110318 1.303532254550521 2.993428503306324 1.4412390138946833 100.0 83.48 1e-06 0.01 256
46.7241635659484 0.3943676562162047 0.008440336351009858 14.850370486090757 1.3129586372135842 12.989427645514585 2.3677264818021007 1.3129586372135842 3.0326519113403774 1.5191405120009922 100.0 81.0 1e-06 0.01 512
46.42371567370631 0.32553264087878997 0.007012205640040285 14.859752734015562 1.3125567651008236 12.615167696784116 2.366477633256311 1.3125567651008236 3.0312191676508617 1.5163517418900723 100.0 81.48 1e-07 0.01 512
55.80979224254692 0.19645876215088673 0.0035201486021858948 17.279480059455015 1.3655313979135537 14.024873812506772 2.540441707741898 1.3655313979135537 3.073321006595718 1.594632222456401 100.0 72.67 1e-06 0.001 256
55.75167283084428 0.1956560070552393 0.0035094194868175114 17.268371661017515 1.3648010788761227 14.005577166388608 2.5379102704093803 1.3648010788761227 3.073081750260904 1.594375038999335 100.0 72.07 1e-07 0.001 256
57.7207126087551 0.18365678313903122 0.003181817667150112 17.90003593714056 1.3776473655730044 14.510662157843687 2.5830118738153325 1.3776473655730044 3.0809947931480304 1.6080375966094123 100.0 67.18 1e-06 0.001 512
57.74977171221112 0.20011141810234623 0.003465146478839377 17.88642509729681 1.3776974228829237 14.668663103888608 2.583190103887727 1.3776974228829237 3.081088116399475 1.60828562782705 100.0 66.79 1e-07 0.001 512
59.86649371988057 0.20487603720925524 0.003422215407634933 18.15536506922064 1.383668925280203 14.984664995978452 2.6045758548967495 1.383668925280203 3.08912837527959 1.622929648011589 99.02 62.77 1e-07 0.001 1024
51.54081693713125 0.35233061907675234 0.006835953328146122 15.999263842413999 1.3369579767743118 13.91289337427435 2.444225520628348 1.3369579767743118 3.055190413264566 1.5619223480558184 100.0 76.74 1e-06 0.01 1024
55.846314032491215 0.19492047066650892 0.0034903014468081954 17.229202349494077 1.3650061071350081 13.958875735114194 2.538620567008734 1.3650061071350081 3.0734106841321096 1.5948555795464978 100.0 72.19 1e-05 0.001 256
51.52214092853067 0.31444973677237337 0.006103196239623751 15.981634219000913 1.3357393887509061 13.667772372077085 2.440248358234408 1.3357393887509061 3.0551264220706127 1.561811677000945 100.0 76.47 1e-07 0.01 1024
50.10154727214021 0.3605885127234611 0.007197153228917788 17.523567278693296 1.8316292067432407 15.483532030890562 5.351798794395521 1.8316292067432407 2.962740467468537 1.3397400040122822 99.72 81.38 1e-07 0.1 256
48.49793105284235 0.462787439619571 0.009542416131428933 17.833063204596616 1.8317647711688152 16.292087633917905 5.353128335019758 1.8317647711688152 2.9540439366796805 1.324601289752031 99.732 81.63 1e-06 0.1 256
46.96642906358088 0.38873913436988156 0.008276957437910073 16.370716173956968 1.8083080618128196 14.48102196008978 5.129401944939014 1.8083080618128196 2.94646789392431 1.312597543633979 99.642 81.76 1e-05 0.1 256
46.670836634749755 0.41180086565626106 0.008823515825933277 14.866708834479429 1.3139598992352852 13.092277605841733 2.370842356293129 1.3139598992352852 3.0324500156695375 1.5188584591163674 100.0 81.04 1e-05 0.01 512
59.837864837904895 0.19814482303934436 0.003311361853837865 18.14353760034857 1.3834515835114318 14.90602310449896 2.6037928096715035 1.3834515835114318 3.089039617134359 1.6227611377447269 99.12 63.63 1e-06 0.001 1024
