1.0 3.2 3.16 3.34 3.26 3.06 3.24 3.14 3.17 3.13 3.11 3.17 3.1 3.2 3.2 3.29 3.26 3.18 3.22 3.17 3.22 100.0 76.58 1e-05 0.1 1024
1.0 3.03 3.1 3.15 3.23 3.2 3.25 3.14 3.2 3.19 3.18 3.16 3.16 3.25 3.22 3.22 3.21 3.17 3.21 3.18 3.2 100.0 75.68 1e-06 0.1 1024
1.0 3.07 3.18 3.56 3.16 3.42 3.45 3.42 3.43 3.43 3.46 3.5 3.47 3.46 3.45 3.42 3.42 3.41 3.47 3.48 3.44 100.0 73.71 1e-07 0.1 1024
1.0 3.01 3.27 3.29 3.18 3.14 3.26 3.18 3.27 3.22 3.1 3.28 3.31 3.27 3.25 3.19 3.29 3.26 3.4 3.27 3.28 100.0 74.47 1e-05 0.1 512
1.0 2.96 3.14 3.08 3.06 3.14 3.16 3.06 3.1 3.21 3.16 3.04 3.06 3.03 3.0 2.96 3.11 3.0 3.0 3.16 3.25 99.888 76.63 1e-06 0.1 512
1.0 2.9 3.16 3.23 3.16 3.16 3.06 3.1 3.11 3.21 3.23 3.27 3.21 3.21 3.15 3.08 3.19 3.16 3.17 3.26 3.28 100.0 75.52 1e-07 0.1 512
1.0 2.72 2.92 2.97 3.02 2.97 3.02 2.86 3.11 2.97 3.03 2.96 3.09 3.07 2.95 2.92 2.91 2.86 3.02 2.89 2.9 99.994 79.12 1e-05 0.1 256
1.0 3.14 3.2 3.0 2.97 2.89 3.03 2.9 2.84 2.95 2.91 2.85 2.93 2.9 3.0 3.04 2.96 3.03 2.93 2.92 2.95 99.958 78.55 1e-06 0.1 256
1.0 2.8 3.02 3.09 2.95 3.03 3.02 3.04 3.0 3.12 3.08 2.99 2.9 3.03 3.05 3.09 3.09 3.04 3.05 3.04 3.05 99.996 77.26 1e-07 0.1 256
1.0 3.6 3.55 3.43 3.52 3.46 3.45 3.45 3.46 3.5 3.5 3.49 3.51 3.53 3.55 3.47 3.45 3.53 3.51 3.54 3.61 100.0 64.04 1e-05 0.01 1024
1.0 3.24 3.21 3.22 3.21 3.23 3.28 3.28 3.19 3.32 3.37 3.18 3.17 3.15 3.17 3.21 3.15 3.15 3.29 3.14 3.16 99.996 66.35 1e-06 0.01 1024
1.0 3.4 3.32 3.53 3.52 3.51 3.56 3.5 3.56 3.55 3.54 3.54 3.56 3.52 3.52 3.52 3.51 3.5 3.54 3.52 3.56 100.0 65.3 1e-07 0.01 1024
1.0 3.3 3.18 3.22 3.16 3.25 3.32 3.23 3.24 3.31 3.23 3.27 3.32 3.25 3.26 3.19 3.16 3.31 3.18 3.25 3.21 99.992 69.49 1e-05 0.01 512
1.0 3.29 3.38 3.5 3.48 3.35 3.36 3.42 3.43 3.35 3.44 3.4 3.45 3.29 3.36 3.37 3.41 3.34 3.41 3.42 3.3 99.998 69.24 1e-06 0.01 512
1.0 3.24 3.33 3.48 3.29 3.22 3.25 3.31 3.15 3.22 3.31 3.24 3.36 3.26 3.31 3.31 3.27 3.29 3.37 3.39 3.33 100.0 68.89 1e-07 0.01 512
1.0 3.31 3.3 3.34 3.31 3.3 3.36 3.36 3.34 3.43 3.52 3.4 3.37 3.3 3.29 3.5 3.41 3.41 3.44 3.35 3.35 100.0 69.79 1e-05 0.01 256
1.0 3.28 3.31 3.2 3.12 3.17 3.23 3.21 3.14 3.22 3.13 3.06 3.19 3.05 3.13 3.05 3.18 3.1 3.12 3.04 3.22 99.984 70.5 1e-06 0.01 256
1.0 3.09 3.06 3.08 3.21 3.1 3.08 3.19 3.14 3.15 3.1 3.28 3.08 3.12 3.13 3.05 3.03 3.15 3.16 3.05 3.03 99.996 70.69 1e-07 0.01 256
1.0 5.18 5.66 5.64 5.59 5.64 5.57 5.71 5.67 5.64 5.69 5.76 5.65 5.74 5.84 5.76 5.75 5.77 5.76 5.81 5.75 100.0 37.77 1e-05 0.001 1024
1.0 5.33 5.67 5.82 5.78 5.83 5.83 5.76 5.85 5.64 5.75 5.8 5.84 5.8 5.9 5.69 5.76 5.75 5.77 5.85 5.75 100.0 37.81 1e-06 0.001 1024
1.0 5.39 5.48 5.61 5.64 5.71 5.67 5.62 5.71 5.58 5.6 5.64 5.6 5.73 5.73 5.66 5.65 5.66 5.72 5.67 5.76 100.0 37.33 1e-07 0.001 1024
1.0 5.22 5.55 5.5 5.58 5.55 5.51 5.54 5.53 5.56 5.56 5.52 5.56 5.62 5.53 5.57 5.54 5.51 5.56 5.42 5.47 100.0 37.85 1e-05 0.001 512
1.0 5.11 5.26 5.33 5.28 5.33 5.4 5.44 5.37 5.47 5.35 5.45 5.35 5.41 5.38 5.36 5.36 5.41 5.33 5.39 5.44 100.0 38.24 1e-06 0.001 512
1.0 5.19 5.68 5.6 5.73 5.65 5.66 5.72 5.67 5.72 5.59 5.78 5.7 5.67 5.69 5.71 5.75 5.63 5.74 5.76 5.64 100.0 37.84 1e-07 0.001 512
1.0 5.51 5.6 5.59 5.65 5.8 5.48 5.8 5.83 5.64 5.63 5.71 5.65 5.7 5.63 5.7 5.52 5.42 5.59 5.47 5.61 99.99 39.67 1e-05 0.001 256
1.0 5.38 5.36 5.63 5.55 5.62 5.66 5.74 5.74 5.53 5.57 5.59 5.81 5.75 5.94 5.65 5.74 5.72 5.87 5.59 5.58 99.998 40.22 1e-06 0.001 256
1.0 5.56 5.21 5.7 5.77 5.61 5.82 5.76 5.64 5.87 5.81 5.96 5.8 5.68 5.59 5.87 5.95 5.77 5.77 5.84 5.71 99.996 39.17 1e-07 0.001 256
1.0 3.23 3.33 3.5 3.58 3.39 3.58 3.59 3.59 3.54 3.75 3.44 3.4 3.41 3.38 3.43 3.39 3.35 3.33 3.5 3.6 100.0 70.37 1e-05 0.1 1024
1.0 3.05 3.19 3.33 3.5 3.33 3.31 3.35 3.31 3.33 3.34 3.37 3.37 3.41 3.19 3.2 3.23 3.35 3.26 3.35 3.33 100.0 74.58 1e-06 0.1 1024
1.0 3.06 3.25 3.37 3.51 3.45 3.6 3.62 3.45 3.47 3.42 3.55 3.52 3.6 3.48 3.52 3.39 3.53 3.47 3.49 3.4 100.0 70.84 1e-07 0.1 1024
1.0 3.11 3.04 3.0 3.2 3.08 3.29 3.14 3.1 3.13 3.15 2.97 2.92 3.0 3.07 3.05 3.06 3.13 2.98 3.0 2.99 99.988 75.16 1e-05 0.1 512
1.0 3.03 3.18 3.03 3.21 3.24 3.16 3.26 3.04 3.18 3.28 3.29 3.2 3.17 3.16 3.22 3.18 3.26 3.2 3.19 3.19 100.0 78.31 1e-06 0.1 512
1.0 2.94 3.21 3.39 3.16 3.43 3.27 3.14 3.15 3.17 3.15 3.31 3.34 3.35 3.32 3.41 3.37 3.37 3.48 3.37 3.31 100.0 76.95 1e-07 0.1 512
1.0 2.8 3.03 3.09 3.03 3.12 3.08 3.11 2.95 2.99 3.19 3.12 3.15 2.93 3.04 2.9 3.18 2.96 2.96 3.04 2.99 99.998 79.04 1e-05 0.1 256
1.0 3.21 3.2 3.12 3.19 3.31 3.13 3.14 3.33 3.13 3.02 3.12 3.09 3.09 3.09 3.12 3.22 3.17 3.12 3.1 3.13 99.998 76.92 1e-06 0.1 256
1.0 3.11 2.93 3.0 3.17 3.17 3.02 3.2 3.07 3.12 2.99 3.02 2.97 3.0 3.18 3.13 2.97 2.9 3.12 3.05 3.0 99.944 78.52 1e-07 0.1 256
1.0 3.33 3.35 3.25 3.3 3.33 3.3 3.42 3.46 3.3 3.4 3.34 3.3 3.52 3.57 3.5 3.43 3.5 3.43 3.44 3.42 100.0 67.97 1e-05 0.01 1024
1.0 3.24 3.29 3.27 3.31 3.36 3.28 3.29 3.25 3.29 3.3 3.29 3.32 3.37 3.25 3.36 3.31 3.29 3.24 3.2 3.17 99.996 68.39 1e-06 0.01 1024
1.0 3.44 3.34 3.43 3.38 3.43 3.4 3.46 3.34 3.39 3.49 3.47 3.32 3.36 3.37 3.31 3.39 3.35 3.35 3.43 3.32 99.998 67.59 1e-07 0.01 1024
1.0 3.41 3.31 3.33 3.34 3.41 3.45 3.37 3.5 3.41 3.37 3.41 3.34 3.45 3.45 3.38 3.41 3.42 3.27 3.36 3.41 100.0 67.99 1e-05 0.01 512
1.0 3.26 3.07 3.32 3.29 3.24 3.14 3.21 3.13 3.24 3.15 3.14 3.09 3.18 3.13 3.14 3.19 3.19 3.08 3.14 3.05 100.0 68.25 1e-06 0.01 512
1.0 3.32 3.45 3.36 3.31 3.15 3.26 3.25 3.31 3.25 3.25 3.34 3.16 3.4 3.29 3.29 3.26 3.22 3.25 3.21 3.2 100.0 69.48 1e-07 0.01 512
1.0 3.16 3.17 3.21 3.33 3.11 3.1 3.14 3.23 3.2 3.18 3.18 3.22 3.14 3.13 3.08 3.14 3.3 3.15 3.2 3.27 100.0 70.0 1e-05 0.01 256
1.0 3.19 3.43 3.26 3.42 3.25 3.32 3.44 3.37 3.36 3.42 3.27 3.32 3.5 3.36 3.36 3.05 3.27 3.25 3.37 3.44 99.998 69.65 1e-06 0.01 256
1.0 3.33 3.25 3.38 3.19 3.25 3.31 3.13 3.14 3.18 3.28 3.31 3.17 3.16 3.27 3.22 3.25 3.11 3.26 3.15 3.21 99.996 70.51 1e-07 0.01 256
1.0 5.16 5.38 5.6 5.71 5.68 5.63 5.62 5.6 5.71 5.71 5.77 5.64 5.67 5.7 5.76 5.7 5.7 5.68 5.78 5.65 100.0 37.67 1e-05 0.001 1024
1.0 5.24 5.55 5.49 5.71 5.63 5.64 5.76 5.72 5.63 5.78 5.67 5.8 5.74 5.81 5.81 5.77 5.72 5.82 5.79 5.73 100.0 38.05 1e-06 0.001 1024
1.0 4.87 5.68 5.85 5.74 5.66 5.66 5.78 5.76 5.62 5.75 5.74 5.74 5.68 5.64 5.74 5.76 5.71 5.79 5.69 5.72 100.0 37.89 1e-07 0.001 1024
1.0 5.31 5.94 6.06 6.07 6.25 6.03 6.1 6.14 6.0 6.09 6.14 6.13 6.1 6.06 6.15 6.19 6.25 6.03 6.08 6.12 100.0 39.08 1e-05 0.001 512
1.0 5.46 5.46 5.79 5.79 5.75 5.7 5.72 5.77 5.68 5.75 5.7 5.58 5.83 5.79 5.8 5.79 5.84 5.8 5.82 5.73 100.0 39.37 1e-06 0.001 512
1.0 5.11 5.65 5.7 5.73 5.54 5.69 5.48 5.51 5.55 5.54 5.59 5.57 5.57 5.68 5.6 5.7 5.7 5.69 5.57 5.57 99.998 39.27 1e-07 0.001 512
1.0 5.28 5.51 5.41 5.63 5.66 5.6 5.65 5.64 5.38 5.76 5.72 5.61 5.59 5.62 5.88 5.64 5.8 5.72 5.89 5.62 99.992 40.05 1e-05 0.001 256
1.0 5.07 5.2 5.33 5.39 5.42 5.83 5.53 5.49 5.52 5.66 5.69 5.76 5.66 5.77 5.7 5.71 5.67 5.61 5.65 5.87 99.994 40.27 1e-06 0.001 256
1.0 5.2 5.14 5.36 5.55 5.19 5.32 5.44 5.44 5.19 5.46 5.36 5.4 5.3 5.49 5.67 5.33 5.55 5.45 5.24 5.55 99.992 39.97 1e-07 0.001 256
1.0 3.19 3.1 3.19 3.15 3.06 3.14 3.07 3.14 3.1 3.12 3.05 3.1 3.15 3.12 3.03 3.18 3.07 3.06 3.05 3.09 100.0 74.71 1e-05 0.1 1024
1.0 3.14 3.19 3.35 3.37 3.43 3.35 3.39 3.32 3.29 3.26 3.21 3.22 3.18 3.22 3.21 3.11 3.19 3.34 3.38 3.37 100.0 73.37 1e-06 0.1 1024
1.0 3.23 3.23 3.45 3.59 3.7 3.55 3.46 3.41 3.55 3.5 3.47 3.43 3.41 3.41 3.44 3.52 3.43 3.5 3.47 3.53 100.0 71.03 1e-07 0.1 1024
1.0 3.02 3.15 3.27 3.04 3.08 3.13 3.06 3.21 3.19 3.28 3.26 3.09 3.21 3.2 3.16 3.18 3.16 3.19 3.15 3.14 99.998 75.99 1e-05 0.1 512
1.0 3.13 3.22 3.1 3.12 3.22 2.94 2.95 2.95 3.01 2.95 3.03 2.92 2.98 3.01 2.98 3.01 2.97 2.97 3.1 2.96 99.636 75.72 1e-06 0.1 512
1.0 2.98 3.28 3.09 3.24 2.9 3.18 3.26 3.2 3.12 3.23 3.07 3.04 3.11 3.07 3.16 3.07 3.04 3.09 3.11 3.11 99.98 75.2 1e-07 0.1 512
1.0 2.76 3.06 2.87 3.01 2.92 2.79 2.85 2.93 2.91 2.94 2.89 2.98 2.79 2.89 2.75 2.94 2.87 2.86 2.88 2.78 99.51 78.22 1e-05 0.1 256
1.0 2.93 2.93 2.85 3.02 3.0 2.98 3.06 3.03 3.07 3.01 3.1 3.07 3.01 3.0 3.0 2.98 3.01 3.03 2.95 3.0 99.992 77.34 1e-06 0.1 256
1.0 2.96 3.21 3.2 3.18 3.03 3.07 3.15 3.22 3.02 3.09 3.02 3.14 3.04 3.03 3.11 3.05 3.06 3.06 3.06 2.94 100.0 77.35 1e-07 0.1 256
1.0 3.54 3.62 3.55 3.57 3.63 3.56 3.62 3.61 3.51 3.49 3.5 3.48 3.46 3.44 3.45 3.52 3.47 3.44 3.45 3.44 100.0 61.23 1e-05 0.01 1024
1.0 3.44 3.51 3.53 3.38 3.61 3.51 3.52 3.51 3.47 3.49 3.47 3.49 3.46 3.49 3.52 3.46 3.51 3.45 3.43 3.42 100.0 65.21 1e-06 0.01 1024
1.0 3.23 3.38 3.43 3.45 3.54 3.42 3.3 3.32 3.42 3.34 3.33 3.32 3.31 3.28 3.25 3.23 3.22 3.21 3.18 3.2 100.0 63.74 1e-07 0.01 1024
1.0 3.09 3.11 3.15 3.24 3.25 3.19 3.18 3.11 3.21 3.21 3.21 3.17 3.2 3.19 3.18 3.23 3.2 3.16 3.18 3.19 100.0 69.14 1e-05 0.01 512
1.0 3.23 3.3 3.23 3.34 3.31 3.35 3.39 3.36 3.33 3.24 3.27 3.32 3.21 3.29 3.35 3.25 3.41 3.31 3.39 3.41 99.932 67.16 1e-06 0.01 512
1.0 3.13 3.21 3.09 3.1 3.03 3.19 3.18 3.13 3.14 3.07 3.09 3.11 3.09 3.14 3.17 3.12 3.13 3.17 3.3 3.18 100.0 68.48 1e-07 0.01 512
1.0 3.09 3.14 3.19 3.3 3.22 3.15 3.15 3.15 3.29 3.25 3.25 3.18 3.18 3.09 3.3 3.21 3.31 3.19 3.25 3.25 100.0 69.83 1e-05 0.01 256
1.0 3.09 3.1 3.23 3.26 3.1 3.29 3.23 3.17 3.13 3.06 3.1 3.18 3.12 3.16 3.23 3.12 3.17 3.14 3.06 3.1 99.986 68.44 1e-06 0.01 256
1.0 5.19 5.63 5.64 5.64 5.52 5.57 5.54 5.59 5.64 5.64 5.65 5.63 5.64 5.64 5.6 5.58 5.56 5.69 5.62 5.55 100.0 37.27 1e-05 0.001 1024
1.0 5.23 5.45 5.56 5.61 5.6 5.65 5.57 5.66 5.62 5.65 5.63 5.62 5.64 5.63 5.65 5.6 5.7 5.68 5.69 5.58 100.0 37.0 1e-06 0.001 1024
1.0 5.35 5.81 5.91 5.89 5.85 5.88 5.8 5.82 5.89 5.97 5.98 5.77 5.9 5.89 5.9 5.84 5.81 5.93 5.97 5.96 100.0 37.05 1e-07 0.001 1024
1.0 3.13 3.34 3.42 3.25 3.28 3.2 3.28 3.09 3.21 3.4 3.28 3.22 3.16 3.22 3.2 3.24 3.28 3.39 3.29 3.26 99.994 68.59 1e-07 0.01 256
1.0 5.15 5.31 5.42 5.41 5.41 5.39 5.46 5.44 5.38 5.41 5.49 5.34 5.37 5.39 5.4 5.35 5.43 5.4 5.44 5.39 99.998 37.2 1e-05 0.001 512
1.0 5.08 5.73 5.73 5.68 5.59 5.59 5.57 5.64 5.61 5.65 5.65 5.55 5.61 5.58 5.62 5.57 5.53 5.57 5.49 5.61 100.0 38.2 1e-07 0.001 512
1.0 5.13 5.48 5.43 5.43 5.54 5.44 5.53 5.68 5.6 5.64 5.58 5.56 5.57 5.6 5.62 5.51 5.6 5.62 5.56 5.54 100.0 38.1 1e-06 0.001 512
1.0 5.17 5.45 5.74 5.37 5.46 5.41 5.96 5.72 5.91 5.61 5.73 5.62 5.71 5.59 5.58 5.5 5.7 5.71 5.59 5.73 99.99 38.59 1e-05 0.001 256
1.0 5.16 5.27 5.68 5.38 5.48 5.57 5.72 5.63 5.44 5.49 5.52 5.74 5.75 5.49 5.79 5.44 5.79 5.55 5.54 5.65 99.99 38.19 1e-06 0.001 256
1.0 5.23 5.52 5.46 5.34 5.61 5.4 5.47 5.51 5.41 5.48 5.45 5.53 5.51 5.4 5.48 5.3 5.39 5.43 5.33 5.41 100.0 38.57 1e-07 0.001 256
1.0 3.19 3.1 3.19 3.15 3.06 3.14 3.07 3.14 3.1 3.12 3.05 3.1 3.15 3.12 3.03 3.18 3.07 3.06 3.05 3.09 100.0 74.71 1e-05 0.1 1024
1.0 3.14 3.19 3.35 3.37 3.43 3.35 3.39 3.32 3.29 3.26 3.21 3.22 3.18 3.22 3.21 3.11 3.19 3.34 3.38 3.37 100.0 73.37 1e-06 0.1 1024
1.0 3.23 3.23 3.45 3.59 3.7 3.55 3.46 3.41 3.55 3.5 3.47 3.43 3.41 3.41 3.44 3.52 3.43 3.5 3.47 3.53 100.0 71.03 1e-07 0.1 1024
1.0 3.02 3.15 3.27 3.04 3.08 3.13 3.06 3.21 3.19 3.28 3.26 3.09 3.21 3.2 3.16 3.18 3.16 3.19 3.15 3.14 99.998 75.99 1e-05 0.1 512
1.0 3.13 3.22 3.1 3.12 3.22 2.94 2.95 2.95 3.01 2.95 3.03 2.92 2.98 3.01 2.98 3.01 2.97 2.97 3.1 2.96 99.636 75.72 1e-06 0.1 512
1.0 2.98 3.28 3.09 3.24 2.9 3.18 3.26 3.2 3.12 3.23 3.07 3.04 3.11 3.07 3.16 3.07 3.04 3.09 3.11 3.11 99.98 75.2 1e-07 0.1 512
1.0 2.76 3.06 2.87 3.01 2.92 2.79 2.85 2.93 2.91 2.94 2.89 2.98 2.79 2.89 2.75 2.94 2.87 2.86 2.88 2.78 99.51 78.22 1e-05 0.1 256
1.0 2.93 2.93 2.85 3.02 3.0 2.98 3.06 3.03 3.07 3.01 3.1 3.07 3.01 3.0 3.0 2.98 3.01 3.03 2.95 3.0 99.992 77.34 1e-06 0.1 256
1.0 2.96 3.21 3.2 3.18 3.03 3.07 3.15 3.22 3.02 3.09 3.02 3.14 3.04 3.03 3.11 3.05 3.06 3.06 3.06 2.94 100.0 77.35 1e-07 0.1 256
1.0 3.54 3.62 3.55 3.57 3.63 3.56 3.62 3.61 3.51 3.49 3.5 3.48 3.46 3.44 3.45 3.52 3.47 3.44 3.45 3.44 100.0 61.23 1e-05 0.01 1024
1.0 3.44 3.51 3.53 3.38 3.61 3.51 3.52 3.51 3.47 3.49 3.47 3.49 3.46 3.49 3.52 3.46 3.51 3.45 3.43 3.42 100.0 65.21 1e-06 0.01 1024
1.0 3.23 3.38 3.43 3.45 3.54 3.42 3.3 3.32 3.42 3.34 3.33 3.32 3.31 3.28 3.25 3.23 3.22 3.21 3.18 3.2 100.0 63.74 1e-07 0.01 1024
1.0 3.09 3.11 3.15 3.24 3.25 3.19 3.18 3.11 3.21 3.21 3.21 3.17 3.2 3.19 3.18 3.23 3.2 3.16 3.18 3.19 100.0 69.14 1e-05 0.01 512
1.0 3.23 3.3 3.23 3.34 3.31 3.35 3.39 3.36 3.33 3.24 3.27 3.32 3.21 3.29 3.35 3.25 3.41 3.31 3.39 3.41 99.932 67.16 1e-06 0.01 512
1.0 3.13 3.21 3.09 3.1 3.03 3.19 3.18 3.13 3.14 3.07 3.09 3.11 3.09 3.14 3.17 3.12 3.13 3.17 3.3 3.18 100.0 68.48 1e-07 0.01 512
1.0 3.09 3.14 3.19 3.3 3.22 3.15 3.15 3.15 3.29 3.25 3.25 3.18 3.18 3.09 3.3 3.21 3.31 3.19 3.25 3.25 100.0 69.83 1e-05 0.01 256
1.0 3.09 3.1 3.23 3.26 3.1 3.29 3.23 3.17 3.13 3.06 3.1 3.18 3.12 3.16 3.23 3.12 3.17 3.14 3.06 3.1 99.986 68.44 1e-06 0.01 256
1.0 3.13 3.34 3.42 3.25 3.28 3.2 3.28 3.09 3.21 3.4 3.28 3.22 3.16 3.22 3.2 3.24 3.28 3.39 3.29 3.26 99.994 68.59 1e-07 0.01 256
1.0 5.19 5.63 5.64 5.64 5.52 5.57 5.54 5.59 5.64 5.64 5.65 5.63 5.64 5.64 5.6 5.58 5.56 5.69 5.62 5.55 100.0 37.27 1e-05 0.001 1024
1.0 5.23 5.45 5.56 5.61 5.6 5.65 5.57 5.66 5.62 5.65 5.63 5.62 5.64 5.63 5.65 5.6 5.7 5.68 5.69 5.58 100.0 37.0 1e-06 0.001 1024
1.0 5.35 5.81 5.91 5.89 5.85 5.88 5.8 5.82 5.89 5.97 5.98 5.77 5.9 5.89 5.9 5.84 5.81 5.93 5.97 5.96 100.0 37.05 1e-07 0.001 1024
1.0 5.15 5.31 5.42 5.41 5.41 5.39 5.46 5.44 5.38 5.41 5.49 5.34 5.37 5.39 5.4 5.35 5.43 5.4 5.44 5.39 99.998 37.2 1e-05 0.001 512
1.0 5.13 5.48 5.43 5.43 5.54 5.44 5.53 5.68 5.6 5.64 5.58 5.56 5.57 5.6 5.62 5.51 5.6 5.62 5.56 5.54 100.0 38.1 1e-06 0.001 512
1.0 5.08 5.73 5.73 5.68 5.59 5.59 5.57 5.64 5.61 5.65 5.65 5.55 5.61 5.58 5.62 5.57 5.53 5.57 5.49 5.61 100.0 38.2 1e-07 0.001 512
1.0 5.17 5.45 5.74 5.37 5.46 5.41 5.96 5.72 5.91 5.61 5.73 5.62 5.71 5.59 5.58 5.5 5.7 5.71 5.59 5.73 99.99 38.59 1e-05 0.001 256
1.0 5.16 5.27 5.68 5.38 5.48 5.57 5.72 5.63 5.44 5.49 5.52 5.74 5.75 5.49 5.79 5.44 5.79 5.55 5.54 5.65 99.99 38.19 1e-06 0.001 256
1.0 5.23 5.52 5.46 5.34 5.61 5.4 5.47 5.51 5.41 5.48 5.45 5.53 5.51 5.4 5.48 5.3 5.39 5.43 5.33 5.41 100.0 38.57 1e-07 0.001 256
