1.0 4.34 5.26 4.9 5.0 4.87 4.73 5.0 4.73 4.54 4.68 4.85 4.57 4.6 4.57 4.56 4.52 4.72 4.48 4.47 4.45 99.984 68.23 1e-05 0.1 1024
1.0 4.71 5.65 5.7 5.66 5.49 5.55 5.94 5.65 5.37 5.11 5.32 5.06 5.28 5.33 5.09 5.16 5.36 5.23 5.5 5.45 99.892 61.22 1e-06 0.1 1024
1.0 4.86 6.48 6.57 5.87 5.99 6.12 6.48 5.96 6.29 6.26 6.36 6.03 6.4 6.65 6.44 6.52 6.56 6.7 6.49 6.75 99.996 59.52 1e-07 0.1 1024
1.0 4.54 4.89 4.59 4.55 4.69 3.87 4.67 4.44 4.89 4.52 4.39 4.46 4.88 4.69 4.25 4.41 4.48 4.17 4.4 4.35 99.808 67.96 1e-05 0.1 512
1.0 4.75 4.72 4.71 4.34 4.71 4.23 4.56 4.52 4.5 4.71 3.91 4.3 4.27 4.38 4.1 4.22 4.43 4.11 4.12 3.88 99.99 68.9 1e-06 0.1 512
1.0 4.45 4.31 4.36 4.5 4.31 4.66 4.53 4.41 4.26 4.54 4.44 4.35 4.18 4.49 4.19 4.31 4.38 4.42 4.32 4.2 99.994 69.22 1e-07 0.1 512
1.0 5.07 5.15 5.08 5.09 4.9 5.08 5.08 5.17 4.73 5.2 5.22 5.22 5.17 5.13 5.1 4.8 4.74 4.96 4.85 4.91 99.882 62.05 1e-05 0.1 256
1.0 4.74 5.21 4.46 4.35 4.4 4.63 4.53 4.6 4.37 4.5 4.53 4.31 4.69 4.77 4.62 4.54 4.7 4.54 4.36 4.32 99.93 68.49 1e-06 0.1 256
1.0 3.75 3.64 3.62 3.77 3.68 3.61 3.47 3.36 3.75 3.83 3.6 3.65 3.59 3.58 3.56 3.61 3.72 3.56 3.34 3.69 99.984 74.39 1e-07 0.1 256
1.0 8.61 9.39 9.26 9.28 9.39 9.45 9.29 9.12 9.25 9.53 9.54 9.15 9.01 9.41 9.49 9.04 9.13 9.06 9.37 9.35 100.0 58.91 1e-05 0.01 1024
1.0 8.63 8.99 8.74 8.66 8.78 8.58 8.79 8.61 9.07 8.79 8.65 8.56 8.72 9.05 9.18 8.82 8.84 8.8 8.94 8.93 100.0 59.1 1e-06 0.01 1024
1.0 8.12 8.21 8.26 8.49 8.23 8.2 8.08 8.02 8.02 7.99 7.96 8.38 8.25 8.38 8.08 8.09 8.12 8.24 7.86 8.25 100.0 57.66 1e-07 0.01 1024
1.0 7.48 7.5 7.25 7.48 7.89 7.22 7.14 7.26 7.59 7.09 6.97 7.2 7.54 7.56 7.35 7.26 7.39 6.8 6.89 7.09 100.0 59.73 1e-05 0.01 512
1.0 8.48 8.59 8.3 7.96 8.25 8.27 7.92 7.66 7.89 7.96 7.79 7.67 8.1 7.98 8.03 7.79 7.94 8.19 8.03 7.59 99.998 60.95 1e-06 0.01 512
1.0 7.93 7.92 8.14 7.86 7.71 7.64 7.68 8.24 7.72 7.7 7.82 7.34 8.0 7.87 7.36 7.79 7.7 8.0 7.7 7.64 99.994 60.18 1e-07 0.01 512
1.0 7.9 7.5 7.72 7.96 7.39 7.46 7.42 7.3 7.52 7.47 7.65 7.44 7.33 7.52 7.43 7.69 7.84 7.27 7.37 6.95 99.972 62.05 1e-05 0.01 256
1.0 7.58 7.98 7.81 7.39 7.53 7.29 7.36 7.27 7.28 7.35 7.56 8.27 7.48 7.97 7.8 7.28 7.27 7.34 7.19 7.76 99.946 61.94 1e-06 0.01 256
1.0 7.43 7.36 7.45 7.43 6.85 7.51 7.4 7.85 7.25 7.12 7.14 7.72 7.25 7.3 7.17 7.5 7.09 7.02 7.4 7.08 99.97 61.32 1e-07 0.01 256
1.0 43.11 43.3 42.64 43.31 43.03 43.91 42.58 43.2 43.25 42.23 42.35 42.79 43.24 42.91 42.65 42.16 43.28 40.83 42.1 42.52 99.752 30.14 1e-05 0.001 1024
1.0 41.18 42.26 42.73 42.81 42.14 42.83 42.36 42.87 42.07 42.02 41.52 42.54 42.34 41.23 41.84 41.02 41.21 42.36 41.88 42.42 99.764 30.45 1e-06 0.001 1024
1.0 42.96 43.35 42.46 43.39 42.71 43.6 41.97 42.46 42.0 42.37 42.29 42.39 42.41 42.46 41.87 42.43 42.16 41.91 42.59 42.53 99.762 29.78 1e-07 0.001 1024
1.0 39.76 40.78 40.19 40.78 40.89 39.76 39.69 39.46 39.3 39.86 38.58 38.97 38.64 39.61 38.81 39.28 38.77 38.62 39.42 37.58 99.598 31.23 1e-05 0.001 512
1.0 37.93 40.12 40.35 39.93 40.99 40.34 40.03 40.11 39.26 40.26 40.1 39.59 39.57 39.55 39.01 39.03 39.43 39.36 39.28 38.72 99.596 31.14 1e-06 0.001 512
1.0 39.51 41.36 41.86 40.78 40.39 40.53 39.73 40.04 39.58 38.84 39.48 39.47 39.95 38.86 38.62 39.73 39.05 38.83 39.13 39.38 99.602 31.85 1e-07 0.001 512
1.0 35.11 38.23 38.03 37.64 38.15 37.52 36.6 36.48 37.18 35.93 36.24 35.89 37.18 36.76 36.54 36.5 36.47 36.03 37.68 36.36 98.464 33.04 1e-05 0.001 256
1.0 36.21 37.64 38.2 37.22 38.52 36.72 36.81 36.88 36.82 36.51 37.28 36.63 35.73 36.5 35.45 36.82 35.9 36.52 35.92 36.01 98.414 33.05 1e-06 0.001 256
1.0 35.26 38.49 38.57 37.99 37.85 37.61 36.93 36.01 36.98 36.05 36.09 36.82 36.36 35.71 35.91 36.45 35.78 37.07 36.94 35.57 98.444 32.59 1e-07 0.001 256
1.0 4.6 5.95 6.13 5.93 6.3 5.93 5.86 6.02 6.11 5.92 5.96 5.69 6.26 6.07 5.74 5.64 6.44 5.62 5.94 6.14 99.752 60.18 1e-05 0.1 1024
1.0 4.99 6.7 5.8 6.17 6.23 6.25 5.74 5.87 5.96 5.87 6.08 6.11 6.04 6.42 6.08 6.03 6.19 6.31 6.3 5.85 99.978 62.88 1e-06 0.1 1024
1.0 4.05 5.62 5.23 5.61 5.19 5.48 5.43 5.62 5.67 5.69 5.46 5.58 5.64 5.61 5.58 5.53 5.47 5.51 5.6 5.55 100.0 61.72 1e-07 0.1 1024
1.0 4.61 5.24 4.97 4.99 5.28 4.97 4.53 4.7 4.59 4.98 4.57 4.72 4.6 4.39 4.95 5.0 4.8 4.5 4.52 4.45 99.68 67.07 1e-05 0.1 512
1.0 4.17 4.67 4.32 4.1 4.25 4.23 4.24 4.24 4.2 4.44 4.29 4.09 4.35 4.2 4.31 4.0 4.14 4.24 4.39 4.26 100.0 70.83 1e-06 0.1 512
1.0 5.19 5.25 5.18 5.03 4.95 4.9 4.72 4.64 4.76 4.69 4.54 4.66 4.86 4.78 5.04 4.98 4.74 5.15 4.55 4.56 99.92 67.09 1e-07 0.1 512
1.0 3.98 4.21 4.24 4.1 4.3 4.13 4.17 4.22 4.05 3.9 3.97 4.07 4.01 3.88 4.12 3.96 4.13 4.13 4.35 3.96 99.804 70.7 1e-05 0.1 256
1.0 4.35 4.9 4.64 4.76 4.63 4.39 4.34 4.36 4.52 4.27 4.51 4.5 4.26 4.53 4.56 4.33 4.24 4.37 4.42 4.53 99.84 67.79 1e-06 0.1 256
1.0 4.77 4.85 4.56 4.76 4.83 4.38 4.53 4.56 4.7 4.56 4.45 4.46 4.28 4.66 4.4 4.48 4.41 4.53 4.63 4.32 99.968 68.8 1e-07 0.1 256
1.0 10.03 9.94 9.66 9.97 9.75 9.69 9.56 9.22 9.57 9.94 9.8 9.58 9.56 9.34 9.85 9.35 9.56 9.8 9.88 9.6 100.0 57.71 1e-05 0.01 1024
1.0 9.92 9.81 9.11 9.84 9.87 9.67 9.4 9.5 9.64 9.66 9.6 9.76 9.73 9.86 9.74 9.67 9.51 9.94 9.81 9.87 100.0 58.34 1e-06 0.01 1024
1.0 10.44 10.09 10.04 9.67 10.47 10.22 10.56 10.71 10.26 10.63 10.48 10.44 10.73 10.51 10.09 10.64 11.05 10.49 10.57 10.81 100.0 57.67 1e-07 0.01 1024
1.0 8.36 9.14 8.59 8.38 7.46 8.38 8.86 8.56 8.32 8.29 8.45 8.35 8.5 8.58 8.64 8.12 8.19 8.26 8.52 8.3 99.99 59.94 1e-05 0.01 512
1.0 9.24 8.75 8.88 8.39 8.83 8.62 8.69 8.54 8.64 8.49 8.59 8.37 8.1 8.23 8.46 8.5 8.11 8.11 8.5 8.37 99.944 60.62 1e-06 0.01 512
1.0 9.01 8.09 8.06 7.7 7.79 7.89 7.39 7.41 8.14 8.12 8.03 7.7 8.2 8.39 7.97 7.86 8.11 7.79 7.71 8.18 99.994 61.16 1e-07 0.01 512
1.0 8.35 8.41 7.87 7.75 7.58 7.37 7.65 7.8 8.11 7.74 7.49 7.56 7.76 7.71 7.66 7.3 7.4 7.49 7.4 7.8 99.96 61.92 1e-05 0.01 256
1.0 8.03 8.33 7.61 7.9 7.87 7.5 7.74 7.41 7.72 7.45 7.45 7.54 7.63 7.68 7.85 7.35 7.52 7.3 7.64 8.24 99.968 61.69 1e-06 0.01 256
1.0 7.66 8.11 7.55 7.16 7.45 7.26 7.07 7.4 7.57 6.82 7.42 7.24 7.22 7.49 7.22 7.15 7.08 7.5 7.26 7.11 99.96 62.45 1e-07 0.01 256
1.0 41.7 40.84 42.36 41.82 42.91 42.65 41.86 41.99 41.69 41.41 40.02 41.27 41.84 41.64 41.9 41.83 42.0 41.24 41.71 41.27 99.852 31.23 1e-05 0.001 1024
1.0 42.58 43.47 43.22 42.97 42.73 42.83 43.23 42.51 42.11 42.81 42.53 42.92 42.55 43.12 43.06 42.72 42.78 41.78 43.54 43.05 99.836 30.64 1e-06 0.001 1024
1.0 44.16 44.48 44.39 44.8 44.06 43.97 44.52 43.74 43.36 43.51 43.24 43.86 43.22 43.73 43.07 44.16 43.77 43.44 43.3 43.13 99.808 30.51 1e-07 0.001 1024
1.0 37.95 39.99 39.72 40.39 39.96 39.95 39.96 39.05 39.24 39.77 39.51 39.04 38.89 39.22 39.54 39.37 38.62 38.96 39.64 38.07 99.604 33.05 1e-05 0.001 512
1.0 39.24 40.81 40.59 40.35 41.22 40.61 39.71 40.04 39.98 39.71 39.45 39.65 40.25 39.56 40.34 39.5 39.31 38.84 38.88 39.06 99.602 32.85 1e-06 0.001 512
1.0 39.74 42.91 41.68 41.51 41.05 41.46 41.04 41.22 40.85 40.36 40.85 40.62 40.11 40.75 40.03 39.87 39.9 39.52 40.1 39.5 99.576 32.84 1e-07 0.001 512
1.0 32.45 36.71 36.57 35.49 34.92 35.26 35.4 34.62 35.82 35.76 34.28 34.87 34.74 34.54 35.14 34.09 35.16 34.68 34.47 35.24 98.644 35.52 1e-05 0.001 256
1.0 32.41 35.78 37.59 37.35 36.4 37.0 36.51 37.0 36.31 36.01 36.31 36.09 36.1 34.82 35.83 35.16 35.84 35.54 35.73 35.29 98.612 35.55 1e-06 0.001 256
1.0 34.21 36.34 36.52 36.77 37.19 36.8 36.72 36.77 35.89 37.23 36.22 35.57 34.92 35.36 35.89 35.63 35.23 35.69 36.11 36.3 98.536 34.7 1e-07 0.001 256
1.0 5.01 5.46 5.57 5.15 5.37 5.41 5.07 5.07 4.96 5.34 5.1 5.19 4.86 5.09 5.09 5.12 5.04 4.85 4.86 5.23 99.926 65.4 1e-05 0.1 1024
1.0 3.55 4.14 4.17 3.92 4.21 4.32 3.89 4.01 4.05 3.99 4.07 4.06 3.94 3.93 3.97 3.94 3.93 4.08 3.71 3.85 99.998 72.23 1e-06 0.1 512
1.0 6.12 6.64 6.69 5.99 6.35 6.21 6.22 6.48 6.59 6.41 5.99 6.41 6.27 6.2 6.75 6.19 6.12 6.28 6.39 6.45 99.968 58.49 1e-06 0.1 1024
1.0 4.89 5.13 5.27 4.79 5.3 5.48 5.39 5.06 5.15 5.08 5.05 4.95 5.02 5.08 5.06 5.12 4.77 4.93 5.05 5.14 99.99 63.59 1e-07 0.1 512
1.0 5.66 6.18 5.94 5.82 5.6 5.77 5.9 5.77 5.73 5.72 5.67 5.89 5.84 5.91 5.82 5.42 5.62 5.57 5.66 5.69 100.0 60.16 1e-07 0.1 1024
1.0 4.0 3.94 4.13 3.77 3.87 3.95 4.02 3.95 4.22 3.91 4.23 4.19 3.88 3.98 3.96 4.03 4.13 3.67 4.32 3.89 99.976 71.99 1e-06 0.1 256
1.0 4.51 4.45 4.39 4.27 4.34 4.83 4.71 4.99 4.48 4.77 4.35 4.62 4.6 4.24 4.59 4.37 4.22 4.61 4.03 4.15 99.906 68.43 1e-05 0.1 256
1.0 4.41 4.65 4.52 4.91 4.3 4.1 4.35 4.18 4.52 4.43 4.3 4.41 4.31 4.3 4.39 4.55 4.45 4.35 4.17 4.4 99.99 69.37 1e-07 0.1 256
1.0 4.15 4.52 4.86 4.84 4.08 4.48 4.41 4.42 4.38 4.48 4.18 4.53 4.38 4.27 4.54 4.54 4.29 4.4 4.44 4.47 99.914 69.31 1e-05 0.1 512
1.0 8.87 8.93 8.71 9.11 8.69 9.02 8.88 8.94 8.72 8.91 9.01 8.95 8.73 8.71 8.64 8.54 8.65 8.78 8.57 8.79 100.0 57.9 1e-05 0.01 1024
1.0 9.09 8.96 8.85 9.01 9.1 9.37 9.03 8.51 8.91 8.96 8.71 9.27 9.23 9.23 9.11 8.98 9.29 9.02 8.93 9.07 100.0 59.46 1e-06 0.01 1024
1.0 9.24 9.29 9.15 9.45 9.59 9.44 9.39 9.15 9.19 9.08 9.41 9.25 9.23 9.11 9.11 9.37 9.09 9.27 9.4 9.26 100.0 57.65 1e-07 0.01 1024
1.0 7.67 8.28 8.3 8.48 7.96 7.62 7.94 7.72 7.91 8.12 8.25 7.75 8.08 7.91 8.13 7.63 7.73 7.83 7.76 7.8 100.0 61.81 1e-05 0.01 512
1.0 8.11 7.53 8.1 7.9 8.08 7.81 7.82 7.81 7.75 7.95 7.85 7.89 7.78 7.63 7.89 7.93 7.78 7.9 8.19 7.62 99.998 60.9 1e-06 0.01 512
1.0 7.95 7.86 7.86 7.35 7.45 7.14 7.2 7.67 6.86 7.5 7.33 7.25 7.44 7.51 7.23 7.03 7.27 7.12 7.24 7.1 100.0 62.0 1e-07 0.01 512
1.0 7.46 6.92 6.6 6.81 6.51 6.76 6.76 6.75 6.77 6.75 7.13 7.2 6.89 6.69 6.71 7.23 7.04 6.94 7.13 6.7 99.986 63.04 1e-05 0.01 256
1.0 7.73 6.86 7.43 6.99 7.15 7.2 6.83 7.38 7.35 6.85 6.81 6.75 6.59 7.14 6.36 6.72 6.99 6.71 6.98 6.55 100.0 63.37 1e-06 0.01 256
1.0 7.8 7.78 8.46 7.92 7.58 7.38 7.72 7.77 7.88 7.68 7.75 7.8 7.73 7.95 7.76 8.42 7.87 7.37 8.03 7.93 99.972 62.44 1e-07 0.01 256
1.0 43.9 43.03 43.34 42.91 43.49 42.47 42.77 42.73 41.55 41.95 43.16 42.32 42.55 42.31 42.16 42.13 43.01 42.54 42.27 42.61 99.862 29.41 1e-05 0.001 1024
1.0 41.84 42.68 42.85 42.87 42.86 41.65 42.29 41.73 42.36 42.41 43.46 43.76 42.36 42.51 42.4 41.79 41.52 41.1 41.98 41.99 99.912 30.05 1e-06 0.001 1024
1.0 42.77 42.19 42.87 42.5 42.82 41.84 42.06 42.18 41.59 42.57 41.54 41.18 41.23 41.29 41.33 42.43 42.77 41.66 42.96 42.2 99.868 30.37 1e-07 0.001 1024
1.0 40.38 41.38 40.92 41.02 40.98 40.96 38.59 40.41 40.03 39.65 39.84 39.76 40.53 39.43 39.88 39.32 40.22 39.73 40.05 39.48 99.488 31.12 1e-05 0.001 512
1.0 39.62 40.17 40.48 39.88 40.05 39.31 40.08 40.07 39.23 39.17 39.8 38.93 39.04 39.12 39.91 39.11 39.66 38.25 38.33 38.73 99.476 31.65 1e-06 0.001 512
1.0 40.45 41.66 40.91 41.26 42.27 40.78 41.32 40.79 39.94 40.04 40.45 39.99 39.3 39.69 40.52 40.76 40.47 40.09 40.53 40.3 99.46 31.74 1e-07 0.001 512
1.0 35.78 37.71 36.61 37.44 36.86 36.3 36.8 36.39 36.63 37.13 36.41 36.5 37.69 36.59 36.38 36.73 36.04 35.94 37.03 36.63 99.048 33.5 1e-05 0.001 256
1.0 35.25 37.34 37.57 37.95 37.81 36.42 37.38 37.79 36.31 37.21 36.83 36.62 35.52 36.34 35.53 35.1 36.76 36.3 37.21 34.81 99.116 33.73 1e-06 0.001 256
1.0 33.95 36.92 37.04 35.86 36.58 36.73 35.74 36.16 35.61 34.88 34.48 35.29 34.89 34.93 34.42 34.52 35.11 35.24 34.77 35.01 99.074 33.07 1e-07 0.001 256
