1.0 3.26 3.72 3.95 3.86 3.92 4.01 4.09 3.88 3.73 3.79 3.87 3.79 3.91 3.76 3.84 4.01 3.91 4.0 4.03 4.03 100.0 74.43 1e-05 0.1 1024
1.0 3.28 3.39 3.98 3.65 3.74 3.98 3.49 3.99 4.0 4.12 4.02 4.01 3.87 3.97 4.09 3.82 3.91 3.97 3.99 3.92 100.0 72.75 1e-06 0.1 1024
1.0 3.25 3.45 3.87 3.98 3.85 3.93 3.94 3.99 3.88 3.84 3.94 3.88 3.84 3.82 3.93 3.87 3.78 3.71 3.65 3.66 100.0 74.83 1e-07 0.1 1024
1.0 3.26 3.4 3.5 3.57 3.61 3.32 3.55 3.89 3.6 3.72 3.56 3.52 3.38 3.6 3.5 3.41 3.6 3.56 3.5 3.46 100.0 77.17 1e-05 0.1 512
1.0 3.42 3.49 3.73 3.78 3.63 3.6 3.64 3.73 3.67 3.67 3.9 3.76 3.73 3.92 3.71 3.78 3.83 3.77 3.75 3.8 100.0 77.44 1e-06 0.1 512
1.0 3.38 3.83 3.89 4.01 4.01 4.14 4.02 4.07 4.27 4.08 4.11 4.14 4.19 4.21 4.06 4.03 3.94 3.99 4.06 4.09 100.0 76.1 1e-07 0.1 512
1.0 3.06 3.65 3.34 3.43 3.26 3.33 3.38 3.42 3.26 3.26 3.26 3.53 3.43 3.52 3.22 3.37 3.43 3.33 3.37 3.44 99.996 79.54 1e-06 0.1 256
1.0 4.26 5.17 5.2 5.33 5.23 5.32 5.34 5.24 5.33 5.27 5.24 5.47 5.55 5.58 5.56 5.43 5.67 5.45 5.46 5.37 100.0 72.8 1e-05 0.01 1024
1.0 3.9 5.0 5.13 5.13 5.38 5.34 5.38 5.52 5.03 5.02 4.94 4.84 5.0 5.03 5.0 5.15 5.15 5.07 5.15 5.1 100.0 73.72 1e-06 0.01 1024
1.0 3.9 4.63 4.74 4.81 4.9 4.96 5.01 4.71 4.92 4.89 4.88 4.86 4.91 4.94 4.91 4.88 4.85 4.83 4.86 4.8 100.0 74.08 1e-07 0.01 1024
1.0 4.23 4.0 3.87 3.99 3.96 4.09 3.94 4.14 3.97 3.94 4.24 4.08 4.08 4.08 3.96 4.09 4.13 4.13 3.96 4.19 100.0 77.56 1e-06 0.01 512
1.0 3.23 3.34 3.48 3.13 3.27 3.11 3.38 3.24 3.3 3.34 3.09 3.26 3.3 3.31 3.1 3.07 3.15 3.06 3.21 3.25 99.998 81.02 1e-05 0.1 256
1.0 3.95 3.99 3.88 3.77 3.97 4.11 3.82 4.02 4.0 4.0 4.07 4.0 4.05 4.18 4.09 4.03 4.09 4.13 4.1 4.08 100.0 76.39 1e-07 0.01 512
1.0 3.65 3.92 3.73 3.84 3.8 4.06 3.93 3.91 3.98 3.93 3.93 4.05 4.08 4.19 4.01 4.11 4.1 4.1 3.93 3.91 100.0 76.62 1e-05 0.01 512
1.0 3.36 3.51 3.52 3.39 3.39 3.56 3.37 3.4 3.6 3.52 3.45 3.51 3.35 3.37 3.42 3.37 3.44 3.29 3.5 3.5 99.992 77.52 1e-07 0.1 256
1.0 16.38 20.63 20.24 20.46 20.28 20.93 20.89 20.64 20.41 20.75 20.72 21.03 20.52 20.51 20.85 21.34 20.57 20.8 20.68 20.34 99.994 49.62 1e-05 0.001 1024
1.0 15.44 19.6 19.57 18.71 18.81 19.32 19.43 19.52 19.57 19.14 19.22 19.59 19.42 19.24 18.58 20.06 19.15 19.12 19.64 19.69 99.996 48.91 1e-06 0.001 1024
1.0 14.71 18.99 19.58 19.85 19.37 19.79 19.81 20.23 19.36 19.59 20.18 19.93 19.66 19.88 20.04 19.86 19.94 19.24 19.33 19.75 99.99 49.36 1e-07 0.001 1024
1.0 3.71 3.79 3.83 3.89 3.77 3.96 3.74 3.96 3.61 3.6 3.85 3.91 3.64 3.76 3.91 3.83 3.76 3.74 4.03 4.08 100.0 77.91 1e-05 0.01 256
1.0 3.69 3.85 3.69 4.0 3.76 3.87 3.92 4.07 4.0 4.08 3.9 4.26 3.87 3.81 3.76 4.02 3.98 4.05 3.85 3.82 100.0 78.73 1e-06 0.01 256
1.0 15.04 17.13 17.29 17.29 16.89 17.72 18.05 17.32 17.08 17.71 17.32 17.47 17.71 17.18 17.24 16.99 17.1 17.35 16.98 17.62 99.944 51.87 1e-07 0.001 512
1.0 3.9 4.17 3.9 3.78 3.76 3.7 3.83 4.23 3.92 4.03 3.88 3.88 4.04 4.05 3.9 3.9 3.83 4.02 3.86 3.98 99.998 78.58 1e-07 0.01 256
1.01 3.21 3.48 3.79 4.02 3.87 3.69 3.89 4.1 3.9 3.97 3.84 3.75 3.67 3.77 3.82 3.87 3.84 3.86 3.92 4.05 100.0 78.5 1e-05 0.1 1024
1.01 3.38 3.49 3.88 4.09 4.09 4.22 4.4 3.91 4.09 4.2 4.23 4.13 4.31 4.23 4.2 4.19 4.1 4.2 4.13 4.07 100.0 75.76 1e-06 0.1 1024
1.01 3.32 3.47 3.64 3.73 3.8 3.59 3.71 3.89 3.81 3.85 3.87 3.86 3.93 3.97 3.84 3.78 3.94 3.91 3.8 3.94 100.0 76.0 1e-07 0.1 1024
1.0 14.87 17.59 17.89 18.48 18.7 18.75 18.03 18.59 18.26 18.22 19.24 18.46 19.14 18.81 18.54 19.02 19.07 18.66 18.2 18.63 99.918 51.27 1e-05 0.001 512
1.0 15.55 17.72 18.6 18.92 18.62 18.59 18.53 19.07 18.63 18.75 18.28 19.01 18.96 18.2 18.13 18.16 18.24 18.94 18.94 18.74 99.928 49.77 1e-06 0.001 512
1.0 13.72 16.72 17.66 17.89 17.41 17.09 17.38 16.77 17.39 17.31 17.07 17.34 16.66 16.69 17.1 17.55 16.6 17.17 16.91 17.29 99.796 53.55 1e-05 0.001 256
1.01 4.17 4.59 4.77 4.86 4.6 4.45 4.49 4.64 4.75 4.76 4.69 4.74 4.65 4.83 4.84 4.86 4.76 4.91 4.84 4.63 100.0 73.68 1e-05 0.01 1024
1.01 4.23 4.75 4.77 4.83 4.81 4.79 4.92 4.9 4.94 4.79 4.87 4.87 4.9 4.86 4.86 4.68 4.77 4.87 4.91 4.69 100.0 74.23 1e-06 0.01 1024
1.01 3.99 4.34 4.54 4.48 4.59 4.66 4.68 4.73 4.61 4.91 4.75 4.79 4.89 4.76 4.8 4.64 4.86 4.78 4.81 4.85 100.0 74.22 1e-07 0.01 1024
1.0 14.87 16.04 17.08 16.32 17.36 17.04 17.57 17.06 17.63 16.65 17.01 16.65 17.14 17.86 16.82 16.61 17.2 17.25 16.45 16.55 99.738 53.01 1e-06 0.001 256
1.0 14.36 17.42 18.35 18.25 18.29 18.39 18.37 18.45 17.86 16.95 17.38 17.87 17.28 17.8 17.29 17.31 18.25 17.24 17.88 17.18 99.746 50.64 1e-07 0.001 256
1.01 3.1 3.57 3.64 3.86 3.79 3.66 3.81 4.01 3.54 3.65 3.78 3.65 3.65 3.56 3.72 3.51 3.47 3.55 3.75 3.66 100.0 78.37 1e-06 0.1 512
1.01 3.07 3.55 3.57 3.6 3.41 3.67 3.79 3.57 3.55 3.59 3.64 3.34 3.43 3.48 3.55 3.53 3.52 3.53 3.63 3.54 100.0 80.06 1e-05 0.1 512
1.01 3.38 3.59 3.88 3.71 3.81 3.85 3.51 3.63 3.57 3.56 3.64 3.64 3.65 3.46 3.6 3.61 3.64 3.64 3.71 3.63 99.988 77.7 1e-06 0.1 256
1.01 2.96 3.62 3.63 3.88 3.69 3.69 3.75 3.56 3.65 3.72 3.79 3.79 3.93 3.88 3.86 3.96 3.92 3.87 3.66 3.8 100.0 76.14 1e-07 0.1 512
1.01 16.85 20.07 19.72 19.95 19.35 19.56 19.7 20.01 20.21 19.71 19.85 20.25 19.76 20.24 20.08 19.65 19.89 19.63 19.85 19.79 99.996 49.07 1e-07 0.001 1024
1.01 3.27 3.58 3.73 3.41 3.46 3.56 3.42 3.37 3.61 3.58 3.67 3.71 3.65 3.65 3.49 3.57 3.68 3.67 3.64 3.54 99.92 79.88 1e-05 0.1 256
1.01 15.05 18.59 18.45 19.24 19.0 19.55 19.53 19.3 19.07 19.42 19.61 19.57 19.37 19.16 19.22 19.62 19.69 19.78 19.09 19.03 99.998 49.43 1e-05 0.001 1024
1.01 15.26 18.92 19.49 20.21 19.78 19.87 19.89 20.4 19.58 19.85 19.71 19.74 19.83 20.04 19.33 20.06 19.89 20.13 20.07 20.25 99.998 49.77 1e-06 0.001 1024
1.01 4.18 4.44 4.65 4.22 4.69 4.58 4.44 4.42 4.78 4.59 4.56 4.53 4.8 4.62 4.51 4.58 4.62 4.59 4.73 4.72 100.0 77.1 1e-06 0.01 512
1.01 4.26 4.17 4.1 4.34 4.32 4.65 4.34 4.35 4.3 4.56 4.32 4.44 4.37 4.29 4.31 4.26 4.46 4.3 4.35 4.24 100.0 75.48 1e-05 0.01 512
1.01 3.27 3.39 3.36 3.45 3.5 3.49 3.26 3.45 3.3 3.4 3.22 3.37 3.42 3.47 3.34 3.17 3.24 3.23 3.21 3.22 100.0 80.22 1e-07 0.1 256
1.01 4.53 5.05 5.06 4.95 4.99 4.93 4.42 4.54 4.67 4.66 4.72 4.67 4.57 4.71 4.96 4.75 4.85 4.97 4.74 4.88 100.0 75.66 1e-07 0.01 512
1.01 4.17 3.91 3.97 3.84 3.89 3.93 4.06 4.11 4.18 4.05 4.07 4.22 4.13 3.86 4.15 4.06 4.03 3.99 4.25 4.16 100.0 78.03 1e-07 0.01 256
1.01 4.04 3.9 3.99 3.76 4.08 3.83 4.01 3.91 3.94 4.06 4.04 4.1 3.98 4.03 3.99 3.98 3.91 3.83 4.0 3.81 99.994 78.26 1e-06 0.01 256
1.01 13.83 15.3 17.32 17.43 17.9 16.63 17.0 17.73 16.26 17.42 16.4 16.87 17.37 16.93 16.54 16.57 16.86 16.42 16.06 16.69 99.694 52.7 1e-05 0.001 256
1.01 4.0 4.1 4.18 4.65 4.53 4.29 4.22 4.08 3.88 4.25 4.05 4.05 4.06 4.23 4.04 4.37 3.95 3.95 4.04 4.15 100.0 77.53 1e-05 0.01 256
1.01 15.14 18.22 18.85 19.3 19.11 19.43 19.53 19.66 19.48 19.38 19.66 19.15 19.55 18.92 19.81 19.08 18.8 18.52 18.72 18.82 99.968 51.84 1e-06 0.001 512
1.01 14.94 19.07 19.06 19.87 18.76 18.24 18.37 18.15 18.47 18.89 18.96 18.35 18.97 19.26 19.24 18.42 19.05 17.78 18.99 18.28 99.966 51.86 1e-07 0.001 512
1.01 15.08 19.21 18.89 19.19 18.51 18.75 19.27 18.7 18.6 19.22 18.75 19.88 19.49 19.64 18.55 19.39 18.47 19.12 18.59 18.94 99.978 52.14 1e-05 0.001 512
1.57 3.31 3.51 3.87 3.78 3.71 3.8 3.75 3.93 3.83 3.82 3.77 3.8 3.85 3.7 3.81 3.87 3.75 3.82 3.73 3.78 100.0 76.43 1e-06 0.1 1024
1.57 3.21 3.23 3.32 3.57 3.56 3.65 3.56 3.57 3.66 3.64 3.64 3.62 3.64 3.57 3.73 3.72 3.93 4.03 3.88 4.13 100.0 76.62 1e-07 0.1 1024
1.57 3.07 3.58 3.59 3.65 3.66 3.57 3.65 3.7 3.6 3.55 3.62 3.49 3.75 3.69 3.49 3.48 3.72 3.61 3.58 3.62 99.996 79.38 1e-07 0.1 512
1.57 3.25 3.32 3.28 3.56 3.72 3.61 3.5 3.58 3.67 3.47 3.34 3.41 3.45 3.41 3.28 3.42 3.21 3.43 3.4 3.49 99.99 80.83 1e-06 0.1 512
1.57 2.93 3.12 3.55 3.37 3.38 3.29 3.34 3.18 3.21 3.26 3.3 3.22 3.16 3.37 3.17 3.14 3.13 3.14 3.28 3.36 99.722 79.0 1e-05 0.1 512
1.57 3.36 3.26 3.26 3.24 3.14 3.37 2.97 3.17 3.01 3.31 3.2 3.22 3.27 3.16 3.23 3.15 3.2 3.04 3.12 3.11 97.166 72.66 1e-05 0.1 256
1.57 3.78 4.76 4.66 4.7 4.7 4.45 4.61 4.61 4.69 4.88 4.86 4.65 4.83 4.88 4.85 4.75 4.79 4.74 4.97 4.71 100.0 72.58 1e-06 0.01 1024
1.57 3.93 4.53 4.46 4.5 4.49 4.5 4.53 4.42 4.38 4.59 4.49 4.64 4.46 4.38 4.64 4.61 4.6 4.65 4.7 4.77 100.0 74.08 1e-07 0.01 1024
1.57 4.11 4.72 4.67 4.61 4.56 4.7 4.76 4.91 4.65 4.81 4.72 4.62 4.64 4.84 4.63 4.65 4.87 4.86 4.85 4.59 100.0 72.33 1e-05 0.01 1024
1.57 4.3 4.15 4.24 4.2 4.28 4.31 4.15 4.14 4.38 4.19 4.35 4.21 4.13 4.26 4.47 4.25 4.32 4.3 4.3 4.32 100.0 77.28 1e-06 0.01 512
1.57 3.89 3.82 3.94 4.12 4.19 4.18 4.24 3.94 4.24 4.12 4.18 4.25 4.26 4.22 4.07 4.16 4.17 4.09 4.1 4.16 100.0 76.26 1e-05 0.01 512
1.57 3.15 3.27 3.13 3.21 3.09 3.13 3.17 3.19 3.08 3.0 3.09 2.96 3.03 3.11 3.05 3.03 3.16 3.06 3.08 3.19 99.782 82.31 1e-06 0.1 256
1.57 4.43 4.25 4.41 4.41 4.33 4.33 4.21 4.34 4.26 4.37 4.34 4.25 4.35 4.38 4.42 4.35 4.54 4.32 4.46 4.3 100.0 77.51 1e-07 0.01 512
1.57 3.05 3.29 3.11 3.12 3.11 3.0 2.94 3.0 3.07 3.28 3.08 3.13 3.15 3.01 3.0 3.19 3.2 3.15 3.01 3.07 99.996 82.68 1e-07 0.1 256
1.57 16.03 18.97 20.29 19.43 19.83 19.68 19.46 19.22 19.71 19.9 19.79 20.11 19.69 19.64 19.56 19.64 19.83 19.82 19.0 19.45 99.942 48.11 1e-06 0.001 1024
1.57 16.65 19.19 19.98 19.82 19.34 19.65 19.36 19.81 19.68 19.7 19.77 20.05 19.86 20.13 19.83 19.46 19.76 19.59 19.83 19.5 99.936 48.98 1e-05 0.001 1024
1.57 15.8 18.57 18.25 18.34 18.22 20.31 19.16 18.77 18.8 18.28 19.06 17.96 18.43 18.37 17.93 18.46 17.94 18.13 18.53 18.77 99.972 51.66 1e-06 0.001 512
1.57 14.99 19.35 19.33 19.31 19.06 18.78 18.96 18.48 19.3 19.23 18.44 19.57 18.69 19.48 19.47 18.71 18.21 18.33 18.38 18.44 99.96 51.08 1e-05 0.001 512
1.57 14.69 18.58 19.49 19.6 19.87 19.82 19.9 19.75 19.5 19.27 20.52 19.97 20.1 19.95 19.74 19.92 20.2 20.29 20.43 19.94 99.948 49.5 1e-07 0.001 1024
1.57 3.79 3.48 3.73 3.8 3.48 3.69 3.61 3.55 3.69 3.57 3.59 3.7 3.64 3.8 3.82 3.75 3.77 3.68 3.88 3.72 100.0 78.93 1e-05 0.01 256
1.57 3.7 3.76 3.78 3.65 3.66 3.37 3.46 3.59 3.32 3.61 3.7 3.54 3.6 3.77 3.69 3.73 3.61 3.76 3.6 3.71 100.0 78.71 1e-06 0.01 256
1.57 3.89 3.94 3.76 3.68 3.64 3.89 3.78 3.75 3.78 3.73 3.68 3.77 3.98 3.87 3.77 3.72 3.75 3.89 3.93 3.77 100.0 78.46 1e-07 0.01 256
1.57 13.94 17.03 17.01 17.72 17.11 17.44 16.43 17.34 17.2 16.81 16.81 16.85 16.74 17.26 16.63 15.82 16.46 16.9 16.48 16.52 99.87 54.55 1e-07 0.001 256
1.57 13.46 16.9 15.92 17.81 16.7 17.29 16.66 17.46 17.45 16.49 16.81 16.82 17.87 16.56 17.85 17.87 16.58 17.15 16.83 16.93 99.886 54.05 1e-06 0.001 256
1.57 15.02 18.26 19.27 19.87 18.49 19.45 19.33 19.29 18.78 19.04 18.6 18.74 18.58 19.13 18.85 18.64 19.14 19.1 19.64 19.11 99.966 51.61 1e-07 0.001 512
1.57 14.87 17.14 16.05 17.21 17.68 17.08 17.63 17.59 15.48 17.27 17.2 16.67 16.98 16.93 15.97 17.29 16.66 17.19 16.76 17.14 99.824 54.44 1e-05 0.001 256
