1.91 3.17 2.87 3.32 3.26 3.29 3.36 3.21 3.16 3.21 3.17 3.22 3.28 3.3 3.31 3.3 3.41 3.39 3.34 3.28 3.36 100.0 75.83 1e-06 0.1 1024
1.91 3.14 2.83 3.16 3.2 3.09 3.18 3.17 1.48 3.07 3.03 3.02 3.29 3.21 3.24 3.24 3.33 3.26 3.34 3.19 3.23 100.0 76.0 1e-05 0.1 1024
1.91 3.12 3.01 3.06 3.29 3.25 3.14 3.21 3.32 3.25 3.29 3.28 3.26 3.29 3.22 3.27 3.29 3.25 3.23 3.23 3.36 100.0 75.48 1e-07 0.1 1024
1.91 2.87 2.93 3.13 3.02 3.14 3.14 3.13 3.25 3.07 3.08 3.08 3.09 3.19 3.24 3.21 3.12 3.08 3.27 3.19 3.14 100.0 78.06 1e-05 0.1 512
1.91 3.14 3.14 2.97 3.04 2.98 2.96 3.01 3.06 2.99 3.04 3.01 2.98 3.05 3.05 3.04 3.05 3.05 3.03 2.99 2.99 100.0 76.82 1e-07 0.1 512
1.91 2.98 3.05 3.16 3.23 3.19 3.21 3.18 3.25 3.16 3.11 3.15 3.09 3.12 3.21 3.11 3.21 3.18 3.03 3.4 3.38 100.0 77.43 1e-06 0.1 512
1.91 2.76 2.9 3.02 3.0 3.07 3.05 3.06 3.01 2.87 2.93 2.93 2.91 2.86 2.88 2.86 2.89 2.86 2.89 2.92 2.89 100.0 81.64 1e-06 0.01 512
1.91 2.96 2.92 2.95 2.93 2.84 2.8 2.88 2.87 2.8 3.27 2.85 2.81 2.86 2.82 2.79 2.74 2.88 2.88 2.83 2.9 99.03 71.87 1e-06 0.1 256
1.91 2.99 2.86 2.99 2.94 3.04 2.94 2.83 2.85 2.95 2.88 2.94 2.97 2.9 2.92 2.93 2.98 2.82 2.92 2.85 2.82 100.0 79.13 1e-05 0.1 256
1.91 3.01 3.08 3.14 3.08 3.06 3.18 3.1 3.15 3.07 3.01 2.99 3.03 3.07 3.01 3.02 3.05 3.01 2.91 3.05 2.84 100.0 80.21 1e-07 0.1 256
1.91 2.96 2.88 3.0 3.04 3.06 3.08 3.04 3.09 3.1 3.02 3.05 3.09 3.07 3.08 3.06 3.08 3.09 3.17 3.14 3.14 100.0 80.17 1e-07 0.01 1024
1.91 2.9 2.9 2.92 2.99 2.91 2.88 2.87 2.85 2.84 2.89 2.83 2.83 2.82 2.83 2.87 2.81 2.83 2.84 2.79 2.8 100.0 80.96 1e-05 0.01 1024
1.91 2.99 2.82 2.95 2.95 2.96 2.94 2.92 2.93 2.93 2.9 2.91 2.9 2.86 2.89 2.92 2.9 2.83 2.87 2.86 2.91 100.0 80.53 1e-06 0.01 1024
1.91 2.82 2.88 2.79 2.87 2.79 2.78 2.81 2.76 2.8 2.71 2.74 2.72 2.69 2.73 2.7 2.67 2.66 2.71 2.68 2.7 99.956 79.41 1e-05 0.01 512
1.91 3.34 3.7 3.73 3.84 3.76 3.79 3.78 3.82 3.82 3.78 3.82 3.75 3.84 3.81 3.8 3.86 3.87 3.82 3.84 3.87 100.0 71.49 1e-06 0.001 1024
1.91 3.33 3.77 3.91 3.8 3.91 3.9 4.03 4.03 3.92 3.98 4.06 4.02 4.15 4.15 4.08 4.08 4.09 4.15 4.11 4.08 100.0 71.01 1e-05 0.001 1024
1.91 3.25 3.34 3.4 3.41 3.43 3.48 3.47 3.36 3.41 3.38 3.35 3.39 3.46 3.36 3.48 3.38 3.48 3.46 3.46 3.36 100.0 72.6 1e-05 0.001 512
1.91 2.83 2.87 2.92 2.91 2.86 2.86 2.93 2.86 2.92 2.9 2.89 2.97 3.01 2.95 2.92 2.97 2.97 2.94 2.89 2.89 100.0 83.3 1e-06 0.01 256
1.91 3.55 3.73 3.83 3.83 3.88 3.89 3.85 3.94 3.89 3.82 3.91 3.92 4.01 3.96 4.01 4.02 4.03 4.12 4.0 4.17 100.0 71.22 1e-07 0.001 1024
1.91 2.59 2.81 2.73 2.82 2.82 2.83 2.86 2.75 2.78 2.85 2.85 2.9 2.92 2.88 2.88 2.89 2.89 2.86 2.94 2.89 100.0 81.61 1e-07 0.01 512
1.57 3.01 2.92 3.24 3.33 3.1 3.17 3.03 3.16 3.19 3.13 3.2 3.17 3.17 3.1 3.1 3.15 3.12 3.1 3.11 3.03 100.0 77.51 1e-07 0.1 1024
1.57 3.01 2.99 3.1 3.12 3.13 3.08 3.11 2.97 3.0 3.31 3.11 3.05 2.95 2.89 2.9 2.89 3.3 3.08 3.11 3.08 100.0 79.25 1e-05 0.1 1024
1.91 3.13 3.28 3.35 3.34 3.42 3.36 3.39 3.39 3.39 3.44 3.41 3.32 3.34 3.31 3.44 3.34 3.35 3.39 3.35 3.32 100.0 72.51 1e-07 0.001 512
1.91 2.87 2.68 2.69 2.7 2.76 2.74 2.71 2.73 2.72 2.76 2.71 2.83 2.72 2.71 2.72 2.75 2.74 2.75 2.72 2.71 100.0 83.9 1e-05 0.01 256
1.91 3.0 2.75 2.89 2.86 2.92 2.84 2.91 2.9 2.84 2.82 2.88 2.85 2.89 2.89 2.94 2.98 2.93 2.94 2.95 2.93 100.0 83.88 1e-07 0.01 256
1.57 2.96 3.1 3.2 3.05 2.9 3.05 2.95 3.24 3.02 3.03 3.07 3.09 3.2 3.2 3.26 3.23 3.16 3.09 3.11 3.05 100.0 79.89 1e-05 0.1 512
1.91 3.45 3.49 3.48 3.5 3.55 3.62 3.61 3.54 3.49 3.61 3.55 3.6 3.5 3.61 3.61 3.64 3.65 3.59 3.66 3.61 100.0 72.1 1e-06 0.001 512
1.57 3.09 3.11 3.31 3.29 3.01 2.99 3.0 3.01 3.04 3.0 3.09 3.01 3.01 3.06 3.08 3.0 2.94 3.08 3.01 2.98 100.0 77.26 1e-06 0.1 1024
1.91 3.15 3.2 3.14 3.18 3.21 3.13 3.11 3.16 3.14 3.09 3.23 3.17 3.18 3.17 3.17 3.16 3.1 3.15 3.24 3.18 100.0 74.25 1e-07 0.001 256
1.91 3.12 3.13 3.21 3.28 3.22 3.38 3.26 3.29 3.3 3.32 3.28 3.43 3.31 3.37 3.34 3.37 3.32 3.36 3.31 3.3 100.0 73.83 1e-05 0.001 256
1.57 3.01 3.09 2.97 2.99 3.12 3.05 3.09 3.15 2.98 3.09 3.04 3.08 3.13 3.03 3.01 2.99 3.04 2.98 3.1 2.99 100.0 78.87 1e-07 0.1 512
1.91 3.22 3.46 3.35 3.34 3.43 3.31 3.47 3.25 3.26 3.34 3.28 3.33 3.3 3.43 3.42 3.42 3.3 3.32 3.33 3.33 100.0 73.45 1e-06 0.001 256
1.57 3.09 3.2 3.04 3.06 3.13 3.07 3.04 3.27 3.17 3.11 3.17 3.2 3.25 3.22 3.19 3.13 3.16 3.04 3.07 3.08 100.0 78.36 1e-06 0.1 256
1.57 3.03 3.15 3.01 3.0 3.01 3.04 3.1 3.11 3.08 3.02 3.01 3.07 3.09 3.0 3.05 3.04 3.07 3.05 3.07 3.05 100.0 80.95 1e-05 0.01 1024
1.57 3.25 3.13 3.2 3.24 3.08 3.27 3.29 3.25 3.2 3.21 3.25 3.32 3.29 3.14 3.08 3.04 3.19 3.1 3.25 3.18 99.998 77.95 1e-06 0.1 512
1.57 2.89 3.09 3.11 3.09 3.0 3.05 3.03 3.08 3.09 3.14 2.98 3.06 3.0 3.0 3.03 3.04 3.04 3.03 3.05 3.04 100.0 80.82 1e-07 0.01 1024
1.57 2.88 3.04 3.11 3.15 3.15 3.25 3.14 3.13 3.11 3.13 3.21 3.18 3.2 3.17 3.14 3.11 3.13 3.21 3.14 3.17 100.0 81.23 1e-06 0.01 1024
1.57 3.13 3.12 3.24 3.05 2.98 3.22 3.24 3.19 3.07 3.13 3.0 3.08 3.27 3.16 3.09 3.19 3.2 3.06 3.16 3.13 100.0 80.13 1e-05 0.1 256
1.57 2.92 3.01 3.06 2.91 2.97 3.0 2.95 2.95 2.92 3.0 3.01 2.95 2.99 3.0 3.04 2.95 3.02 3.03 3.08 3.01 100.0 82.86 1e-05 0.01 512
1.57 2.84 2.8 2.8 2.78 2.86 2.78 2.84 2.84 2.85 2.85 2.86 2.81 2.82 2.87 2.9 2.85 2.82 2.81 2.8 2.84 100.0 82.68 1e-07 0.01 512
1.57 3.04 2.87 2.89 2.89 2.86 2.89 2.88 2.92 2.92 2.88 2.93 2.93 2.93 2.92 2.93 2.92 2.91 2.9 2.92 2.92 100.0 82.99 1e-06 0.01 512
1.57 3.28 3.15 3.34 3.14 3.31 3.35 3.23 3.35 3.25 3.17 3.21 3.2 3.32 3.22 3.18 3.23 3.33 3.21 3.24 3.37 99.824 78.01 1e-07 0.1 256
1.57 3.67 3.9 3.85 3.92 3.88 3.92 3.88 3.89 3.87 3.88 3.89 3.88 3.91 3.89 3.85 3.88 3.92 3.84 3.82 3.85 100.0 69.91 1e-06 0.001 1024
1.57 3.52 3.57 3.76 3.77 3.89 3.79 3.77 3.79 3.79 3.81 3.87 3.79 3.85 3.79 3.83 3.79 3.92 3.91 3.82 3.91 100.0 70.23 1e-07 0.001 1024
1.57 3.77 3.73 3.89 3.93 3.94 3.91 4.03 4.05 4.12 3.97 4.16 4.14 4.13 4.12 4.09 4.19 4.07 3.97 4.19 4.01 100.0 70.32 1e-05 0.001 1024
1.57 3.7 3.63 3.64 3.66 3.59 3.62 3.61 3.67 3.71 3.73 3.74 3.6 3.69 3.74 3.74 3.7 3.76 3.66 3.74 3.77 100.0 71.23 1e-06 0.001 512
1.57 2.94 2.74 2.78 2.83 2.77 2.81 2.77 2.75 2.78 2.81 2.71 2.73 2.73 2.71 2.74 2.78 2.85 2.82 2.82 2.74 100.0 83.31 1e-07 0.01 256
1.57 2.92 2.89 2.87 2.98 2.87 2.92 2.89 2.86 2.85 2.93 2.94 2.99 2.94 2.94 2.93 2.91 2.93 2.96 2.99 2.95 100.0 83.64 1e-05 0.01 256
1.57 3.0 2.9 2.75 2.87 2.79 2.74 2.67 2.77 3.08 2.75 2.71 2.72 2.68 2.71 2.68 2.7 2.73 2.75 2.72 2.77 100.0 83.58 1e-06 0.01 256
1.57 3.61 3.76 3.84 3.79 3.72 3.72 3.89 3.8 3.78 3.75 3.89 3.87 3.68 3.79 3.89 3.83 3.77 3.82 3.86 3.75 100.0 71.34 1e-05 0.001 512
1.57 3.45 3.4 3.46 3.36 3.46 3.5 3.42 3.37 3.55 3.41 3.55 3.36 3.6 3.4 3.37 3.38 3.54 3.59 3.47 3.37 100.0 73.49 1e-05 0.001 256
1.57 3.99 3.72 3.78 3.84 3.86 3.82 3.79 3.91 3.86 3.82 3.77 3.88 3.81 3.83 3.85 3.87 3.79 3.74 3.85 3.85 100.0 71.24 1e-07 0.001 512
1.57 3.35 3.44 3.41 3.33 3.43 3.38 3.5 3.39 3.31 3.35 3.44 3.37 3.39 3.39 3.3 3.52 3.43 3.48 3.39 3.46 100.0 73.52 1e-06 0.001 256
1.57 3.45 3.31 3.33 3.36 3.36 3.4 3.37 3.38 3.53 3.47 3.45 3.38 3.4 3.36 3.48 3.34 3.49 3.48 3.53 3.52 100.0 73.0 1e-07 0.001 256
1.26 2.8 2.91 3.0 3.03 3.09 3.09 3.12 2.97 3.01 3.0 3.15 3.06 3.08 2.99 3.18 3.05 3.01 3.08 3.06 3.09 100.0 75.75 1e-05 0.1 1024
1.26 2.84 2.93 3.21 3.07 3.21 3.15 3.12 3.18 3.2 3.16 3.17 3.22 3.21 3.2 3.22 3.17 3.27 3.27 3.27 3.27 100.0 75.6 1e-06 0.1 1024
1.26 2.99 3.03 3.25 3.17 3.3 3.26 3.21 3.23 3.25 3.22 3.29 3.23 3.21 3.25 3.2 3.27 3.32 3.32 3.34 3.3 100.0 74.8 1e-07 0.1 1024
1.26 3.23 3.1 2.95 2.89 3.1 3.07 2.89 2.98 2.97 2.9 2.85 2.94 2.88 2.92 2.73 2.73 2.99 3.04 2.97 2.95 100.0 79.87 1e-05 0.1 512
1.26 3.06 3.0 3.24 3.23 3.11 3.12 3.11 3.11 3.07 3.08 3.14 3.17 3.12 3.02 3.05 3.07 3.09 3.12 3.12 3.07 100.0 78.31 1e-06 0.1 512
1.26 3.11 3.15 2.91 3.0 2.96 2.92 2.83 3.01 2.96 2.91 2.95 3.05 3.01 2.99 3.01 2.99 2.99 3.0 3.04 3.01 100.0 78.87 1e-07 0.1 512
1.26 2.89 2.99 2.95 3.0 3.0 3.01 2.96 3.1 2.96 2.93 2.94 2.99 2.9 2.85 2.95 2.91 2.95 3.13 3.05 2.97 100.0 79.11 1e-05 0.1 256
1.26 3.03 2.94 3.03 3.01 2.98 3.06 2.97 3.08 3.0 2.94 3.05 3.03 3.02 3.04 2.99 2.96 3.06 2.96 3.22 3.11 100.0 79.2 1e-06 0.1 256
1.26 3.08 2.96 3.07 2.93 2.99 2.96 2.92 3.1 2.77 2.91 2.99 2.84 2.85 2.96 2.94 2.93 3.22 2.97 2.97 2.97 99.946 77.83 1e-07 0.1 256
1.26 2.78 2.98 2.85 2.81 2.89 2.91 2.9 2.93 2.9 2.89 2.93 2.9 2.97 2.93 2.93 2.93 2.89 2.95 2.96 2.91 100.0 82.12 1e-05 0.01 1024
1.26 3.03 2.69 2.89 2.95 2.97 2.91 2.91 2.89 2.93 2.9 2.93 2.93 2.91 2.89 2.92 2.92 2.92 2.92 2.93 2.9 100.0 82.12 1e-06 0.01 1024
1.26 2.84 2.85 2.97 3.11 2.95 2.98 2.97 3.02 3.04 3.03 3.05 3.05 3.06 3.06 3.05 3.07 3.06 3.06 3.03 3.05 100.0 81.25 1e-07 0.01 1024
1.26 3.05 2.83 2.89 2.95 2.88 2.87 2.87 2.99 2.92 3.03 2.93 2.97 2.91 3.03 3.03 2.99 2.95 2.91 2.93 2.91 100.0 82.45 1e-05 0.01 512
1.26 2.88 2.83 2.84 2.83 2.87 2.91 2.86 2.83 2.84 2.85 2.85 3.01 2.7 2.71 2.73 2.76 2.75 2.75 2.78 2.77 100.0 82.94 1e-06 0.01 512
1.26 2.92 2.79 2.87 2.9 3.03 2.88 2.87 2.88 2.77 2.86 2.79 2.85 2.81 2.79 2.86 2.86 2.81 2.86 2.8 2.83 100.0 82.64 1e-07 0.01 512
1.26 2.94 2.85 2.81 2.84 2.82 2.82 2.81 2.84 2.87 2.88 2.94 2.91 2.79 2.83 2.74 2.79 2.78 2.8 2.81 2.82 100.0 83.47 1e-05 0.01 256
1.26 2.88 2.76 2.8 2.85 2.81 2.88 2.86 2.84 2.85 2.8 2.86 2.85 2.83 2.85 2.85 2.81 2.87 2.84 2.79 2.86 99.988 82.82 1e-06 0.01 256
1.26 2.94 2.95 2.9 2.81 2.93 2.93 2.89 2.93 2.86 2.88 2.86 2.84 2.89 2.9 2.92 2.95 2.9 3.01 3.03 2.91 100.0 83.09 1e-07 0.01 256
1.26 3.37 3.32 3.26 3.35 3.26 3.29 3.26 3.26 3.28 3.35 3.3 3.34 3.35 3.39 3.32 3.4 3.32 3.34 3.48 3.33 100.0 71.72 1e-05 0.001 1024
1.26 3.4 3.4 3.42 3.3 3.46 3.36 3.38 3.43 3.38 3.33 3.47 3.41 3.44 3.41 3.44 3.44 3.5 3.47 3.45 3.48 100.0 71.95 1e-06 0.001 1024
1.26 3.41 3.41 3.51 3.53 3.63 3.53 3.59 3.53 3.59 3.61 3.59 3.54 3.57 3.45 3.46 3.5 3.45 3.45 3.48 3.45 100.0 71.79 1e-07 0.001 1024
1.26 3.42 3.58 3.6 3.67 3.7 3.72 3.65 3.79 3.87 3.72 3.72 3.72 3.78 3.76 3.84 3.78 3.81 3.76 3.78 3.76 100.0 72.76 1e-05 0.001 512
1.26 3.3 3.35 3.3 3.43 3.29 3.37 3.34 3.36 3.28 3.39 3.39 3.35 3.37 3.32 3.35 3.47 3.37 3.36 3.34 3.31 100.0 72.8 1e-06 0.001 512
1.26 3.43 3.5 3.4 3.56 3.43 3.49 3.55 3.56 3.46 3.61 3.62 3.63 3.56 3.55 3.6 3.61 3.6 3.77 3.64 3.67 100.0 73.05 1e-07 0.001 512
1.26 3.16 3.27 3.29 3.29 3.34 3.21 3.35 3.19 3.33 3.28 3.25 3.28 3.26 3.34 3.37 3.44 3.42 3.34 3.42 3.34 100.0 74.01 1e-05 0.001 256
1.26 3.41 3.44 3.37 3.3 3.32 3.39 3.28 3.27 3.36 3.38 3.42 3.45 3.34 3.34 3.35 3.46 3.48 3.37 3.37 3.44 99.972 73.04 1e-06 0.001 256
1.26 3.66 3.58 3.57 3.77 3.59 3.68 3.67 3.55 3.8 3.64 3.55 3.67 3.73 3.68 3.62 3.61 3.6 3.69 3.69 3.66 100.0 74.08 1e-07 0.001 256
