1.76 2.97 2.81 2.9 3.15 2.97 3.15 3.0 3.13 3.13 2.99 3.21 3.04 2.98 3.03 3.05 3.03 3.03 3.02 3.03 2.94 99.976 78.78 1e-06 0.1 1024
1.76 3.15 3.09 3.22 2.98 3.17 3.19 3.23 3.34 3.21 3.13 3.31 3.17 3.23 3.23 3.29 3.26 3.24 3.25 3.14 3.14 100.0 77.28 1e-05 0.1 512
1.76 2.85 2.86 3.03 3.2 2.98 3.27 3.13 3.18 3.16 3.04 3.18 3.1 3.08 3.06 3.04 3.02 3.12 3.37 3.29 3.25 100.0 78.17 1e-05 0.1 1024
1.76 3.34 2.87 2.94 3.07 3.04 3.07 3.06 3.18 3.14 2.99 3.0 3.12 3.13 3.14 3.07 3.09 3.04 3.09 3.11 3.15 100.0 77.89 1e-07 0.1 1024
1.76 2.63 2.96 2.83 2.88 2.79 2.94 2.87 2.77 2.83 2.79 2.78 2.75 2.73 2.74 2.81 2.72 2.78 2.78 2.75 2.75 100.0 82.65 1e-06 0.01 1024
1.76 2.93 2.87 2.92 3.06 2.97 2.97 2.93 2.93 2.9 2.96 2.93 2.92 2.92 2.94 2.97 2.97 2.91 2.95 2.95 2.94 100.0 81.85 1e-07 0.01 1024
1.76 3.0 3.17 3.25 3.05 3.13 3.09 3.07 3.2 3.08 3.05 3.13 3.0 3.04 3.09 3.07 3.01 3.23 3.17 3.06 3.15 99.996 74.22 1e-07 0.1 512
1.76 2.95 2.94 3.06 3.03 3.02 2.94 3.04 2.9 2.93 2.9 2.88 2.81 2.91 2.94 3.05 2.99 2.94 2.91 2.88 2.93 100.0 81.35 1e-05 0.01 512
1.76 3.16 3.49 3.37 3.08 3.0 3.17 3.26 3.2 3.18 3.24 3.24 3.13 3.33 3.09 3.22 3.23 3.13 3.19 3.31 3.28 100.0 78.01 1e-05 0.1 256
1.76 2.87 2.74 2.86 2.88 2.94 2.94 2.82 2.88 2.84 2.94 2.9 2.89 2.85 2.83 2.82 2.8 2.78 2.78 2.72 2.81 99.998 81.26 1e-06 0.01 512
1.76 2.99 2.99 3.35 3.32 3.23 3.21 3.01 3.11 3.11 3.24 3.21 3.02 3.14 3.32 3.13 3.23 3.18 3.12 3.31 3.24 100.0 76.71 1e-06 0.1 512
1.76 2.91 3.03 2.97 2.93 3.06 2.96 2.96 2.8 2.9 2.96 2.94 2.99 2.97 2.96 2.95 3.03 3.01 3.02 3.0 3.02 100.0 83.03 1e-05 0.01 1024
1.76 3.65 3.84 3.85 3.82 3.74 3.75 3.95 3.78 3.86 3.88 3.78 3.83 3.83 3.81 3.85 3.91 3.87 3.88 3.81 3.97 100.0 72.26 1e-05 0.001 1024
1.76 2.86 3.08 2.98 2.95 2.91 2.88 2.9 2.97 2.93 2.89 2.91 2.94 2.88 2.93 2.92 2.93 3.01 2.93 2.92 2.93 100.0 80.35 1e-07 0.01 512
1.76 3.23 3.31 3.33 3.25 3.36 3.23 3.35 3.27 3.32 3.29 3.4 3.44 3.44 3.43 3.4 3.43 3.42 3.43 3.42 3.33 100.0 75.71 1e-06 0.001 512
1.76 3.35 3.45 3.45 3.42 3.43 3.46 3.49 3.5 3.4 3.48 3.44 3.51 3.44 3.51 3.47 3.52 3.43 3.4 3.5 3.51 100.0 75.71 1e-07 0.001 512
1.76 3.5 3.82 3.8 3.8 3.72 3.81 3.83 3.74 3.7 3.8 3.8 3.8 3.77 3.79 3.8 3.81 3.75 3.76 3.8 3.87 100.0 72.63 1e-06 0.001 1024
1.76 3.08 2.95 3.01 3.02 3.09 2.95 3.02 3.02 3.07 2.97 3.1 3.05 3.09 3.03 3.01 3.11 3.0 3.04 3.01 3.05 99.904 79.0 1e-06 0.1 256
1.76 3.17 3.19 3.16 3.54 3.08 3.13 3.62 3.12 3.07 3.1 3.27 3.46 3.2 3.03 3.19 3.18 3.37 3.3 3.29 3.26 100.0 77.52 1e-07 0.1 256
1.08 3.61 3.24 3.4 3.3 3.46 3.61 3.33 3.4 3.4 3.33 3.36 3.51 3.4 3.36 3.31 3.5 3.35 3.44 3.42 3.3 99.99 74.87 1e-06 0.1 1024
1.76 3.48 3.52 3.63 3.52 3.59 3.58 3.69 3.55 3.57 3.59 3.51 3.62 3.56 3.5 3.57 3.44 3.68 3.59 3.56 3.47 100.0 75.46 1e-05 0.001 512
1.76 3.04 2.86 2.88 2.82 2.84 2.92 2.84 2.92 2.88 2.95 2.82 2.95 2.88 3.03 2.91 2.94 2.87 2.83 2.93 2.88 100.0 82.78 1e-07 0.01 256
1.76 2.87 2.8 2.9 2.92 2.92 2.88 3.02 2.82 2.85 2.77 2.84 2.76 2.83 2.83 2.78 2.8 2.77 2.89 2.87 2.85 100.0 82.89 1e-06 0.01 256
1.08 3.01 2.97 3.14 3.3 3.31 3.26 3.12 3.15 3.2 3.45 3.32 3.35 3.34 3.47 3.52 3.17 3.29 3.18 3.19 3.29 99.996 77.46 1e-05 0.1 1024
1.76 2.98 2.74 2.57 2.71 2.75 2.71 2.7 2.7 2.66 2.75 2.7 2.72 2.68 2.66 2.68 2.76 2.69 2.7 2.72 2.73 100.0 84.47 1e-05 0.01 256
1.08 3.21 3.14 3.14 3.59 3.5 3.51 3.6 3.58 3.51 3.37 3.4 3.51 3.49 3.5 3.48 3.48 3.68 3.39 3.48 3.53 99.996 73.6 1e-07 0.1 1024
1.08 3.06 3.1 3.19 3.11 3.03 3.13 3.09 3.12 3.13 3.13 3.11 3.1 3.08 3.17 3.15 3.13 3.04 2.99 2.95 3.0 100.0 80.59 1e-05 0.1 256
1.08 3.2 3.19 3.2 3.08 3.09 3.33 3.12 3.05 3.28 3.24 3.23 3.21 3.06 3.11 3.11 3.05 3.14 3.21 3.12 3.31 100.0 79.47 1e-06 0.1 512
1.76 3.33 3.47 3.47 3.42 3.44 3.52 3.52 3.49 3.59 3.67 3.6 3.44 3.5 3.57 3.42 3.56 3.51 3.52 3.64 3.68 100.0 76.68 1e-07 0.001 256
1.08 3.21 3.11 3.03 3.07 3.1 3.16 3.06 3.13 3.14 3.15 3.14 3.16 3.19 3.16 3.1 3.13 3.13 3.14 3.16 3.13 100.0 81.17 1e-07 0.01 1024
1.76 3.48 3.36 3.33 3.34 3.39 3.29 3.44 3.43 3.46 3.42 3.5 3.38 3.52 3.46 3.61 3.47 3.45 3.5 3.4 3.51 100.0 76.85 1e-05 0.001 256
1.76 3.32 3.34 3.66 3.39 3.54 3.48 3.53 3.47 3.35 3.53 3.36 3.49 3.45 3.4 3.43 3.4 3.49 3.48 3.52 3.51 100.0 76.96 1e-06 0.001 256
1.08 3.03 3.04 3.14 3.1 3.04 3.0 2.99 3.07 2.99 2.91 2.97 2.99 2.88 2.96 2.94 2.99 2.95 2.98 3.0 2.99 100.0 81.81 1e-05 0.01 512
1.08 3.85 4.19 4.29 4.37 4.2 4.27 4.27 4.37 4.23 4.24 4.33 4.32 4.29 4.26 4.3 4.24 4.15 4.37 4.26 4.27 100.0 73.41 1e-07 0.001 1024
1.08 3.13 3.05 3.53 3.26 3.31 3.21 3.87 3.05 3.03 3.19 3.17 3.13 3.26 3.26 3.35 3.22 3.32 3.22 3.33 3.41 100.0 76.55 1e-06 0.1 256
1.08 2.89 2.93 2.93 2.84 2.81 2.83 2.84 2.85 2.8 2.86 2.8 2.81 2.88 2.83 2.84 2.93 2.82 2.84 2.93 2.87 100.0 84.61 1e-07 0.01 256
1.08 3.48 3.44 3.64 3.67 3.58 3.67 3.74 3.68 3.7 3.7 3.65 3.67 3.7 3.72 3.64 3.76 3.66 3.67 3.81 3.75 100.0 75.85 1e-06 0.001 512
1.08 3.07 2.97 3.23 3.18 3.21 3.12 3.17 3.05 3.21 3.19 3.15 3.25 3.03 2.91 3.08 3.11 3.22 3.01 3.14 3.04 100.0 76.87 1e-07 0.1 256
1.08 2.78 2.86 2.76 2.79 2.96 2.73 2.73 2.81 2.83 2.82 2.8 2.85 2.82 2.72 2.68 2.82 2.7 2.77 2.85 2.69 100.0 84.93 1e-05 0.01 256
1.08 3.44 3.51 3.43 3.55 3.55 3.64 3.84 3.53 3.54 3.66 3.57 3.62 3.48 3.67 3.58 3.4 3.38 3.47 3.42 3.33 100.0 75.7 1e-05 0.001 256
1.08 3.38 3.36 3.45 3.33 3.4 3.35 3.29 3.36 3.32 3.24 3.25 3.27 3.39 3.35 3.38 3.38 3.37 3.32 3.3 3.4 100.0 75.71 1e-06 0.001 256
1.08 3.57 3.78 3.74 3.62 3.71 3.8 3.8 3.69 3.78 3.6 3.59 3.58 3.84 3.6 3.8 3.8 3.75 3.81 3.68 3.86 100.0 75.82 1e-07 0.001 256
1.1 3.33 2.77 3.16 3.28 3.31 3.16 3.17 3.25 3.19 3.22 3.12 3.11 3.2 3.17 3.18 3.17 3.15 3.23 3.21 3.18 99.996 78.23 1e-05 0.1 1024
1.1 3.33 3.16 2.86 3.1 3.22 3.23 3.36 3.27 3.27 3.25 3.35 3.23 3.24 3.34 3.38 3.38 3.35 3.31 3.2 3.34 100.0 77.15 1e-06 0.1 1024
1.1 3.38 3.12 3.18 3.18 3.32 3.4 3.26 3.31 3.42 3.36 3.36 3.39 3.32 3.33 3.36 3.3 3.46 3.33 3.32 3.41 99.998 78.14 1e-07 0.1 1024
1.1 3.04 3.07 3.2 3.02 3.14 3.13 3.09 3.3 3.15 3.21 3.22 3.33 3.3 3.28 3.17 3.3 3.21 3.31 3.28 3.21 99.976 78.45 1e-05 0.1 512
1.1 3.0 2.9 3.45 3.26 3.3 3.35 3.18 3.27 3.14 3.41 3.25 3.32 3.29 3.33 3.32 3.21 3.41 3.41 3.42 3.4 99.986 75.12 1e-07 0.1 512
1.1 3.38 3.2 3.2 3.3 3.49 3.14 3.3 3.06 3.4 3.17 3.19 3.2 3.17 3.22 3.26 3.12 3.18 3.25 3.21 3.16 99.978 74.01 1e-06 0.1 512
1.1 2.93 2.81 2.91 2.94 3.09 3.02 3.05 2.98 3.03 3.04 2.92 3.01 2.98 3.06 2.98 3.01 2.98 2.92 2.99 2.89 100.0 81.53 1e-05 0.01 1024
1.1 2.84 3.24 3.14 3.07 2.92 3.05 3.02 3.06 3.06 3.05 2.94 2.92 3.02 2.96 3.0 2.94 3.18 3.04 2.89 3.05 99.998 76.86 1e-06 0.1 256
1.1 2.86 2.85 2.98 2.87 2.9 2.9 2.93 2.98 2.97 3.01 3.0 2.98 2.9 2.97 2.97 3.03 2.99 2.9 2.93 2.98 100.0 83.5 1e-06 0.01 1024
1.1 2.8 2.91 2.95 3.05 2.98 3.05 2.99 2.89 2.93 2.92 2.97 2.92 3.04 3.01 3.01 2.95 2.95 2.94 2.98 2.96 100.0 82.65 1e-07 0.01 1024
1.1 3.1 3.12 3.17 3.28 3.11 3.11 2.93 2.99 2.95 2.86 2.93 3.02 3.04 3.24 3.08 2.96 3.05 3.05 3.01 3.08 100.0 78.21 1e-05 0.1 256
1.1 3.07 3.2 3.35 3.11 3.27 3.27 3.3 3.36 3.29 3.29 3.17 3.25 3.22 3.2 3.13 3.27 3.31 3.26 3.31 3.28 100.0 75.81 1e-07 0.1 256
1.1 3.03 2.92 2.96 2.91 2.94 2.97 2.94 2.96 2.98 2.88 2.87 2.9 2.9 2.86 2.93 2.91 2.92 2.92 2.92 2.92 100.0 82.97 1e-07 0.01 512
1.1 3.44 3.49 3.52 3.53 3.51 3.54 3.46 3.54 3.47 3.61 3.54 3.5 3.58 3.53 3.52 3.58 3.55 3.58 3.53 3.61 100.0 73.74 1e-05 0.001 1024
1.1 2.81 3.02 2.87 2.83 2.83 2.82 2.84 2.8 2.91 2.78 2.85 2.81 2.83 2.83 2.85 2.89 2.81 2.79 2.88 2.85 100.0 84.82 1e-06 0.01 512
1.1 3.55 3.78 3.83 3.95 3.89 3.92 3.89 3.88 3.92 3.85 3.95 3.81 4.02 3.91 3.89 3.92 3.89 3.88 3.86 3.89 100.0 74.27 1e-06 0.001 1024
1.1 2.9 2.94 2.85 2.9 2.87 2.93 3.0 2.9 2.97 2.86 2.87 2.92 2.98 2.97 2.9 2.95 2.96 2.93 2.93 3.01 100.0 83.4 1e-05 0.01 512
1.1 3.39 3.82 3.78 3.85 3.87 3.85 3.87 3.91 3.82 3.79 3.84 3.95 3.86 3.87 3.92 3.91 3.84 3.83 3.94 3.85 100.0 73.64 1e-07 0.001 1024
1.1 2.79 2.89 2.8 2.95 2.85 2.91 3.03 2.95 3.03 2.97 3.0 2.89 2.84 2.92 2.9 2.9 2.89 2.93 2.85 2.92 99.998 84.97 1e-07 0.01 256
1.1 2.67 2.92 3.08 2.91 2.87 2.8 2.86 2.86 2.95 2.93 2.81 2.79 2.85 2.91 2.85 2.83 2.83 2.82 2.81 2.78 100.0 84.55 1e-05 0.01 256
1.1 2.88 2.8 2.69 2.79 2.95 2.76 2.83 2.75 2.87 2.78 2.79 2.76 2.86 2.82 2.86 2.79 2.75 2.74 2.86 2.81 100.0 84.05 1e-06 0.01 256
1.1 3.48 3.58 3.55 3.59 3.59 3.65 3.69 3.74 3.59 3.77 3.67 3.75 3.75 3.7 3.65 3.62 3.69 3.57 3.69 3.64 100.0 75.98 1e-05 0.001 512
1.1 3.52 3.65 3.71 3.83 3.69 3.69 3.62 3.63 3.73 3.66 3.78 3.68 3.65 3.76 3.69 3.64 3.8 3.72 3.73 3.79 100.0 75.54 1e-06 0.001 512
1.1 3.54 3.58 3.66 3.78 3.65 3.61 3.62 3.62 3.61 3.7 3.66 3.65 3.66 3.67 3.75 3.61 3.69 3.6 3.66 3.65 100.0 74.99 1e-07 0.001 512
1.1 3.03 3.37 3.19 3.44 3.23 3.21 3.24 3.25 3.31 3.38 3.17 3.34 3.19 3.36 3.24 3.25 3.37 3.25 3.32 3.36 100.0 76.99 1e-07 0.001 256
1.1 3.55 3.46 3.54 3.57 3.55 3.42 3.46 3.43 3.38 3.42 3.71 3.73 3.54 3.56 3.65 3.65 3.6 3.65 3.62 3.6 100.0 76.23 1e-05 0.001 256
1.1 3.67 3.56 3.46 3.65 3.48 3.36 3.41 3.44 3.45 3.56 3.51 3.3 3.53 3.38 3.54 3.52 3.38 3.63 3.47 3.67 100.0 76.2 1e-06 0.001 256
