1.84 4.27 4.34 4.06 3.64 3.35 3.78 3.53 3.69 3.72 3.52 3.46 3.42 3.39 3.59 3.55 3.72 3.77 3.62 4.02 3.96 81.238 64.85 1e-05 0.1 1024
1.84 5.18 4.73 4.65 4.16 4.07 4.31 4.02 3.94 3.76 3.98 3.84 3.97 4.11 4.66 4.58 4.47 4.76 4.98 4.92 4.78 94.698 63.84 1e-06 0.1 1024
1.84 4.13 4.52 4.42 4.09 3.98 4.24 4.01 3.83 4.27 4.23 4.45 4.78 4.21 4.92 4.98 5.04 5.02 5.27 5.14 5.29 94.738 55.68 1e-07 0.1 1024
1.84 6.91 6.4 5.52 5.57 4.99 4.86 4.91 4.54 4.99 4.77 5.85 5.49 5.61 5.91 5.63 5.45 5.41 5.62 5.86 5.61 99.488 64.62 1e-05 0.1 512
1.84 3.77 3.67 3.95 4.24 3.81 3.71 4.04 3.99 4.16 3.86 4.59 4.65 3.53 4.33 4.51 4.1 4.33 4.34 4.38 4.43 99.824 66.71 1e-06 0.1 512
1.84 3.6 3.72 3.6 3.82 3.68 3.7 3.63 4.42 3.94 4.08 3.9 4.35 4.6 4.54 4.81 4.62 4.67 4.72 4.53 4.63 99.928 63.82 1e-07 0.1 512
1.84 3.11 3.14 3.34 3.11 3.44 3.41 3.34 3.27 3.48 3.46 3.34 3.44 3.41 3.63 3.32 3.64 3.31 3.49 3.36 3.41 99.862 71.23 1e-05 0.1 256
1.84 4.31 3.59 3.88 3.42 3.62 3.8 3.47 4.13 3.76 3.81 3.91 4.01 3.7 3.45 3.65 3.54 3.55 3.75 3.92 3.64 99.948 70.08 1e-06 0.1 256
1.84 3.43 3.28 3.36 3.22 3.69 3.63 3.84 3.78 3.22 3.85 3.34 3.52 3.71 3.74 3.64 3.64 3.64 3.67 3.61 3.37 97.616 65.66 1e-07 0.1 256
1.84 2.97 2.99 2.95 3.36 3.04 3.23 3.22 3.16 3.19 3.23 3.17 3.12 3.33 3.14 3.19 3.28 3.23 3.25 3.24 3.1 98.774 77.62 1e-05 0.01 1024
1.84 2.92 2.92 2.77 2.9 2.93 2.98 3.07 3.05 2.95 3.05 3.09 3.09 3.04 3.03 3.01 2.96 2.93 2.92 3.05 3.06 99.952 79.49 1e-06 0.01 1024
1.84 2.96 2.86 2.84 2.92 3.04 2.95 2.84 3.03 3.04 2.98 2.91 2.94 2.9 2.98 2.96 2.96 2.93 2.92 2.95 2.82 99.376 80.37 1e-07 0.01 1024
1.84 3.0 3.01 2.9 3.2 3.02 2.99 3.11 3.04 3.06 2.98 3.01 3.04 2.98 3.0 3.01 3.0 3.07 3.07 3.01 3.02 99.982 80.2 1e-05 0.01 512
1.84 2.97 2.93 2.95 2.93 2.96 2.78 2.96 2.76 2.8 2.81 3.03 2.91 2.94 2.86 2.93 2.77 2.92 2.87 2.9 2.88 99.98 81.06 1e-06 0.01 512
1.84 3.03 3.14 2.9 2.9 2.96 2.94 3.05 2.92 2.92 2.99 3.01 3.08 3.08 3.04 3.07 3.04 3.16 3.08 3.05 3.07 99.994 80.92 1e-07 0.01 512
1.84 2.96 2.99 2.87 2.89 2.69 2.85 2.77 2.88 2.67 2.78 2.9 2.88 2.85 2.97 2.88 2.85 2.84 2.84 2.8 2.8 99.974 81.21 1e-05 0.01 256
1.84 2.82 2.97 2.81 2.91 2.87 2.94 2.96 2.85 2.87 2.78 3.02 3.0 3.0 2.87 2.76 2.82 2.92 2.9 2.86 2.8 99.916 81.03 1e-06 0.01 256
1.84 2.81 2.9 2.78 2.84 2.86 2.83 2.97 2.84 2.75 2.82 2.77 2.61 2.84 2.67 2.73 2.83 2.7 2.81 2.87 2.91 99.972 81.31 1e-07 0.01 256
1.84 3.01 3.31 3.28 3.28 3.27 3.31 3.26 3.28 3.28 3.25 3.21 3.3 3.22 3.26 3.21 3.27 3.29 3.26 3.28 3.3 100.0 71.64 1e-05 0.001 1024
1.84 3.0 3.34 3.39 3.28 3.29 3.28 3.41 3.39 3.29 3.34 3.41 3.32 3.34 3.31 3.39 3.39 3.29 3.32 3.35 3.34 100.0 71.72 1e-06 0.001 1024
1.84 3.04 3.17 3.16 3.2 3.16 3.18 3.22 3.32 3.29 3.29 3.29 3.27 3.35 3.28 3.26 3.22 3.3 3.37 3.29 3.28 100.0 71.96 1e-07 0.001 1024
1.84 3.35 3.18 3.09 3.13 3.12 3.11 3.1 3.05 3.01 3.09 3.03 3.1 3.02 3.11 3.08 3.06 3.04 3.06 3.01 3.01 100.0 73.03 1e-05 0.001 512
1.84 3.09 3.09 3.12 3.14 3.05 3.08 3.13 3.17 3.09 3.13 3.17 3.22 3.16 3.18 3.18 3.09 3.25 3.2 3.15 3.21 100.0 73.0 1e-06 0.001 512
1.84 3.26 3.13 3.07 3.05 3.07 3.15 3.23 3.1 3.07 3.07 3.14 3.11 3.11 3.1 3.15 3.17 3.17 3.19 3.12 3.14 100.0 72.99 1e-07 0.001 512
1.84 3.15 3.15 3.0 2.95 3.08 2.97 3.05 2.98 2.98 3.0 3.02 3.05 2.91 2.9 3.02 2.99 2.96 2.94 3.0 2.95 100.0 74.21 1e-05 0.001 256
1.84 2.99 3.05 3.06 3.03 3.02 3.01 3.14 3.09 3.01 3.03 3.05 3.0 3.05 3.08 2.95 3.07 3.08 3.03 3.14 2.97 99.998 73.71 1e-06 0.001 256
2.28 3.68 4.38 4.28 4.15 4.32 3.94 4.09 3.74 3.71 3.73 3.56 3.61 4.0 3.89 4.07 4.34 4.4 4.17 3.95 4.69 98.484 63.44 1e-05 0.1 1024
1.84 3.14 3.07 3.11 3.15 3.07 3.02 3.12 3.05 3.06 3.08 3.23 3.08 3.05 3.08 2.99 3.11 3.03 3.09 3.18 3.09 100.0 73.72 1e-07 0.001 256
2.28 5.13 4.82 4.76 4.74 4.25 4.25 4.73 4.41 4.53 4.06 4.13 4.08 4.25 3.94 4.19 4.19 4.28 4.11 3.92 4.48 73.626 61.74 1e-07 0.1 1024
2.28 4.71 4.34 4.29 4.48 4.67 5.26 5.65 5.08 6.27 5.63 6.14 5.67 5.85 5.52 5.84 5.72 5.24 5.79 5.87 5.8 99.762 56.08 1e-05 0.1 512
2.28 4.58 3.98 3.91 4.04 4.04 3.95 4.04 4.51 4.52 4.61 4.26 4.78 4.77 4.74 4.75 5.08 4.75 4.84 4.97 4.84 99.816 61.86 1e-06 0.1 512
2.28 7.61 6.17 6.04 5.9 5.15 5.74 6.37 6.23 6.5 6.78 6.4 6.88 6.19 7.92 7.0 7.63 8.35 7.58 8.14 8.11 97.01 53.11 1e-07 0.1 512
2.28 4.42 4.78 4.15 4.41 4.75 4.9 5.13 5.41 4.81 4.8 4.74 4.62 4.84 4.92 4.92 4.68 4.81 4.72 4.65 4.85 99.81 60.97 1e-06 0.1 256
2.28 3.91 2.51 3.47 3.47 3.84 4.23 4.06 4.44 4.0 4.3 4.14 4.25 4.37 4.1 4.02 4.1 4.4 4.19 4.0 4.22 99.74 58.76 1e-05 0.1 256
2.28 5.71 4.52 4.4 4.14 4.43 4.15 4.16 4.6 4.61 4.5 5.02 5.23 5.24 4.65 4.85 5.08 4.62 4.72 4.63 4.68 99.704 59.83 1e-07 0.1 256
2.28 3.08 3.0 3.03 3.22 3.16 3.26 3.12 2.99 2.96 3.09 3.07 3.1 2.98 2.95 3.1 3.06 3.08 3.08 3.18 3.01 99.928 80.53 1e-05 0.01 1024
2.28 3.09 3.13 3.3 3.15 3.26 3.1 3.34 3.1 3.24 3.21 3.12 3.09 3.13 3.23 3.05 3.25 3.14 3.12 3.24 3.18 99.99 78.49 1e-06 0.01 1024
2.28 2.98 2.93 2.98 3.1 3.22 3.15 3.14 3.05 3.13 3.0 3.04 3.05 3.09 3.09 3.12 3.06 3.16 3.08 3.04 2.95 99.974 78.88 1e-07 0.01 1024
2.28 3.16 3.19 3.17 3.03 3.16 3.15 3.1 3.25 3.19 3.18 3.11 3.17 3.18 3.22 3.2 3.1 3.11 3.15 3.15 3.23 99.984 81.34 1e-05 0.01 512
2.28 3.31 3.45 3.39 3.45 3.45 3.47 3.46 3.48 3.37 3.49 3.46 3.54 3.5 3.47 3.47 3.52 3.51 3.52 3.52 3.52 100.0 73.39 1e-05 0.001 1024
2.28 3.33 3.36 3.32 3.27 3.31 3.32 3.38 3.32 3.35 3.34 3.35 3.36 3.35 3.27 3.31 3.33 3.31 3.37 3.33 3.29 100.0 73.25 1e-06 0.001 1024
2.28 2.88 3.2 3.04 3.01 3.07 3.04 2.93 3.08 3.06 3.07 3.06 2.98 3.09 2.93 3.03 2.99 3.0 3.03 3.02 2.98 99.986 80.97 1e-06 0.01 256
2.28 3.25 3.2 3.11 3.3 3.23 3.17 3.27 3.33 3.14 3.2 3.32 3.31 3.35 3.28 3.28 3.27 3.2 3.18 3.23 3.22 99.988 75.91 1e-07 0.01 512
2.28 3.01 3.16 3.17 3.07 3.1 3.04 3.08 3.05 3.16 3.04 3.12 3.03 3.07 2.97 2.99 3.1 3.05 2.55 3.08 3.17 99.98 80.66 1e-06 0.01 512
2.28 3.27 3.13 3.15 3.16 3.26 3.2 3.25 3.19 3.2 3.18 3.21 3.26 3.27 3.22 3.26 3.26 3.19 3.25 3.2 3.23 100.0 72.92 1e-07 0.001 1024
2.28 2.89 3.04 3.22 3.22 3.21 2.98 3.14 3.13 2.98 3.07 3.1 3.14 3.11 3.09 3.19 3.18 3.16 3.06 3.11 3.1 99.954 80.71 1e-05 0.01 256
2.28 2.93 3.08 3.13 3.01 3.11 2.97 2.97 2.93 2.99 2.98 2.91 3.02 3.71 3.11 3.12 3.16 3.04 3.03 3.09 3.15 99.99 80.47 1e-07 0.01 256
2.28 3.27 3.21 3.12 3.15 3.27 3.23 3.21 3.22 3.22 3.21 3.23 3.24 3.17 3.2 3.23 3.25 3.28 3.25 3.23 3.2 100.0 74.14 1e-06 0.001 512
2.28 3.18 3.17 3.17 3.22 3.24 3.19 3.19 3.16 3.21 3.25 3.26 3.31 3.23 3.32 3.28 3.19 3.25 3.28 3.17 3.2 100.0 73.89 1e-07 0.001 512
2.28 3.39 3.43 3.29 3.44 3.4 3.29 3.31 3.45 3.44 3.29 3.48 3.39 3.34 3.46 3.27 3.4 3.33 3.34 3.4 3.4 100.0 74.65 1e-05 0.001 256
2.28 3.13 3.19 3.26 3.27 3.26 3.21 3.16 3.19 3.24 3.23 3.25 3.26 3.1 3.22 3.29 3.18 3.3 3.19 3.19 3.31 100.0 74.37 1e-05 0.001 512
2.28 3.29 3.35 3.3 3.31 3.3 3.2 3.12 3.19 3.2 3.27 3.3 3.32 3.33 3.27 3.19 3.29 3.21 3.35 3.38 3.38 100.0 74.37 1e-06 0.001 256
2.28 3.29 3.37 3.37 3.33 3.27 3.22 3.26 3.31 3.28 3.31 3.14 3.22 3.16 3.2 3.26 3.09 3.14 3.19 3.23 3.2 100.0 74.66 1e-07 0.001 256
1.0 3.65 3.71 3.81 3.39 3.43 3.36 3.49 3.4 3.49 3.44 3.57 3.54 3.49 3.54 3.81 4.08 4.35 4.04 3.99 4.22 92.526 62.08 1e-05 0.1 1024
1.0 3.95 3.75 3.76 3.82 3.65 3.61 3.81 3.43 3.81 3.35 3.84 3.8 3.93 4.02 4.02 3.99 4.12 4.26 4.1 4.09 99.868 67.13 1e-06 0.1 1024
1.0 3.34 3.93 3.63 3.48 3.47 3.29 3.57 3.39 3.57 3.46 3.64 3.82 3.87 3.97 4.14 4.21 3.97 4.22 4.26 4.36 99.878 65.86 1e-07 0.1 1024
1.0 3.76 3.58 3.61 3.64 3.19 3.56 3.83 3.73 4.32 3.82 4.55 4.38 4.28 4.47 4.17 4.58 4.18 4.39 4.46 4.25 99.994 65.6 1e-05 0.1 512
1.0 2.55 3.81 3.77 3.78 3.74 4.03 4.15 4.21 4.11 4.75 5.14 4.67 4.74 5.07 5.12 4.99 5.32 5.15 4.98 5.16 99.846 61.02 1e-06 0.1 512
1.0 3.39 3.43 3.36 3.53 3.45 3.71 3.55 3.66 3.56 3.81 4.12 4.31 4.35 4.69 4.72 4.62 4.93 4.82 4.76 4.97 99.54 60.94 1e-07 0.1 512
1.0 4.26 3.94 3.94 3.73 4.19 4.18 4.27 3.98 3.73 4.1 4.08 3.9 3.78 3.94 3.84 3.88 3.96 3.91 3.79 3.88 99.956 69.55 1e-05 0.1 256
1.0 3.46 3.86 3.87 3.16 4.2 4.36 4.4 5.13 4.34 4.94 5.03 4.65 5.03 4.62 4.71 4.61 4.54 4.85 4.68 4.95 95.898 56.72 1e-06 0.1 256
1.0 3.91 4.2 4.28 6.0 3.6 3.61 3.74 3.76 4.16 3.97 4.09 4.46 4.12 4.34 4.2 4.24 4.29 4.17 4.19 4.17 99.698 63.74 1e-07 0.1 256
1.0 3.32 2.94 2.94 3.11 3.01 2.88 3.14 2.94 2.99 3.02 3.13 3.11 3.15 3.07 3.06 2.99 2.94 2.96 2.94 2.95 100.0 79.78 1e-05 0.01 1024
1.0 3.17 3.0 2.94 3.12 3.05 3.07 2.96 3.14 3.07 3.27 3.02 3.09 3.02 3.09 3.1 3.08 3.02 2.98 2.96 2.93 100.0 79.33 1e-06 0.01 1024
1.0 2.96 2.89 3.26 3.16 3.2 3.14 3.29 3.15 3.12 3.2 3.08 3.08 3.07 3.05 3.08 3.1 3.1 3.2 3.21 3.21 99.992 80.06 1e-07 0.01 1024
1.0 3.01 3.11 3.08 3.05 3.03 3.03 3.11 3.01 3.08 3.02 3.12 3.18 3.06 3.02 3.07 2.98 2.95 3.1 3.06 2.97 99.97 80.74 1e-05 0.01 512
1.0 3.0 2.89 2.92 2.96 3.13 3.05 2.94 2.99 2.94 2.93 2.95 3.09 2.99 2.98 2.97 3.02 2.92 2.98 3.04 3.07 99.968 81.62 1e-06 0.01 512
1.0 3.09 3.13 3.12 3.14 3.11 3.14 3.06 2.97 3.15 3.18 2.98 3.22 3.08 3.05 2.99 3.02 3.03 3.1 3.05 3.14 99.994 79.67 1e-07 0.01 512
1.0 2.97 2.94 2.98 2.85 2.77 2.9 3.01 2.9 2.9 2.84 2.89 2.91 2.91 2.8 2.94 2.96 2.88 2.93 2.95 2.94 99.998 82.42 1e-05 0.01 256
1.0 3.06 3.01 2.96 3.07 3.08 2.9 3.06 2.9 2.89 3.09 2.94 2.89 2.98 3.82 3.05 2.9 3.07 2.99 2.99 2.99 99.964 80.0 1e-06 0.01 256
1.0 2.92 2.96 2.94 2.97 2.91 2.99 2.91 2.82 3.16 2.97 2.97 2.9 3.11 3.05 3.0 2.96 2.94 2.98 2.95 2.92 99.996 81.35 1e-07 0.01 256
1.0 3.01 3.19 3.22 3.26 3.31 3.33 3.29 3.37 3.34 3.32 3.39 3.29 3.3 3.34 3.32 3.42 3.28 3.36 3.3 3.27 100.0 73.8 1e-05 0.001 1024
1.0 3.01 3.24 3.12 3.14 3.18 3.24 3.15 3.22 3.23 3.24 3.14 3.22 3.19 3.22 3.21 3.18 3.18 3.14 3.15 3.19 100.0 74.12 1e-06 0.001 1024
1.0 2.84 3.25 3.32 3.27 3.39 3.26 3.24 3.29 3.3 3.25 3.26 3.26 3.26 3.27 3.21 3.28 3.26 3.32 3.25 3.3 100.0 73.91 1e-07 0.001 1024
1.0 3.2 3.12 3.13 3.08 3.14 3.21 3.12 3.13 3.16 3.13 3.2 3.15 3.18 3.18 3.15 3.12 3.19 3.13 3.11 3.16 100.0 73.64 1e-05 0.001 512
1.0 3.2 3.08 3.01 3.16 3.05 3.07 3.07 3.06 3.03 3.02 3.06 3.09 3.06 3.06 3.08 3.12 3.12 3.12 3.1 3.13 100.0 74.12 1e-06 0.001 512
1.0 3.02 3.13 3.12 3.13 3.21 3.07 3.09 3.16 3.13 3.17 3.06 3.11 3.12 3.17 3.1 3.12 3.23 3.0 3.13 3.11 100.0 74.25 1e-07 0.001 512
1.0 3.05 2.96 3.05 2.93 2.99 3.0 2.99 2.99 3.06 3.02 2.92 3.04 2.96 3.1 3.09 3.08 3.1 3.12 3.14 3.1 100.0 74.37 1e-05 0.001 256
1.0 3.0 2.95 2.95 3.0 2.97 3.05 3.03 2.93 3.1 3.02 3.0 3.03 3.11 3.06 3.08 3.11 2.99 3.0 3.06 3.02 100.0 74.89 1e-06 0.001 256
1.0 3.22 3.27 3.22 3.27 3.25 3.19 3.26 3.27 3.28 3.31 3.08 3.12 3.16 3.22 3.13 3.16 3.11 3.13 3.14 3.13 100.0 74.9 1e-07 0.001 256
