1.0 3.37 4.51 4.77 4.41 4.45 4.53 4.48 4.55 4.35 4.27 4.47 4.37 4.43 4.58 4.63 4.61 4.82 4.48 4.69 4.48 100.0 68.31 1e-06 0.1 1024
1.0 3.4 3.83 4.07 4.0 4.18 3.9 4.11 4.24 3.81 3.87 3.94 3.97 4.08 3.85 3.87 3.95 3.92 3.9 3.9 4.06 100.0 69.51 1e-05 0.1 1024
1.0 3.49 4.13 4.18 4.28 4.54 4.17 4.17 4.04 4.18 4.14 4.27 4.24 4.26 4.26 4.19 4.17 4.21 4.26 4.24 4.31 100.0 68.86 1e-07 0.1 1024
1.0 3.97 4.8 4.72 5.08 4.72 4.87 4.64 4.67 4.68 4.68 4.53 4.7 4.86 4.74 4.61 4.93 4.96 4.72 4.87 4.78 100.0 66.18 1e-05 0.1 512
1.0 3.79 4.32 4.46 4.47 4.54 4.29 4.9 4.48 4.53 4.4 4.53 4.53 4.34 4.22 4.34 4.22 4.32 4.32 4.37 4.41 100.0 69.42 1e-07 0.1 512
1.0 3.51 4.15 4.23 4.13 4.17 4.06 4.02 4.15 4.08 3.97 4.0 4.13 4.12 3.93 4.06 4.13 4.03 4.0 4.2 4.14 100.0 71.06 1e-06 0.1 512
1.0 6.48 6.42 6.5 6.33 6.45 6.17 6.52 6.45 6.6 6.65 6.6 6.39 6.76 6.37 6.57 6.46 6.53 6.56 6.46 6.59 100.0 61.34 1e-06 0.01 1024
1.0 6.34 6.32 6.23 6.25 6.39 6.43 6.66 6.58 6.25 6.42 6.47 6.66 6.28 6.34 6.58 6.66 6.57 6.4 6.52 6.53 100.0 61.63 1e-05 0.01 1024
1.0 3.69 4.18 3.92 3.79 3.87 3.79 3.49 3.75 3.82 3.72 3.67 3.72 3.54 3.72 3.87 3.75 3.67 3.73 3.68 3.8 100.0 72.56 1e-05 0.1 256
1.0 3.48 3.23 3.7 3.56 3.82 3.8 3.75 3.95 3.75 3.79 3.77 4.01 3.97 3.73 3.94 4.01 3.91 3.88 3.95 3.97 100.0 73.67 1e-06 0.1 256
1.0 6.67 6.8 6.59 6.61 6.49 6.7 6.74 6.93 6.9 6.95 7.11 6.91 6.91 6.97 7.08 7.17 6.99 7.18 7.04 7.12 100.0 61.85 1e-07 0.01 1024
1.0 3.15 3.85 3.82 3.94 3.76 3.84 3.75 3.77 3.7 4.21 3.89 3.94 3.81 3.99 3.85 3.92 3.79 3.87 3.71 3.88 100.0 70.16 1e-07 0.1 256
1.0 5.6 5.56 5.67 5.71 5.62 5.55 5.75 5.7 5.82 5.76 5.92 5.8 5.64 5.88 5.76 5.84 5.87 5.95 5.97 5.94 100.0 64.47 1e-05 0.01 512
1.0 6.04 5.83 5.84 5.96 5.69 5.65 5.68 6.05 5.88 6.13 5.99 5.94 6.18 6.12 5.97 6.03 6.14 5.89 6.19 6.22 100.0 63.81 1e-06 0.01 512
1.0 6.15 6.79 6.33 6.36 6.37 6.15 6.29 6.78 6.16 6.46 6.5 6.52 6.37 6.26 6.5 6.47 6.4 6.43 6.23 6.77 100.0 63.23 1e-07 0.01 512
1.0 27.07 32.32 33.75 33.34 33.49 34.08 33.6 32.57 33.15 32.97 33.2 32.03 32.2 33.14 32.56 32.41 32.76 32.25 33.16 32.53 99.264 34.85 1e-05 0.001 1024
1.0 5.97 6.13 6.13 6.39 5.95 6.12 6.22 5.75 6.2 6.35 5.72 6.42 6.09 6.1 6.33 6.09 6.31 6.21 6.05 6.37 99.998 64.86 1e-05 0.01 256
1.0 5.83 5.18 5.62 5.82 5.63 5.41 5.91 5.77 5.82 5.48 5.34 5.38 5.35 5.38 5.23 5.74 5.48 5.36 5.46 5.62 100.0 65.3 1e-06 0.01 256
1.0 26.54 32.16 33.32 33.23 32.39 33.26 32.13 32.45 33.11 34.13 32.41 31.95 32.7 32.78 32.51 32.25 32.63 33.04 32.13 32.98 99.234 33.36 1e-06 0.001 1024
1.0 28.46 32.73 33.35 33.62 33.59 32.75 33.09 32.61 32.68 32.71 33.63 33.23 33.81 33.7 33.15 33.48 32.89 32.66 32.86 33.22 99.274 34.41 1e-07 0.001 1024
1.0 5.61 6.16 6.36 6.13 5.74 6.06 5.62 5.82 5.96 6.15 5.98 5.9 6.0 5.9 6.06 6.26 5.7 5.87 5.79 5.64 99.994 64.97 1e-07 0.01 256
1.0 25.0 29.98 30.39 31.7 31.82 32.01 31.1 31.89 31.4 31.77 32.11 30.92 31.37 30.95 31.07 30.82 31.22 30.74 30.6 30.47 99.052 36.42 1e-05 0.001 512
1.0 25.86 31.29 31.38 31.26 31.09 31.04 30.67 31.26 31.63 30.41 31.24 30.56 30.7 31.05 30.9 31.14 30.73 29.92 30.38 31.13 99.16 37.13 1e-06 0.001 512
1.0 23.52 29.13 30.07 30.81 31.51 31.61 31.88 31.65 30.94 30.97 30.55 30.74 30.87 30.8 30.25 30.94 30.43 29.75 31.49 30.74 98.95 37.18 1e-07 0.001 512
1.0 3.55 4.4 4.33 4.27 4.38 4.26 4.47 4.29 4.23 4.32 4.49 4.34 4.43 4.39 4.47 4.36 4.34 3.97 4.26 4.2 100.0 67.97 1e-06 0.1 1024
1.0 3.88 4.45 4.62 4.53 4.41 4.45 4.57 4.43 4.47 4.69 4.73 4.78 4.92 4.59 4.75 4.29 4.53 4.58 4.67 4.67 100.0 67.66 1e-05 0.1 1024
1.0 19.99 25.02 26.09 26.67 27.13 28.32 28.38 27.23 27.95 27.21 27.61 27.27 27.29 28.14 27.47 26.82 27.47 28.16 27.57 27.17 96.97 37.98 1e-05 0.001 256
1.0 21.38 26.1 26.76 28.79 29.15 28.26 28.32 28.05 27.98 28.4 27.52 27.64 27.92 27.36 27.96 27.24 28.35 27.75 28.42 26.96 96.902 37.95 1e-07 0.001 256
1.0 3.49 4.67 4.59 4.07 4.22 4.18 4.29 4.27 4.42 4.22 4.28 4.38 4.15 4.34 4.31 4.39 4.31 4.31 4.24 4.33 100.0 67.53 1e-07 0.1 1024
1.0 21.49 24.3 26.08 26.87 26.5 27.14 27.9 27.73 26.95 27.07 26.63 27.32 27.39 27.23 26.54 26.97 27.21 26.87 26.69 26.76 96.992 39.15 1e-06 0.001 256
1.0 3.6 4.56 4.29 4.46 4.01 4.18 4.03 4.06 4.06 4.04 3.85 4.03 4.05 3.9 4.0 3.97 3.91 3.89 3.89 3.94 100.0 70.51 1e-07 0.1 512
1.0 4.13 4.34 4.17 3.85 4.0 4.05 4.07 4.08 4.14 3.98 4.02 4.01 4.09 3.85 3.98 4.1 4.17 4.23 3.93 3.94 99.988 69.4 1e-06 0.1 512
1.0 3.74 4.28 4.0 4.38 4.36 4.28 4.32 4.39 4.23 4.4 4.41 4.44 4.35 4.23 4.24 4.21 4.15 4.34 4.09 4.22 100.0 69.15 1e-05 0.1 512
1.0 7.53 7.46 7.61 7.63 7.65 7.77 7.87 8.04 7.57 7.8 8.07 7.82 7.82 7.91 8.0 7.86 7.89 8.05 8.06 7.91 100.0 59.62 1e-05 0.01 1024
1.0 6.92 7.33 7.63 7.59 7.48 7.58 7.57 7.39 7.37 7.66 7.65 7.5 7.52 7.66 7.52 7.63 7.69 7.42 7.52 7.63 100.0 61.1 1e-06 0.01 1024
1.0 7.59 7.6 7.37 7.39 7.38 7.29 7.55 7.37 7.49 7.45 7.65 7.5 7.46 7.52 7.21 7.33 7.44 7.53 7.33 7.51 100.0 60.41 1e-07 0.01 1024
1.0 3.8 3.63 3.92 3.81 3.91 3.63 3.76 3.81 3.94 3.62 3.56 3.59 3.57 3.77 3.73 3.71 3.6 3.64 3.51 3.43 100.0 71.31 1e-06 0.1 256
1.0 3.74 3.82 3.77 3.83 3.67 3.69 3.78 3.72 3.77 3.85 3.71 3.65 3.96 3.74 3.76 3.87 3.75 3.75 3.83 3.9 100.0 73.92 1e-05 0.1 256
1.0 6.57 6.19 6.07 6.21 6.01 6.25 6.3 6.22 6.31 6.42 6.27 6.57 6.58 6.42 6.31 6.88 6.79 6.41 6.69 6.51 100.0 63.91 1e-05 0.01 512
1.0 6.41 6.37 6.88 6.53 6.39 6.53 6.78 6.84 7.04 6.63 6.76 6.59 6.78 6.68 6.83 6.95 6.54 6.44 6.58 6.53 99.99 63.42 1e-06 0.01 512
1.0 29.52 34.42 34.69 35.55 34.99 34.58 34.51 34.15 33.75 34.8 34.6 34.86 34.22 34.02 34.19 33.95 33.55 33.69 33.95 34.2 99.794 34.34 1e-05 0.001 1024
1.0 3.49 3.55 3.41 3.59 3.36 3.48 3.55 3.61 3.65 3.52 3.74 3.62 3.65 3.58 3.6 3.44 3.51 3.57 3.48 3.68 100.0 75.59 1e-07 0.1 256
1.0 5.98 5.77 5.98 5.65 5.6 5.74 5.91 6.02 6.09 6.09 5.74 5.83 6.24 5.49 6.12 5.79 5.8 5.61 5.97 6.05 100.0 64.35 1e-05 0.01 256
1.0 29.0 34.7 35.47 35.6 35.34 35.35 35.08 35.28 34.49 35.29 34.61 34.96 34.46 34.7 35.02 34.72 34.25 34.37 34.85 34.75 99.72 34.53 1e-07 0.001 1024
1.0 5.85 5.95 6.1 6.11 5.98 6.05 5.65 5.63 5.56 5.63 5.28 5.62 5.64 5.48 5.87 5.65 5.95 5.75 6.14 5.71 99.998 64.89 1e-06 0.01 256
1.0 28.26 33.79 33.66 33.46 32.91 33.53 33.7 32.89 33.67 33.06 32.93 33.74 32.6 32.62 33.34 33.05 33.64 32.57 33.06 32.48 99.752 34.24 1e-06 0.001 1024
1.0 25.98 31.37 31.32 31.88 31.14 30.92 32.88 31.86 31.43 31.32 30.96 30.9 31.15 31.45 31.35 31.93 31.11 31.38 30.68 31.38 98.704 35.52 1e-05 0.001 512
1.0 5.99 6.41 6.32 6.59 6.09 6.03 6.07 6.09 6.29 6.04 5.79 6.19 6.03 6.11 6.0 5.81 5.95 6.0 6.01 6.12 99.988 64.26 1e-07 0.01 512
1.0 26.39 31.37 32.92 31.76 33.09 32.34 33.27 32.66 32.1 31.98 31.79 31.31 31.48 31.43 31.09 31.84 31.13 31.27 31.01 31.61 98.588 35.86 1e-07 0.001 512
1.0 25.67 31.22 32.11 32.57 31.88 31.56 32.42 32.36 32.2 31.86 31.88 31.53 32.08 31.08 31.87 32.12 32.1 31.69 31.76 31.04 98.748 37.06 1e-06 0.001 512
1.0 5.54 5.48 5.45 5.93 5.56 5.72 5.48 5.36 5.57 5.05 5.29 5.35 5.26 5.29 5.23 5.49 5.43 5.28 5.52 5.66 100.0 65.04 1e-07 0.01 256
1.0 22.29 25.75 26.67 27.49 28.02 27.97 28.84 29.15 28.42 28.62 29.44 28.78 28.12 28.97 27.66 27.74 28.27 27.86 29.22 28.12 97.46 39.44 1e-07 0.001 256
1.0 23.06 27.68 28.3 29.26 28.67 29.83 28.79 28.81 29.63 30.0 29.09 29.99 30.09 29.84 29.36 29.14 28.77 27.73 28.98 28.49 97.422 38.98 1e-05 0.001 256
1.0 22.58 27.63 29.17 29.32 30.54 29.17 28.38 29.69 29.23 29.35 29.62 28.64 28.73 28.53 28.43 28.23 29.1 27.83 28.13 28.02 97.368 38.66 1e-06 0.001 256
