1.0 3.22 3.11 3.25 3.12 3.35 3.41 3.48 3.04 3.12 2.71 3.18 3.32 3.22 3.23 3.31 3.36 3.33 3.44 3.44 3.47 100.0 75.32 1e-05 0.1 1024
1.0 3.07 3.16 3.04 3.34 3.32 3.44 3.49 3.5 3.39 3.45 3.55 3.42 3.41 3.4 3.41 3.11 3.2 3.14 3.2 3.2 100.0 74.23 1e-05 0.1 512
1.0 3.04 3.45 3.43 3.29 3.3 3.38 3.44 3.44 3.52 3.41 3.42 3.14 3.43 3.25 3.27 3.31 3.38 3.25 3.48 3.48 100.0 73.03 1e-06 0.1 512
1.0 3.24 3.32 3.3 3.2 3.26 3.17 3.03 3.42 3.16 3.39 3.22 3.21 3.38 3.24 3.27 3.18 3.19 3.26 3.17 3.27 100.0 72.7 1e-05 0.1 256
1.0 2.84 3.33 3.22 3.28 3.23 3.23 3.21 3.17 3.3 3.3 3.2 3.17 3.22 3.26 3.21 3.26 3.27 3.3 3.28 3.24 100.0 79.44 1e-06 0.01 512
1.0 3.04 2.99 2.9 3.0 3.1 2.96 2.95 3.03 2.89 2.89 2.93 2.98 2.92 2.94 3.09 2.9 3.04 2.93 3.02 2.94 100.0 76.39 1e-06 0.1 256
1.0 3.21 3.45 3.25 3.25 3.3 3.41 3.32 3.28 3.3 3.29 3.32 3.26 3.37 3.4 3.42 3.4 3.45 3.36 3.19 3.18 100.0 79.47 1e-07 0.01 256
1.0 2.99 3.36 3.28 3.07 3.17 3.25 3.22 3.2 3.01 2.96 2.97 3.01 3.01 3.0 3.05 3.1 3.02 2.98 3.06 3.01 100.0 75.56 1e-07 0.1 256
1.0 5.99 6.05 6.41 6.21 6.39 6.12 6.46 6.03 6.31 6.32 5.98 6.42 6.0 6.42 5.58 6.11 6.37 5.44 6.35 6.19 100.0 67.6 1e-07 0.001 256
1.0 3.17 3.35 3.51 3.46 3.35 3.29 3.43 3.47 3.51 3.54 3.53 3.42 3.42 3.47 3.42 3.62 3.59 3.54 3.76 3.64 100.0 74.65 1e-05 0.1 512
1.0 3.24 3.33 3.31 3.22 3.31 3.4 3.27 3.35 3.28 3.3 3.32 3.26 3.39 3.29 3.22 3.28 3.28 3.31 3.15 3.26 99.588 77.36 1e-06 0.01 256
1.0 3.36 3.14 3.2 3.22 3.1 3.2 3.1 3.14 3.13 3.16 3.11 3.12 3.12 3.11 3.16 2.99 2.97 2.99 2.99 3.03 100.0 78.92 1e-05 0.01 256
1.0 5.64 5.44 5.04 5.83 5.27 5.81 5.36 5.59 5.8 5.63 5.63 5.63 5.74 5.65 6.0 5.97 6.05 5.63 5.8 6.22 100.0 67.7 1e-05 0.001 256
1.0 3.11 3.15 3.18 3.33 3.33 3.09 3.29 3.32 3.11 3.18 3.18 3.47 3.37 3.29 3.33 3.39 3.23 3.27 3.2 3.12 100.0 71.88 1e-07 0.1 256
1.0 3.13 3.36 3.42 3.48 3.45 3.43 3.46 3.43 3.44 3.38 3.42 3.38 3.43 3.38 3.45 3.43 3.38 3.4 3.42 3.38 100.0 79.0 1e-07 0.01 512
1.0 2.96 3.26 3.2 3.1 3.19 3.14 3.2 3.28 3.23 3.4 3.18 3.38 3.21 3.26 3.19 3.32 3.35 3.03 3.08 3.1 100.0 80.17 1e-05 0.01 512
1.0 3.06 3.26 3.2 3.34 3.44 3.39 3.32 3.32 3.38 3.46 3.43 3.37 3.44 3.36 3.45 3.36 3.32 3.4 3.39 3.36 100.0 78.23 1e-06 0.01 512
1.0 2.97 2.97 2.95 2.98 2.93 2.94 2.98 3.0 2.96 2.97 3.1 3.04 2.99 3.03 3.04 2.96 3.02 2.98 3.08 3.08 100.0 79.7 1e-06 0.01 256
1.0 2.96 3.38 3.34 3.21 3.51 3.62 3.49 3.49 3.46 3.45 3.52 3.59 3.55 3.18 3.43 3.57 3.42 3.59 3.42 3.55 100.0 69.24 1e-05 0.1 256
1.0 7.52 7.21 7.46 7.44 7.42 7.34 7.0 7.41 7.52 7.32 7.43 7.36 7.37 7.27 7.43 7.49 7.59 7.26 7.48 7.38 100.0 65.24 1e-05 0.001 512
1.0 3.08 2.99 3.01 3.08 3.06 3.0 2.97 2.91 3.14 3.06 2.99 2.95 2.96 3.13 3.22 3.07 3.03 3.11 3.17 3.1 100.0 79.94 1e-07 0.01 256
1.0 3.12 3.09 3.2 3.19 3.18 3.11 3.3 3.24 3.1 3.05 3.21 3.15 3.25 3.15 3.17 3.11 3.16 3.23 3.09 3.22 100.0 78.26 1e-05 0.01 256
1.0 6.35 6.18 6.65 6.21 6.65 7.0 6.24 6.45 6.49 6.82 6.57 6.79 6.51 6.15 6.3 6.31 5.75 6.2 6.04 6.22 100.0 67.05 1e-05 0.001 256
1.0 3.25 3.05 3.59 3.67 3.66 3.56 3.52 3.42 3.61 3.6 3.19 3.62 3.61 3.58 3.64 3.64 3.66 3.67 3.62 3.74 100.0 71.7 1e-06 0.1 1024
1.0 3.25 3.26 3.48 3.35 3.41 3.54 3.48 3.69 3.56 3.56 3.49 3.46 3.57 3.52 3.61 3.59 3.62 3.49 3.55 3.68 100.0 70.54 1e-05 0.1 1024
1.0 3.43 3.27 3.4 3.82 3.76 3.83 3.83 3.76 3.78 3.9 3.89 3.92 3.86 3.79 3.78 3.86 3.84 3.86 3.88 3.83 100.0 70.51 1e-07 0.1 1024
1.0 3.12 3.23 3.33 3.2 3.22 3.26 3.25 3.18 3.26 3.27 3.28 3.24 3.23 3.28 3.23 3.23 3.18 3.21 3.21 3.23 100.0 76.03 1e-05 0.01 1024
1.0 3.01 3.25 3.21 3.31 3.29 3.29 3.25 3.39 3.34 3.32 3.39 3.38 3.38 3.41 3.36 3.36 3.41 3.49 3.39 3.4 100.0 76.97 1e-06 0.01 1024
1.0 3.09 3.29 3.34 3.31 3.3 3.37 3.33 3.28 3.33 3.25 3.38 3.43 3.35 3.34 3.43 3.36 3.38 3.33 3.38 3.4 100.0 77.99 1e-07 0.01 1024
1.0 3.34 3.11 3.12 3.15 3.33 3.23 3.43 3.45 3.3 3.26 3.29 3.19 3.19 3.2 3.28 3.23 3.19 3.23 3.15 3.2 100.0 72.23 1e-07 0.1 512
1.0 2.92 3.16 3.01 3.23 3.06 2.98 2.96 3.35 3.0 3.0 3.0 3.04 3.05 3.07 3.08 3.1 3.07 3.04 3.06 3.04 99.966 70.66 1e-06 0.1 512
1.0 3.33 3.5 3.46 3.72 3.68 3.63 3.64 3.76 3.78 3.79 3.82 3.69 4.01 3.87 4.06 3.99 3.9 3.89 3.77 3.89 100.0 64.77 1e-05 0.1 512
1.0 3.12 3.26 3.42 3.53 3.47 3.44 3.48 3.45 3.4 3.46 3.61 3.6 3.5 3.53 3.52 3.53 3.49 3.44 3.37 3.4 100.0 68.16 1e-06 0.1 256
1.0 7.0 7.18 7.28 7.28 7.43 7.1 7.3 7.21 7.34 7.37 7.3 7.2 7.42 7.34 7.25 7.42 7.45 7.3 7.28 7.36 100.0 64.48 1e-05 0.001 1024
1.0 6.62 6.72 6.53 6.8 6.78 6.86 7.14 6.82 6.86 6.94 7.29 7.04 7.09 7.17 7.0 7.12 6.89 6.95 6.98 7.13 100.0 65.02 1e-06 0.001 1024
1.0 2.9 3.14 3.17 3.08 3.16 3.0 3.14 3.1 3.18 3.14 3.12 3.1 3.12 3.18 3.1 3.16 3.24 2.92 3.02 3.0 100.0 78.88 1e-05 0.01 512
1.0 3.35 3.19 3.17 3.06 3.25 3.17 3.15 3.18 3.2 3.14 3.19 3.19 3.12 3.2 3.14 3.15 3.16 3.17 3.17 3.15 100.0 81.48 1e-07 0.01 256
1.0 2.81 3.13 3.26 3.05 3.1 3.1 3.12 3.13 3.15 3.13 3.21 3.15 3.11 3.11 3.11 3.2 3.21 3.17 3.14 3.18 100.0 76.11 1e-07 0.1 256
1.0 6.94 6.76 6.65 7.08 7.18 7.09 7.05 7.07 6.91 7.09 7.2 7.32 7.29 7.04 7.19 6.95 6.99 7.32 7.13 7.25 100.0 64.26 1e-07 0.001 1024
1.0 3.0 3.41 3.28 3.36 3.27 3.32 3.37 3.12 3.18 3.23 3.26 3.26 3.44 3.39 3.19 3.27 3.28 3.25 3.59 3.31 100.0 76.33 1e-05 0.1 256
1.0 3.06 3.04 3.07 3.2 3.14 3.14 3.15 3.15 3.17 3.25 3.2 3.16 3.19 3.18 3.3 3.26 3.29 3.28 3.29 3.26 100.0 78.93 1e-06 0.01 512
1.0 2.86 3.26 3.35 3.36 3.38 3.35 3.33 3.33 3.33 3.4 3.38 3.39 3.32 3.34 3.44 3.45 3.38 3.37 3.35 3.35 100.0 78.86 1e-07 0.01 512
1.0 6.31 6.96 6.58 6.84 6.45 6.66 6.42 6.63 6.58 6.65 6.52 6.53 6.6 6.51 6.61 6.58 6.54 6.52 6.61 6.72 100.0 65.86 1e-06 0.001 512
1.0 3.03 3.04 3.02 2.97 3.04 3.04 3.09 3.23 3.25 3.24 3.18 3.12 3.18 3.2 3.26 3.16 3.01 3.12 3.15 3.09 100.0 81.83 1e-05 0.01 256
1.0 3.24 3.05 3.01 2.96 3.03 3.04 3.11 3.16 3.13 3.08 3.13 3.09 3.14 3.16 3.21 3.12 3.1 2.91 2.91 2.99 100.0 77.15 1e-06 0.01 256
1.0 6.09 6.23 6.06 6.57 6.33 6.32 6.54 6.47 6.37 6.79 6.71 6.49 6.68 6.46 6.5 6.56 6.49 6.51 6.87 6.53 100.0 66.08 1e-07 0.001 512
1.0 5.07 5.37 5.54 5.43 5.77 5.73 5.47 5.11 5.39 5.51 5.5 5.44 5.25 5.64 5.76 5.48 5.46 5.35 5.69 5.41 99.998 68.73 1e-06 0.001 256
1.0 6.2 6.25 6.72 6.7 6.49 6.73 6.54 6.32 6.54 6.61 6.19 6.67 6.77 6.66 6.66 6.71 6.55 6.65 6.64 6.72 100.0 65.7 1e-05 0.001 512
1.0 6.14 6.09 5.92 6.04 6.14 6.15 5.97 6.02 5.71 6.12 6.23 6.15 5.84 5.73 6.23 6.59 5.96 5.82 5.74 5.9 99.994 66.87 1e-05 0.001 256
1.0 5.66 5.58 5.76 6.06 5.93 5.29 5.38 5.53 5.75 5.82 5.36 5.69 5.85 5.86 5.52 5.53 5.48 5.92 6.51 6.04 99.994 67.25 1e-07 0.001 256
