1.0 1.17 4.41 3.12 3.01 3.05 3.38 3.12 3.75 2.95 3.13 3.13 3.09 3.15 3.15 3.11 3.87 3.16 3.49 3.08 3.1 99.754 82.99 1e-05 0.1 1024
1.0 1.62 4.48 3.81 3.11 3.01 3.16 3.14 3.11 3.1 3.11 3.13 3.15 3.19 3.09 3.11 3.16 3.16 3.15 3.15 3.14 100.0 81.88 1e-06 0.1 1024
1.0 2.12 3.84 4.15 2.98 3.13 3.16 3.29 3.19 3.49 3.35 3.28 3.27 3.44 3.43 3.46 3.37 3.34 3.29 3.32 3.39 99.998 80.3 1e-07 0.1 1024
1.0 3.67 3.24 3.21 3.04 3.24 3.17 3.24 3.2 3.27 3.19 3.27 3.21 3.16 3.19 3.16 3.28 3.26 3.28 3.34 3.26 100.0 84.11 1e-06 0.1 512
1.0 3.79 3.22 3.02 3.11 3.27 3.23 3.18 3.21 3.02 3.19 3.2 3.22 3.09 3.07 3.21 3.1 3.11 3.11 3.12 3.09 99.774 84.56 1e-05 0.1 512
1.0 3.89 3.44 3.21 3.29 3.15 3.15 3.24 3.18 3.06 3.11 3.19 3.23 3.21 3.12 3.2 3.16 3.01 3.26 3.16 3.18 100.0 82.57 1e-07 0.1 512
1.0 3.69 3.16 3.22 3.0 2.96 2.93 2.92 3.02 3.1 3.11 3.11 3.14 3.18 3.05 3.13 3.18 3.17 3.15 3.12 3.16 100.0 84.81 1e-05 0.01 1024
1.0 3.58 3.32 3.07 3.05 3.11 3.11 3.07 3.02 3.07 3.07 3.02 3.1 3.1 3.07 3.12 3.11 3.08 3.13 3.1 3.1 100.0 85.14 1e-06 0.01 1024
1.0 3.32 3.18 2.92 2.83 2.94 3.02 2.92 2.87 2.95 2.93 2.92 2.96 2.94 2.96 2.99 3.02 2.93 2.93 2.94 2.97 100.0 85.73 1e-05 0.01 512
1.0 3.22 3.04 3.03 3.03 2.86 2.85 2.96 2.88 2.81 2.86 2.89 2.93 2.86 2.89 3.01 2.93 2.84 2.99 2.88 2.88 100.0 85.65 1e-06 0.01 512
1.0 4.01 3.12 3.19 3.04 3.07 3.12 3.08 3.12 3.11 3.14 3.14 3.15 3.14 3.16 3.15 3.2 3.21 3.18 3.19 3.15 100.0 85.35 1e-07 0.01 1024
1.0 3.67 3.96 3.93 3.98 3.86 3.9 3.89 4.01 3.92 4.05 3.98 4.11 4.11 4.02 4.03 4.06 3.97 4.03 4.04 4.02 100.0 72.5 1e-06 0.001 1024
1.0 3.43 2.99 3.37 3.07 3.04 2.81 2.91 2.83 2.97 3.04 2.97 2.96 2.92 2.83 2.84 2.87 2.88 2.91 2.72 2.85 99.636 84.36 1e-05 0.1 256
1.0 3.41 3.03 3.01 3.09 3.11 2.91 2.99 3.03 3.11 3.06 3.17 3.14 3.24 2.92 2.91 3.24 3.21 2.85 3.06 3.06 99.958 83.2 1e-06 0.1 256
1.0 3.3 2.94 3.22 3.13 3.11 3.16 3.21 3.06 2.99 3.18 3.2 3.23 3.2 2.94 3.02 3.11 3.19 2.97 2.96 3.08 99.942 82.9 1e-07 0.1 256
1.0 3.59 3.58 3.58 3.58 3.56 3.52 3.58 3.5 3.53 3.63 3.56 3.6 3.59 3.52 3.46 3.58 3.63 3.54 3.52 3.56 100.0 73.4 1e-05 0.001 1024
1.0 3.08 2.93 2.95 2.93 2.96 2.98 2.86 2.84 2.83 2.88 2.84 2.85 2.82 2.78 2.95 2.82 2.77 2.8 2.79 2.82 100.0 85.68 1e-07 0.01 512
1.0 4.16 3.79 3.31 2.87 2.97 3.18 3.15 2.98 3.07 3.0 2.99 3.06 2.9 3.14 3.0 3.07 3.07 3.0 2.9 3.0 99.998 83.6 1e-05 0.1 1024
1.0 3.71 3.76 3.83 3.81 3.87 3.93 3.79 3.82 3.94 3.92 3.87 3.9 3.81 4.0 3.95 3.91 3.9 3.92 3.96 3.99 100.0 72.65 1e-07 0.001 1024
1.0 3.9 3.92 3.35 3.01 2.98 3.08 3.16 3.13 3.14 3.05 3.1 3.14 3.19 3.06 3.05 3.1 3.14 3.18 3.13 3.11 99.998 82.56 1e-06 0.1 1024
1.0 3.63 3.69 3.7 3.6 3.66 3.58 3.63 3.54 3.55 3.54 3.55 3.68 3.52 3.6 3.63 3.64 3.59 3.61 3.6 3.66 100.0 74.2 1e-07 0.001 512
1.0 4.22 3.58 3.19 2.88 3.27 3.2 3.05 3.08 2.99 3.09 3.11 3.02 3.08 3.07 3.19 3.15 3.12 2.98 2.97 2.92 100.0 82.15 1e-06 0.1 512
1.0 3.77 3.88 3.32 3.21 3.0 3.09 3.08 3.1 3.13 2.97 3.06 3.16 3.05 3.13 3.13 3.19 3.14 3.14 3.13 3.03 100.0 81.71 1e-07 0.1 1024
1.0 3.0 2.89 2.82 3.04 3.01 2.82 2.83 2.9 2.96 2.9 2.89 2.95 3.05 2.78 2.8 2.84 2.92 2.81 3.1 2.97 99.8 84.96 1e-05 0.01 256
1.0 4.29 3.21 3.02 3.08 3.2 3.01 3.18 3.13 2.9 2.93 3.09 3.13 3.28 2.98 3.09 3.0 3.12 2.88 2.98 3.04 99.648 81.19 1e-05 0.1 512
1.0 3.0 2.99 2.99 3.04 3.04 2.96 2.97 3.04 3.21 2.99 3.05 3.01 3.06 2.97 3.03 2.9 2.92 2.98 2.89 3.04 99.994 69.43 1e-06 0.01 256
1.0 2.81 2.8 2.95 2.72 3.02 2.89 2.81 2.78 2.84 2.91 2.85 2.89 3.09 2.82 2.88 2.77 2.82 2.73 2.82 2.76 99.998 86.0 1e-07 0.01 256
1.0 3.68 3.73 3.66 3.54 3.73 3.69 3.63 3.68 3.6 3.73 3.7 3.67 3.57 3.63 3.78 3.65 3.65 3.63 3.73 3.77 100.0 74.4 1e-05 0.001 512
1.0 3.43 3.43 3.39 3.37 3.43 3.4 3.44 3.37 3.43 3.38 3.44 3.48 3.44 3.41 3.39 3.4 3.44 3.33 3.35 3.41 100.0 74.27 1e-06 0.001 512
1.0 3.9 3.18 3.13 3.03 3.26 3.24 3.3 3.45 3.07 3.26 3.4 3.42 3.27 3.34 3.35 3.3 3.24 3.3 3.27 3.3 100.0 82.09 1e-07 0.1 512
1.0 3.91 3.27 3.13 3.03 3.09 3.16 3.16 3.11 3.11 3.19 3.06 3.12 3.18 3.18 3.12 3.17 3.12 3.16 3.19 2.94 99.924 84.63 1e-05 0.01 1024
1.0 3.47 3.17 3.23 3.14 3.11 3.22 3.11 3.32 3.22 3.28 3.15 3.33 2.95 3.47 3.27 3.29 3.38 3.26 3.38 3.26 100.0 76.13 1e-05 0.001 256
1.0 3.55 3.26 3.2 3.03 3.23 3.07 3.16 3.17 3.2 3.06 3.11 3.12 3.11 3.14 3.17 3.09 3.16 3.15 3.11 3.16 100.0 84.48 1e-06 0.01 1024
1.0 3.29 3.57 3.42 3.44 3.38 3.43 3.58 3.52 3.49 3.38 3.51 3.4 3.49 3.58 3.63 3.04 3.33 3.56 3.52 3.29 99.974 75.21 1e-06 0.001 256
1.0 3.92 3.14 3.07 3.06 3.17 3.05 3.09 3.13 3.16 3.22 3.21 3.16 3.24 3.25 3.24 3.33 3.23 3.27 3.18 3.09 99.994 84.48 1e-07 0.01 1024
1.0 3.17 3.22 3.25 3.18 3.16 3.24 3.23 3.21 3.27 3.15 3.2 3.27 3.35 3.25 3.21 3.31 3.26 3.15 3.16 3.24 100.0 75.37 1e-07 0.001 256
1.0 3.33 2.99 2.95 3.03 3.09 3.1 2.97 3.0 3.02 2.99 3.05 2.96 3.01 2.98 3.0 3.05 3.02 3.02 2.99 2.97 100.0 84.99 1e-05 0.01 512
1.0 3.1 3.0 3.02 2.92 2.87 3.15 3.01 3.03 2.92 3.09 2.81 2.86 3.03 2.95 2.87 2.84 2.95 2.95 3.02 2.98 99.858 84.65 1e-05 0.1 256
1.0 3.06 2.93 2.88 3.18 3.0 3.11 3.09 3.15 3.07 3.1 3.08 3.12 3.11 3.17 3.09 3.09 3.09 3.09 3.05 3.13 100.0 85.74 1e-06 0.01 512
1.0 3.25 3.04 3.13 3.25 3.01 3.0 3.1 3.1 2.87 3.01 3.09 2.9 3.1 2.84 2.97 3.02 3.05 2.99 3.31 3.06 99.976 83.27 1e-06 0.1 256
1.0 3.51 2.9 3.18 3.07 3.2 3.25 3.13 3.14 3.12 3.33 3.03 3.11 3.12 3.13 3.21 3.14 3.21 3.12 3.18 3.09 99.998 83.73 1e-07 0.1 256
1.0 3.43 3.02 3.49 3.21 3.14 3.15 3.28 3.37 3.38 3.23 3.42 3.28 3.45 3.41 3.34 3.38 3.34 3.51 3.51 3.51 100.0 85.24 1e-07 0.01 512
1.0 3.08 2.96 2.94 3.08 2.93 3.01 3.02 3.1 2.85 2.9 2.96 3.01 3.05 2.96 2.98 3.0 2.9 2.97 2.95 3.04 99.98 85.84 1e-05 0.01 256
1.0 2.93 3.05 2.97 3.06 3.24 3.03 3.04 2.95 3.04 2.93 2.86 3.15 3.03 2.89 2.98 2.91 2.97 2.89 3.02 2.95 99.976 85.68 1e-06 0.01 256
1.0 2.91 2.94 2.98 2.93 2.82 2.77 3.14 2.91 2.81 2.86 2.92 2.91 2.86 2.91 2.83 2.89 2.98 2.9 2.91 2.88 99.79 82.42 1e-07 0.01 256
1.0 3.72 3.52 3.49 3.53 3.56 3.59 3.55 3.53 3.52 3.46 3.46 3.43 3.48 3.47 3.54 3.44 3.39 3.49 3.57 3.45 100.0 72.87 1e-05 0.001 1024
1.0 3.5 3.61 3.59 3.58 3.53 3.58 3.55 3.59 3.66 3.64 3.6 3.62 3.68 3.66 3.69 3.66 3.63 3.54 3.64 3.63 100.0 72.55 1e-06 0.001 1024
1.0 3.77 3.82 3.75 3.71 3.7 3.78 3.7 3.73 3.79 3.72 3.71 3.77 3.73 3.73 3.71 3.7 3.67 3.71 3.67 3.64 100.0 72.36 1e-07 0.001 1024
1.0 3.92 3.67 3.58 3.62 3.5 3.61 3.56 3.53 3.59 3.52 3.61 3.58 3.55 3.55 3.63 3.61 3.61 3.54 3.55 3.57 100.0 74.32 1e-05 0.001 512
1.0 3.13 3.43 3.35 3.31 3.33 3.35 3.44 3.29 3.43 3.39 3.34 3.36 3.45 3.41 3.46 3.45 3.4 3.36 3.41 3.42 100.0 74.59 1e-06 0.001 512
1.0 3.48 3.63 3.6 3.65 3.65 3.63 3.64 3.67 3.61 3.71 3.56 3.63 3.67 3.59 3.53 3.67 3.73 3.68 3.6 3.65 100.0 74.32 1e-07 0.001 512
1.0 3.19 3.45 3.19 3.4 3.37 3.31 3.27 3.38 3.45 3.51 3.24 3.32 3.39 3.3 3.2 3.27 3.34 3.2 3.33 3.39 100.0 75.82 1e-05 0.001 256
1.0 3.44 3.43 3.34 3.32 3.44 3.3 3.29 3.38 3.35 3.27 3.47 3.41 3.39 3.43 3.33 3.28 3.33 3.29 3.44 3.51 99.996 75.28 1e-06 0.001 256
1.0 3.32 3.53 3.54 3.48 3.6 3.49 3.48 3.24 3.45 3.41 3.45 3.28 3.47 3.53 3.53 3.3 3.54 3.37 3.52 3.43 99.998 75.13 1e-07 0.001 256
1.0 3.68 3.83 3.49 3.19 3.31 2.97 3.26 3.29 2.99 3.11 3.14 3.03 3.05 3.1 3.14 3.16 3.32 3.29 3.24 3.11 94.822 73.53 1e-05 0.1 1024
1.0 3.26 3.9 3.52 3.41 3.21 3.16 3.41 3.44 3.38 3.48 3.4 3.52 3.37 3.38 3.52 3.4 3.48 3.44 3.46 3.48 100.0 80.35 1e-07 0.1 1024
1.0 3.66 4.33 3.33 3.1 3.14 3.1 3.4 3.34 3.09 3.25 3.19 3.29 3.22 3.26 3.16 3.21 3.26 3.2 3.25 3.38 99.946 80.29 1e-06 0.1 1024
1.0 3.51 2.9 2.99 3.01 3.06 3.04 3.03 3.01 3.09 3.07 2.93 2.96 3.06 3.03 2.93 2.98 2.79 2.98 2.95 3.1 99.88 83.89 1e-05 0.1 512
1.0 3.26 3.0 2.99 3.18 3.2 3.2 2.93 3.05 3.12 3.11 3.08 3.0 3.06 3.05 3.14 3.09 3.09 3.05 3.02 3.1 100.0 83.91 1e-07 0.1 512
1.0 1.28 4.01 3.17 3.13 3.17 3.36 3.23 3.18 3.29 3.11 3.13 3.08 3.11 3.11 3.06 3.03 3.06 3.1 3.04 3.26 99.85 80.28 1e-06 0.1 512
1.0 3.08 3.09 2.96 3.09 3.06 2.89 2.98 2.93 2.99 3.1 2.98 3.06 3.08 3.15 2.92 2.93 2.94 2.9 3.06 2.83 99.942 84.23 1e-05 0.1 256
1.0 3.47 2.89 3.1 3.05 3.1 3.07 3.08 3.06 3.05 3.03 3.04 3.01 3.04 3.01 3.04 3.02 3.0 3.0 3.05 3.06 100.0 85.28 1e-06 0.01 1024
1.0 3.31 3.31 2.99 3.14 3.15 3.13 3.15 3.12 3.18 3.21 3.16 3.21 3.17 3.15 3.17 3.21 3.18 3.11 3.19 3.19 100.0 84.97 1e-07 0.01 1024
1.0 3.63 3.05 3.32 3.16 3.23 3.12 3.06 3.03 3.15 3.0 3.13 3.18 2.95 3.18 3.05 3.0 3.17 3.23 3.13 3.17 99.992 83.81 1e-06 0.1 256
1.0 3.41 2.98 3.31 3.17 3.07 3.04 3.13 3.09 3.11 3.2 3.04 2.95 2.94 3.03 2.93 3.24 2.95 3.24 3.06 3.12 99.956 82.46 1e-07 0.1 256
1.0 3.21 3.01 2.92 2.84 2.96 3.0 3.0 2.97 2.97 3.01 3.01 3.0 3.01 2.98 3.03 3.02 3.01 2.99 3.02 2.99 100.0 84.31 1e-05 0.01 1024
1.0 3.05 3.16 3.33 3.1 3.0 3.06 2.99 3.02 3.04 3.0 3.02 2.95 2.97 2.98 2.99 3.05 3.03 2.98 3.0 2.91 100.0 84.97 1e-07 0.01 512
1.0 3.09 3.19 3.38 3.19 3.14 3.22 3.25 3.16 3.28 3.33 3.25 3.27 3.28 3.27 3.26 3.26 3.24 3.31 3.24 3.21 100.0 85.29 1e-05 0.01 512
1.0 3.11 2.95 2.86 2.99 2.92 2.88 2.79 2.86 2.85 2.82 2.91 2.75 2.82 2.91 2.82 2.92 2.85 2.86 2.9 2.85 99.994 86.52 1e-05 0.01 256
1.0 3.06 3.16 3.09 3.02 2.96 3.03 3.14 3.03 3.13 3.11 3.28 3.14 3.18 3.25 3.15 3.23 3.28 3.12 3.16 3.16 100.0 85.56 1e-06 0.01 512
1.0 2.99 2.81 3.06 2.87 2.93 2.81 2.8 2.94 3.01 2.83 2.82 2.76 2.97 3.02 2.92 2.92 2.97 2.92 2.85 2.97 99.966 84.95 1e-06 0.01 256
1.0 2.91 2.85 2.9 2.92 2.86 2.89 2.94 2.87 2.99 2.95 2.98 3.02 2.92 2.94 2.89 2.9 2.88 3.01 2.88 2.94 99.99 77.0 1e-07 0.01 256
1.0 3.43 3.59 3.5 3.48 3.48 3.47 3.43 3.43 3.49 3.48 3.51 3.47 3.42 3.42 3.48 3.49 3.43 3.41 3.41 3.47 100.0 72.86 1e-05 0.001 1024
1.0 3.49 3.62 3.47 3.48 3.48 3.45 3.47 3.51 3.52 3.58 3.51 3.48 3.44 3.44 3.49 3.49 3.48 3.51 3.46 3.6 100.0 73.56 1e-06 0.001 1024
1.0 3.43 3.52 3.59 3.58 3.57 3.54 3.54 3.46 3.6 3.59 3.63 3.58 3.63 3.58 3.58 3.54 3.54 3.57 3.57 3.45 100.0 73.74 1e-07 0.001 1024
1.0 3.52 3.45 3.57 3.59 3.51 3.45 3.48 3.56 3.42 3.49 3.42 3.44 3.45 3.45 3.44 3.61 3.47 3.5 3.49 3.49 100.0 75.16 1e-05 0.001 512
1.0 3.58 3.57 3.75 3.65 3.77 3.68 3.68 3.58 3.77 3.68 3.85 3.72 3.77 3.73 3.66 3.74 3.8 3.7 3.71 3.71 100.0 74.51 1e-06 0.001 512
1.0 3.58 3.68 3.69 3.66 3.64 3.76 3.73 3.7 3.67 3.86 3.67 3.88 3.79 3.71 3.94 3.79 3.8 3.86 3.75 3.88 100.0 74.98 1e-07 0.001 512
1.0 3.14 3.08 3.22 3.1 3.17 3.06 3.17 3.21 3.11 3.05 3.18 3.33 3.2 3.24 3.25 3.24 3.26 3.24 3.24 3.11 99.994 76.5 1e-05 0.001 256
1.0 3.58 3.29 3.22 3.16 3.22 3.15 3.26 3.3 3.16 3.2 3.21 3.24 3.19 3.22 3.23 3.15 3.13 3.27 3.2 3.23 100.0 76.21 1e-06 0.001 256
1.0 3.33 3.25 3.16 3.2 3.26 3.17 3.28 3.36 3.15 3.2 3.37 3.24 3.29 3.35 3.37 3.46 3.47 3.37 3.42 3.42 100.0 76.4 1e-07 0.001 256
