1.89 2.55 2.48 2.58 2.59 2.7 2.56 2.66 2.65 2.49 2.51 2.78 2.63 2.61 2.64 2.61 2.56 2.66 2.6 2.6 2.7 100.0 88.5 0.0005 0.01 64
1.89 2.57 2.7 2.58 2.61 2.7 2.83 2.76 2.69 2.56 2.54 2.6 2.48 2.51 2.53 2.51 2.53 2.58 2.52 2.52 2.51 100.0 87.1 0.0005 0.01 128
1.89 2.7 2.72 2.68 2.66 2.64 2.62 2.71 2.66 2.64 2.64 2.66 2.72 2.71 2.71 2.75 2.73 2.75 2.73 2.71 2.75 100.0 83.64 0.0005 0.01 256
1.89 2.95 2.78 2.89 2.95 2.88 2.97 2.91 2.87 2.86 2.92 2.9 2.91 2.9 2.97 2.94 2.93 2.93 2.98 2.92 3.01 100.0 80.65 0.0005 0.01 512
1.89 2.7 2.7 2.6 2.6 2.7 2.6 2.56 2.77 2.71 2.56 2.66 2.68 2.65 2.52 2.52 2.48 2.57 2.5 2.55 2.53 100.0 88.4 0.0005 0.01 32
1.89 2.99 2.84 2.86 2.82 2.79 2.77 2.79 2.82 2.78 2.8 2.81 2.8 2.81 2.82 2.79 2.84 2.81 2.87 2.81 2.81 100.0 76.78 0.0005 0.01 1024
1.57 2.83 2.69 2.71 2.65 2.64 2.66 2.7 2.67 2.71 2.6 2.6 2.72 2.71 2.7 2.75 2.68 2.7 2.67 2.7 2.72 100.0 88.35 0.0005 0.01 64
1.57 2.76 2.58 2.65 2.76 2.68 2.65 2.66 2.76 2.69 2.67 2.66 2.6 2.67 2.63 2.68 2.71 2.69 2.72 2.71 2.74 100.0 87.04 0.0005 0.01 128
1.57 2.78 2.74 2.75 2.77 2.7 2.73 2.69 2.68 2.71 2.77 2.82 2.8 2.92 2.81 2.8 2.78 2.79 2.8 2.74 2.75 100.0 83.32 0.0005 0.01 256
1.57 2.85 2.81 2.8 2.78 2.79 2.9 2.89 2.84 2.9 2.93 2.95 2.94 2.91 2.97 3.02 2.93 2.97 2.95 2.91 2.95 100.0 80.59 0.0005 0.01 512
1.57 2.72 2.75 2.66 2.63 2.78 2.89 2.74 2.88 2.71 2.65 2.56 2.58 2.57 2.6 2.6 2.7 2.61 2.67 2.72 2.72 100.0 89.35 0.0005 0.01 32
1.57 3.08 3.06 3.01 3.09 3.08 3.06 3.06 3.11 3.06 3.12 3.12 3.19 3.07 3.1 3.11 3.13 3.06 3.06 3.11 3.12 100.0 76.77 0.0005 0.01 1024
1.26 2.68 2.78 2.62 2.76 2.54 2.52 2.59 2.63 2.53 2.45 2.62 2.63 2.58 2.56 2.68 2.67 2.65 2.61 2.64 2.68 100.0 88.22 0.0005 0.01 64
1.26 2.78 2.67 2.66 2.6 2.64 2.7 2.63 2.77 2.72 2.58 2.67 2.68 2.57 2.64 2.66 2.53 2.53 2.57 2.59 2.57 100.0 87.5 0.0005 0.01 128
1.26 2.67 2.66 2.66 2.72 2.7 2.7 2.71 2.78 2.82 2.84 2.8 2.85 2.79 2.78 2.8 2.82 2.79 2.78 2.77 2.79 100.0 83.23 0.0005 0.01 256
1.26 2.65 2.65 2.68 2.66 2.66 2.71 2.69 2.7 2.73 2.76 2.76 2.73 2.78 2.89 2.86 2.84 2.82 2.8 2.86 2.83 100.0 80.69 0.0005 0.01 512
1.26 2.57 2.67 2.68 2.74 2.85 2.66 2.62 2.63 2.54 2.47 2.79 2.6 2.46 2.49 2.58 2.56 2.57 2.54 2.66 2.59 100.0 88.81 0.0005 0.01 32
1.26 3.2 3.09 3.08 3.1 3.09 3.08 3.16 3.21 3.12 3.16 3.19 3.22 3.22 3.1 3.26 3.18 3.17 3.22 3.19 3.15 100.0 76.9 0.0005 0.01 1024
