1.89 2.68 2.84 2.72 2.68 2.95 2.76 2.67 2.66 2.57 2.69 2.79 2.77 2.76 2.78 2.76 2.72 2.7 2.76 2.73 2.68 100.0 86.02 0.0005 0.1 256
1.89 2.65 2.78 2.62 2.63 2.71 2.9 2.64 2.66 2.56 2.83 2.52 2.52 2.56 2.54 2.51 2.6 2.52 2.57 2.58 2.55 100.0 87.2 0.0005 0.05 256
1.89 2.7 2.72 2.68 2.66 2.64 2.62 2.71 2.66 2.64 2.64 2.66 2.72 2.71 2.71 2.75 2.73 2.75 2.73 2.71 2.75 100.0 83.64 0.0005 0.01 256
1.89 2.79 2.74 2.72 2.75 2.76 2.74 2.81 2.76 2.79 2.82 2.85 2.84 2.85 2.88 2.88 2.87 2.86 2.87 2.91 2.84 100.0 81.42 0.0005 0.005 256
1.89 3.6 3.53 3.48 3.63 3.53 3.65 3.73 3.64 3.59 3.56 3.71 3.65 3.65 3.73 3.72 3.51 3.53 3.54 3.64 3.76 100.0 71.38 0.0005 0.001 256
1.57 2.97 2.78 2.75 2.87 2.93 2.91 2.8 2.96 2.64 2.81 3.01 3.05 2.78 2.89 2.82 2.78 2.69 2.75 2.77 2.73 100.0 84.7 0.0005 0.1 256
1.57 2.58 2.66 2.84 2.69 2.72 2.71 2.69 2.63 2.61 2.72 2.78 2.74 2.77 2.82 2.82 2.83 2.79 2.83 2.83 2.89 100.0 88.49 0.0005 0.05 256
1.57 2.78 2.74 2.75 2.77 2.7 2.73 2.69 2.68 2.71 2.77 2.82 2.8 2.92 2.81 2.8 2.78 2.79 2.8 2.74 2.75 100.0 83.32 0.0005 0.01 256
1.57 2.89 2.93 3.01 3.07 2.92 2.75 2.83 2.84 2.86 2.86 2.86 2.9 2.87 2.86 2.86 2.9 2.95 2.84 2.85 2.93 100.0 80.7 0.0005 0.005 256
1.57 3.84 3.8 3.83 3.99 4.04 3.93 3.85 3.85 3.87 3.89 3.91 4.0 3.92 3.88 3.95 3.82 3.93 3.79 3.89 4.04 100.0 72.16 0.0005 0.001 256
1.26 2.64 2.69 2.87 2.91 2.63 2.7 2.69 2.89 2.64 2.72 2.7 2.75 2.91 2.72 2.67 2.76 2.74 2.83 2.77 2.74 100.0 84.06 0.0005 0.1 256
1.26 2.81 2.73 2.81 2.74 2.75 2.66 2.7 2.73 2.67 2.63 2.64 2.66 2.59 2.65 2.62 2.62 2.64 2.64 2.63 2.67 100.0 88.4 0.0005 0.05 256
1.26 2.67 2.66 2.66 2.72 2.7 2.7 2.71 2.78 2.82 2.84 2.8 2.85 2.79 2.78 2.8 2.82 2.79 2.78 2.77 2.79 100.0 83.23 0.0005 0.01 256
1.26 2.8 2.85 2.93 2.97 2.95 2.96 2.98 3.04 2.95 2.94 2.97 2.97 2.95 2.95 2.95 2.93 2.94 2.94 2.95 2.94 100.0 81.6 0.0005 0.005 256
1.26 3.44 3.6 3.47 3.46 3.49 3.56 3.57 3.51 3.58 3.57 3.5 3.55 3.55 3.53 3.65 3.71 3.53 3.54 3.57 3.68 100.0 71.33 0.0005 0.001 256
