4.61 2.2975728511810303 1e-05 1024
4.69 2.22385311126709 1e-06 1024
4.49 2.44001841545105 1e-07 1024
4.24 4.183508396148682 1e-05 512
4.15 3.928617477416992 1e-06 512
4.18 4.585988998413086 1e-07 512
2.81 0.23661179840564728 1e-05 64
4.9 4.395020008087158 1e-05 1024
4.51 4.728487968444824 1e-06 1024
3.5 1.5315964221954346 1e-05 256
4.52 4.221927642822266 1e-07 1024
3.09 0.44975975155830383 1e-05 128
4.43 4.182162761688232 1e-05 512
4.27 3.292314052581787 1e-06 512
3.89 2.365478515625 1e-06 256
4.14 3.119744062423706 1e-07 512
2.84 0.27303656935691833 1e-06 64
3.13 0.4543858468532562 1e-06 128
3.42 1.5076556205749512 1e-07 256
3.19 0.44268739223480225 1e-07 128
2.92 0.1914975643157959 1e-07 64
4.9 3.3628714084625244 1e-05 1024
4.55 3.658259391784668 1e-06 1024
5.0 3.4196536540985107 1e-07 1024
4.01 2.058525800704956 1e-05 512
4.05 1.9582291841506958 1e-06 512
3.78 2.0430452823638916 1e-07 512
3.66 2.9649057388305664 1e-07 256
3.4 0.4358329176902771 1e-05 128
3.84 2.239286184310913 1e-06 256
3.78 2.1136486530303955 1e-05 256
3.25 0.34711283445358276 1e-06 128
3.24 0.4262685775756836 1e-07 128
3.03 0.6911811232566833 1e-05 64
3.0 0.4999094307422638 1e-06 64
2.98 0.5987342596054077 1e-07 64
2.84 0.4072570502758026 1e-06 64
3.03 0.8878123760223389 1e-05 128
2.95 0.3189837336540222 1e-05 64
3.47 1.3707717657089233 1e-05 256
3.25 0.68986976146698 1e-07 128
3.57 1.6166765689849854 1e-06 256
2.96 0.20577970147132874 1e-07 64
3.56 1.6438677310943604 1e-07 256
2.91 0.7457966804504395 1e-06 128
4.69 2.22385311126709 1e-06 1024
4.49 2.44001841545105 1e-07 1024
4.24 4.183508396148682 1e-05 512
4.15 3.928617477416992 1e-06 512
4.18 4.585988998413086 1e-07 512
3.5 1.5315964221954346 1e-05 256
4.61 2.2975728511810303 1e-05 1024
3.89 2.365478515625 1e-06 256
3.42 1.5076556205749512 1e-07 256
4.9 4.395020008087158 1e-05 1024
4.51 4.728487968444824 1e-06 1024
4.43 4.182162761688232 1e-05 512
4.52 4.221927642822266 1e-07 1024
4.14 3.119744062423706 1e-07 512
3.09 0.44975975155830383 1e-05 128
3.19 0.44268739223480225 1e-07 128
3.66 2.9649057388305664 1e-07 256
3.84 2.239286184310913 1e-06 256
4.27 3.292314052581787 1e-06 512
3.13 0.4543858468532562 1e-06 128
3.78 2.1136486530303955 1e-05 256
4.05 1.9582291841506958 1e-06 512
3.57 1.6166765689849854 1e-06 256
3.56 1.6438677310943604 1e-07 256
4.01 2.058525800704956 1e-05 512
3.78 2.0430452823638916 1e-07 512
3.47 1.3707717657089233 1e-05 256
2.84 0.4072570502758026 1e-06 64
2.91 0.7457966804504395 1e-06 128
2.95 0.3189837336540222 1e-05 64
3.25 0.68986976146698 1e-07 128
3.03 0.8878123760223389 1e-05 128
2.96 0.20577970147132874 1e-07 64
