2.88 10.743173599243164 1e-05 0.1
2.9 0.0001589229650562629 1e-06 0.1
2.8 0.0001480080682085827 1e-07 0.1
3.01 0.010751367546617985 1e-05 0.01
2.92 0.009660140611231327 1e-07 0.01
3.05 0.008539107628166676 1e-06 0.01
4.69 2.22385311126709 1e-06 0.001
4.49 2.44001841545105 1e-07 0.001
4.61 2.2975728511810303 1e-05 0.001
2.86 0.00016030899132601917 1e-05 0.1
2.87 5.670025711879134e-05 1e-06 0.1
2.93 6.894404941704124e-05 1e-07 0.1
3.09 0.010804356075823307 1e-05 0.01
3.25 0.010095452889800072 1e-06 0.01
3.21 0.009416851215064526 1e-07 0.01
4.9 4.395020008087158 1e-05 0.001
4.51 4.728487968444824 1e-06 0.001
4.52 4.221927642822266 1e-07 0.001
2.76 0.0002499770780559629 1e-05 0.1
2.88 0.0001557931100251153 1e-07 0.1
2.84 0.00011893545888597146 1e-06 0.1

