2.6 0.0012056685518473387 1e-05 0.1
2.82 0.00012287707068026066 1e-06 0.1
2.71 5.109091580379754e-05 1e-07 0.1
2.69 0.016461826860904694 1e-05 0.01
2.61 0.008850154466927052 1e-06 0.01
3.5 1.5315964221954346 1e-05 0.001
2.73 0.00912100076675415 1e-07 0.01
2.88 0.42897507548332214 1e-05 0.1
2.75 0.00014016807836014777 1e-07 0.1
2.81 7.78724133851938e-05 1e-06 0.1
3.89 2.365478515625 1e-06 0.001
3.42 1.5076556205749512 1e-07 0.001
2.8 0.010732837952673435 1e-07 0.01
2.75 0.013870785012841225 1e-05 0.01
2.82 0.007982985116541386 1e-06 0.01
3.66 2.9649057388305664 1e-07 0.001
3.84 2.239286184310913 1e-06 0.001
3.78 2.1136486530303955 1e-05 0.001
3.57 1.6166765689849854 1e-06 0.001
3.56 1.6438677310943604 1e-07 0.001
3.47 1.3707717657089233 1e-05 0.001
