1.91 2.86 3.05 2.89 2.97 2.95 2.94 2.81 2.9 2.8 2.89 2.91 2.84 2.87 2.82 2.91 2.89 2.87 2.92 2.86 2.88 100.0 79.87 1e-05 0.1 1024
1.91 2.88 2.66 2.83 2.8 2.8 2.8 2.75 2.81 2.76 2.83 2.78 2.88 2.84 2.8 2.8 2.81 2.8 2.81 2.85 2.8 100.0 82.15 1e-05 0.1 128
1.91 2.98 2.88 2.84 2.77 2.83 2.8 2.86 2.83 2.93 2.83 2.81 2.87 2.83 2.83 2.81 2.86 2.83 2.82 2.87 2.8 100.0 79.66 1e-07 0.1 1024
1.91 2.94 2.95 2.84 2.94 2.82 2.83 2.82 2.84 2.86 2.86 2.86 2.89 2.84 2.86 2.85 2.84 2.87 2.89 2.82 2.81 100.0 82.37 1e-05 0.1 512
1.91 2.79 2.72 2.67 2.79 2.69 2.74 2.66 2.67 2.66 2.7 2.73 2.75 2.67 2.69 2.69 2.74 2.68 2.73 2.68 2.69 100.0 82.98 1e-07 0.1 128
1.91 2.93 2.76 2.79 2.82 2.7 2.77 2.71 2.72 2.74 2.8 2.74 2.73 2.74 2.77 2.7 2.8 2.8 2.74 2.73 2.82 100.0 83.45 1e-06 0.1 128
1.91 2.98 3.06 2.94 2.83 2.87 2.89 2.85 2.9 2.96 2.88 2.91 2.89 2.88 2.88 2.88 2.93 2.88 2.88 2.85 2.9 100.0 78.74 1e-06 0.1 1024
1.91 3.05 2.97 2.91 2.97 2.99 2.97 2.99 2.95 2.97 2.99 2.95 2.96 2.95 2.95 2.94 3.03 2.98 2.96 2.94 3.01 100.0 76.36 1e-05 0.01 1024
1.91 3.0 2.87 2.86 2.83 2.82 2.82 2.87 2.87 2.84 2.84 2.83 2.87 2.87 2.79 2.88 2.85 2.89 2.88 2.86 2.85 100.0 81.24 1e-06 0.1 512
1.91 2.87 2.89 2.86 2.89 2.94 2.91 2.9 2.99 2.98 2.94 3.01 3.02 2.93 2.98 2.94 2.94 2.98 2.92 3.03 2.92 100.0 77.09 1e-07 0.01 1024
1.91 2.85 2.95 2.76 2.66 2.66 2.63 2.65 2.7 2.69 2.66 2.7 2.71 2.65 2.71 2.68 2.69 2.69 2.71 2.73 2.73 100.0 83.13 1e-07 0.1 512
1.91 2.86 2.99 3.01 3.04 2.99 2.99 2.99 3.06 3.02 3.03 3.11 3.03 2.97 3.04 2.95 3.07 3.1 3.07 3.07 3.05 100.0 76.94 1e-06 0.01 1024
1.91 3.59 4.37 4.56 4.71 4.77 4.74 4.73 4.64 4.78 4.81 4.66 4.62 4.63 4.68 4.72 4.73 4.62 4.6 4.71 4.61 100.0 63.62 1e-05 0.001 1024
1.91 3.44 4.3 4.46 4.44 4.74 4.7 4.77 4.68 4.65 4.62 4.73 4.68 4.64 4.8 4.8 4.62 4.71 4.78 4.76 4.69 100.0 63.71 1e-06 0.001 1024
1.91 2.73 2.72 2.66 2.75 2.7 2.62 2.65 2.63 2.68 2.67 2.66 2.66 2.61 2.63 2.7 2.73 2.61 2.62 2.64 2.68 100.0 85.37 1e-05 0.01 128
1.91 2.69 2.57 2.54 2.54 2.57 2.51 2.5 2.48 2.55 2.52 2.57 2.5 2.51 2.54 2.55 2.5 2.49 2.5 2.54 2.51 100.0 85.27 1e-06 0.01 128
1.91 2.89 2.88 2.88 2.84 2.86 2.87 2.86 2.89 2.91 2.85 2.91 2.89 2.86 2.85 2.86 2.9 2.92 2.86 2.87 2.91 100.0 81.14 1e-05 0.01 512
1.91 2.68 2.95 2.88 2.88 2.92 2.87 2.87 2.89 2.89 2.89 2.85 2.89 2.88 2.86 2.87 2.92 2.91 2.93 2.9 2.87 100.0 80.97 1e-07 0.01 512
1.91 3.16 3.03 3.09 3.03 3.1 2.99 3.04 2.95 2.99 3.03 3.1 2.98 3.09 3.16 2.99 3.05 3.11 3.0 3.17 3.13 100.0 76.68 1e-06 0.001 128
1.91 3.99 4.27 4.32 4.1 4.23 4.28 4.14 4.28 4.23 4.17 4.19 4.18 4.19 4.25 4.13 4.12 4.16 4.17 4.22 4.24 100.0 66.75 1e-05 0.001 512
1.91 3.5 4.09 4.57 4.83 4.61 4.4 4.62 4.45 4.56 4.49 4.59 4.55 4.49 4.5 4.52 4.49 4.47 4.51 4.64 4.49 100.0 63.74 1e-07 0.001 1024
1.91 3.82 4.14 4.35 4.21 4.09 4.29 4.2 4.18 4.06 4.06 4.22 4.11 4.02 4.13 4.27 4.16 4.15 4.22 4.23 4.15 100.0 66.45 1e-06 0.001 512
1.91 3.87 4.07 4.07 4.18 4.13 4.22 4.16 4.16 4.38 4.22 4.35 4.38 4.39 4.36 4.15 4.26 4.29 4.22 4.27 4.18 100.0 66.15 1e-07 0.001 512
1.91 2.92 2.9 2.97 2.9 2.86 2.83 2.82 2.91 2.92 2.86 2.91 2.82 2.85 2.8 2.87 2.8 2.84 2.88 2.78 2.81 100.0 80.94 1e-06 0.01 512
1.57 2.92 2.95 2.84 2.82 2.84 2.77 2.8 2.81 2.84 2.81 2.84 2.83 2.82 2.83 2.84 2.83 2.84 2.85 2.83 2.86 100.0 82.2 1e-05 0.1 1024
1.91 2.75 2.62 2.75 2.61 2.76 2.74 2.69 2.76 2.63 2.68 2.71 2.74 2.72 2.76 2.63 2.68 2.69 2.72 2.66 2.63 100.0 85.47 1e-07 0.01 128
1.91 3.06 3.01 3.22 3.19 3.07 3.22 3.08 3.12 2.97 3.17 3.16 3.03 3.15 3.15 3.19 3.22 3.07 3.16 3.3 3.09 100.0 77.3 1e-05 0.001 128
1.57 2.82 2.79 2.94 2.91 2.83 2.9 2.85 2.86 2.86 2.85 2.81 2.82 2.81 2.84 2.86 2.84 2.79 2.81 2.8 2.83 100.0 83.87 1e-06 0.1 512
1.91 3.01 3.08 3.14 3.14 3.13 3.0 3.12 3.14 3.04 2.99 3.04 3.08 3.14 3.13 3.11 3.03 3.16 3.1 3.08 3.19 100.0 76.71 1e-07 0.001 128
1.57 3.06 2.81 2.87 2.83 2.8 2.82 2.85 2.84 2.82 2.82 2.81 2.82 2.81 2.84 2.8 2.88 2.82 2.85 2.86 2.87 100.0 82.31 1e-06 0.1 1024
1.57 3.04 2.98 3.07 3.02 3.14 3.1 3.13 3.13 3.09 3.15 3.1 3.2 3.12 3.18 3.18 3.15 3.1 3.13 3.16 3.21 100.0 76.58 1e-07 0.01 1024
1.57 2.97 3.03 3.05 2.99 3.04 2.99 2.96 3.03 2.94 2.97 2.95 2.97 2.96 2.98 2.99 2.91 2.98 2.97 2.98 2.96 100.0 80.78 1e-05 0.01 512
1.57 2.91 2.84 2.84 2.83 2.77 2.84 2.81 2.78 2.85 2.76 2.74 2.81 2.84 2.85 2.79 2.85 2.9 2.84 2.9 2.8 100.0 83.4 1e-06 0.1 128
1.57 2.94 2.95 2.92 2.93 2.94 2.96 2.97 2.9 2.92 2.93 2.91 2.92 2.9 2.91 2.91 2.93 2.92 2.95 2.95 2.93 100.0 81.73 1e-07 0.1 1024
1.57 2.96 3.02 2.95 2.95 2.95 2.93 2.87 2.91 2.92 2.88 2.87 2.89 2.88 2.89 2.87 2.9 2.88 2.89 2.89 2.9 100.0 81.19 1e-05 0.1 512
1.57 2.8 2.64 2.75 2.77 2.73 2.74 2.78 2.75 2.73 2.78 2.76 2.78 2.78 2.72 2.77 2.78 2.76 2.7 2.8 2.77 100.0 85.13 1e-07 0.01 128
1.57 2.81 2.98 2.85 2.94 2.89 2.89 2.9 2.88 2.89 2.86 2.84 2.86 2.89 2.85 2.86 2.9 2.87 2.88 2.88 2.89 100.0 80.52 1e-06 0.01 512
1.57 2.67 2.76 2.74 2.78 2.82 2.72 2.75 2.74 2.73 2.75 2.78 2.74 2.79 2.77 2.74 2.77 2.82 2.73 2.75 2.77 100.0 84.92 1e-05 0.01 128
1.57 2.92 2.98 2.83 3.03 2.96 2.96 2.95 2.96 3.02 3.05 3.02 3.03 2.99 3.01 2.95 2.99 3.06 2.97 2.91 2.98 100.0 81.66 1e-05 0.1 128
1.57 3.47 4.33 4.89 4.8 5.15 4.88 4.92 4.9 4.88 5.03 4.99 4.88 4.86 4.92 4.94 4.93 4.97 4.91 4.93 4.9 100.0 64.09 1e-05 0.001 1024
1.91 2.85 2.95 2.76 2.66 2.66 2.63 2.65 2.7 2.69 2.66 2.7 2.71 2.65 2.71 2.68 2.69 2.69 2.71 2.73 2.73 100.0 83.13 1e-07 0.1 512
1.57 2.73 2.71 2.74 2.66 2.63 2.72 2.66 2.68 2.69 2.73 2.67 2.68 2.68 2.67 2.67 2.68 2.71 2.64 2.74 2.69 100.0 85.22 1e-06 0.01 128
1.57 3.24 3.29 3.23 3.26 3.22 3.27 3.27 3.3 3.25 3.21 3.29 3.31 3.31 3.25 3.24 3.26 3.26 3.26 3.22 3.25 100.0 77.05 1e-06 0.01 1024
1.57 2.77 2.77 2.79 2.79 2.8 2.77 2.76 2.78 2.82 2.78 2.77 2.81 2.79 2.78 2.81 2.77 2.78 2.79 2.81 2.78 100.0 81.06 1e-07 0.01 512
1.91 2.94 2.95 2.84 2.94 2.82 2.83 2.82 2.84 2.86 2.86 2.86 2.89 2.84 2.86 2.85 2.84 2.87 2.89 2.82 2.81 100.0 82.37 1e-05 0.1 512
1.57 2.84 2.86 2.86 2.86 2.84 2.87 2.82 2.8 2.79 2.82 2.81 2.72 2.8 2.8 2.8 2.85 2.78 2.79 2.78 2.82 100.0 83.96 1e-07 0.1 512
1.57 3.62 4.4 4.26 4.37 4.44 4.43 4.42 4.54 4.47 4.51 4.52 4.32 4.47 4.51 4.46 4.36 4.53 4.44 4.54 4.43 100.0 68.45 1e-05 0.001 512
1.57 2.92 2.9 2.74 2.77 2.82 2.77 2.77 2.79 2.84 2.78 2.78 2.77 2.8 2.76 2.84 2.82 2.79 2.83 2.79 2.89 100.0 84.14 1e-07 0.1 128
1.91 2.89 2.88 2.88 2.84 2.86 2.87 2.86 2.89 2.91 2.85 2.91 2.89 2.86 2.85 2.86 2.9 2.92 2.86 2.87 2.91 100.0 81.14 1e-05 0.01 512
1.57 3.4 4.44 4.26 4.53 4.45 4.46 4.58 4.52 4.47 4.53 4.53 4.55 4.62 4.4 4.55 4.41 4.51 4.53 4.46 4.51 100.0 64.77 1e-06 0.001 1024
1.26 2.89 3.03 2.92 2.93 2.91 2.88 2.85 2.81 2.84 2.84 2.85 2.85 2.85 2.82 2.87 2.83 2.84 2.85 2.85 2.84 100.0 80.77 1e-06 0.1 1024
1.57 3.26 3.35 3.36 3.34 3.36 3.39 3.35 3.42 3.35 3.44 3.33 3.35 3.35 3.37 3.4 3.38 3.37 3.35 3.49 3.4 100.0 77.2 1e-05 0.001 128
1.57 3.76 4.32 4.21 4.11 4.2 4.2 4.14 4.15 4.29 4.3 4.32 4.3 4.17 4.16 4.28 4.3 4.13 4.28 4.3 4.14 100.0 67.75 1e-07 0.001 512
1.26 2.92 2.97 2.9 2.8 2.83 2.75 2.79 2.74 2.76 2.76 2.76 2.73 2.75 2.74 2.8 2.77 2.75 2.73 2.76 2.71 100.0 82.89 1e-07 0.1 128
1.26 2.77 2.96 2.8 2.88 2.94 2.95 2.92 2.94 2.91 2.86 2.89 2.91 2.9 2.87 2.97 2.9 2.85 2.9 2.88 2.8 100.0 83.7 1e-05 0.1 128
1.26 3.07 2.89 3.02 2.82 2.85 2.83 2.83 2.78 2.8 2.84 2.81 2.8 2.77 2.84 2.8 2.78 2.74 2.75 2.77 2.79 100.0 82.75 1e-06 0.1 128
1.26 2.78 2.87 2.76 2.74 2.86 2.83 2.77 2.76 2.77 2.78 2.77 2.76 2.78 2.77 2.79 2.75 2.79 2.77 2.83 2.76 100.0 81.97 1e-05 0.1 1024
1.91 2.92 2.9 2.97 2.9 2.86 2.83 2.82 2.91 2.92 2.86 2.91 2.82 2.85 2.8 2.87 2.8 2.84 2.88 2.78 2.81 100.0 80.94 1e-06 0.01 512
1.26 2.88 2.81 2.82 2.75 2.73 2.69 2.65 2.73 2.7 2.68 2.73 2.72 2.73 2.69 2.8 2.69 2.71 2.73 2.69 2.77 100.0 83.44 1e-07 0.1 512
1.26 2.92 2.86 2.98 2.91 2.91 2.88 2.86 2.89 2.91 2.85 2.9 2.86 2.9 2.89 2.89 2.81 2.85 2.89 2.85 2.89 100.0 81.92 1e-05 0.1 512
1.26 3.4 3.17 3.23 3.31 3.25 3.22 3.24 3.23 3.23 3.18 3.24 3.34 3.27 3.22 3.21 3.21 3.28 3.25 3.26 3.28 100.0 76.71 1e-05 0.01 1024
1.91 3.0 2.87 2.86 2.83 2.82 2.82 2.87 2.87 2.84 2.84 2.83 2.87 2.87 2.79 2.88 2.85 2.89 2.88 2.86 2.85 100.0 81.24 1e-06 0.1 512
1.26 2.86 2.92 2.78 2.86 2.8 2.83 2.83 2.79 2.84 2.83 2.82 2.78 2.79 2.83 2.79 2.79 2.86 2.82 2.8 2.8 100.0 82.49 1e-06 0.1 512
1.57 3.28 3.05 3.13 3.18 3.31 3.1 3.09 3.22 3.18 3.17 3.24 3.25 3.22 3.12 3.21 3.17 3.13 3.29 3.11 3.25 100.0 77.1 1e-06 0.001 128
1.57 3.94 4.23 4.35 4.22 4.27 4.26 4.37 4.34 4.32 4.15 4.28 4.34 4.22 4.25 4.15 4.12 4.25 4.23 4.18 4.27 100.0 67.72 1e-06 0.001 512
1.57 3.09 2.94 3.03 3.04 3.14 3.05 3.07 3.05 3.05 3.04 3.14 3.08 3.08 3.11 3.11 3.06 3.15 3.07 3.09 3.09 100.0 77.58 1e-05 0.01 1024
1.26 2.86 2.81 2.89 2.91 2.87 2.84 2.8 2.78 2.81 2.85 2.81 2.85 2.8 2.76 2.85 2.85 2.82 2.79 2.82 2.82 100.0 80.56 1e-05 0.01 512
1.91 2.88 2.66 2.83 2.8 2.8 2.8 2.75 2.81 2.76 2.83 2.78 2.88 2.84 2.8 2.8 2.81 2.8 2.81 2.85 2.8 100.0 82.15 1e-05 0.1 128
1.57 3.36 3.26 3.4 3.33 3.28 3.25 3.27 3.33 3.27 3.31 3.32 3.29 3.24 3.5 3.34 3.31 3.28 3.39 3.25 3.24 100.0 76.44 1e-07 0.001 128
1.26 2.8 2.98 2.86 2.88 2.85 2.88 2.88 2.92 2.95 2.96 2.92 2.95 2.89 2.9 2.9 2.89 2.91 2.87 2.91 2.88 100.0 81.38 1e-07 0.1 1024
1.26 3.71 4.4 4.9 4.89 4.71 4.91 5.06 4.89 4.81 5.02 4.78 4.74 4.8 4.87 4.9 4.84 5.0 4.93 4.94 4.9 100.0 63.14 1e-05 0.001 1024
1.91 2.68 2.95 2.88 2.88 2.92 2.87 2.87 2.89 2.89 2.89 2.85 2.89 2.88 2.86 2.87 2.92 2.91 2.93 2.9 2.87 100.0 80.97 1e-07 0.01 512
1.91 2.93 2.76 2.79 2.82 2.7 2.77 2.71 2.72 2.74 2.8 2.74 2.73 2.74 2.77 2.7 2.8 2.8 2.74 2.73 2.82 100.0 83.45 1e-06 0.1 128
1.26 3.61 3.92 3.93 4.13 4.11 3.98 4.11 3.99 4.1 3.97 3.96 4.16 3.98 4.1 4.01 4.15 4.03 4.14 3.98 4.01 100.0 67.15 1e-05 0.001 512
1.26 3.03 2.89 2.9 3.01 2.93 3.0 2.85 2.87 3.01 3.02 2.93 2.92 2.94 2.94 3.01 2.96 2.97 2.98 3.06 2.91 100.0 76.16 1e-06 0.001 128
1.26 3.14 3.08 3.02 3.07 2.95 2.99 2.88 3.08 2.99 2.99 2.99 3.04 2.94 3.04 2.98 2.98 3.02 3.03 2.99 3.03 100.0 77.08 1e-05 0.001 128
1.26 3.59 4.28 4.49 4.45 4.46 4.6 4.45 4.64 4.47 4.61 4.42 4.5 4.48 4.54 4.53 4.58 4.63 4.53 4.58 4.55 100.0 64.13 1e-06 0.001 1024
1.91 3.82 4.14 4.35 4.21 4.09 4.29 4.2 4.18 4.06 4.06 4.22 4.11 4.02 4.13 4.27 4.16 4.15 4.22 4.23 4.15 100.0 66.45 1e-06 0.001 512
1.26 2.69 2.77 2.67 2.69 2.69 2.74 2.66 2.68 2.67 2.71 2.69 2.67 2.68 2.67 2.71 2.7 2.63 2.65 2.66 2.73 100.0 85.26 1e-07 0.01 128
1.26 3.03 3.14 3.18 3.15 3.09 3.09 3.1 3.07 3.16 3.12 3.18 3.13 3.2 3.13 3.11 3.14 3.13 3.18 3.14 3.2 100.0 76.35 1e-06 0.01 1024
1.26 2.76 2.8 2.76 2.75 2.79 2.77 2.76 2.78 2.76 2.78 2.79 2.81 2.76 2.76 2.78 2.8 2.8 2.76 2.77 2.74 100.0 80.94 1e-06 0.01 512
1.26 3.59 4.62 4.83 4.92 4.76 4.85 4.8 4.93 4.84 4.79 4.91 4.92 4.86 4.88 4.81 4.87 4.8 4.89 4.74 5.0 100.0 63.28 1e-07 0.001 1024
1.26 2.72 2.78 2.73 2.75 2.81 2.74 2.74 2.68 2.75 2.73 2.67 2.68 2.74 2.71 2.68 2.71 2.7 2.74 2.76 2.68 100.0 85.2 1e-05 0.01 128
1.57 3.47 4.27 4.58 4.44 4.55 4.55 4.59 4.52 4.55 4.51 4.55 4.51 4.56 4.5 4.51 4.53 4.45 4.45 4.45 4.52 100.0 64.61 1e-07 0.001 1024
1.26 3.67 3.96 4.0 3.87 3.96 4.02 3.98 4.07 4.05 3.99 4.01 4.03 4.01 4.07 4.04 3.95 4.02 4.1 3.95 4.05 100.0 66.92 1e-06 0.001 512
1.26 2.86 2.64 2.62 2.6 2.6 2.56 2.66 2.58 2.57 2.63 2.59 2.59 2.63 2.6 2.62 2.65 2.62 2.6 2.66 2.55 100.0 85.08 1e-06 0.01 128
1.26 2.92 2.9 2.93 2.88 2.91 2.9 2.89 2.89 2.91 2.87 2.89 2.95 2.9 2.86 2.86 2.88 2.89 2.88 2.86 2.89 100.0 81.19 1e-07 0.01 512
1.26 3.16 3.09 3.06 3.09 3.08 3.06 3.07 3.07 3.11 3.12 3.08 3.12 3.09 3.07 3.09 3.02 3.18 3.13 3.05 3.25 100.0 77.04 1e-07 0.001 128
1.26 3.53 4.0 3.81 3.93 3.93 3.85 3.93 3.9 3.86 3.99 3.95 3.85 3.84 3.84 3.86 3.87 3.84 3.92 3.89 3.78 100.0 67.76 1e-07 0.001 512
1.91 3.87 4.07 4.07 4.18 4.13 4.22 4.16 4.16 4.38 4.22 4.35 4.38 4.39 4.36 4.15 4.26 4.29 4.22 4.27 4.18 100.0 66.15 1e-07 0.001 512
1.57 2.96 3.02 2.95 2.95 2.95 2.93 2.87 2.91 2.92 2.88 2.87 2.89 2.88 2.89 2.87 2.9 2.88 2.89 2.89 2.9 100.0 81.19 1e-05 0.1 512
1.57 2.82 2.79 2.94 2.91 2.83 2.9 2.85 2.86 2.86 2.85 2.81 2.82 2.81 2.84 2.86 2.84 2.79 2.81 2.8 2.83 100.0 83.87 1e-06 0.1 512
1.26 3.12 3.04 3.03 3.05 3.08 2.98 3.0 3.01 3.02 3.08 3.05 3.05 3.03 2.98 3.07 3.16 2.99 3.07 3.06 3.07 100.0 77.02 1e-07 0.01 1024
1.57 2.92 2.9 2.74 2.77 2.82 2.77 2.77 2.79 2.84 2.78 2.78 2.77 2.8 2.76 2.84 2.82 2.79 2.83 2.79 2.89 100.0 84.14 1e-07 0.1 128
1.57 2.84 2.86 2.86 2.86 2.84 2.87 2.82 2.8 2.79 2.82 2.81 2.72 2.8 2.8 2.8 2.85 2.78 2.79 2.78 2.82 100.0 83.96 1e-07 0.1 512
1.91 2.69 2.57 2.54 2.54 2.57 2.51 2.5 2.48 2.55 2.52 2.57 2.5 2.51 2.54 2.55 2.5 2.49 2.5 2.54 2.51 100.0 85.27 1e-06 0.01 128
1.91 3.06 3.01 3.22 3.19 3.07 3.22 3.08 3.12 2.97 3.17 3.16 3.03 3.15 3.15 3.19 3.22 3.07 3.16 3.3 3.09 100.0 77.3 1e-05 0.001 128
1.91 3.99 4.27 4.32 4.1 4.23 4.28 4.14 4.28 4.23 4.17 4.19 4.18 4.19 4.25 4.13 4.12 4.16 4.17 4.22 4.24 100.0 66.75 1e-05 0.001 512
1.91 3.16 3.03 3.09 3.03 3.1 2.99 3.04 2.95 2.99 3.03 3.1 2.98 3.09 3.16 2.99 3.05 3.11 3.0 3.17 3.13 100.0 76.68 1e-06 0.001 128
1.91 2.75 2.62 2.75 2.61 2.76 2.74 2.69 2.76 2.63 2.68 2.71 2.74 2.72 2.76 2.63 2.68 2.69 2.72 2.66 2.63 100.0 85.47 1e-07 0.01 128
1.57 2.97 3.03 3.05 2.99 3.04 2.99 2.96 3.03 2.94 2.97 2.95 2.97 2.96 2.98 2.99 2.91 2.98 2.97 2.98 2.96 100.0 80.78 1e-05 0.01 512
1.57 3.94 4.23 4.35 4.22 4.27 4.26 4.37 4.34 4.32 4.15 4.28 4.34 4.22 4.25 4.15 4.12 4.25 4.23 4.18 4.27 100.0 67.72 1e-06 0.001 512
1.57 3.26 3.35 3.36 3.34 3.36 3.39 3.35 3.42 3.35 3.44 3.33 3.35 3.35 3.37 3.4 3.38 3.37 3.35 3.49 3.4 100.0 77.2 1e-05 0.001 128
1.57 3.28 3.05 3.13 3.18 3.31 3.1 3.09 3.22 3.18 3.17 3.24 3.25 3.22 3.12 3.21 3.17 3.13 3.29 3.11 3.25 100.0 77.1 1e-06 0.001 128
1.57 3.36 3.26 3.4 3.33 3.28 3.25 3.27 3.33 3.27 3.31 3.32 3.29 3.24 3.5 3.34 3.31 3.28 3.39 3.25 3.24 100.0 76.44 1e-07 0.001 128
1.26 3.03 2.89 2.9 3.01 2.93 3.0 2.85 2.87 3.01 3.02 2.93 2.92 2.94 2.94 3.01 2.96 2.97 2.98 3.06 2.91 100.0 76.16 1e-06 0.001 128
1.26 3.16 3.09 3.06 3.09 3.08 3.06 3.07 3.07 3.11 3.12 3.08 3.12 3.09 3.07 3.09 3.02 3.18 3.13 3.05 3.25 100.0 77.04 1e-07 0.001 128
1.57 3.76 4.32 4.21 4.11 4.2 4.2 4.14 4.15 4.29 4.3 4.32 4.3 4.17 4.16 4.28 4.3 4.13 4.28 4.3 4.14 100.0 67.75 1e-07 0.001 512
1.57 2.81 2.98 2.85 2.94 2.89 2.89 2.9 2.88 2.89 2.86 2.84 2.86 2.89 2.85 2.86 2.9 2.87 2.88 2.88 2.89 100.0 80.52 1e-06 0.01 512
1.26 3.53 4.0 3.81 3.93 3.93 3.85 3.93 3.9 3.86 3.99 3.95 3.85 3.84 3.84 3.86 3.87 3.84 3.92 3.89 3.78 100.0 67.76 1e-07 0.001 512
1.26 3.61 3.92 3.93 4.13 4.11 3.98 4.11 3.99 4.1 3.97 3.96 4.16 3.98 4.1 4.01 4.15 4.03 4.14 3.98 4.01 100.0 67.15 1e-05 0.001 512
1.26 3.67 3.96 4.0 3.87 3.96 4.02 3.98 4.07 4.05 3.99 4.01 4.03 4.01 4.07 4.04 3.95 4.02 4.1 3.95 4.05 100.0 66.92 1e-06 0.001 512
1.57 2.73 2.71 2.74 2.66 2.63 2.72 2.66 2.68 2.69 2.73 2.67 2.68 2.68 2.67 2.67 2.68 2.71 2.64 2.74 2.69 100.0 85.22 1e-06 0.01 128
1.57 2.92 2.98 2.83 3.03 2.96 2.96 2.95 2.96 3.02 3.05 3.02 3.03 2.99 3.01 2.95 2.99 3.06 2.97 2.91 2.98 100.0 81.66 1e-05 0.1 128
1.57 2.77 2.77 2.79 2.79 2.8 2.77 2.76 2.78 2.82 2.78 2.77 2.81 2.79 2.78 2.81 2.77 2.78 2.79 2.81 2.78 100.0 81.06 1e-07 0.01 512
1.57 2.91 2.84 2.84 2.83 2.77 2.84 2.81 2.78 2.85 2.76 2.74 2.81 2.84 2.85 2.79 2.85 2.9 2.84 2.9 2.8 100.0 83.4 1e-06 0.1 128
1.57 3.62 4.4 4.26 4.37 4.44 4.43 4.42 4.54 4.47 4.51 4.52 4.32 4.47 4.51 4.46 4.36 4.53 4.44 4.54 4.43 100.0 68.45 1e-05 0.001 512
1.57 2.8 2.64 2.75 2.77 2.73 2.74 2.78 2.75 2.73 2.78 2.76 2.78 2.78 2.72 2.77 2.78 2.76 2.7 2.8 2.77 100.0 85.13 1e-07 0.01 128
1.26 2.76 2.8 2.76 2.75 2.79 2.77 2.76 2.78 2.76 2.78 2.79 2.81 2.76 2.76 2.78 2.8 2.8 2.76 2.77 2.74 100.0 80.94 1e-06 0.01 512
1.57 2.67 2.76 2.74 2.78 2.82 2.72 2.75 2.74 2.73 2.75 2.78 2.74 2.79 2.77 2.74 2.77 2.82 2.73 2.75 2.77 100.0 84.92 1e-05 0.01 128
1.26 2.92 2.9 2.93 2.88 2.91 2.9 2.89 2.89 2.91 2.87 2.89 2.95 2.9 2.86 2.86 2.88 2.89 2.88 2.86 2.89 100.0 81.19 1e-07 0.01 512
1.26 2.92 2.86 2.98 2.91 2.91 2.88 2.86 2.89 2.91 2.85 2.9 2.86 2.9 2.89 2.89 2.81 2.85 2.89 2.85 2.89 100.0 81.92 1e-05 0.1 512
1.26 2.86 2.92 2.78 2.86 2.8 2.83 2.83 2.79 2.84 2.83 2.82 2.78 2.79 2.83 2.79 2.79 2.86 2.82 2.8 2.8 100.0 82.49 1e-06 0.1 512
1.26 2.77 2.96 2.8 2.88 2.94 2.95 2.92 2.94 2.91 2.86 2.89 2.91 2.9 2.87 2.97 2.9 2.85 2.9 2.88 2.8 100.0 83.7 1e-05 0.1 128
1.26 2.92 2.97 2.9 2.8 2.83 2.75 2.79 2.74 2.76 2.76 2.76 2.73 2.75 2.74 2.8 2.77 2.75 2.73 2.76 2.71 100.0 82.89 1e-07 0.1 128
1.26 2.69 2.77 2.67 2.69 2.69 2.74 2.66 2.68 2.67 2.71 2.69 2.67 2.68 2.67 2.71 2.7 2.63 2.65 2.66 2.73 100.0 85.26 1e-07 0.01 128
1.26 3.14 3.08 3.02 3.07 2.95 2.99 2.88 3.08 2.99 2.99 2.99 3.04 2.94 3.04 2.98 2.98 3.02 3.03 2.99 3.03 100.0 77.08 1e-05 0.001 128
1.26 2.88 2.81 2.82 2.75 2.73 2.69 2.65 2.73 2.7 2.68 2.73 2.72 2.73 2.69 2.8 2.69 2.71 2.73 2.69 2.77 100.0 83.44 1e-07 0.1 512
1.26 2.86 2.81 2.89 2.91 2.87 2.84 2.8 2.78 2.81 2.85 2.81 2.85 2.8 2.76 2.85 2.85 2.82 2.79 2.82 2.82 100.0 80.56 1e-05 0.01 512
1.26 3.07 2.89 3.02 2.82 2.85 2.83 2.83 2.78 2.8 2.84 2.81 2.8 2.77 2.84 2.8 2.78 2.74 2.75 2.77 2.79 100.0 82.75 1e-06 0.1 128
1.26 2.72 2.78 2.73 2.75 2.81 2.74 2.74 2.68 2.75 2.73 2.67 2.68 2.74 2.71 2.68 2.71 2.7 2.74 2.76 2.68 100.0 85.2 1e-05 0.01 128
1.26 2.86 2.64 2.62 2.6 2.6 2.56 2.66 2.58 2.57 2.63 2.59 2.59 2.63 2.6 2.62 2.65 2.62 2.6 2.66 2.55 100.0 85.08 1e-06 0.01 128
1.91 2.77 2.71 2.71 2.64 2.56 2.6 2.59 2.6 2.56 2.62 2.61 2.57 2.61 2.51 2.55 2.6 2.56 2.56 2.59 2.6 99.998 83.54 1e-05 0.1 256
1.91 2.87 2.95 2.84 2.84 2.74 2.7 2.76 2.74 2.8 2.85 2.8 2.75 2.71 2.77 2.79 2.72 2.76 2.75 2.76 2.82 100.0 82.01 1e-06 0.1 256
1.91 2.94 2.8 2.86 2.76 2.79 2.92 2.81 2.68 2.67 2.75 2.78 2.76 2.62 2.77 2.71 2.75 2.76 2.7 2.76 2.71 100.0 81.23 1e-07 0.1 256
1.91 3.0 2.87 2.63 2.61 2.8 2.82 2.77 2.77 2.7 2.75 2.76 2.8 2.74 2.79 2.77 2.73 2.79 2.72 2.78 2.74 100.0 84.66 1e-07 0.1 64
1.91 2.65 2.54 2.56 2.56 2.57 2.58 2.51 2.51 2.54 2.47 2.52 2.51 2.51 2.51 2.54 2.48 2.54 2.52 2.48 2.52 100.0 86.22 1e-06 0.01 64
1.91 2.67 2.73 2.57 2.61 2.61 2.52 2.59 2.54 2.51 2.53 2.58 2.53 2.51 2.49 2.57 2.56 2.59 2.59 2.53 2.58 100.0 86.43 1e-07 0.01 64
1.91 2.71 2.74 2.66 2.87 2.75 2.87 2.87 2.72 2.8 2.75 2.66 2.84 2.74 2.75 2.8 2.81 2.71 2.77 2.83 2.84 100.0 80.87 1e-06 0.001 64
1.91 2.88 2.81 2.79 2.72 2.84 2.65 2.91 2.83 2.75 2.66 2.86 2.88 2.84 2.8 2.81 2.77 2.8 2.77 2.73 2.81 100.0 80.66 1e-05 0.001 64
1.91 2.93 2.91 2.9 2.93 2.92 2.87 2.98 2.9 2.87 2.87 2.86 2.94 2.99 2.82 2.99 2.84 2.81 2.95 2.95 2.92 100.0 80.35 1e-07 0.001 64
1.57 2.88 2.81 2.66 2.71 2.72 2.73 2.65 2.68 2.71 2.73 2.78 2.72 2.76 2.75 2.71 2.7 2.75 2.74 2.73 2.76 100.0 85.34 1e-05 0.1 64
1.91 2.78 2.73 2.75 2.73 2.69 2.7 2.73 2.71 2.69 2.68 2.69 2.72 2.72 2.72 2.69 2.72 2.71 2.7 2.72 2.69 100.0 83.55 1e-05 0.01 256
1.91 2.79 2.6 2.61 2.62 2.59 2.61 2.62 2.57 2.67 2.6 2.6 2.57 2.61 2.61 2.62 2.61 2.63 2.59 2.59 2.61 100.0 83.95 1e-06 0.01 256
1.91 2.66 2.82 2.79 2.75 2.67 2.72 2.75 2.81 2.77 2.78 2.7 2.75 2.71 2.71 2.73 2.7 2.72 2.77 2.76 2.73 100.0 84.01 1e-07 0.01 256
1.91 3.52 3.69 3.53 3.59 3.68 3.59 3.68 3.62 3.64 3.48 3.55 3.64 3.74 3.66 3.52 3.7 3.7 3.57 3.56 3.5 100.0 71.84 1e-05 0.001 256
1.57 2.91 2.94 2.99 2.95 2.93 2.86 2.84 2.85 2.87 2.78 2.83 2.81 2.87 2.92 2.85 2.85 2.85 2.87 2.97 2.91 100.0 80.67 1e-06 0.1 64
1.57 2.78 2.52 2.62 2.64 2.65 2.62 2.67 2.64 2.57 2.64 2.59 2.71 2.72 2.78 2.63 2.63 2.67 2.65 2.63 2.68 100.0 85.85 1e-07 0.01 64
1.57 2.7 2.66 2.63 2.62 2.65 2.62 2.52 2.53 2.59 2.57 2.46 2.53 2.51 2.55 2.52 2.58 2.53 2.51 2.6 2.57 100.0 85.7 1e-06 0.01 64
1.57 2.81 2.83 2.72 2.74 2.72 2.68 2.8 2.66 2.67 2.68 2.66 2.73 2.66 2.65 2.65 2.71 2.7 2.66 2.67 2.66 100.0 85.71 1e-05 0.01 64
1.91 3.44 3.64 3.65 3.67 3.83 3.71 3.57 3.72 3.54 3.63 3.85 3.61 3.59 3.81 3.72 3.69 3.6 3.6 3.72 3.89 100.0 72.16 1e-06 0.001 256
1.91 2.72 2.79 2.77 2.69 2.79 2.68 2.75 2.81 2.75 2.77 2.79 2.62 2.7 2.67 2.65 2.65 2.76 2.69 2.74 2.75 100.0 85.79 1e-05 0.1 64
1.91 3.57 3.46 3.46 3.37 3.51 3.4 3.33 3.47 3.52 3.5 3.38 3.45 3.35 3.44 3.48 3.4 3.55 3.43 3.42 3.42 100.0 71.5 1e-07 0.001 256
1.57 2.98 2.96 2.96 2.93 3.1 3.13 3.01 3.02 3.09 2.99 3.07 3.02 3.11 3.03 3.09 3.12 3.04 3.05 3.11 2.98 100.0 80.63 1e-07 0.001 64
1.57 2.87 3.05 2.97 2.96 3.02 3.06 2.96 3.0 2.97 2.98 3.02 3.08 3.03 3.04 3.0 3.15 2.97 3.05 2.99 3.0 100.0 80.53 1e-06 0.001 64
1.26 2.89 2.94 2.94 3.0 2.84 2.86 2.85 2.81 2.8 2.72 2.8 2.81 2.83 2.74 2.8 2.77 2.78 2.79 2.77 2.78 100.0 84.86 1e-05 0.1 64
1.26 2.75 2.87 2.83 2.78 2.77 2.73 2.81 2.85 2.83 2.73 2.76 2.82 2.68 2.73 2.72 2.78 2.8 2.74 2.76 2.75 100.0 85.01 1e-06 0.1 64
1.26 2.51 2.64 2.6 2.68 2.61 2.64 2.74 2.66 2.69 2.7 2.65 2.73 2.71 2.75 2.73 2.69 2.78 2.66 2.7 2.71 100.0 86.25 1e-05 0.01 64
1.57 2.89 3.02 2.89 2.96 3.06 3.0 3.04 2.9 3.17 3.01 3.03 3.03 2.97 3.03 3.06 2.95 3.13 3.02 3.1 3.03 100.0 80.69 1e-05 0.001 64
1.91 2.88 2.91 2.75 2.69 2.67 2.75 2.76 2.68 2.7 2.64 2.62 2.6 2.63 2.71 2.59 2.56 2.6 2.61 2.58 2.58 100.0 83.07 1e-06 0.1 64
1.26 2.77 2.94 2.81 2.7 2.8 2.89 2.82 2.86 2.78 2.87 2.87 2.86 2.91 2.91 2.9 2.8 2.88 2.79 2.9 2.85 100.0 83.94 1e-07 0.1 64
1.26 2.69 2.54 2.57 2.57 2.53 2.57 2.58 2.57 2.59 2.53 2.52 2.55 2.51 2.56 2.58 2.57 2.58 2.59 2.61 2.58 100.0 85.91 1e-06 0.01 64
1.57 3.06 2.88 2.74 2.92 2.93 2.99 2.91 2.88 2.86 2.89 2.83 2.86 2.85 2.88 2.93 2.88 2.86 2.93 2.88 2.88 100.0 83.98 1e-05 0.1 256
1.57 2.89 2.89 2.88 2.91 2.79 2.83 2.85 2.84 2.82 2.88 2.82 2.83 2.9 2.84 2.85 2.83 2.85 2.83 2.89 2.81 100.0 84.95 1e-06 0.1 256
1.26 2.71 2.71 2.79 2.71 2.74 2.69 2.74 2.71 2.74 2.71 2.73 2.7 2.79 2.71 2.7 2.73 2.71 2.71 2.66 2.77 100.0 86.19 1e-07 0.01 64
1.57 2.8 2.96 2.78 2.85 2.87 2.8 2.84 2.82 2.76 2.74 2.74 2.72 2.77 2.74 2.78 2.76 2.77 2.76 2.75 2.75 100.0 83.61 1e-07 0.1 256
1.91 2.81 2.57 2.69 2.67 2.66 2.66 2.61 2.61 2.63 2.67 2.69 2.62 2.59 2.68 2.6 2.57 2.67 2.62 2.63 2.64 100.0 85.98 1e-05 0.01 64
1.26 2.89 2.92 2.98 2.93 2.88 2.88 2.78 2.89 2.82 2.91 2.9 2.83 2.91 2.88 2.85 2.89 2.92 2.81 2.87 2.95 100.0 80.83 1e-05 0.001 64
1.26 2.77 2.87 2.94 2.99 3.01 3.05 2.85 2.83 2.88 2.86 2.81 2.79 2.84 2.83 2.88 2.89 2.88 2.8 2.81 2.84 100.0 80.67 1e-06 0.001 64
1.57 2.91 2.9 2.92 2.93 2.93 3.06 2.89 2.88 3.05 2.91 2.99 2.92 2.95 2.99 2.95 2.89 2.97 2.91 2.91 2.94 100.0 84.35 1e-07 0.1 64
1.57 2.77 2.74 2.76 2.77 2.75 2.73 2.84 2.72 2.71 2.77 2.77 2.71 2.72 2.74 2.72 2.73 2.83 2.73 2.71 2.8 100.0 83.59 1e-07 0.01 256
1.57 2.81 2.71 2.78 2.78 2.75 2.77 2.77 2.77 2.79 2.73 2.78 2.74 2.73 2.73 2.73 2.75 2.79 2.71 2.76 2.75 100.0 83.34 1e-05 0.01 256
1.57 2.78 2.8 2.86 2.79 2.83 2.83 2.8 2.83 2.79 2.76 2.82 2.81 2.78 2.79 2.79 2.77 2.79 2.8 2.82 2.82 100.0 83.31 1e-06 0.01 256
1.26 2.88 2.91 2.96 2.77 2.91 2.84 2.96 2.85 2.93 2.9 2.86 2.89 2.94 2.88 2.9 2.87 2.97 2.86 2.91 2.96 100.0 80.88 1e-07 0.001 64
1.57 3.56 3.65 3.87 3.6 3.73 3.56 3.77 3.72 3.74 3.77 3.72 3.72 3.67 3.76 3.7 3.66 3.67 3.8 3.72 3.66 100.0 71.74 1e-07 0.001 256
1.57 3.45 3.69 3.76 3.82 3.77 3.67 3.73 3.76 3.72 3.7 3.67 3.74 3.7 3.68 3.79 3.79 3.79 3.6 3.73 3.78 100.0 72.62 1e-05 0.001 256
1.57 3.71 3.8 3.77 3.84 3.89 3.87 3.9 3.85 4.02 3.86 3.8 3.72 3.84 3.95 3.82 3.88 3.92 3.84 3.92 3.84 100.0 72.41 1e-06 0.001 256
1.91 2.94 68.498 65.69 0.0005 0.01 256
1.91 2.86 3.05 2.89 2.97 2.95 2.94 2.81 2.9 2.8 2.89 2.91 2.84 2.87 2.82 2.91 2.89 2.87 2.92 2.86 2.88 100.0 79.87 1e-05 0.1 1024
1.91 2.98 3.06 2.94 2.83 2.87 2.89 2.85 2.9 2.96 2.88 2.91 2.89 2.88 2.88 2.88 2.93 2.88 2.88 2.85 2.9 100.0 78.74 1e-06 0.1 1024
1.91 2.98 2.88 2.84 2.77 2.83 2.8 2.86 2.83 2.93 2.83 2.81 2.87 2.83 2.83 2.81 2.86 2.83 2.82 2.87 2.8 100.0 79.66 1e-07 0.1 1024
1.91 2.94 2.95 2.84 2.94 2.82 2.83 2.82 2.84 2.86 2.86 2.86 2.89 2.84 2.86 2.85 2.84 2.87 2.89 2.82 2.81 100.0 82.37 1e-05 0.1 512
1.91 3.0 2.87 2.86 2.83 2.82 2.82 2.87 2.87 2.84 2.84 2.83 2.87 2.87 2.79 2.88 2.85 2.89 2.88 2.86 2.85 100.0 81.24 1e-06 0.1 512
1.91 2.72 2.79 2.77 2.69 2.79 2.68 2.75 2.81 2.75 2.77 2.79 2.62 2.7 2.67 2.65 2.65 2.76 2.69 2.74 2.75 100.0 85.79 1e-05 0.1 64
1.91 2.88 2.66 2.83 2.8 2.8 2.8 2.75 2.81 2.76 2.83 2.78 2.88 2.84 2.8 2.8 2.81 2.8 2.81 2.85 2.8 100.0 82.15 1e-05 0.1 128
1.91 2.88 2.91 2.75 2.69 2.67 2.75 2.76 2.68 2.7 2.64 2.62 2.6 2.63 2.71 2.59 2.56 2.6 2.61 2.58 2.58 100.0 83.07 1e-06 0.1 64
1.91 2.85 2.95 2.76 2.66 2.66 2.63 2.65 2.7 2.69 2.66 2.7 2.71 2.65 2.71 2.68 2.69 2.69 2.71 2.73 2.73 100.0 83.13 1e-07 0.1 512
1.91 2.93 2.76 2.79 2.82 2.7 2.77 2.71 2.72 2.74 2.8 2.74 2.73 2.74 2.77 2.7 2.8 2.8 2.74 2.73 2.82 100.0 83.45 1e-06 0.1 128
1.91 3.05 2.97 2.91 2.97 2.99 2.97 2.99 2.95 2.97 2.99 2.95 2.96 2.95 2.95 2.94 3.03 2.98 2.96 2.94 3.01 100.0 76.36 1e-05 0.01 1024
1.91 3.0 2.87 2.63 2.61 2.8 2.82 2.77 2.77 2.7 2.75 2.76 2.8 2.74 2.79 2.77 2.73 2.79 2.72 2.78 2.74 100.0 84.66 1e-07 0.1 64
1.91 2.86 2.99 3.01 3.04 2.99 2.99 2.99 3.06 3.02 3.03 3.11 3.03 2.97 3.04 2.95 3.07 3.1 3.07 3.07 3.05 100.0 76.94 1e-06 0.01 1024
1.91 2.77 2.71 2.71 2.64 2.56 2.6 2.59 2.6 2.56 2.62 2.61 2.57 2.61 2.51 2.55 2.6 2.56 2.56 2.59 2.6 99.998 83.54 1e-05 0.1 256
1.91 2.87 2.89 2.86 2.89 2.94 2.91 2.9 2.99 2.98 2.94 3.01 3.02 2.93 2.98 2.94 2.94 2.98 2.92 3.03 2.92 100.0 77.09 1e-07 0.01 1024
1.91 2.79 2.72 2.67 2.79 2.69 2.74 2.66 2.67 2.66 2.7 2.73 2.75 2.67 2.69 2.69 2.74 2.68 2.73 2.68 2.69 100.0 82.98 1e-07 0.1 128
1.91 2.89 2.88 2.88 2.84 2.86 2.87 2.86 2.89 2.91 2.85 2.91 2.89 2.86 2.85 2.86 2.9 2.92 2.86 2.87 2.91 100.0 81.14 1e-05 0.01 512
1.91 2.87 2.95 2.84 2.84 2.74 2.7 2.76 2.74 2.8 2.85 2.8 2.75 2.71 2.77 2.79 2.72 2.76 2.75 2.76 2.82 100.0 82.01 1e-06 0.1 256
1.91 2.92 2.9 2.97 2.9 2.86 2.83 2.82 2.91 2.92 2.86 2.91 2.82 2.85 2.8 2.87 2.8 2.84 2.88 2.78 2.81 100.0 80.94 1e-06 0.01 512
1.91 2.94 2.8 2.86 2.76 2.79 2.92 2.81 2.68 2.67 2.75 2.78 2.76 2.62 2.77 2.71 2.75 2.76 2.7 2.76 2.71 100.0 81.23 1e-07 0.1 256
1.91 2.68 2.95 2.88 2.88 2.92 2.87 2.87 2.89 2.89 2.89 2.85 2.89 2.88 2.86 2.87 2.92 2.91 2.93 2.9 2.87 100.0 80.97 1e-07 0.01 512
1.91 3.59 4.37 4.56 4.71 4.77 4.74 4.73 4.64 4.78 4.81 4.66 4.62 4.63 4.68 4.72 4.73 4.62 4.6 4.71 4.61 100.0 63.62 1e-05 0.001 1024
1.91 3.44 4.3 4.46 4.44 4.74 4.7 4.77 4.68 4.65 4.62 4.73 4.68 4.64 4.8 4.8 4.62 4.71 4.78 4.76 4.69 100.0 63.71 1e-06 0.001 1024
1.91 3.5 4.09 4.57 4.83 4.61 4.4 4.62 4.45 4.56 4.49 4.59 4.55 4.49 4.5 4.52 4.49 4.47 4.51 4.64 4.49 100.0 63.74 1e-07 0.001 1024
1.91 2.73 2.72 2.66 2.75 2.7 2.62 2.65 2.63 2.68 2.67 2.66 2.66 2.61 2.63 2.7 2.73 2.61 2.62 2.64 2.68 100.0 85.37 1e-05 0.01 128
1.91 3.99 4.27 4.32 4.1 4.23 4.28 4.14 4.28 4.23 4.17 4.19 4.18 4.19 4.25 4.13 4.12 4.16 4.17 4.22 4.24 100.0 66.75 1e-05 0.001 512
1.91 3.82 4.14 4.35 4.21 4.09 4.29 4.2 4.18 4.06 4.06 4.22 4.11 4.02 4.13 4.27 4.16 4.15 4.22 4.23 4.15 100.0 66.45 1e-06 0.001 512
1.91 3.87 4.07 4.07 4.18 4.13 4.22 4.16 4.16 4.38 4.22 4.35 4.38 4.39 4.36 4.15 4.26 4.29 4.22 4.27 4.18 100.0 66.15 1e-07 0.001 512
1.57 2.92 2.95 2.84 2.82 2.84 2.77 2.8 2.81 2.84 2.81 2.84 2.83 2.82 2.83 2.84 2.83 2.84 2.85 2.83 2.86 100.0 82.2 1e-05 0.1 1024
1.91 2.69 2.57 2.54 2.54 2.57 2.51 2.5 2.48 2.55 2.52 2.57 2.5 2.51 2.54 2.55 2.5 2.49 2.5 2.54 2.51 100.0 85.27 1e-06 0.01 128
1.91 2.66 2.82 2.79 2.75 2.67 2.72 2.75 2.81 2.77 2.78 2.7 2.75 2.71 2.71 2.73 2.7 2.72 2.77 2.76 2.73 100.0 84.01 1e-07 0.01 256
1.57 3.06 2.81 2.87 2.83 2.8 2.82 2.85 2.84 2.82 2.82 2.81 2.82 2.81 2.84 2.8 2.88 2.82 2.85 2.86 2.87 100.0 82.31 1e-06 0.1 1024
1.57 2.94 2.95 2.92 2.93 2.94 2.96 2.97 2.9 2.92 2.93 2.91 2.92 2.9 2.91 2.91 2.93 2.92 2.95 2.95 2.93 100.0 81.73 1e-07 0.1 1024
1.91 2.81 2.57 2.69 2.67 2.66 2.66 2.61 2.61 2.63 2.67 2.69 2.62 2.59 2.68 2.6 2.57 2.67 2.62 2.63 2.64 100.0 85.98 1e-05 0.01 64
1.57 2.96 3.02 2.95 2.95 2.95 2.93 2.87 2.91 2.92 2.88 2.87 2.89 2.88 2.89 2.87 2.9 2.88 2.89 2.89 2.9 100.0 81.19 1e-05 0.1 512
1.91 2.67 2.73 2.57 2.61 2.61 2.52 2.59 2.54 2.51 2.53 2.58 2.53 2.51 2.49 2.57 2.56 2.59 2.59 2.53 2.58 100.0 86.43 1e-07 0.01 64
1.57 2.82 2.79 2.94 2.91 2.83 2.9 2.85 2.86 2.86 2.85 2.81 2.82 2.81 2.84 2.86 2.84 2.79 2.81 2.8 2.83 100.0 83.87 1e-06 0.1 512
1.91 2.65 2.54 2.56 2.56 2.57 2.58 2.51 2.51 2.54 2.47 2.52 2.51 2.51 2.51 2.54 2.48 2.54 2.52 2.48 2.52 100.0 86.22 1e-06 0.01 64
1.91 2.79 2.6 2.61 2.62 2.59 2.61 2.62 2.57 2.67 2.6 2.6 2.57 2.61 2.61 2.62 2.61 2.63 2.59 2.59 2.61 100.0 83.95 1e-06 0.01 256
1.57 2.84 2.86 2.86 2.86 2.84 2.87 2.82 2.8 2.79 2.82 2.81 2.72 2.8 2.8 2.8 2.85 2.78 2.79 2.78 2.82 100.0 83.96 1e-07 0.1 512
1.91 2.78 2.73 2.75 2.73 2.69 2.7 2.73 2.71 2.69 2.68 2.69 2.72 2.72 2.72 2.69 2.72 2.71 2.7 2.72 2.69 100.0 83.55 1e-05 0.01 256
1.57 3.09 2.94 3.03 3.04 3.14 3.05 3.07 3.05 3.05 3.04 3.14 3.08 3.08 3.11 3.11 3.06 3.15 3.07 3.09 3.09 100.0 77.58 1e-05 0.01 1024
1.91 2.75 2.62 2.75 2.61 2.76 2.74 2.69 2.76 2.63 2.68 2.71 2.74 2.72 2.76 2.63 2.68 2.69 2.72 2.66 2.63 100.0 85.47 1e-07 0.01 128
1.57 3.24 3.29 3.23 3.26 3.22 3.27 3.27 3.3 3.25 3.21 3.29 3.31 3.31 3.25 3.24 3.26 3.26 3.26 3.22 3.25 100.0 77.05 1e-06 0.01 1024
1.57 3.04 2.98 3.07 3.02 3.14 3.1 3.13 3.13 3.09 3.15 3.1 3.2 3.12 3.18 3.18 3.15 3.1 3.13 3.16 3.21 100.0 76.58 1e-07 0.01 1024
1.57 2.97 3.03 3.05 2.99 3.04 2.99 2.96 3.03 2.94 2.97 2.95 2.97 2.96 2.98 2.99 2.91 2.98 2.97 2.98 2.96 100.0 80.78 1e-05 0.01 512
1.57 2.81 2.98 2.85 2.94 2.89 2.89 2.9 2.88 2.89 2.86 2.84 2.86 2.89 2.85 2.86 2.9 2.87 2.88 2.88 2.89 100.0 80.52 1e-06 0.01 512
1.91 2.88 2.81 2.79 2.72 2.84 2.65 2.91 2.83 2.75 2.66 2.86 2.88 2.84 2.8 2.81 2.77 2.8 2.77 2.73 2.81 100.0 80.66 1e-05 0.001 64
1.57 2.77 2.77 2.79 2.79 2.8 2.77 2.76 2.78 2.82 2.78 2.77 2.81 2.79 2.78 2.81 2.77 2.78 2.79 2.81 2.78 100.0 81.06 1e-07 0.01 512
1.57 3.47 4.33 4.89 4.8 5.15 4.88 4.92 4.9 4.88 5.03 4.99 4.88 4.86 4.92 4.94 4.93 4.97 4.91 4.93 4.9 100.0 64.09 1e-05 0.001 1024
1.57 3.4 4.44 4.26 4.53 4.45 4.46 4.58 4.52 4.47 4.53 4.53 4.55 4.62 4.4 4.55 4.41 4.51 4.53 4.46 4.51 100.0 64.77 1e-06 0.001 1024
1.91 3.52 3.69 3.53 3.59 3.68 3.59 3.68 3.62 3.64 3.48 3.55 3.64 3.74 3.66 3.52 3.7 3.7 3.57 3.56 3.5 100.0 71.84 1e-05 0.001 256
1.57 3.47 4.27 4.58 4.44 4.55 4.55 4.59 4.52 4.55 4.51 4.55 4.51 4.56 4.5 4.51 4.53 4.45 4.45 4.45 4.52 100.0 64.61 1e-07 0.001 1024
1.91 3.06 3.01 3.22 3.19 3.07 3.22 3.08 3.12 2.97 3.17 3.16 3.03 3.15 3.15 3.19 3.22 3.07 3.16 3.3 3.09 100.0 77.3 1e-05 0.001 128
1.57 3.62 4.4 4.26 4.37 4.44 4.43 4.42 4.54 4.47 4.51 4.52 4.32 4.47 4.51 4.46 4.36 4.53 4.44 4.54 4.43 100.0 68.45 1e-05 0.001 512
1.57 3.94 4.23 4.35 4.22 4.27 4.26 4.37 4.34 4.32 4.15 4.28 4.34 4.22 4.25 4.15 4.12 4.25 4.23 4.18 4.27 100.0 67.72 1e-06 0.001 512
1.91 3.44 3.64 3.65 3.67 3.83 3.71 3.57 3.72 3.54 3.63 3.85 3.61 3.59 3.81 3.72 3.69 3.6 3.6 3.72 3.89 100.0 72.16 1e-06 0.001 256
1.57 3.76 4.32 4.21 4.11 4.2 4.2 4.14 4.15 4.29 4.3 4.32 4.3 4.17 4.16 4.28 4.3 4.13 4.28 4.3 4.14 100.0 67.75 1e-07 0.001 512
1.91 2.71 2.74 2.66 2.87 2.75 2.87 2.87 2.72 2.8 2.75 2.66 2.84 2.74 2.75 2.8 2.81 2.71 2.77 2.83 2.84 100.0 80.87 1e-06 0.001 64
1.91 3.16 3.03 3.09 3.03 3.1 2.99 3.04 2.95 2.99 3.03 3.1 2.98 3.09 3.16 2.99 3.05 3.11 3.0 3.17 3.13 100.0 76.68 1e-06 0.001 128
1.26 2.78 2.87 2.76 2.74 2.86 2.83 2.77 2.76 2.77 2.78 2.77 2.76 2.78 2.77 2.79 2.75 2.79 2.77 2.83 2.76 100.0 81.97 1e-05 0.1 1024
1.26 2.89 3.03 2.92 2.93 2.91 2.88 2.85 2.81 2.84 2.84 2.85 2.85 2.85 2.82 2.87 2.83 2.84 2.85 2.85 2.84 100.0 80.77 1e-06 0.1 1024
1.91 3.57 3.46 3.46 3.37 3.51 3.4 3.33 3.47 3.52 3.5 3.38 3.45 3.35 3.44 3.48 3.4 3.55 3.43 3.42 3.42 100.0 71.5 1e-07 0.001 256
1.91 3.01 3.08 3.14 3.14 3.13 3.0 3.12 3.14 3.04 2.99 3.04 3.08 3.14 3.13 3.11 3.03 3.16 3.1 3.08 3.19 100.0 76.71 1e-07 0.001 128
1.26 2.8 2.98 2.86 2.88 2.85 2.88 2.88 2.92 2.95 2.96 2.92 2.95 2.89 2.9 2.9 2.89 2.91 2.87 2.91 2.88 100.0 81.38 1e-07 0.1 1024
1.91 2.93 2.91 2.9 2.93 2.92 2.87 2.98 2.9 2.87 2.87 2.86 2.94 2.99 2.82 2.99 2.84 2.81 2.95 2.95 2.92 100.0 80.35 1e-07 0.001 64
1.26 2.92 2.86 2.98 2.91 2.91 2.88 2.86 2.89 2.91 2.85 2.9 2.86 2.9 2.89 2.89 2.81 2.85 2.89 2.85 2.89 100.0 81.92 1e-05 0.1 512
1.26 2.86 2.92 2.78 2.86 2.8 2.83 2.83 2.79 2.84 2.83 2.82 2.78 2.79 2.83 2.79 2.79 2.86 2.82 2.8 2.8 100.0 82.49 1e-06 0.1 512
1.57 2.88 2.81 2.66 2.71 2.72 2.73 2.65 2.68 2.71 2.73 2.78 2.72 2.76 2.75 2.71 2.7 2.75 2.74 2.73 2.76 100.0 85.34 1e-05 0.1 64
1.26 2.88 2.81 2.82 2.75 2.73 2.69 2.65 2.73 2.7 2.68 2.73 2.72 2.73 2.69 2.8 2.69 2.71 2.73 2.69 2.77 100.0 83.44 1e-07 0.1 512
1.26 3.4 3.17 3.23 3.31 3.25 3.22 3.24 3.23 3.23 3.18 3.24 3.34 3.27 3.22 3.21 3.21 3.28 3.25 3.26 3.28 100.0 76.71 1e-05 0.01 1024
1.57 2.91 2.84 2.84 2.83 2.77 2.84 2.81 2.78 2.85 2.76 2.74 2.81 2.84 2.85 2.79 2.85 2.9 2.84 2.9 2.8 100.0 83.4 1e-06 0.1 128
1.26 3.03 3.14 3.18 3.15 3.09 3.09 3.1 3.07 3.16 3.12 3.18 3.13 3.2 3.13 3.11 3.14 3.13 3.18 3.14 3.2 100.0 76.35 1e-06 0.01 1024
1.26 3.12 3.04 3.03 3.05 3.08 2.98 3.0 3.01 3.02 3.08 3.05 3.05 3.03 2.98 3.07 3.16 2.99 3.07 3.06 3.07 100.0 77.02 1e-07 0.01 1024
1.26 2.86 2.81 2.89 2.91 2.87 2.84 2.8 2.78 2.81 2.85 2.81 2.85 2.8 2.76 2.85 2.85 2.82 2.79 2.82 2.82 100.0 80.56 1e-05 0.01 512
1.26 2.76 2.8 2.76 2.75 2.79 2.77 2.76 2.78 2.76 2.78 2.79 2.81 2.76 2.76 2.78 2.8 2.8 2.76 2.77 2.74 100.0 80.94 1e-06 0.01 512
1.57 2.92 2.98 2.83 3.03 2.96 2.96 2.95 2.96 3.02 3.05 3.02 3.03 2.99 3.01 2.95 2.99 3.06 2.97 2.91 2.98 100.0 81.66 1e-05 0.1 128
1.57 3.06 2.88 2.74 2.92 2.93 2.99 2.91 2.88 2.86 2.89 2.83 2.86 2.85 2.88 2.93 2.88 2.86 2.93 2.88 2.88 100.0 83.98 1e-05 0.1 256
1.26 2.92 2.9 2.93 2.88 2.91 2.9 2.89 2.89 2.91 2.87 2.89 2.95 2.9 2.86 2.86 2.88 2.89 2.88 2.86 2.89 100.0 81.19 1e-07 0.01 512
1.57 2.8 2.96 2.78 2.85 2.87 2.8 2.84 2.82 2.76 2.74 2.74 2.72 2.77 2.74 2.78 2.76 2.77 2.76 2.75 2.75 100.0 83.61 1e-07 0.1 256
1.26 3.71 4.4 4.9 4.89 4.71 4.91 5.06 4.89 4.81 5.02 4.78 4.74 4.8 4.87 4.9 4.84 5.0 4.93 4.94 4.9 100.0 63.14 1e-05 0.001 1024
1.57 2.92 2.9 2.74 2.77 2.82 2.77 2.77 2.79 2.84 2.78 2.78 2.77 2.8 2.76 2.84 2.82 2.79 2.83 2.79 2.89 100.0 84.14 1e-07 0.1 128
1.26 3.59 4.28 4.49 4.45 4.46 4.6 4.45 4.64 4.47 4.61 4.42 4.5 4.48 4.54 4.53 4.58 4.63 4.53 4.58 4.55 100.0 64.13 1e-06 0.001 1024
1.57 2.89 2.89 2.88 2.91 2.79 2.83 2.85 2.84 2.82 2.88 2.82 2.83 2.9 2.84 2.85 2.83 2.85 2.83 2.89 2.81 100.0 84.95 1e-06 0.1 256
1.26 3.59 4.62 4.83 4.92 4.76 4.85 4.8 4.93 4.84 4.79 4.91 4.92 4.86 4.88 4.81 4.87 4.8 4.89 4.74 5.0 100.0 63.28 1e-07 0.001 1024
1.57 2.91 2.9 2.92 2.93 2.93 3.06 2.89 2.88 3.05 2.91 2.99 2.92 2.95 2.99 2.95 2.89 2.97 2.91 2.91 2.94 100.0 84.35 1e-07 0.1 64
1.57 2.91 2.94 2.99 2.95 2.93 2.86 2.84 2.85 2.87 2.78 2.83 2.81 2.87 2.92 2.85 2.85 2.85 2.87 2.97 2.91 100.0 80.67 1e-06 0.1 64
1.26 3.61 3.92 3.93 4.13 4.11 3.98 4.11 3.99 4.1 3.97 3.96 4.16 3.98 4.1 4.01 4.15 4.03 4.14 3.98 4.01 100.0 67.15 1e-05 0.001 512
1.26 3.67 3.96 4.0 3.87 3.96 4.02 3.98 4.07 4.05 3.99 4.01 4.03 4.01 4.07 4.04 3.95 4.02 4.1 3.95 4.05 100.0 66.92 1e-06 0.001 512
1.57 2.81 2.71 2.78 2.78 2.75 2.77 2.77 2.77 2.79 2.73 2.78 2.74 2.73 2.73 2.73 2.75 2.79 2.71 2.76 2.75 100.0 83.34 1e-05 0.01 256
1.26 3.53 4.0 3.81 3.93 3.93 3.85 3.93 3.9 3.86 3.99 3.95 3.85 3.84 3.84 3.86 3.87 3.84 3.92 3.89 3.78 100.0 67.76 1e-07 0.001 512
1.57 2.78 2.8 2.86 2.79 2.83 2.83 2.8 2.83 2.79 2.76 2.82 2.81 2.78 2.79 2.79 2.77 2.79 2.8 2.82 2.82 100.0 83.31 1e-06 0.01 256
1.57 2.77 2.74 2.76 2.77 2.75 2.73 2.84 2.72 2.71 2.77 2.77 2.71 2.72 2.74 2.72 2.73 2.83 2.73 2.71 2.8 100.0 83.59 1e-07 0.01 256
1.57 2.67 2.76 2.74 2.78 2.82 2.72 2.75 2.74 2.73 2.75 2.78 2.74 2.79 2.77 2.74 2.77 2.82 2.73 2.75 2.77 100.0 84.92 1e-05 0.01 128
1.57 2.73 2.71 2.74 2.66 2.63 2.72 2.66 2.68 2.69 2.73 2.67 2.68 2.68 2.67 2.67 2.68 2.71 2.64 2.74 2.69 100.0 85.22 1e-06 0.01 128
1.57 2.78 2.52 2.62 2.64 2.65 2.62 2.67 2.64 2.57 2.64 2.59 2.71 2.72 2.78 2.63 2.63 2.67 2.65 2.63 2.68 100.0 85.85 1e-07 0.01 64
1.57 2.7 2.66 2.63 2.62 2.65 2.62 2.52 2.53 2.59 2.57 2.46 2.53 2.51 2.55 2.52 2.58 2.53 2.51 2.6 2.57 100.0 85.7 1e-06 0.01 64
1.57 2.81 2.83 2.72 2.74 2.72 2.68 2.8 2.66 2.67 2.68 2.66 2.73 2.66 2.65 2.65 2.71 2.7 2.66 2.67 2.66 100.0 85.71 1e-05 0.01 64
1.57 2.8 2.64 2.75 2.77 2.73 2.74 2.78 2.75 2.73 2.78 2.76 2.78 2.78 2.72 2.77 2.78 2.76 2.7 2.8 2.77 100.0 85.13 1e-07 0.01 128
1.57 3.56 3.65 3.87 3.6 3.73 3.56 3.77 3.72 3.74 3.77 3.72 3.72 3.67 3.76 3.7 3.66 3.67 3.8 3.72 3.66 100.0 71.74 1e-07 0.001 256
1.57 3.26 3.35 3.36 3.34 3.36 3.39 3.35 3.42 3.35 3.44 3.33 3.35 3.35 3.37 3.4 3.38 3.37 3.35 3.49 3.4 100.0 77.2 1e-05 0.001 128
1.57 3.71 3.8 3.77 3.84 3.89 3.87 3.9 3.85 4.02 3.86 3.8 3.72 3.84 3.95 3.82 3.88 3.92 3.84 3.92 3.84 100.0 72.41 1e-06 0.001 256
1.57 3.45 3.69 3.76 3.82 3.77 3.67 3.73 3.76 3.72 3.7 3.67 3.74 3.7 3.68 3.79 3.79 3.79 3.6 3.73 3.78 100.0 72.62 1e-05 0.001 256
1.57 3.28 3.05 3.13 3.18 3.31 3.1 3.09 3.22 3.18 3.17 3.24 3.25 3.22 3.12 3.21 3.17 3.13 3.29 3.11 3.25 100.0 77.1 1e-06 0.001 128
1.57 3.36 3.26 3.4 3.33 3.28 3.25 3.27 3.33 3.27 3.31 3.32 3.29 3.24 3.5 3.34 3.31 3.28 3.39 3.25 3.24 100.0 76.44 1e-07 0.001 128
1.57 2.89 3.02 2.89 2.96 3.06 3.0 3.04 2.9 3.17 3.01 3.03 3.03 2.97 3.03 3.06 2.95 3.13 3.02 3.1 3.03 100.0 80.69 1e-05 0.001 64
1.57 2.87 3.05 2.97 2.96 3.02 3.06 2.96 3.0 2.97 2.98 3.02 3.08 3.03 3.04 3.0 3.15 2.97 3.05 2.99 3.0 100.0 80.53 1e-06 0.001 64
1.57 2.98 2.96 2.96 2.93 3.1 3.13 3.01 3.02 3.09 2.99 3.07 3.02 3.11 3.03 3.09 3.12 3.04 3.05 3.11 2.98 100.0 80.63 1e-07 0.001 64
1.26 3.02 2.82 2.72 2.77 2.78 2.8 2.79 2.77 2.69 2.73 2.71 2.71 2.73 2.7 2.78 2.75 2.76 2.74 2.81 2.74 100.0 84.74 1e-05 0.1 256
1.26 2.82 2.88 2.74 2.84 2.75 2.75 2.73 2.73 2.83 2.78 2.82 2.84 2.85 2.84 2.89 2.86 2.85 2.84 2.88 2.87 100.0 85.03 1e-07 0.1 256
1.26 2.88 2.66 2.69 2.71 2.78 2.74 2.71 2.72 2.7 2.69 2.71 2.66 2.71 2.7 2.77 2.73 2.72 2.71 2.71 2.72 100.0 84.1 1e-06 0.1 256
1.26 2.92 2.97 2.9 2.8 2.83 2.75 2.79 2.74 2.76 2.76 2.76 2.73 2.75 2.74 2.8 2.77 2.75 2.73 2.76 2.71 100.0 82.89 1e-07 0.1 128
1.26 2.89 2.79 2.74 2.75 2.74 2.77 2.76 2.79 2.74 2.76 2.72 2.79 2.74 2.78 2.75 2.75 2.78 2.75 2.74 2.76 100.0 83.9 1e-07 0.01 256
1.26 2.75 2.87 2.83 2.78 2.77 2.73 2.81 2.85 2.83 2.73 2.76 2.82 2.68 2.73 2.72 2.78 2.8 2.74 2.76 2.75 100.0 85.01 1e-06 0.1 64
1.26 2.77 2.96 2.8 2.88 2.94 2.95 2.92 2.94 2.91 2.86 2.89 2.91 2.9 2.87 2.97 2.9 2.85 2.9 2.88 2.8 100.0 83.7 1e-05 0.1 128
1.26 2.77 2.87 2.94 2.99 3.01 3.05 2.85 2.83 2.88 2.86 2.81 2.79 2.84 2.83 2.88 2.89 2.88 2.8 2.81 2.84 100.0 80.67 1e-06 0.001 64
1.26 3.07 2.89 3.02 2.82 2.85 2.83 2.83 2.78 2.8 2.84 2.81 2.8 2.77 2.84 2.8 2.78 2.74 2.75 2.77 2.79 100.0 82.75 1e-06 0.1 128
1.26 2.75 2.82 2.79 2.86 2.76 2.79 2.8 2.79 2.8 2.81 2.78 2.78 2.75 2.76 2.83 2.78 2.76 2.84 2.79 2.79 100.0 83.28 1e-05 0.01 256
1.26 2.89 2.94 2.94 3.0 2.84 2.86 2.85 2.81 2.8 2.72 2.8 2.81 2.83 2.74 2.8 2.77 2.78 2.79 2.77 2.78 100.0 84.86 1e-05 0.1 64
1.26 2.86 2.64 2.62 2.6 2.6 2.56 2.66 2.58 2.57 2.63 2.59 2.59 2.63 2.6 2.62 2.65 2.62 2.6 2.66 2.55 100.0 85.08 1e-06 0.01 128
1.26 2.71 2.71 2.79 2.71 2.74 2.69 2.74 2.71 2.74 2.71 2.73 2.7 2.79 2.71 2.7 2.73 2.71 2.71 2.66 2.77 100.0 86.19 1e-07 0.01 64
1.26 2.77 2.94 2.81 2.7 2.8 2.89 2.82 2.86 2.78 2.87 2.87 2.86 2.91 2.91 2.9 2.8 2.88 2.79 2.9 2.85 100.0 83.94 1e-07 0.1 64
1.26 3.14 3.08 3.02 3.07 2.95 2.99 2.88 3.08 2.99 2.99 2.99 3.04 2.94 3.04 2.98 2.98 3.02 3.03 2.99 3.03 100.0 77.08 1e-05 0.001 128
1.26 2.89 2.92 2.98 2.93 2.88 2.88 2.78 2.89 2.82 2.91 2.9 2.83 2.91 2.88 2.85 2.89 2.92 2.81 2.87 2.95 100.0 80.83 1e-05 0.001 64
1.26 2.69 2.54 2.57 2.57 2.53 2.57 2.58 2.57 2.59 2.53 2.52 2.55 2.51 2.56 2.58 2.57 2.58 2.59 2.61 2.58 100.0 85.91 1e-06 0.01 64
1.26 3.48 3.48 3.42 3.45 3.48 3.49 3.53 3.4 3.37 3.44 3.42 3.41 3.39 3.4 3.55 3.45 3.28 3.49 3.5 3.47 100.0 71.58 1e-05 0.001 256
1.26 2.72 2.78 2.73 2.75 2.81 2.74 2.74 2.68 2.75 2.73 2.67 2.68 2.74 2.71 2.68 2.71 2.7 2.74 2.76 2.68 100.0 85.2 1e-05 0.01 128
1.26 2.63 2.76 2.73 2.77 2.81 2.76 2.78 2.76 2.69 2.76 2.72 2.75 2.82 2.7 2.73 2.7 2.77 2.71 2.78 2.71 100.0 83.28 1e-06 0.01 256
1.26 3.16 3.09 3.06 3.09 3.08 3.06 3.07 3.07 3.11 3.12 3.08 3.12 3.09 3.07 3.09 3.02 3.18 3.13 3.05 3.25 100.0 77.04 1e-07 0.001 128
1.26 2.69 2.77 2.67 2.69 2.69 2.74 2.66 2.68 2.67 2.71 2.69 2.67 2.68 2.67 2.71 2.7 2.63 2.65 2.66 2.73 100.0 85.26 1e-07 0.01 128
1.26 3.54 3.63 3.72 3.6 3.59 3.59 3.57 3.64 3.75 3.68 3.67 3.65 3.53 3.58 3.62 3.56 3.69 3.69 3.66 3.57 100.0 72.1 1e-06 0.001 256
1.26 2.51 2.64 2.6 2.68 2.61 2.64 2.74 2.66 2.69 2.7 2.65 2.73 2.71 2.75 2.73 2.69 2.78 2.66 2.7 2.71 100.0 86.25 1e-05 0.01 64
1.26 2.88 2.91 2.96 2.77 2.91 2.84 2.96 2.85 2.93 2.9 2.86 2.89 2.94 2.88 2.9 2.87 2.97 2.86 2.91 2.96 100.0 80.88 1e-07 0.001 64
1.26 3.5 3.45 3.5 3.5 3.4 3.36 3.35 3.5 3.66 3.49 3.63 3.55 3.61 3.63 3.65 3.68 3.63 3.52 3.56 3.56 100.0 72.58 1e-07 0.001 256
1.26 3.03 2.89 2.9 3.01 2.93 3.0 2.85 2.87 3.01 3.02 2.93 2.92 2.94 2.94 3.01 2.96 2.97 2.98 3.06 2.91 100.0 76.16 1e-06 0.001 128
1.91 2.86 3.05 2.89 2.97 2.95 2.94 2.81 2.9 2.8 2.89 2.91 2.84 2.87 2.82 2.91 2.89 2.87 2.92 2.86 2.88 100.0 79.87 1e-05 0.1 1024
1.91 2.98 3.06 2.94 2.83 2.87 2.89 2.85 2.9 2.96 2.88 2.91 2.89 2.88 2.88 2.88 2.93 2.88 2.88 2.85 2.9 100.0 78.74 1e-06 0.1 1024
1.91 2.98 2.88 2.84 2.77 2.83 2.8 2.86 2.83 2.93 2.83 2.81 2.87 2.83 2.83 2.81 2.86 2.83 2.82 2.87 2.8 100.0 79.66 1e-07 0.1 1024
1.91 2.94 2.95 2.84 2.94 2.82 2.83 2.82 2.84 2.86 2.86 2.86 2.89 2.84 2.86 2.85 2.84 2.87 2.89 2.82 2.81 100.0 82.37 1e-05 0.1 512
1.91 3.0 2.87 2.86 2.83 2.82 2.82 2.87 2.87 2.84 2.84 2.83 2.87 2.87 2.79 2.88 2.85 2.89 2.88 2.86 2.85 100.0 81.24 1e-06 0.1 512
1.91 2.85 2.95 2.76 2.66 2.66 2.63 2.65 2.7 2.69 2.66 2.7 2.71 2.65 2.71 2.68 2.69 2.69 2.71 2.73 2.73 100.0 83.13 1e-07 0.1 512
1.91 2.77 2.71 2.71 2.64 2.56 2.6 2.59 2.6 2.56 2.62 2.61 2.57 2.61 2.51 2.55 2.6 2.56 2.56 2.59 2.6 99.998 83.54 1e-05 0.1 256
1.91 2.87 2.95 2.84 2.84 2.74 2.7 2.76 2.74 2.8 2.85 2.8 2.75 2.71 2.77 2.79 2.72 2.76 2.75 2.76 2.82 100.0 82.01 1e-06 0.1 256
1.91 3.05 2.97 2.91 2.97 2.99 2.97 2.99 2.95 2.97 2.99 2.95 2.96 2.95 2.95 2.94 3.03 2.98 2.96 2.94 3.01 100.0 76.36 1e-05 0.01 1024
1.91 2.87 2.89 2.86 2.89 2.94 2.91 2.9 2.99 2.98 2.94 3.01 3.02 2.93 2.98 2.94 2.94 2.98 2.92 3.03 2.92 100.0 77.09 1e-07 0.01 1024
1.91 2.89 2.88 2.88 2.84 2.86 2.87 2.86 2.89 2.91 2.85 2.91 2.89 2.86 2.85 2.86 2.9 2.92 2.86 2.87 2.91 100.0 81.14 1e-05 0.01 512
1.91 2.92 2.9 2.97 2.9 2.86 2.83 2.82 2.91 2.92 2.86 2.91 2.82 2.85 2.8 2.87 2.8 2.84 2.88 2.78 2.81 100.0 80.94 1e-06 0.01 512
1.91 2.68 2.95 2.88 2.88 2.92 2.87 2.87 2.89 2.89 2.89 2.85 2.89 2.88 2.86 2.87 2.92 2.91 2.93 2.9 2.87 100.0 80.97 1e-07 0.01 512
1.91 2.94 2.8 2.86 2.76 2.79 2.92 2.81 2.68 2.67 2.75 2.78 2.76 2.62 2.77 2.71 2.75 2.76 2.7 2.76 2.71 100.0 81.23 1e-07 0.1 256
1.91 2.78 2.73 2.75 2.73 2.69 2.7 2.73 2.71 2.69 2.68 2.69 2.72 2.72 2.72 2.69 2.72 2.71 2.7 2.72 2.69 100.0 83.55 1e-05 0.01 256
1.91 2.86 2.99 3.01 3.04 2.99 2.99 2.99 3.06 3.02 3.03 3.11 3.03 2.97 3.04 2.95 3.07 3.1 3.07 3.07 3.05 100.0 76.94 1e-06 0.01 1024
1.91 2.79 2.6 2.61 2.62 2.59 2.61 2.62 2.57 2.67 2.6 2.6 2.57 2.61 2.61 2.62 2.61 2.63 2.59 2.59 2.61 100.0 83.95 1e-06 0.01 256
1.91 3.44 4.3 4.46 4.44 4.74 4.7 4.77 4.68 4.65 4.62 4.73 4.68 4.64 4.8 4.8 4.62 4.71 4.78 4.76 4.69 100.0 63.71 1e-06 0.001 1024
1.91 3.5 4.09 4.57 4.83 4.61 4.4 4.62 4.45 4.56 4.49 4.59 4.55 4.49 4.5 4.52 4.49 4.47 4.51 4.64 4.49 100.0 63.74 1e-07 0.001 1024
1.91 3.99 4.27 4.32 4.1 4.23 4.28 4.14 4.28 4.23 4.17 4.19 4.18 4.19 4.25 4.13 4.12 4.16 4.17 4.22 4.24 100.0 66.75 1e-05 0.001 512
1.91 3.82 4.14 4.35 4.21 4.09 4.29 4.2 4.18 4.06 4.06 4.22 4.11 4.02 4.13 4.27 4.16 4.15 4.22 4.23 4.15 100.0 66.45 1e-06 0.001 512
1.91 2.79 2.72 2.67 2.79 2.69 2.74 2.66 2.67 2.66 2.7 2.73 2.75 2.67 2.69 2.69 2.74 2.68 2.73 2.68 2.69 100.0 82.98 1e-07 0.1 128
1.91 3.87 4.07 4.07 4.18 4.13 4.22 4.16 4.16 4.38 4.22 4.35 4.38 4.39 4.36 4.15 4.26 4.29 4.22 4.27 4.18 100.0 66.15 1e-07 0.001 512
1.91 2.88 2.66 2.83 2.8 2.8 2.8 2.75 2.81 2.76 2.83 2.78 2.88 2.84 2.8 2.8 2.81 2.8 2.81 2.85 2.8 100.0 82.15 1e-05 0.1 128
1.91 3.52 3.69 3.53 3.59 3.68 3.59 3.68 3.62 3.64 3.48 3.55 3.64 3.74 3.66 3.52 3.7 3.7 3.57 3.56 3.5 100.0 71.84 1e-05 0.001 256
1.91 2.93 2.76 2.79 2.82 2.7 2.77 2.71 2.72 2.74 2.8 2.74 2.73 2.74 2.77 2.7 2.8 2.8 2.74 2.73 2.82 100.0 83.45 1e-06 0.1 128
1.91 2.66 2.82 2.79 2.75 2.67 2.72 2.75 2.81 2.77 2.78 2.7 2.75 2.71 2.71 2.73 2.7 2.72 2.77 2.76 2.73 100.0 84.01 1e-07 0.01 256
1.91 3.59 4.37 4.56 4.71 4.77 4.74 4.73 4.64 4.78 4.81 4.66 4.62 4.63 4.68 4.72 4.73 4.62 4.6 4.71 4.61 100.0 63.62 1e-05 0.001 1024
1.57 2.92 2.95 2.84 2.82 2.84 2.77 2.8 2.81 2.84 2.81 2.84 2.83 2.82 2.83 2.84 2.83 2.84 2.85 2.83 2.86 100.0 82.2 1e-05 0.1 1024
1.91 2.72 2.79 2.77 2.69 2.79 2.68 2.75 2.81 2.75 2.77 2.79 2.62 2.7 2.67 2.65 2.65 2.76 2.69 2.74 2.75 100.0 85.79 1e-05 0.1 64
1.57 3.06 2.81 2.87 2.83 2.8 2.82 2.85 2.84 2.82 2.82 2.81 2.82 2.81 2.84 2.8 2.88 2.82 2.85 2.86 2.87 100.0 82.31 1e-06 0.1 1024
1.57 2.94 2.95 2.92 2.93 2.94 2.96 2.97 2.9 2.92 2.93 2.91 2.92 2.9 2.91 2.91 2.93 2.92 2.95 2.95 2.93 100.0 81.73 1e-07 0.1 1024
1.57 2.96 3.02 2.95 2.95 2.95 2.93 2.87 2.91 2.92 2.88 2.87 2.89 2.88 2.89 2.87 2.9 2.88 2.89 2.89 2.9 100.0 81.19 1e-05 0.1 512
1.91 2.88 2.91 2.75 2.69 2.67 2.75 2.76 2.68 2.7 2.64 2.62 2.6 2.63 2.71 2.59 2.56 2.6 2.61 2.58 2.58 100.0 83.07 1e-06 0.1 64
1.57 2.84 2.86 2.86 2.86 2.84 2.87 2.82 2.8 2.79 2.82 2.81 2.72 2.8 2.8 2.8 2.85 2.78 2.79 2.78 2.82 100.0 83.96 1e-07 0.1 512
1.91 3.0 2.87 2.63 2.61 2.8 2.82 2.77 2.77 2.7 2.75 2.76 2.8 2.74 2.79 2.77 2.73 2.79 2.72 2.78 2.74 100.0 84.66 1e-07 0.1 64
1.57 3.06 2.88 2.74 2.92 2.93 2.99 2.91 2.88 2.86 2.89 2.83 2.86 2.85 2.88 2.93 2.88 2.86 2.93 2.88 2.88 100.0 83.98 1e-05 0.1 256
1.57 3.09 2.94 3.03 3.04 3.14 3.05 3.07 3.05 3.05 3.04 3.14 3.08 3.08 3.11 3.11 3.06 3.15 3.07 3.09 3.09 100.0 77.58 1e-05 0.01 1024
1.57 3.24 3.29 3.23 3.26 3.22 3.27 3.27 3.3 3.25 3.21 3.29 3.31 3.31 3.25 3.24 3.26 3.26 3.26 3.22 3.25 100.0 77.05 1e-06 0.01 1024
1.57 2.8 2.96 2.78 2.85 2.87 2.8 2.84 2.82 2.76 2.74 2.74 2.72 2.77 2.74 2.78 2.76 2.77 2.76 2.75 2.75 100.0 83.61 1e-07 0.1 256
1.57 3.04 2.98 3.07 3.02 3.14 3.1 3.13 3.13 3.09 3.15 3.1 3.2 3.12 3.18 3.18 3.15 3.1 3.13 3.16 3.21 100.0 76.58 1e-07 0.01 1024
1.91 2.69 2.57 2.54 2.54 2.57 2.51 2.5 2.48 2.55 2.52 2.57 2.5 2.51 2.54 2.55 2.5 2.49 2.5 2.54 2.51 100.0 85.27 1e-06 0.01 128
1.57 2.89 2.89 2.88 2.91 2.79 2.83 2.85 2.84 2.82 2.88 2.82 2.83 2.9 2.84 2.85 2.83 2.85 2.83 2.89 2.81 100.0 84.95 1e-06 0.1 256
1.91 3.44 3.64 3.65 3.67 3.83 3.71 3.57 3.72 3.54 3.63 3.85 3.61 3.59 3.81 3.72 3.69 3.6 3.6 3.72 3.89 100.0 72.16 1e-06 0.001 256
1.57 2.81 2.98 2.85 2.94 2.89 2.89 2.9 2.88 2.89 2.86 2.84 2.86 2.89 2.85 2.86 2.9 2.87 2.88 2.88 2.89 100.0 80.52 1e-06 0.01 512
1.91 3.57 3.46 3.46 3.37 3.51 3.4 3.33 3.47 3.52 3.5 3.38 3.45 3.35 3.44 3.48 3.4 3.55 3.43 3.42 3.42 100.0 71.5 1e-07 0.001 256
1.91 2.73 2.72 2.66 2.75 2.7 2.62 2.65 2.63 2.68 2.67 2.66 2.66 2.61 2.63 2.7 2.73 2.61 2.62 2.64 2.68 100.0 85.37 1e-05 0.01 128
1.57 2.82 2.79 2.94 2.91 2.83 2.9 2.85 2.86 2.86 2.85 2.81 2.82 2.81 2.84 2.86 2.84 2.79 2.81 2.8 2.83 100.0 83.87 1e-06 0.1 512
1.57 2.77 2.77 2.79 2.79 2.8 2.77 2.76 2.78 2.82 2.78 2.77 2.81 2.79 2.78 2.81 2.77 2.78 2.79 2.81 2.78 100.0 81.06 1e-07 0.01 512
1.57 2.97 3.03 3.05 2.99 3.04 2.99 2.96 3.03 2.94 2.97 2.95 2.97 2.96 2.98 2.99 2.91 2.98 2.97 2.98 2.96 100.0 80.78 1e-05 0.01 512
1.91 2.75 2.62 2.75 2.61 2.76 2.74 2.69 2.76 2.63 2.68 2.71 2.74 2.72 2.76 2.63 2.68 2.69 2.72 2.66 2.63 100.0 85.47 1e-07 0.01 128
1.57 3.47 4.33 4.89 4.8 5.15 4.88 4.92 4.9 4.88 5.03 4.99 4.88 4.86 4.92 4.94 4.93 4.97 4.91 4.93 4.9 100.0 64.09 1e-05 0.001 1024
1.57 3.4 4.44 4.26 4.53 4.45 4.46 4.58 4.52 4.47 4.53 4.53 4.55 4.62 4.4 4.55 4.41 4.51 4.53 4.46 4.51 100.0 64.77 1e-06 0.001 1024
1.57 3.62 4.4 4.26 4.37 4.44 4.43 4.42 4.54 4.47 4.51 4.52 4.32 4.47 4.51 4.46 4.36 4.53 4.44 4.54 4.43 100.0 68.45 1e-05 0.001 512
1.57 2.77 2.74 2.76 2.77 2.75 2.73 2.84 2.72 2.71 2.77 2.77 2.71 2.72 2.74 2.72 2.73 2.83 2.73 2.71 2.8 100.0 83.59 1e-07 0.01 256
1.57 2.81 2.71 2.78 2.78 2.75 2.77 2.77 2.77 2.79 2.73 2.78 2.74 2.73 2.73 2.73 2.75 2.79 2.71 2.76 2.75 100.0 83.34 1e-05 0.01 256
1.57 3.47 4.27 4.58 4.44 4.55 4.55 4.59 4.52 4.55 4.51 4.55 4.51 4.56 4.5 4.51 4.53 4.45 4.45 4.45 4.52 100.0 64.61 1e-07 0.001 1024
1.57 3.76 4.32 4.21 4.11 4.2 4.2 4.14 4.15 4.29 4.3 4.32 4.3 4.17 4.16 4.28 4.3 4.13 4.28 4.3 4.14 100.0 67.75 1e-07 0.001 512
1.57 2.78 2.8 2.86 2.79 2.83 2.83 2.8 2.83 2.79 2.76 2.82 2.81 2.78 2.79 2.79 2.77 2.79 2.8 2.82 2.82 100.0 83.31 1e-06 0.01 256
1.26 2.78 2.87 2.76 2.74 2.86 2.83 2.77 2.76 2.77 2.78 2.77 2.76 2.78 2.77 2.79 2.75 2.79 2.77 2.83 2.76 100.0 81.97 1e-05 0.1 1024
1.91 3.06 3.01 3.22 3.19 3.07 3.22 3.08 3.12 2.97 3.17 3.16 3.03 3.15 3.15 3.19 3.22 3.07 3.16 3.3 3.09 100.0 77.3 1e-05 0.001 128
1.26 2.8 2.98 2.86 2.88 2.85 2.88 2.88 2.92 2.95 2.96 2.92 2.95 2.89 2.9 2.9 2.89 2.91 2.87 2.91 2.88 100.0 81.38 1e-07 0.1 1024
1.91 3.01 3.08 3.14 3.14 3.13 3.0 3.12 3.14 3.04 2.99 3.04 3.08 3.14 3.13 3.11 3.03 3.16 3.1 3.08 3.19 100.0 76.71 1e-07 0.001 128
1.57 3.56 3.65 3.87 3.6 3.73 3.56 3.77 3.72 3.74 3.77 3.72 3.72 3.67 3.76 3.7 3.66 3.67 3.8 3.72 3.66 100.0 71.74 1e-07 0.001 256
1.57 3.71 3.8 3.77 3.84 3.89 3.87 3.9 3.85 4.02 3.86 3.8 3.72 3.84 3.95 3.82 3.88 3.92 3.84 3.92 3.84 100.0 72.41 1e-06 0.001 256
1.57 3.94 4.23 4.35 4.22 4.27 4.26 4.37 4.34 4.32 4.15 4.28 4.34 4.22 4.25 4.15 4.12 4.25 4.23 4.18 4.27 100.0 67.72 1e-06 0.001 512
1.91 3.16 3.03 3.09 3.03 3.1 2.99 3.04 2.95 2.99 3.03 3.1 2.98 3.09 3.16 2.99 3.05 3.11 3.0 3.17 3.13 100.0 76.68 1e-06 0.001 128
1.26 2.88 2.81 2.82 2.75 2.73 2.69 2.65 2.73 2.7 2.68 2.73 2.72 2.73 2.69 2.8 2.69 2.71 2.73 2.69 2.77 100.0 83.44 1e-07 0.1 512
1.26 2.86 2.92 2.78 2.86 2.8 2.83 2.83 2.79 2.84 2.83 2.82 2.78 2.79 2.83 2.79 2.79 2.86 2.82 2.8 2.8 100.0 82.49 1e-06 0.1 512
1.26 2.89 3.03 2.92 2.93 2.91 2.88 2.85 2.81 2.84 2.84 2.85 2.85 2.85 2.82 2.87 2.83 2.84 2.85 2.85 2.84 100.0 80.77 1e-06 0.1 1024
1.26 2.92 2.86 2.98 2.91 2.91 2.88 2.86 2.89 2.91 2.85 2.9 2.86 2.9 2.89 2.89 2.81 2.85 2.89 2.85 2.89 100.0 81.92 1e-05 0.1 512
1.26 3.03 3.14 3.18 3.15 3.09 3.09 3.1 3.07 3.16 3.12 3.18 3.13 3.2 3.13 3.11 3.14 3.13 3.18 3.14 3.2 100.0 76.35 1e-06 0.01 1024
1.57 3.45 3.69 3.76 3.82 3.77 3.67 3.73 3.76 3.72 3.7 3.67 3.74 3.7 3.68 3.79 3.79 3.79 3.6 3.73 3.78 100.0 72.62 1e-05 0.001 256
1.26 3.67 3.96 4.0 3.87 3.96 4.02 3.98 4.07 4.05 3.99 4.01 4.03 4.01 4.07 4.04 3.95 4.02 4.1 3.95 4.05 100.0 66.92 1e-06 0.001 512
1.26 3.54 3.63 3.72 3.6 3.59 3.59 3.57 3.64 3.75 3.68 3.67 3.65 3.53 3.58 3.62 3.56 3.69 3.69 3.66 3.57 100.0 72.1 1e-06 0.001 256
1.26 3.5 3.45 3.5 3.5 3.4 3.36 3.35 3.5 3.66 3.49 3.63 3.55 3.61 3.63 3.65 3.68 3.63 3.52 3.56 3.56 100.0 72.58 1e-07 0.001 256
1.26 3.61 3.92 3.93 4.13 4.11 3.98 4.11 3.99 4.1 3.97 3.96 4.16 3.98 4.1 4.01 4.15 4.03 4.14 3.98 4.01 100.0 67.15 1e-05 0.001 512
1.26 3.53 4.0 3.81 3.93 3.93 3.85 3.93 3.9 3.86 3.99 3.95 3.85 3.84 3.84 3.86 3.87 3.84 3.92 3.89 3.78 100.0 67.76 1e-07 0.001 512
1.26 3.48 3.48 3.42 3.45 3.48 3.49 3.53 3.4 3.37 3.44 3.42 3.41 3.39 3.4 3.55 3.45 3.28 3.49 3.5 3.47 100.0 71.58 1e-05 0.001 256
1.26 2.77 2.87 2.94 2.99 3.01 3.05 2.85 2.83 2.88 2.86 2.81 2.79 2.84 2.83 2.88 2.89 2.88 2.8 2.81 2.84 100.0 80.67 1e-06 0.001 64
1.26 3.03 2.89 2.9 3.01 2.93 3.0 2.85 2.87 3.01 3.02 2.93 2.92 2.94 2.94 3.01 2.96 2.97 2.98 3.06 2.91 100.0 76.16 1e-06 0.001 128
1.26 2.89 2.92 2.98 2.93 2.88 2.88 2.78 2.89 2.82 2.91 2.9 2.83 2.91 2.88 2.85 2.89 2.92 2.81 2.87 2.95 100.0 80.83 1e-05 0.001 64
1.26 3.16 3.09 3.06 3.09 3.08 3.06 3.07 3.07 3.11 3.12 3.08 3.12 3.09 3.07 3.09 3.02 3.18 3.13 3.05 3.25 100.0 77.04 1e-07 0.001 128
1.26 3.14 3.08 3.02 3.07 2.95 2.99 2.88 3.08 2.99 2.99 2.99 3.04 2.94 3.04 2.98 2.98 3.02 3.03 2.99 3.03 100.0 77.08 1e-05 0.001 128
1.26 2.88 2.91 2.96 2.77 2.91 2.84 2.96 2.85 2.93 2.9 2.86 2.89 2.94 2.88 2.9 2.87 2.97 2.86 2.91 2.96 100.0 80.88 1e-07 0.001 64
