2.94 360702.25 0.0005 256
3.01 0.010751367546617985 1e-05 1024
3.05 0.008539107628166676 1e-06 1024
2.92 0.009660140611231327 1e-07 1024
2.91 0.0159907266497612 1e-05 512
2.81 0.013957482762634754 1e-06 512
2.87 0.013765105046331882 1e-07 512
2.68 0.008163830265402794 1e-05 128
2.51 0.004129810258746147 1e-06 128
2.73 0.00912100076675415 1e-07 256
2.64 0.006667659152299166 1e-05 64
2.58 0.0017424123361706734 1e-07 64
2.52 0.0011797631159424782 1e-06 64
2.61 0.008850154466927052 1e-06 256
2.69 0.016461826860904694 1e-05 256
3.09 0.010804356075823307 1e-05 1024
2.63 0.003663974581286311 1e-07 128
3.25 0.010095452889800072 1e-06 1024
3.21 0.009416851215064526 1e-07 1024
2.96 0.012074027210474014 1e-05 512
2.89 0.00917698722332716 1e-06 512
2.78 0.009906314313411713 1e-07 512
3.28 0.009635183960199356 1e-05 1024
3.2 0.009953498840332031 1e-06 1024
3.07 0.008398894220590591 1e-07 1024
2.82 0.010544449090957642 1e-05 512
2.74 0.009098364971578121 1e-06 512
2.89 0.007761111482977867 1e-07 512
2.75 0.013870785012841225 1e-05 256
2.82 0.007982985116541386 1e-06 256
2.8 0.010732837952673435 1e-07 256
2.77 0.007281887345016003 1e-05 128
2.69 0.0041234674863517284 1e-06 128
2.68 0.00646207807585597 1e-07 64
2.57 0.005083446856588125 1e-06 64
2.66 0.015141885727643967 1e-05 64
2.77 0.003652299987152219 1e-07 128
2.76 0.005346596706658602 1e-07 256
2.79 0.009158052504062653 1e-05 256
2.55 0.004680134356021881 1e-06 128
2.77 0.0014621804002672434 1e-07 64
2.58 0.0021263647358864546 1e-06 64
2.68 0.010955912061035633 1e-05 128
2.71 0.006083328276872635 1e-06 256
2.73 0.004871622659265995 1e-07 128
2.71 0.006600862834602594 1e-05 64
3.01 0.010751367546617985 1e-05 1024
2.92 0.009660140611231327 1e-07 1024
2.91 0.0159907266497612 1e-05 512
2.81 0.013957482762634754 1e-06 512
2.87 0.013765105046331882 1e-07 512
2.69 0.016461826860904694 1e-05 256
3.05 0.008539107628166676 1e-06 1024
2.61 0.008850154466927052 1e-06 256
2.73 0.00912100076675415 1e-07 256
3.09 0.010804356075823307 1e-05 1024
3.25 0.010095452889800072 1e-06 1024
3.21 0.009416851215064526 1e-07 1024
2.51 0.004129810258746147 1e-06 128
2.89 0.00917698722332716 1e-06 512
2.68 0.008163830265402794 1e-05 128
2.78 0.009906314313411713 1e-07 512
2.96 0.012074027210474014 1e-05 512
2.63 0.003663974581286311 1e-07 128
2.8 0.010732837952673435 1e-07 256
2.75 0.013870785012841225 1e-05 256
2.82 0.007982985116541386 1e-06 256
3.2 0.009953498840332031 1e-06 1024
