2.88 10.743173599243164 1e-05 1024
2.9 0.0001589229650562629 1e-06 1024
2.8 0.0001480080682085827 1e-07 1024
2.81 0.000786024087574333 1e-05 512
2.85 0.00015730307495687157 1e-06 512
2.75 0.021013762801885605 1e-05 64
2.8 0.00832448247820139 1e-05 128
2.58 5.940164555795491e-05 1e-06 64
2.73 0.00013349464279599488 1e-07 512
2.82 0.9285650253295898 1e-06 128
2.74 0.0003839719283860177 1e-07 64
2.6 0.0012056685518473387 1e-05 256
2.69 3.268816362833604e-05 1e-07 128
2.82 0.00012287707068026066 1e-06 256
2.71 5.109091580379754e-05 1e-07 256
2.86 0.00016030899132601917 1e-05 1024
2.87 5.670025711879134e-05 1e-06 1024
2.93 6.894404941704124e-05 1e-07 1024
2.9 0.0005805905675515532 1e-05 512
2.83 5.359489659895189e-05 1e-06 512
2.82 5.7910398027161136e-05 1e-07 512
2.76 0.0002499770780559629 1e-05 1024
2.84 0.00011893545888597146 1e-06 1024
2.88 0.0001557931100251153 1e-07 1024
2.89 0.0004349130322225392 1e-05 512
2.8 0.00016200145182665437 1e-06 512
2.76 0.017963657155632973 1e-05 64
2.77 7.318054849747568e-05 1e-07 512
2.8 3.325190846226178e-05 1e-06 128
2.98 0.0041708373464643955 1e-05 128
2.88 0.42897507548332214 1e-05 256
2.75 0.00014016807836014777 1e-07 256
2.89 0.0005512521020136774 1e-07 128
2.81 7.78724133851938e-05 1e-06 256
2.94 0.00010969043069053441 1e-07 64
2.91 0.0001406807714374736 1e-06 64
2.74 0.0005843719118274748 1e-05 256
2.87 2.188062535424251e-05 1e-07 256
2.72 4.713995076599531e-05 1e-06 256
2.71 2.6105819415533915e-05 1e-07 128
2.75 0.0003959052264690399 1e-06 64
2.8 0.005913836881518364 1e-05 128
2.79 9.546262299409136e-05 1e-06 128
2.78 0.012280895374715328 1e-05 64
2.85 8.37021361803636e-05 1e-07 64
2.88 10.743173599243164 1e-05 1024
2.9 0.0001589229650562629 1e-06 1024
2.8 0.0001480080682085827 1e-07 1024
2.81 0.000786024087574333 1e-05 512
2.85 0.00015730307495687157 1e-06 512
2.73 0.00013349464279599488 1e-07 512
2.6 0.0012056685518473387 1e-05 256
2.82 0.00012287707068026066 1e-06 256
2.71 5.109091580379754e-05 1e-07 256
2.69 3.268816362833604e-05 1e-07 128
2.8 0.00832448247820139 1e-05 128
2.82 0.9285650253295898 1e-06 128
2.86 0.00016030899132601917 1e-05 1024
2.75 0.021013762801885605 1e-05 64
2.87 5.670025711879134e-05 1e-06 1024
2.93 6.894404941704124e-05 1e-07 1024
2.9 0.0005805905675515532 1e-05 512
2.58 5.940164555795491e-05 1e-06 64
2.82 5.7910398027161136e-05 1e-07 512
2.74 0.0003839719283860177 1e-07 64
2.88 0.42897507548332214 1e-05 256
2.75 0.00014016807836014777 1e-07 256
2.81 7.78724133851938e-05 1e-06 256
2.83 5.359489659895189e-05 1e-06 512
2.76 0.0002499770780559629 1e-05 1024
2.88 0.0001557931100251153 1e-07 1024
2.77 7.318054849747568e-05 1e-07 512
2.8 0.00016200145182665437 1e-06 512
2.84 0.00011893545888597146 1e-06 1024
2.89 0.0004349130322225392 1e-05 512
