2.81 0.000786024087574333 1e-05 0.1
2.85 0.00015730307495687157 1e-06 0.1
2.73 0.00013349464279599488 1e-07 0.1
2.91 0.0159907266497612 1e-05 0.01
2.81 0.013957482762634754 1e-06 0.01
2.87 0.013765105046331882 1e-07 0.01
4.24 4.183508396148682 1e-05 0.001
4.15 3.928617477416992 1e-06 0.001
4.18 4.585988998413086 1e-07 0.001
2.9 0.0005805905675515532 1e-05 0.1
2.82 5.7910398027161136e-05 1e-07 0.1
2.89 0.00917698722332716 1e-06 0.01
2.83 5.359489659895189e-05 1e-06 0.1
2.78 0.009906314313411713 1e-07 0.01
2.96 0.012074027210474014 1e-05 0.01
4.43 4.182162761688232 1e-05 0.001
4.14 3.119744062423706 1e-07 0.001
4.27 3.292314052581787 1e-06 0.001
2.77 7.318054849747568e-05 1e-07 0.1
2.8 0.00016200145182665437 1e-06 0.1
2.89 0.0004349130322225392 1e-05 0.1
4.05 1.9582291841506958 1e-06 0.001
4.01 2.058525800704956 1e-05 0.001
3.78 2.0430452823638916 1e-07 0.001
