1.0 2.9 2.89 2.92 2.79 2.76 2.72 2.73 2.72 2.91 2.52 2.61 2.58 2.63 2.63 2.71 2.62 2.66 2.66 2.68 2.66 100.0 78.44 0.0005 0.01 256
1.0 3.51 3.33 3.4 3.37 3.28 3.24 3.22 3.23 3.23 3.21 3.29 3.2 3.22 3.23 3.26 3.3 3.31 3.28 3.23 3.29 100.0 68.43 0.0005 0.01 512
1.0 3.64 3.61 3.69 3.52 3.51 3.48 3.45 3.48 3.39 3.35 3.4 3.36 3.41 3.39 3.4 3.38 3.45 3.41 3.37 3.42 100.0 61.57 0.0005 0.01 1024
1.0 2.79 2.73 2.88 2.78 2.7 2.59 2.7 2.67 2.51 2.53 2.62 2.67 2.67 2.68 2.65 2.62 2.58 2.66 2.69 2.64 100.0 82.51 0.0005 0.01 128
1.0 2.95 3.12 2.84 2.79 2.83 2.84 2.87 2.83 2.83 2.84 2.84 2.83 2.87 2.91 2.9 2.87 2.86 2.86 2.83 2.89 100.0 76.86 0.0005 0.01 256
1.0 2.72 2.7 2.64 2.94 2.6 2.43 2.73 2.55 2.6 2.57 2.68 2.53 2.7 2.67 2.59 2.67 2.63 2.61 2.69 2.63 100.0 84.33 0.0005 0.01 64
1.0 3.47 3.21 3.2 3.2 3.17 3.15 3.17 3.09 3.17 3.17 3.13 3.12 3.14 3.09 3.12 3.21 3.17 3.17 3.14 3.1 100.0 67.6 0.0005 0.01 512
1.0 2.96 2.98 2.8 2.74 2.67 2.65 2.68 2.63 2.59 2.69 2.67 2.65 2.59 2.58 2.66 2.59 2.62 2.59 2.58 2.62 100.0 81.95 0.0005 0.01 128
1.0 3.65 3.71 3.62 3.62 3.63 3.61 3.62 3.58 3.55 3.6 3.6 3.6 3.56 3.57 3.53 3.59 3.53 3.56 3.5 3.58 100.0 59.97 0.0005 0.01 1024
1.0 3.02 3.08 2.93 2.9 2.98 3.1 3.1 3.09 3.1 2.91 2.9 2.79 2.8 2.8 2.85 2.81 2.88 2.85 2.82 2.83 100.0 77.1 0.0005 0.01 256
1.0 2.7 2.65 2.64 2.84 2.68 2.72 2.85 2.64 2.7 2.71 2.79 2.69 2.68 2.65 2.68 2.69 2.66 2.66 2.69 2.67 100.0 84.53 0.0005 0.01 64
1.0 2.82 3.0 2.88 2.87 2.78 2.72 2.6 2.72 2.7 2.68 2.65 2.59 2.56 2.62 2.55 2.59 2.61 2.53 2.55 2.6 100.0 82.37 0.0005 0.01 128
1.0 2.82 2.64 2.57 2.68 2.72 2.66 2.68 2.49 2.51 2.5 2.5 2.5 2.7 2.63 2.6 2.62 2.65 2.63 2.6 2.59 100.0 85.45 0.0005 0.01 32
1.0 2.79 2.7 2.54 2.77 2.71 2.55 2.64 2.6 2.56 2.62 2.5 2.51 2.58 2.54 2.59 2.57 2.6 2.54 2.66 2.53 100.0 84.49 0.0005 0.01 64
1.0 2.86 2.82 2.74 2.79 2.79 2.75 2.85 2.71 2.83 2.65 2.79 2.79 2.73 2.8 2.71 2.82 2.85 2.78 2.81 2.85 100.0 85.73 0.0005 0.01 32
