1.84 2.69 2.63 2.57 2.6 2.57 2.54 2.53 2.53 2.63 2.56 2.56 2.59 2.55 2.53 2.57 2.57 2.53 2.59 2.63 2.6 100.0 81.37 0.0005 0.01 256
1.84 2.71 2.56 2.61 2.57 2.59 2.59 2.6 2.6 2.69 2.62 2.64 2.64 2.59 2.59 2.57 2.6 2.64 2.61 2.64 2.61 100.0 84.19 0.0005 0.01 128
1.84 2.82 2.68 2.55 2.79 2.6 2.54 2.63 2.72 2.64 2.6 2.6 2.62 2.58 2.54 2.53 2.56 2.54 2.54 2.6 2.58 100.0 87.79 0.0005 0.01 64
1.84 2.92 2.77 2.8 2.79 2.77 2.81 2.8 2.73 2.76 2.73 2.8 2.86 2.85 2.88 2.83 2.84 2.81 2.85 2.84 2.85 100.0 79.02 0.0005 0.01 512
1.84 3.06 3.02 3.12 3.05 3.11 3.12 3.13 3.05 3.1 3.03 3.07 3.06 3.05 3.05 3.08 3.06 3.03 3.04 3.01 3.06 100.0 74.54 0.0005 0.01 1024
1.84 2.69 2.74 2.64 2.76 2.58 2.69 2.68 2.74 2.71 2.64 2.48 2.47 2.48 2.49 2.58 2.49 2.55 2.54 2.5 2.52 100.0 89.43 0.0005 0.01 32
2.25 2.92 2.77 2.83 2.85 2.79 2.79 2.84 2.82 2.85 2.86 2.88 2.89 2.94 2.94 2.9 2.93 2.91 2.89 2.97 2.94 100.0 79.89 0.0005 0.01 512
2.25 3.17 3.03 3.01 2.97 3.03 3.01 3.09 3.09 3.09 3.1 3.08 3.07 3.11 3.08 3.14 3.14 3.06 3.07 3.07 3.05 100.0 75.3 0.0005 0.01 1024
2.25 2.69 2.87 2.75 2.66 2.62 2.71 2.82 2.74 2.68 2.68 2.77 2.77 2.77 2.76 2.73 2.83 2.73 2.82 2.72 2.77 100.0 85.04 0.0005 0.01 128
2.25 2.72 2.77 2.72 2.84 2.83 2.82 2.81 2.77 2.85 2.82 2.79 2.81 2.82 2.83 2.85 2.89 2.84 2.85 2.92 2.89 100.0 82.48 0.0005 0.01 256
1.0 2.85 2.82 2.69 2.74 2.69 2.69 2.68 2.6 2.68 2.76 2.7 2.79 2.79 2.76 2.78 2.8 2.74 2.71 2.75 2.77 100.0 84.65 0.0005 0.01 128
2.25 2.76 2.79 3.01 2.87 2.84 2.82 2.81 2.73 2.82 2.78 2.78 2.67 2.77 2.75 2.8 2.79 2.81 2.81 2.83 2.74 100.0 88.29 0.0005 0.01 64
1.0 2.79 2.96 2.82 2.81 2.82 2.94 2.98 2.94 2.94 2.88 2.95 2.9 2.92 2.99 2.93 2.93 2.89 2.98 3.04 2.91 100.0 82.42 0.0005 0.01 256
1.0 2.9 2.81 2.86 2.87 2.87 2.89 2.93 2.89 2.85 2.96 2.9 2.86 2.94 2.88 2.88 2.87 2.89 2.87 2.89 2.91 100.0 79.29 0.0005 0.01 512
1.0 2.62 2.58 2.68 2.75 2.75 2.65 2.62 2.66 2.69 2.71 2.67 2.64 2.61 2.63 2.66 2.71 2.73 2.69 2.75 2.71 100.0 87.13 0.0005 0.01 64
1.0 2.96 3.19 3.27 3.23 3.3 3.31 3.29 3.28 3.26 3.3 3.24 3.22 3.21 3.22 3.22 3.23 3.25 3.27 3.27 3.23 100.0 74.88 0.0005 0.01 1024
2.25 2.75 2.75 2.72 2.65 2.91 2.69 2.8 2.75 2.77 2.71 2.68 2.67 2.62 2.71 2.61 2.66 2.66 2.66 2.65 2.59 100.0 89.14 0.0005 0.01 32
1.0 2.59 2.67 2.55 2.61 2.66 2.63 2.68 2.69 2.61 2.74 2.57 2.47 2.46 2.49 2.48 2.52 2.51 2.53 2.47 2.53 100.0 89.21 0.0005 0.01 32