1.0 2.56 2.57 2.65 2.58 2.6 2.62 2.65 2.61 2.83 2.52 2.59 2.75 2.75 2.54 2.64 2.68 2.65 2.62 2.64 2.63 100.0 84.55 0.0005 0.1 256
1.0 2.79 2.68 2.74 2.66 2.68 2.64 2.77 2.67 2.67 2.82 2.63 2.61 2.66 2.72 2.65 2.65 2.69 2.71 2.68 2.68 100.0 83.18 0.0005 0.05 256
1.0 2.9 2.89 2.92 2.79 2.76 2.72 2.73 2.72 2.91 2.52 2.61 2.58 2.63 2.63 2.71 2.62 2.66 2.66 2.68 2.66 100.0 78.44 0.0005 0.01 256
1.0 3.1 2.95 3.09 2.96 3.05 2.99 3.08 3.08 3.1 2.95 3.02 3.04 3.09 3.01 3.05 2.98 3.02 3.06 3.02 3.03 100.0 71.28 0.0005 0.005 256
1.0 4.15 4.45 4.39 4.45 4.49 4.66 4.54 4.53 4.39 4.55 4.52 4.53 4.6 4.5 4.42 4.39 4.53 4.5 4.54 4.51 100.0 51.14 0.0005 0.001 256
1.0 2.91 2.67 2.74 2.69 2.7 2.62 2.83 2.71 2.74 2.75 2.73 2.74 2.75 2.71 2.77 2.75 2.67 2.63 2.67 2.68 100.0 85.07 0.0005 0.1 256
1.0 2.67 2.73 2.76 2.76 2.79 2.75 2.8 2.97 2.61 2.65 2.72 2.71 2.74 2.86 2.78 2.72 2.69 2.71 2.67 2.73 100.0 84.84 0.0005 0.05 256
1.0 2.95 3.12 2.84 2.79 2.83 2.84 2.87 2.83 2.83 2.84 2.84 2.83 2.87 2.91 2.9 2.87 2.86 2.86 2.83 2.89 100.0 76.86 0.0005 0.01 256
1.0 3.39 3.51 3.44 3.37 3.38 3.42 3.34 3.29 3.29 3.36 3.36 3.36 3.37 3.38 3.29 3.32 3.31 3.33 3.34 3.36 100.0 68.67 0.0005 0.005 256
1.0 4.02 4.48 4.32 4.25 4.41 4.33 4.37 4.37 4.32 4.26 4.3 4.31 4.34 4.45 4.31 4.28 4.36 4.26 4.36 4.29 99.998 52.77 0.0005 0.001 256
1.0 2.84 2.79 2.62 2.84 2.71 2.79 2.73 2.62 2.68 2.68 2.64 2.63 2.53 2.57 2.63 2.58 2.61 2.62 2.62 2.64 100.0 85.04 0.0005 0.1 256
1.0 2.74 2.65 2.7 2.71 2.69 2.69 2.76 2.67 2.68 2.61 2.54 2.57 2.57 2.67 2.66 2.68 2.71 2.68 2.71 2.69 100.0 84.56 0.0005 0.05 256
1.0 3.02 3.08 2.93 2.9 2.98 3.1 3.1 3.09 3.1 2.91 2.9 2.79 2.8 2.8 2.85 2.81 2.88 2.85 2.82 2.83 100.0 77.1 0.0005 0.01 256
1.0 3.24 3.15 3.18 3.22 3.04 3.11 3.09 3.16 3.16 3.21 3.15 3.13 3.13 3.18 3.07 3.15 3.09 3.1 3.14 3.12 100.0 70.19 0.0005 0.005 256
1.0 4.09 4.35 4.24 4.27 4.15 4.22 4.14 4.08 4.01 4.1 4.05 3.95 3.96 4.02 4.07 3.96 4.12 3.83 3.96 3.95 100.0 51.54 0.0005 0.001 256