1.84 2.67 2.72 2.69 2.81 2.86 2.67 2.64 2.62 2.65 2.65 2.6 2.57 2.58 2.54 2.58 2.59 2.6 2.58 2.56 2.61 100.0 88.67 0.0005 0.1 256
1.84 2.93 2.79 2.65 2.76 2.73 2.58 2.51 2.48 2.48 2.51 2.55 2.55 2.55 2.73 2.68 2.57 2.64 2.62 2.6 2.6 100.0 84.21 0.0005 0.05 256
1.84 2.69 2.63 2.57 2.6 2.57 2.54 2.53 2.53 2.63 2.56 2.56 2.59 2.55 2.53 2.57 2.57 2.53 2.59 2.63 2.6 100.0 81.37 0.0005 0.01 256
1.84 2.92 2.78 2.75 2.74 2.76 2.78 2.73 2.76 2.79 2.78 2.76 2.85 2.78 2.79 2.86 2.8 2.76 2.88 2.84 2.8 100.0 79.17 0.0005 0.005 256
1.84 3.19 3.61 3.83 3.84 3.81 3.81 3.96 3.85 3.7 3.94 3.95 3.93 3.85 3.83 3.88 3.82 3.87 3.87 3.91 3.96 100.0 69.69 0.0005 0.001 256
2.25 2.76 2.87 2.74 2.85 2.93 2.63 2.84 2.92 2.95 2.78 2.78 2.71 2.76 2.8 2.83 2.86 2.78 2.75 2.82 2.79 100.0 89.23 0.0005 0.1 256
2.25 2.52 2.67 2.87 2.55 2.83 2.71 2.59 2.64 2.77 2.73 2.69 2.72 2.8 2.83 2.73 2.8 2.75 2.78 2.77 2.8 100.0 87.37 0.0005 0.05 256
2.25 2.72 2.77 2.72 2.84 2.83 2.82 2.81 2.77 2.85 2.82 2.79 2.81 2.82 2.83 2.85 2.89 2.84 2.85 2.92 2.89 100.0 82.48 0.0005 0.01 256
2.25 3.0 2.93 3.06 3.03 3.01 3.06 3.02 2.9 2.98 3.0 2.98 2.94 2.97 2.95 2.96 3.04 2.94 3.09 3.03 3.06 100.0 80.6 0.0005 0.005 256
2.25 3.35 3.13 3.52 3.51 3.55 3.61 3.54 3.53 3.49 3.61 3.56 3.61 3.57 3.58 3.55 3.55 3.55 3.56 3.5 3.56 100.0 70.37 0.0005 0.001 256
1.0 2.79 2.71 2.62 2.76 2.83 2.79 2.74 2.78 2.75 2.65 2.75 2.68 2.67 2.68 2.65 2.6 2.63 2.63 2.62 2.63 100.0 88.69 0.0005 0.1 256
1.0 2.74 2.65 2.75 2.73 2.59 2.74 2.65 2.75 2.73 2.72 2.68 2.64 2.79 2.62 2.72 2.71 2.71 2.7 2.7 2.71 100.0 84.12 0.0005 0.05 256
1.0 2.79 2.96 2.82 2.81 2.82 2.94 2.98 2.94 2.94 2.88 2.95 2.9 2.92 2.99 2.93 2.93 2.89 2.98 3.04 2.91 100.0 82.42 0.0005 0.01 256
1.0 2.7 3.06 3.06 3.06 3.02 3.03 3.03 2.9 2.89 2.93 2.87 2.92 2.92 2.89 2.92 2.87 2.91 2.9 2.91 2.89 100.0 79.18 0.0005 0.005 256
1.0 3.08 3.55 3.74 3.64 3.67 3.57 3.59 3.63 3.63 3.53 3.61 3.48 3.74 3.62 3.65 3.64 3.58 3.55 3.57 3.64 100.0 69.68 0.0005 0.001 256