1 2.0 3.17 2.95 2.74 2.87 2.66 2.74 2.73 2.84 2.82 2.71 2.65 2.77 2.82 2.74 2.84 2.81 2.73 2.9 2.8 2.91 93.808 79.66 0.001 0.1 256
1 2.0 3.05 2.68 2.7 2.35 2.82 2.85 2.66 2.85 2.37 2.82 2.58 2.8 2.74 3.11 2.86 2.69 2.78 2.83 2.98 2.57 78.154 55.68 0.005 0.1 256
1 2.0 2.87 3.14 2.85 2.99 2.72 3.03 3.01 2.95 2.95 2.89 2.79 2.91 2.92 2.77 2.74 2.77 2.79 2.78 3.01 2.85 99.532 79.4 0.0001 0.1 256
1 2.0 2.86 2.92 2.91 2.95 2.68 2.9 2.69 2.81 2.85 2.81 2.88 2.91 2.9 2.96 2.98 2.79 2.91 2.88 2.75 2.74 96.622 77.59 0.0005 0.1 256
1 2.0 3.05 3.02 2.7 2.89 2.75 2.83 2.87 2.79 2.84 2.52 2.79 2.8 2.77 2.71 2.74 2.78 2.62 2.72 2.67 2.65 99.344 82.35 5e-05 0.1 256
1 2.0 2.95 2.84 2.84 2.93 2.9 2.87 2.79 2.71 2.77 3.05 2.82 2.75 2.78 2.76 2.69 2.91 2.76 2.78 2.74 2.69 99.642 81.76 1e-05 0.1 256
1 2.0 3.12 2.96 2.77 2.81 2.85 2.78 2.71 2.75 2.78 2.76 2.76 2.9 2.79 2.66 2.77 2.82 2.77 2.63 2.75 2.71 99.776 82.46 5e-06 0.1 256
1 2.0 2.95 3.09 2.96 2.97 2.75 2.78 2.86 2.78 2.76 2.88 3.08 2.98 3.0 2.78 2.86 2.84 2.86 2.86 2.77 2.86 99.732 81.63 1e-06 0.1 256
1 2.0 2.95 3.01 2.77 2.81 2.81 2.89 2.76 2.72 2.73 2.86 2.67 2.74 2.86 2.82 2.74 2.62 2.74 2.6 2.58 2.77 99.66 82.72 5e-07 0.1 256
1 2.0 3.07 2.83 3.03 2.9 2.85 2.85 2.75 2.8 2.77 2.81 3.0 2.83 2.78 2.7 2.72 2.83 2.77 2.68 2.68 2.73 99.72 81.38 1e-07 0.1 256
1 2.0 3.23 3.18 3.23 3.02 2.99 2.96 2.79 2.87 2.77 2.92 3.09 2.79 2.83 2.74 2.85 2.82 2.66 2.81 2.89 2.84 96.97 77.43 0.001 0.1 512
1 2.0 2.29 2.42 2.8 2.72 2.82 2.74 2.61 2.95 2.72 2.76 2.37 2.95 3.01 3.07 2.93 2.73 2.81 2.6 2.81 2.61 86.33 71.4 0.005 0.1 512
1 2.0 3.5 3.18 2.85 3.04 2.87 2.87 2.98 2.77 2.95 2.87 3.01 2.99 2.82 2.97 2.86 2.94 2.84 2.95 2.84 2.86 99.178 76.36 0.0001 0.1 512
1 2.0 3.48 3.12 2.94 2.89 2.99 2.95 2.78 2.79 3.06 2.76 2.87 2.68 2.82 2.8 2.73 2.9 2.77 2.94 2.81 2.79 97.982 79.55 0.0005 0.1 512
1 2.0 2.87 2.93 2.96 3.05 2.86 2.78 2.97 2.71 2.91 2.79 2.84 2.86 2.76 2.87 2.83 2.85 2.84 2.91 2.85 2.89 99.118 75.69 5e-05 0.1 512
1 2.0 3.38 3.19 2.88 2.97 2.94 2.85 3.04 2.77 3.19 2.94 2.81 2.94 2.93 2.84 2.95 2.68 2.77 2.8 2.68 2.75 99.622 79.31 1e-05 0.1 512
1 2.0 3.03 3.26 2.96 2.83 3.0 2.95 2.85 2.8 2.93 3.01 2.91 2.96 2.83 2.95 2.87 3.02 2.97 2.74 2.86 2.77 99.756 79.57 5e-06 0.1 512
1 2.0 3.2 3.07 3.06 3.01 2.91 2.92 3.09 3.14 2.91 2.89 2.92 2.96 2.82 3.08 2.9 2.82 3.05 2.82 2.83 2.71 99.628 79.54 1e-06 0.1 512
1 2.0 3.26 3.24 3.14 2.92 3.16 3.24 2.9 2.91 3.05 2.8 2.95 2.95 2.91 2.97 2.89 2.76 3.0 2.94 3.01 2.98 99.47 78.07 5e-07 0.1 512
1 2.0 3.32 3.12 3.13 2.92 3.06 2.84 2.83 2.86 2.92 2.88 3.05 2.92 2.98 2.89 2.82 2.81 2.83 2.9 2.84 2.9 99.726 79.12 1e-07 0.1 512
1 2.0 2.89 2.67 2.76 2.74 2.81 2.87 2.63 2.58 2.56 2.68 2.54 2.51 2.46 2.44 2.48 2.45 2.45 2.45 2.46 2.45 100.0 84.52 0.001 0.01 256
1 2.0 2.94 2.56 2.8 2.89 2.7 2.68 2.78 2.87 2.68 2.75 2.6 2.71 2.69 2.83 2.86 2.76 2.68 2.78 2.88 2.83 97.124 77.8 0.005 0.01 256
1 2.0 2.91 2.66 2.8 2.67 2.6 2.67 2.63 2.67 2.67 2.65 2.62 2.69 2.53 2.48 2.45 2.49 2.47 2.5 2.51 2.5 100.0 84.1 0.0001 0.01 256
1 2.0 3.09 2.55 2.77 2.91 2.6 2.73 2.83 2.71 2.72 2.61 2.6 2.55 2.48 2.44 2.47 2.47 2.44 2.51 2.48 2.5 100.0 84.18 0.0005 0.01 256
1 2.0 2.97 2.73 2.75 2.8 2.77 2.91 2.69 2.77 2.62 2.58 2.52 2.57 2.49 2.49 2.45 2.5 2.48 2.47 2.44 2.47 100.0 83.81 5e-05 0.01 256
1 2.0 2.78 2.61 2.62 3.01 2.78 2.94 2.89 2.73 2.65 2.7 2.73 2.57 2.6 2.57 2.59 2.56 2.61 2.58 2.57 2.57 100.0 83.97 1e-05 0.01 256
1 2.0 2.94 2.67 2.68 2.8 2.71 2.85 2.8 2.79 2.55 2.67 2.6 2.58 2.57 2.55 2.54 2.58 2.58 2.61 2.56 2.62 100.0 83.84 5e-06 0.01 256
1 2.0 2.89 2.68 2.74 2.62 2.66 2.77 2.71 2.62 2.63 2.61 2.58 2.52 2.52 2.48 2.51 2.51 2.52 2.52 2.53 2.54 100.0 83.48 1e-06 0.01 256
1 2.0 2.8 2.66 2.73 2.85 2.72 2.7 2.59 2.81 2.59 2.58 2.47 2.61 2.54 2.52 2.49 2.52 2.54 2.54 2.52 2.51 100.0 83.69 5e-07 0.01 256
1 2.0 2.77 2.74 2.76 2.73 2.74 2.83 2.81 2.72 2.54 2.43 2.49 2.43 2.43 2.45 2.44 2.43 2.49 2.44 2.43 2.44 100.0 83.79 1e-07 0.01 256
1 2.0 3.11 2.8 2.71 2.98 2.92 2.73 2.82 2.81 2.75 2.77 2.73 2.76 2.71 2.71 2.72 2.71 2.72 2.76 2.72 2.73 100.0 81.17 0.001 0.01 512
1 2.0 2.88 3.07 2.78 2.84 2.76 2.72 2.62 2.82 2.79 2.75 2.77 2.67 2.57 2.52 2.55 2.55 2.55 2.47 2.51 2.51 100.0 82.67 0.005 0.01 512
1 2.0 2.9 2.72 2.91 2.85 2.78 2.92 2.71 2.79 2.73 2.61 2.69 2.59 2.55 2.51 2.54 2.55 2.54 2.54 2.57 2.51 100.0 81.48 0.0001 0.01 512
1 2.0 2.87 2.83 2.93 2.74 2.88 2.84 2.77 2.61 2.7 2.63 2.64 2.62 2.63 2.64 2.62 2.62 2.64 2.61 2.62 2.63 100.0 80.65 0.0005 0.01 512
1 2.0 2.92 2.67 2.86 2.84 2.83 2.77 2.79 2.81 2.68 2.72 2.62 2.62 2.65 2.66 2.62 2.61 2.63 2.66 2.63 2.66 100.0 80.51 5e-05 0.01 512
1 2.0 2.87 2.79 2.84 2.67 2.76 2.66 2.79 2.78 2.71 2.54 2.5 2.56 2.55 2.61 2.54 2.52 2.56 2.56 2.58 2.56 100.0 81.04 1e-05 0.01 512
1 2.0 3.04 2.81 2.87 2.87 2.74 2.74 2.85 2.72 2.78 2.65 2.68 2.65 2.64 2.68 2.65 2.6 2.61 2.62 2.61 2.62 100.0 80.61 5e-06 0.01 512
1 2.0 2.96 2.82 2.9 2.75 2.9 2.87 2.71 2.79 2.7 2.72 2.65 2.69 2.69 2.7 2.71 2.66 2.71 2.72 2.67 2.68 100.0 81.0 1e-06 0.01 512
1 2.0 3.05 2.78 3.05 2.9 2.92 2.71 2.74 2.72 2.79 2.73 2.67 2.66 2.65 2.66 2.6 2.66 2.66 2.62 2.63 2.63 100.0 80.9 5e-07 0.01 512
1 2.0 3.15 2.81 2.77 2.79 2.89 2.83 2.71 2.73 2.74 2.65 2.68 2.62 2.65 2.64 2.64 2.61 2.58 2.64 2.63 2.62 100.0 81.48 1e-07 0.01 512
