1.69 2.87 2.79 2.85 2.72 2.61 2.68 2.68 2.65 2.66 2.7 2.66 2.64 2.66 2.62 2.62 2.61 2.65 2.62 2.61 2.61 100.0 81.66 1e-05 0.1 512
1.69 3.22 2.9 2.92 2.74 2.74 2.72 2.74 2.74 2.78 2.71 2.73 2.73 2.7 2.76 2.72 2.75 2.73 2.74 2.72 2.71 100.0 79.86 1e-07 0.1 1024
1.69 2.75 2.62 2.61 2.5 2.51 2.51 2.52 2.51 2.58 2.5 2.53 2.52 2.57 2.58 2.56 2.56 2.53 2.51 2.53 2.53 100.0 81.8 1e-07 0.01 512
1.69 3.0 2.8 2.79 2.79 2.82 2.76 2.76 2.77 2.78 2.83 2.78 2.84 2.82 2.82 2.8 2.83 2.83 2.81 2.81 2.79 100.0 78.16 1e-06 0.01 1024
1.69 5.38 5.05 5.07 5.02 5.12 5.1 5.19 5.11 5.13 4.98 5.13 5.16 5.13 5.2 5.11 5.0 5.07 5.15 5.01 5.11 100.0 62.59 1e-07 0.001 1024
1.69 2.83 2.97 2.83 2.71 2.81 2.71 2.73 2.71 2.73 2.72 2.71 2.75 2.79 2.78 2.77 2.8 2.77 2.79 2.79 2.75 100.0 80.19 1e-07 0.1 512
1.69 2.85 2.8 2.77 2.79 2.55 2.58 2.62 2.53 2.54 2.49 2.5 2.55 2.51 2.52 2.53 2.5 2.47 2.48 2.48 2.47 100.0 82.13 1e-06 0.1 256
1.69 2.9 3.04 2.83 2.69 2.78 2.72 2.75 2.69 2.81 2.81 2.78 2.73 2.81 2.86 2.82 2.83 2.83 2.82 2.82 2.84 100.0 81.88 1e-05 0.1 256
1.69 4.35 3.96 3.93 3.94 3.86 3.89 3.84 3.98 3.82 3.83 3.83 3.93 3.88 3.89 3.76 3.97 3.94 3.92 3.92 3.85 100.0 69.04 1e-05 0.001 512
1.69 2.83 2.67 2.67 2.69 2.74 2.72 2.71 2.71 2.7 2.71 2.69 2.69 2.74 2.72 2.73 2.69 2.71 2.71 2.71 2.69 100.0 81.98 1e-06 0.01 512
1.69 2.81 2.67 2.65 2.66 2.64 2.66 2.67 2.66 2.65 2.69 2.61 2.71 2.65 2.67 2.65 2.66 2.64 2.65 2.68 2.7 100.0 81.48 1e-05 0.01 512
1.16 3.13 3.09 2.94 3.05 2.95 2.78 2.87 2.87 2.79 2.82 2.82 2.74 2.77 2.81 2.8 2.8 2.78 2.82 2.8 2.8 100.0 78.42 1e-07 0.1 1024
1.69 2.96 2.93 2.85 2.74 2.66 2.63 2.72 2.61 2.69 2.64 2.63 2.68 2.67 2.66 2.71 2.69 2.67 2.66 2.69 2.69 100.0 81.08 1e-06 0.1 512
1.69 2.83 2.54 2.55 2.5 2.57 2.57 2.53 2.51 2.53 2.51 2.54 2.55 2.58 2.56 2.56 2.53 2.56 2.54 2.56 2.54 100.0 84.82 1e-06 0.01 256
1.69 4.16 3.87 3.83 3.79 3.71 3.8 3.86 3.82 3.85 3.81 3.75 3.84 3.75 3.77 3.85 3.8 3.81 3.83 3.71 3.84 100.0 68.68 1e-06 0.001 512
1.16 3.03 2.77 2.76 2.82 2.78 2.82 2.79 2.84 2.87 2.82 2.86 2.86 2.82 2.84 2.84 2.84 2.87 2.84 2.84 2.84 100.0 78.15 1e-05 0.01 1024
1.69 2.9 2.78 2.73 2.77 2.76 2.74 2.77 2.79 2.76 2.72 2.75 2.74 2.71 2.69 2.73 2.77 2.7 2.74 2.73 2.79 100.0 81.85 1e-07 0.1 256
1.69 2.6 2.6 2.55 2.53 2.51 2.51 2.51 2.54 2.55 2.52 2.5 2.49 2.5 2.51 2.52 2.51 2.51 2.51 2.54 2.53 100.0 84.03 1e-05 0.01 256
1.16 3.35 2.94 2.99 2.99 2.97 2.82 2.83 2.87 2.98 2.85 2.89 2.89 2.96 2.88 2.88 2.88 2.92 2.88 2.92 2.92 100.0 76.77 1e-05 0.1 1024
1.16 2.74 2.59 2.62 2.59 2.58 2.56 2.58 2.58 2.56 2.59 2.59 2.63 2.58 2.6 2.61 2.59 2.55 2.58 2.58 2.59 100.0 81.88 1e-05 0.01 512
1.16 2.88 2.9 2.78 2.84 2.89 2.74 2.67 2.73 2.75 2.72 2.72 2.73 2.75 2.73 2.77 2.73 2.72 2.72 2.7 2.77 99.998 79.47 1e-05 0.1 512
1.69 2.64 2.64 2.61 2.62 2.59 2.59 2.62 2.58 2.6 2.57 2.61 2.58 2.58 2.55 2.62 2.56 2.57 2.54 2.56 2.62 100.0 84.99 1e-07 0.01 256
1.69 3.39 3.04 3.12 3.12 3.13 3.11 3.07 3.16 3.04 3.07 3.01 3.07 3.15 3.23 3.05 3.07 2.95 3.09 3.12 3.16 100.0 75.68 1e-05 0.001 256
1.69 3.21 3.16 2.9 3.01 3.0 3.15 3.21 3.06 3.06 2.99 3.04 3.06 3.05 2.97 2.95 3.06 2.95 2.92 2.98 3.05 100.0 74.43 1e-06 0.001 256
1.16 2.97 2.99 2.82 2.74 2.72 2.78 2.67 2.79 2.78 2.72 2.75 2.75 2.77 2.75 2.72 2.71 2.8 2.77 2.76 2.73 100.0 78.68 1e-07 0.1 512
1.69 3.34 2.96 3.13 3.02 3.13 3.07 3.05 3.08 3.16 3.15 3.03 3.15 3.11 3.17 3.1 3.12 3.05 3.12 3.17 3.13 100.0 74.23 1e-07 0.001 256
1.16 2.84 2.94 2.82 2.63 2.78 2.64 2.64 2.69 2.6 2.66 2.67 2.6 2.67 2.61 2.58 2.56 2.61 2.62 2.59 2.61 100.0 78.95 1e-06 0.1 256
1.16 4.26 3.95 3.8 3.73 3.67 3.84 3.83 3.84 3.81 3.96 3.8 3.9 3.97 3.84 3.83 3.79 3.92 3.81 3.92 3.87 100.0 68.5 1e-06 0.001 512
1.16 2.81 2.58 2.6 2.6 2.59 2.59 2.59 2.59 2.57 2.59 2.6 2.62 2.57 2.6 2.61 2.66 2.59 2.58 2.6 2.63 100.0 82.03 1e-07 0.01 512
1.13 3.12 3.01 3.05 2.77 2.78 2.73 2.72 2.76 2.75 2.67 2.67 2.69 2.71 2.73 2.74 2.75 2.71 2.7 2.73 2.7 100.0 78.83 1e-05 0.1 1024
1.16 4.34 4.13 4.03 3.88 3.9 3.87 4.02 3.92 4.04 3.97 3.91 3.97 3.84 3.89 3.86 3.84 3.88 3.92 3.88 3.89 100.0 69.03 1e-07 0.001 512
1.16 2.7 2.65 2.53 2.55 2.59 2.62 2.56 2.55 2.58 2.59 2.61 2.58 2.63 2.58 2.57 2.63 2.55 2.61 2.6 2.58 100.0 84.61 1e-07 0.01 256
1.16 2.79 2.84 2.82 2.75 2.75 2.7 2.75 2.73 2.75 2.68 2.7 2.72 2.72 2.75 2.72 2.75 2.75 2.72 2.75 2.73 100.0 82.07 1e-07 0.1 256
1.16 2.88 2.73 2.79 2.83 2.83 2.66 2.57 2.75 2.65 2.71 2.66 2.66 2.65 2.68 2.66 2.67 2.66 2.67 2.69 2.7 100.0 81.16 1e-05 0.1 256
1.16 2.59 2.55 2.51 2.5 2.52 2.47 2.47 2.47 2.5 2.48 2.48 2.5 2.52 2.45 2.48 2.46 2.48 2.48 2.48 2.5 100.0 84.52 1e-05 0.01 256
1.16 4.51 3.55 3.58 3.58 3.59 3.63 3.62 3.6 3.58 3.65 3.66 3.62 3.59 3.61 3.71 3.6 3.6 3.68 3.58 3.71 100.0 68.5 1e-05 0.001 512
1.16 2.55 2.54 2.5 2.51 2.53 2.54 2.5 2.51 2.51 2.52 2.56 2.51 2.51 2.49 2.51 2.51 2.51 2.54 2.51 2.54 100.0 84.82 1e-06 0.01 256
1.16 3.64 3.11 3.15 3.14 3.21 3.17 3.16 3.22 3.07 3.1 3.09 3.13 3.08 3.24 3.08 3.07 3.15 3.16 3.11 3.16 100.0 74.53 1e-06 0.001 256
1.16 3.23 3.05 3.01 3.09 3.12 3.1 3.12 3.01 3.14 3.0 3.09 3.14 3.04 3.11 3.09 3.12 3.05 3.07 3.16 3.08 100.0 73.9 1e-07 0.001 256
1.13 3.18 2.95 2.91 2.89 2.9 2.9 2.94 2.92 2.94 2.91 2.92 2.9 2.99 2.93 2.95 2.95 2.92 2.9 2.9 2.89 100.0 77.79 1e-05 0.01 1024
1.16 3.11 3.12 2.98 3.13 3.25 3.17 3.16 3.22 3.2 3.2 3.18 3.21 3.2 3.14 3.2 3.16 3.17 3.12 3.22 3.17 100.0 74.99 1e-05 0.001 256
1.13 5.22 5.49 5.46 5.51 5.52 5.6 5.62 5.53 5.55 5.55 5.61 5.54 5.39 5.48 5.46 5.62 5.58 5.54 5.48 5.5 100.0 61.84 1e-05 0.001 1024
1.13 3.11 2.8 2.78 2.74 2.74 2.66 2.7 2.76 2.71 2.66 2.67 2.72 2.65 2.64 2.64 2.69 2.68 2.72 2.65 2.67 100.0 81.1 1e-06 0.1 256
1.13 2.84 2.93 2.82 2.79 2.54 2.61 2.56 2.71 2.64 2.7 2.63 2.6 2.62 2.61 2.63 2.64 2.64 2.63 2.65 2.64 100.0 80.34 1e-05 0.1 256
1.13 2.76 2.59 2.57 2.58 2.57 2.57 2.54 2.56 2.58 2.6 2.58 2.6 2.54 2.6 2.61 2.58 2.58 2.56 2.56 2.59 100.0 81.66 1e-06 0.01 512
1.13 2.95 2.81 2.89 2.76 2.84 2.83 2.78 2.83 2.84 2.82 2.77 2.79 2.79 2.85 2.79 2.79 2.81 2.82 2.83 2.8 100.0 81.7 1e-05 0.01 512
1.13 2.76 2.75 2.75 2.69 2.69 2.73 2.7 2.68 2.73 2.71 2.7 2.73 2.72 2.75 2.7 2.69 2.69 2.71 2.73 2.74 100.0 81.7 1e-07 0.01 512
1.13 2.95 3.16 2.88 2.89 2.75 2.8 2.73 2.73 2.75 2.77 2.67 2.69 2.75 2.76 2.74 2.77 2.72 2.69 2.77 2.7 100.0 81.95 1e-07 0.1 256
1.13 2.82 2.74 2.75 2.72 2.75 2.72 2.74 2.69 2.66 2.66 2.73 2.71 2.74 2.71 2.7 2.73 2.67 2.69 2.68 2.71 100.0 84.81 1e-05 0.01 256
1.13 2.85 2.77 2.58 2.55 2.57 2.57 2.56 2.58 2.55 2.56 2.55 2.59 2.56 2.58 2.56 2.56 2.55 2.54 2.54 2.54 100.0 83.83 1e-06 0.01 256
1.13 4.46 4.34 4.24 4.18 4.3 4.28 4.19 4.24 4.26 4.31 4.14 4.24 4.21 4.27 4.14 4.21 4.14 4.15 4.23 4.21 100.0 69.64 1e-06 0.001 512
1.13 2.74 2.74 2.6 2.54 2.55 2.6 2.58 2.58 2.56 2.57 2.61 2.56 2.59 2.64 2.63 2.58 2.58 2.62 2.61 2.58 100.0 84.71 1e-07 0.01 256
1.13 4.35 3.88 3.91 3.87 3.92 3.82 3.76 3.82 3.9 3.84 3.79 3.94 3.87 3.83 3.78 3.85 3.82 3.99 3.76 3.8 100.0 69.54 1e-05 0.001 512
1.13 3.69 3.45 3.35 3.35 3.36 3.37 3.3 3.3 3.39 3.45 3.39 3.28 3.44 3.24 3.32 3.43 3.31 3.33 3.28 3.41 100.0 74.75 1e-06 0.001 256
1.13 3.56 3.21 3.24 3.27 3.23 3.31 3.3 3.26 3.26 3.33 3.19 3.26 3.3 3.24 3.23 3.25 3.18 3.35 3.22 3.38 100.0 74.82 1e-05 0.001 256
1.13 3.58 3.4 3.48 3.47 3.49 3.36 3.42 3.44 3.44 3.38 3.25 3.38 3.29 3.33 3.33 3.28 3.26 3.31 3.38 3.4 100.0 74.81 1e-07 0.001 256
