1.8 2.74 2.54 2.54 2.51 2.5 2.5 2.51 2.51 2.51 2.52 2.51 2.51 2.48 2.52 2.51 2.5 2.51 2.51 2.5 2.51 100.0 83.66 1e-05 0.1 1024
1.8 2.72 2.72 2.47 2.47 2.43 2.47 2.47 2.44 2.44 2.46 2.45 2.46 2.43 2.46 2.45 2.44 2.45 2.44 2.46 2.46 100.0 85.6 1e-07 0.1 512
1.8 2.54 2.62 2.52 2.52 2.56 2.53 2.55 2.53 2.54 2.54 2.54 2.53 2.54 2.56 2.48 2.56 2.53 2.59 2.54 2.53 100.0 85.37 1e-06 0.1 512
1.8 3.28 2.94 2.96 2.96 3.0 2.93 2.95 2.93 2.96 2.98 2.93 2.96 2.95 2.98 2.96 2.96 2.99 2.94 2.98 2.92 100.0 74.1 1e-05 0.01 1024
1.8 3.12 2.91 2.89 2.85 2.87 2.89 2.89 2.92 2.91 2.9 2.91 2.94 2.88 2.92 2.92 2.92 2.91 2.92 2.93 2.88 100.0 74.18 1e-07 0.01 1024
1.8 2.98 2.64 2.64 2.65 2.62 2.63 2.62 2.62 2.62 2.63 2.61 2.61 2.62 2.61 2.64 2.63 2.63 2.62 2.62 2.62 100.0 78.5 1e-07 0.01 512
1.8 2.76 2.6 2.53 2.45 2.46 2.49 2.42 2.45 2.46 2.45 2.42 2.43 2.45 2.44 2.43 2.44 2.44 2.43 2.44 2.43 100.0 86.16 1e-07 0.1 256
1.8 3.23 3.21 3.16 3.41 3.69 3.77 3.68 3.83 3.89 3.86 3.96 3.85 3.9 3.83 3.89 3.86 3.92 3.89 3.87 3.96 100.0 63.96 1e-05 0.001 1024
1.8 2.76 2.79 2.63 2.66 2.66 2.67 2.68 2.7 2.67 2.65 2.71 2.7 2.69 2.68 2.67 2.69 2.7 2.72 2.69 2.71 100.0 78.83 1e-05 0.01 512
1.8 3.23 3.19 3.07 3.43 3.66 3.72 3.73 3.84 3.86 3.92 3.84 3.85 3.78 3.87 3.88 3.95 3.99 3.94 3.95 3.89 100.0 63.86 1e-07 0.001 1024
1.8 2.73 2.78 2.81 2.79 2.77 2.8 2.77 2.82 2.77 2.75 2.78 2.73 2.77 2.76 2.73 2.83 2.78 2.78 2.77 2.73 100.0 78.89 1e-06 0.01 512
1.8 2.86 3.13 3.35 3.47 3.49 3.46 3.55 3.57 3.62 3.53 3.52 3.54 3.51 3.59 3.58 3.5 3.58 3.54 3.56 3.52 100.0 66.28 1e-05 0.001 512
1.8 2.81 2.72 2.66 2.66 2.65 2.68 2.63 2.68 2.67 2.64 2.64 2.62 2.67 2.65 2.64 2.63 2.66 2.62 2.65 2.64 100.0 81.57 1e-07 0.01 256
1.8 2.86 3.1 3.37 3.53 3.46 3.61 3.64 3.6 3.63 3.58 3.59 3.62 3.61 3.56 3.61 3.63 3.58 3.63 3.66 3.63 100.0 66.14 1e-06 0.001 512
1.8 2.86 2.61 2.51 2.58 2.6 2.58 2.6 2.58 2.59 2.59 2.6 2.63 2.63 2.62 2.63 2.61 2.62 2.64 2.59 2.62 100.0 85.53 1e-05 0.1 256
1.8 2.79 2.68 2.74 2.72 2.73 2.72 2.69 2.74 2.69 2.67 2.71 2.7 2.7 2.71 2.68 2.72 2.69 2.69 2.7 2.73 100.0 82.13 1e-05 0.01 256
1.8 3.23 3.21 3.07 3.51 3.71 3.72 3.76 3.88 3.95 3.81 3.79 3.92 3.9 3.76 3.86 3.95 3.96 3.94 4.03 3.94 100.0 63.81 1e-06 0.001 1024
1.8 3.0 3.32 3.29 3.34 3.21 3.25 3.17 3.35 3.3 3.3 3.24 3.27 3.21 3.23 3.19 3.34 3.26 3.23 3.31 3.24 100.0 69.92 1e-05 0.001 256
1.8 2.83 2.66 2.58 2.56 2.68 2.6 2.61 2.58 2.58 2.57 2.59 2.55 2.6 2.57 2.62 2.56 2.56 2.62 2.54 2.61 100.0 86.1 1e-06 0.1 256
2.11 2.64 2.72 2.44 2.47 2.49 2.48 2.48 2.48 2.48 2.49 2.51 2.49 2.47 2.49 2.5 2.5 2.51 2.52 2.51 2.48 100.0 84.07 1e-05 0.1 1024
1.8 3.02 3.32 3.23 3.14 3.24 3.15 3.13 3.08 3.16 3.16 3.12 3.18 3.33 3.19 3.08 3.25 3.18 3.23 3.21 3.17 100.0 69.74 1e-07 0.001 256
1.8 2.88 3.1 3.42 3.39 3.39 3.45 3.62 3.61 3.61 3.62 3.62 3.67 3.55 3.54 3.59 3.5 3.57 3.56 3.61 3.58 100.0 66.16 1e-07 0.001 512
1.8 3.01 3.33 3.23 3.26 3.22 3.24 3.23 3.11 3.27 3.2 3.22 3.35 3.29 3.27 3.21 3.28 3.25 3.31 3.26 3.3 100.0 69.45 1e-06 0.001 256
2.11 2.61 2.6 2.5 2.5 2.51 2.5 2.51 2.52 2.51 2.5 2.48 2.51 2.51 2.5 2.49 2.54 2.52 2.5 2.5 2.49 100.0 85.51 1e-07 0.1 512
1.8 2.74 2.68 2.68 2.69 2.65 2.64 2.66 2.64 2.65 2.65 2.65 2.67 2.65 2.67 2.66 2.67 2.66 2.66 2.65 2.69 100.0 81.47 1e-06 0.01 256
2.11 2.74 2.55 2.58 2.61 2.56 2.58 2.56 2.53 2.55 2.53 2.53 2.51 2.54 2.55 2.53 2.55 2.52 2.53 2.56 2.53 100.0 86.16 1e-06 0.1 256
2.11 2.72 2.56 2.62 2.59 2.6 2.58 2.53 2.52 2.54 2.52 2.52 2.59 2.52 2.59 2.54 2.58 2.52 2.56 2.55 2.54 100.0 86.18 1e-05 0.1 256
2.11 2.72 2.69 2.6 2.6 2.63 2.58 2.58 2.59 2.59 2.58 2.6 2.59 2.59 2.58 2.59 2.58 2.58 2.57 2.6 2.57 100.0 82.61 1e-06 0.01 256
2.11 2.65 2.63 2.5 2.46 2.51 2.52 2.52 2.47 2.51 2.51 2.5 2.47 2.52 2.49 2.46 2.48 2.45 2.46 2.5 2.49 100.0 86.04 1e-07 0.1 256
2.11 2.55 2.62 2.5 2.54 2.52 2.53 2.55 2.55 2.51 2.52 2.52 2.54 2.51 2.54 2.53 2.51 2.49 2.51 2.51 2.52 100.0 85.76 1e-05 0.1 512
2.11 2.79 2.57 2.52 2.51 2.51 2.48 2.51 2.48 2.51 2.51 2.49 2.48 2.48 2.48 2.49 2.47 2.49 2.49 2.49 2.5 100.0 85.95 1e-06 0.1 512
2.11 2.87 2.88 2.95 2.92 2.89 2.89 2.9 2.93 2.91 2.91 2.92 2.91 2.93 2.93 2.89 2.91 2.89 2.88 2.91 2.91 100.0 75.15 1e-06 0.01 1024
2.11 3.33 3.09 3.19 3.51 3.69 3.66 3.54 3.52 3.69 3.56 3.53 3.61 3.54 3.54 3.55 3.5 3.56 3.51 3.53 3.62 100.0 64.85 1e-05 0.001 1024
2.11 3.02 2.55 2.55 2.55 2.54 2.56 2.53 2.55 2.56 2.57 2.54 2.54 2.59 2.6 2.54 2.53 2.53 2.54 2.54 2.56 100.0 79.59 1e-06 0.01 512
1.0 2.55 2.55 2.52 2.51 2.51 2.52 2.51 2.5 2.5 2.51 2.54 2.55 2.52 2.55 2.54 2.54 2.54 2.53 2.54 2.53 100.0 83.89 1e-05 0.1 1024
2.11 3.36 3.11 3.18 3.55 3.7 3.6 3.54 3.52 3.6 3.58 3.57 3.66 3.51 3.55 3.59 3.57 3.61 3.53 3.55 3.61 100.0 64.76 1e-06 0.001 1024
1.0 2.85 2.56 2.42 2.38 2.38 2.42 2.38 2.38 2.38 2.41 2.39 2.4 2.42 2.4 2.36 2.42 2.38 2.38 2.41 2.39 100.0 85.82 1e-05 0.1 512
2.11 2.8 2.67 2.65 2.67 2.65 2.65 2.67 2.68 2.66 2.68 2.67 2.68 2.63 2.64 2.66 2.69 2.66 2.66 2.67 2.66 100.0 79.72 1e-05 0.01 512
2.11 2.91 2.67 2.68 2.69 2.64 2.63 2.67 2.65 2.66 2.67 2.67 2.63 2.69 2.66 2.65 2.65 2.63 2.63 2.66 2.67 100.0 79.62 1e-07 0.01 512
1.0 3.3 2.99 3.0 3.02 3.04 3.04 3.06 3.04 3.04 3.01 3.03 3.01 3.03 3.03 3.05 3.04 3.03 3.02 3.06 3.05 100.0 74.6 1e-06 0.01 1024
1.0 3.26 3.03 3.03 3.05 3.0 3.02 2.98 2.98 2.96 3.01 3.01 3.0 3.0 2.99 3.02 3.0 2.98 2.99 3.01 3.0 100.0 74.44 1e-07 0.01 1024
2.11 3.12 3.25 3.53 3.38 3.48 3.46 3.31 3.37 3.34 3.39 3.31 3.37 3.38 3.4 3.32 3.39 3.38 3.27 3.34 3.34 100.0 67.34 1e-05 0.001 512
2.11 3.09 3.27 3.39 3.31 3.51 3.33 3.44 3.36 3.38 3.45 3.36 3.4 3.4 3.43 3.36 3.39 3.43 3.36 3.37 3.39 100.0 67.29 1e-07 0.001 512
1.0 3.1 2.75 2.76 2.75 2.78 2.72 2.73 2.75 2.75 2.74 2.75 2.78 2.74 2.75 2.76 2.76 2.75 2.79 2.71 2.73 100.0 79.0 1e-05 0.01 512
1.0 3.12 2.73 2.71 2.71 2.7 2.71 2.66 2.67 2.7 2.71 2.69 2.71 2.7 2.7 2.7 2.65 2.71 2.66 2.69 2.68 100.0 79.2 1e-07 0.01 512
2.11 2.75 2.5 2.58 2.59 2.54 2.51 2.56 2.54 2.56 2.53 2.55 2.59 2.54 2.53 2.54 2.56 2.54 2.55 2.57 2.53 100.0 82.66 1e-05 0.01 256
2.11 3.13 3.25 3.09 3.18 3.17 3.22 3.12 3.15 3.11 3.11 3.21 3.14 3.18 3.13 3.18 3.08 3.19 3.09 3.17 3.09 100.0 70.04 1e-05 0.001 256
1.0 2.8 2.7 2.57 2.6 2.59 2.61 2.6 2.6 2.59 2.59 2.62 2.61 2.6 2.59 2.58 2.58 2.58 2.58 2.61 2.6 100.0 82.17 1e-06 0.01 256
1.0 2.75 2.61 2.52 2.42 2.41 2.45 2.42 2.42 2.44 2.43 2.43 2.42 2.45 2.42 2.42 2.41 2.42 2.42 2.42 2.42 100.0 85.58 1e-06 0.1 512
1.0 3.57 3.47 3.2 3.4 3.61 3.78 3.9 3.83 3.97 3.92 3.99 3.84 3.89 4.05 3.92 3.91 4.02 3.91 3.9 3.96 100.0 64.94 1e-06 0.001 1024
2.11 3.21 3.17 3.2 3.14 3.14 3.11 3.1 3.04 3.11 3.13 3.09 3.22 3.23 3.2 3.06 3.17 3.22 3.13 3.09 3.19 100.0 70.56 1e-06 0.001 256
2.11 3.18 3.2 3.37 3.44 3.52 3.33 3.3 3.33 3.35 3.42 3.33 3.38 3.34 3.36 3.39 3.38 3.39 3.34 3.32 3.36 100.0 67.05 1e-06 0.001 512
1.0 3.6 3.5 3.16 3.41 3.53 3.77 3.8 3.85 3.91 3.9 3.88 3.87 3.91 3.92 3.88 3.93 3.88 3.91 3.91 3.95 100.0 65.12 1e-07 0.001 1024
2.11 2.73 2.52 2.53 2.55 2.52 2.55 2.54 2.5 2.54 2.53 2.55 2.51 2.54 2.54 2.52 2.59 2.54 2.55 2.53 2.54 100.0 82.59 1e-07 0.01 256
1.0 3.59 3.47 3.16 3.42 3.52 3.82 3.84 3.76 3.85 3.86 3.91 3.83 3.87 3.92 3.87 3.9 3.94 3.88 3.86 3.87 100.0 64.96 1e-05 0.001 1024
1.0 2.67 2.67 2.51 2.55 2.55 2.51 2.5 2.51 2.51 2.51 2.5 2.5 2.5 2.52 2.5 2.5 2.51 2.5 2.51 2.5 100.0 83.85 1e-07 0.1 1024
2.11 3.19 3.22 3.15 3.08 3.1 3.07 3.16 3.14 3.15 3.14 3.16 3.17 3.13 3.15 3.23 3.19 3.23 3.22 3.09 3.17 100.0 70.31 1e-07 0.001 256
1.0 3.34 3.05 3.02 2.96 3.01 3.0 2.97 2.96 2.99 2.97 2.99 2.96 2.96 2.95 2.99 2.96 2.98 2.94 2.95 2.97 100.0 74.67 1e-05 0.01 1024
1.0 2.67 2.66 2.57 2.52 2.5 2.53 2.49 2.49 2.51 2.5 2.55 2.54 2.54 2.59 2.53 2.56 2.52 2.55 2.54 2.57 100.0 86.62 1e-05 0.1 256
1.0 2.81 2.58 2.52 2.53 2.51 2.53 2.52 2.5 2.53 2.51 2.52 2.53 2.53 2.53 2.53 2.49 2.52 2.53 2.51 2.52 100.0 85.08 1e-07 0.1 512
1.0 2.82 2.54 2.49 2.48 2.51 2.5 2.51 2.52 2.5 2.54 2.49 2.49 2.48 2.47 2.5 2.5 2.49 2.49 2.51 2.47 100.0 86.14 1e-06 0.1 256
1.0 2.63 2.61 2.53 2.5 2.52 2.54 2.53 2.52 2.58 2.52 2.53 2.53 2.51 2.55 2.5 2.53 2.53 2.52 2.5 2.54 100.0 85.94 1e-07 0.1 256
1.0 3.41 3.16 3.65 3.63 3.52 3.59 3.5 3.57 3.45 3.49 3.49 3.51 3.52 3.58 3.55 3.56 3.54 3.51 3.47 3.51 100.0 66.69 1e-07 0.001 512
1.0 3.15 2.76 2.72 2.71 2.74 2.7 2.83 2.76 2.74 2.78 2.78 2.76 2.69 2.77 2.7 2.76 2.77 2.75 2.72 2.73 100.0 78.78 1e-06 0.01 512
1.0 2.84 2.69 2.53 2.54 2.56 2.59 2.56 2.55 2.58 2.55 2.66 2.61 2.57 2.64 2.57 2.56 2.64 2.57 2.57 2.57 100.0 81.96 1e-05 0.01 256
1.0 3.08 3.27 3.16 3.35 3.37 3.35 3.37 3.37 3.29 3.38 3.36 3.28 3.25 3.33 3.32 3.32 3.4 3.42 3.37 3.29 100.0 69.89 1e-07 0.001 256
1.0 3.37 3.16 3.76 3.56 3.49 3.59 3.58 3.67 3.5 3.64 3.54 3.49 3.49 3.48 3.53 3.6 3.58 3.54 3.54 3.55 100.0 66.57 1e-06 0.001 512
1.0 3.01 2.64 2.61 2.62 2.57 2.61 2.59 2.63 2.59 2.59 2.59 2.59 2.59 2.6 2.61 2.61 2.58 2.62 2.6 2.59 100.0 82.53 1e-07 0.01 256
1.0 3.39 3.15 3.68 3.59 3.53 3.51 3.61 3.53 3.53 3.63 3.53 3.6 3.56 3.54 3.58 3.54 3.61 3.56 3.54 3.52 100.0 66.65 1e-05 0.001 512
1.0 3.07 3.16 3.3 3.26 3.25 3.28 3.31 3.35 3.29 3.28 3.4 3.35 3.35 3.41 3.21 3.26 3.29 3.29 3.31 3.33 100.0 70.09 1e-05 0.001 256
1.0 3.04 3.49 3.2 3.18 3.17 3.22 3.26 3.32 3.28 3.27 3.29 3.41 3.34 3.28 3.31 3.3 3.28 3.31 3.28 3.22 100.0 69.93 1e-06 0.001 256
