1.0 3.18 3.41 3.15 3.19 3.1 3.23 3.13 3.16 3.02 3.01 2.99 2.99 2.99 2.97 3.0 2.98 2.98 2.96 2.98 3.01 100.0 82.77 1e-05 0.1 1024
1.0 3.32 3.95 3.32 3.33 3.31 3.09 3.12 3.03 2.97 2.99 2.99 3.0 2.98 3.0 2.98 2.97 3.04 2.99 2.97 3.01 100.0 83.7 1e-06 0.1 1024
1.0 3.5 4.65 4.09 3.55 3.23 3.26 3.35 3.16 3.19 3.16 3.06 3.01 3.06 3.0 3.03 3.01 3.05 3.04 3.03 3.05 100.0 81.82 1e-07 0.1 1024
1.0 4.11 3.25 3.23 3.16 3.29 3.4 3.25 3.26 3.16 3.2 3.24 3.2 3.2 3.18 3.16 3.19 3.18 3.24 3.22 3.2 100.0 84.0 1e-05 0.1 512
1.0 3.52 3.38 3.13 3.11 2.98 2.93 2.87 2.96 3.13 2.98 3.09 3.06 3.08 3.09 3.06 3.05 3.07 3.08 3.08 3.06 100.0 84.41 1e-06 0.1 512
1.0 3.9 3.12 3.17 3.16 3.22 3.24 3.05 2.91 2.95 2.95 2.97 3.01 2.97 2.99 2.96 3.01 2.95 2.98 2.99 2.93 100.0 83.59 1e-07 0.1 512
1.0 2.87 2.69 2.7 2.66 2.68 2.67 2.63 2.64 2.62 2.62 2.64 2.66 2.63 2.6 2.68 2.71 2.62 2.64 2.66 2.65 100.0 82.31 1e-06 0.01 1024
1.0 2.85 2.76 2.7 2.62 2.65 2.67 2.64 2.67 2.65 2.65 2.65 2.63 2.62 2.63 2.66 2.65 2.65 2.66 2.62 2.65 100.0 85.03 1e-05 0.01 512
1.0 2.76 2.56 2.54 2.54 2.53 2.53 2.52 2.55 2.53 2.54 2.55 2.54 2.52 2.53 2.53 2.53 2.54 2.52 2.53 2.52 100.0 81.65 1e-07 0.01 1024
1.0 3.45 2.87 2.93 2.95 2.96 2.99 2.92 2.86 2.98 2.97 2.96 2.96 2.93 2.95 3.0 3.01 2.99 2.95 3.03 2.93 100.0 84.96 1e-05 0.1 256
1.0 2.74 2.71 2.67 2.59 2.62 2.61 2.63 2.63 2.61 2.64 2.63 2.6 2.6 2.64 2.61 2.61 2.6 2.63 2.6 2.62 100.0 84.9 1e-06 0.01 512
1.0 3.3 3.19 3.16 2.99 2.93 2.87 2.97 2.87 2.91 2.99 2.95 3.0 2.96 2.89 2.92 2.96 2.91 2.93 2.93 2.91 99.998 85.47 1e-07 0.1 256
1.0 3.28 3.07 2.87 2.94 2.76 2.85 2.95 2.9 2.87 2.9 2.85 2.83 2.88 2.86 2.86 2.9 2.85 2.87 2.87 2.88 100.0 86.03 1e-06 0.1 256
1.0 4.24 4.09 4.16 4.15 4.06 4.26 4.18 4.14 4.25 4.12 4.22 4.33 4.13 4.35 4.3 4.14 4.12 4.23 4.09 4.23 100.0 65.41 1e-05 0.001 1024
1.0 4.55 4.48 4.39 4.4 4.41 4.38 4.44 4.33 4.41 4.32 4.33 4.33 4.37 4.4 4.32 4.46 4.39 4.42 4.31 4.4 100.0 65.42 1e-06 0.001 1024
1.0 2.76 2.69 2.63 2.62 2.57 2.56 2.58 2.57 2.56 2.55 2.57 2.58 2.55 2.56 2.56 2.56 2.58 2.56 2.56 2.57 100.0 85.02 1e-07 0.01 512
1.0 2.95 2.59 2.8 2.66 2.64 2.63 2.62 2.63 2.66 2.6 2.61 2.61 2.57 2.6 2.61 2.62 2.62 2.61 2.62 2.61 100.0 86.3 1e-06 0.01 256
1.0 3.04 2.67 2.68 2.54 2.6 2.59 2.54 2.6 2.61 2.57 2.55 2.62 2.52 2.55 2.57 2.54 2.61 2.58 2.65 2.61 100.0 86.58 1e-05 0.01 256
1.0 4.66 4.47 4.35 4.36 4.44 4.4 4.41 4.43 4.38 4.4 4.37 4.42 4.43 4.48 4.34 4.42 4.46 4.43 4.39 4.32 100.0 65.28 1e-07 0.001 1024
1.0 3.31 2.94 3.04 3.12 3.04 3.04 3.0 3.03 3.13 3.07 3.06 3.14 3.03 3.13 3.1 3.11 3.11 3.07 3.09 3.11 100.0 73.6 1e-07 0.001 512
1.0 2.71 2.63 2.55 2.58 2.57 2.55 2.59 2.56 2.58 2.56 2.55 2.53 2.59 2.54 2.56 2.58 2.55 2.57 2.59 2.53 100.0 86.28 1e-07 0.01 256
1.0 3.52 3.15 3.17 3.13 3.12 3.27 3.27 3.19 3.13 3.18 3.21 3.16 3.13 3.16 3.25 3.23 3.19 3.21 3.2 3.24 100.0 73.11 1e-05 0.001 512
1.0 3.44 3.25 3.26 3.27 3.18 3.29 3.22 3.24 3.25 3.24 3.25 3.32 3.32 3.3 3.25 3.27 3.33 3.2 3.25 3.27 100.0 72.51 1e-06 0.001 512
1.0 3.48 3.18 3.02 3.04 3.14 2.98 3.0 3.07 2.95 2.89 2.83 2.84 2.88 2.92 2.91 2.9 2.89 2.95 2.92 2.9 100.0 82.96 1e-05 0.1 1024
1.0 3.32 3.19 2.92 3.08 3.06 2.87 3.18 2.91 2.97 2.99 3.01 3.05 2.98 3.01 3.0 3.03 3.05 3.06 3.0 2.99 100.0 81.91 1e-07 0.1 1024
1.0 2.93 3.03 2.95 2.89 2.91 2.89 2.91 2.92 2.93 2.88 2.9 2.95 2.98 2.9 2.95 2.94 2.94 2.91 2.94 2.91 100.0 77.67 1e-05 0.001 256
1.0 2.88 2.84 2.93 2.84 2.93 2.88 2.93 2.87 2.9 2.9 2.95 2.97 2.9 2.91 2.88 2.96 2.96 2.89 2.9 2.94 100.0 78.66 1e-06 0.001 256
1.0 3.61 3.07 2.89 3.03 2.85 2.77 2.82 2.9 3.05 3.03 2.97 2.88 2.93 3.06 3.01 2.99 2.99 3.03 2.99 3.0 100.0 84.55 1e-06 0.1 512
1.0 3.6 2.97 3.05 2.95 3.0 2.95 2.92 2.77 2.82 2.8 2.85 2.84 2.89 2.88 2.8 2.89 2.82 2.83 2.81 2.83 100.0 85.01 1e-05 0.1 512
1.0 3.48 2.99 3.09 3.1 2.94 2.94 2.81 2.89 2.91 2.87 2.85 2.83 2.85 2.91 2.88 2.85 2.86 2.93 2.84 2.85 100.0 84.74 1e-07 0.1 512
1.0 3.91 3.21 3.05 3.2 3.32 3.08 3.11 3.09 2.98 2.97 3.05 3.01 3.0 3.07 3.04 3.03 3.05 3.03 3.06 3.05 99.996 83.72 1e-06 0.1 1024
1.0 2.79 2.74 2.72 2.64 2.64 2.64 2.65 2.66 2.68 2.72 2.68 2.68 2.67 2.68 2.65 2.65 2.67 2.62 2.65 2.67 100.0 81.54 1e-07 0.01 1024
1.0 3.16 2.74 2.71 2.67 2.72 2.75 2.74 2.67 2.66 2.76 2.66 2.65 2.69 2.68 2.64 2.68 2.72 2.68 2.68 2.74 100.0 78.13 1e-07 0.001 256
1.0 4.75 3.36 3.11 3.0 2.99 2.87 2.77 2.95 2.91 2.77 2.85 2.74 2.83 2.77 2.8 2.76 2.84 2.81 2.82 2.8 100.0 85.35 1e-05 0.1 256
1.0 2.94 2.89 2.68 2.67 2.66 2.66 2.67 2.67 2.66 2.67 2.65 2.66 2.66 2.68 2.67 2.67 2.67 2.64 2.68 2.7 100.0 82.18 1e-05 0.01 1024
1.0 3.17 2.87 2.78 2.76 2.8 2.74 2.82 2.75 2.85 2.73 2.82 2.78 2.91 2.83 2.89 2.77 2.88 2.85 2.88 2.84 100.0 86.08 1e-06 0.1 256
1.0 2.76 2.71 2.61 2.63 2.62 2.62 2.63 2.67 2.64 2.63 2.63 2.64 2.62 2.6 2.63 2.6 2.62 2.63 2.63 2.6 100.0 82.27 1e-06 0.01 1024
1.0 2.73 2.69 2.65 2.69 2.66 2.66 2.64 2.66 2.66 2.67 2.64 2.64 2.68 2.65 2.62 2.67 2.65 2.67 2.65 2.63 100.0 84.74 1e-05 0.01 512
1.0 2.91 2.59 2.61 2.57 2.51 2.52 2.52 2.53 2.54 2.56 2.51 2.55 2.56 2.52 2.52 2.54 2.52 2.56 2.52 2.53 100.0 85.07 1e-07 0.01 512
1.0 3.98 3.48 3.1 2.92 3.02 2.95 2.99 2.91 2.84 2.89 2.93 2.94 2.88 2.83 2.8 2.83 2.86 2.91 2.86 2.87 100.0 83.68 1e-07 0.1 256
1.0 4.45 4.31 4.22 4.27 4.25 4.28 4.3 4.37 4.32 4.33 4.25 4.34 4.27 4.25 4.21 4.31 4.38 4.23 4.25 4.21 100.0 65.78 1e-05 0.001 1024
1.0 4.49 4.21 4.33 4.28 4.42 4.47 4.5 4.53 4.38 4.32 4.41 4.5 4.41 4.39 4.46 4.46 4.5 4.43 4.47 4.38 100.0 65.35 1e-06 0.001 1024
1.0 4.51 4.33 4.41 4.51 4.53 4.46 4.6 4.42 4.41 4.5 4.53 4.46 4.48 4.45 4.44 4.55 4.35 4.43 4.48 4.36 100.0 65.45 1e-07 0.001 1024
1.0 2.77 2.6 2.58 2.61 2.49 2.44 2.44 2.47 2.46 2.49 2.46 2.47 2.46 2.49 2.49 2.43 2.45 2.47 2.5 2.46 100.0 86.77 1e-07 0.01 256
1.0 2.73 2.74 2.6 2.58 2.6 2.6 2.57 2.59 2.58 2.63 2.56 2.57 2.62 2.65 2.58 2.57 2.61 2.61 2.6 2.6 100.0 84.75 1e-06 0.01 512
1.0 2.66 2.61 2.44 2.5 2.45 2.43 2.43 2.42 2.41 2.44 2.43 2.41 2.41 2.43 2.41 2.42 2.41 2.44 2.43 2.42 100.0 86.59 1e-06 0.01 256
1.0 2.7 2.68 2.62 2.5 2.49 2.52 2.5 2.58 2.59 2.47 2.48 2.48 2.5 2.46 2.52 2.5 2.5 2.5 2.49 2.56 100.0 86.27 1e-05 0.01 256
1.0 3.27 3.2 3.28 3.19 3.22 3.17 3.24 3.22 3.19 3.13 3.09 3.2 3.2 3.25 3.13 3.21 3.29 3.14 3.21 3.25 100.0 71.92 1e-07 0.001 512
1.0 3.47 3.37 3.3 3.33 3.29 3.31 3.32 3.3 3.24 3.3 3.18 3.24 3.26 3.3 3.26 3.25 3.3 3.3 3.25 3.19 100.0 73.38 1e-06 0.001 512
1.0 1.09 4.37 4.18 3.18 3.29 3.26 3.29 3.04 3.02 3.05 3.01 3.05 3.02 3.07 3.03 3.06 3.02 3.06 3.05 3.06 99.998 82.76 1e-06 0.1 1024
1.0 4.08 4.01 3.52 3.31 3.28 3.35 3.13 3.16 3.22 3.25 3.14 3.08 3.1 3.08 3.14 3.08 3.12 3.1 3.09 3.07 100.0 83.92 1e-07 0.1 1024
1.0 1.05 1.09 4.25 3.72 3.33 3.35 3.33 3.38 3.07 2.96 2.99 2.98 2.97 2.96 2.99 2.98 3.0 3.0 2.99 2.99 100.0 83.69 1e-05 0.1 1024
1.0 3.36 3.08 3.11 3.16 3.2 3.17 3.19 3.2 3.19 3.24 3.22 3.21 3.15 3.28 3.28 3.17 3.15 3.23 3.23 3.2 100.0 72.83 1e-05 0.001 512
1.0 3.03 3.0 2.85 2.87 2.85 2.94 2.83 2.96 2.93 2.84 2.88 2.85 2.86 2.85 2.83 2.84 2.89 2.88 2.8 2.89 100.0 78.13 1e-05 0.001 256
1.0 1.84 3.7 3.87 3.3 3.19 3.07 3.22 3.24 3.03 3.08 3.06 3.06 3.1 3.05 3.08 3.05 3.05 3.09 3.07 3.07 100.0 84.82 1e-05 0.1 512
1.0 2.9 2.85 2.76 2.77 2.76 2.77 2.75 2.81 2.8 2.8 2.77 2.77 2.78 2.75 2.84 2.82 2.81 2.79 2.79 2.8 100.0 82.9 1e-06 0.01 1024
1.0 3.06 2.81 2.81 2.83 2.78 2.81 2.83 2.82 2.85 2.82 2.82 2.76 2.8 2.79 2.81 2.81 2.81 2.84 2.76 2.83 100.0 78.22 1e-06 0.001 256
1.0 4.25 3.25 3.25 3.29 3.17 3.14 2.97 2.78 2.95 2.89 2.94 2.92 2.93 2.94 2.89 3.01 2.97 2.95 2.98 2.92 100.0 84.24 1e-06 0.1 512
1.0 3.29 2.86 2.86 2.87 2.78 2.91 2.84 2.84 2.85 2.84 2.81 2.82 2.83 2.82 2.82 2.81 2.87 2.85 2.78 2.83 100.0 78.04 1e-07 0.001 256
1.0 3.13 2.86 2.81 2.85 2.83 2.82 2.8 2.85 2.82 2.8 2.83 2.81 2.82 2.84 2.84 2.82 2.83 2.81 2.83 2.85 100.0 82.02 1e-07 0.01 1024
1.0 3.74 3.3 3.45 3.33 3.27 3.17 3.13 3.17 3.17 3.07 3.07 3.02 3.14 3.07 3.09 3.13 3.09 3.09 3.1 3.11 100.0 84.18 1e-07 0.1 512
1.0 3.0 2.83 2.75 2.72 2.73 2.67 2.68 2.68 2.68 2.68 2.69 2.71 2.71 2.68 2.67 2.71 2.71 2.7 2.66 2.71 100.0 81.9 1e-05 0.01 1024
1.0 4.08 3.2 3.09 3.06 2.94 3.02 2.88 2.93 2.95 2.88 2.9 2.94 2.95 3.0 2.93 2.91 2.86 2.92 2.91 2.92 100.0 86.73 1e-05 0.1 256
1.0 2.83 2.67 2.67 2.57 2.56 2.59 2.55 2.6 2.6 2.61 2.62 2.57 2.59 2.58 2.58 2.6 2.6 2.6 2.61 2.56 100.0 85.33 1e-06 0.01 512
1.0 2.74 2.82 2.73 2.67 2.67 2.7 2.66 2.69 2.69 2.64 2.7 2.67 2.66 2.69 2.65 2.68 2.7 2.66 2.66 2.66 100.0 85.22 1e-05 0.01 512
1.0 4.15 3.3 3.29 3.02 3.04 2.92 2.9 3.1 2.88 2.91 2.88 2.92 2.85 2.89 2.88 2.9 2.91 2.87 2.94 2.93 100.0 86.55 1e-07 0.1 256
1.0 4.46 4.49 4.36 4.46 4.43 4.4 4.43 4.5 4.43 4.41 4.45 4.51 4.41 4.47 4.43 4.5 4.41 4.42 4.5 4.43 100.0 67.12 1e-06 0.001 1024
1.0 4.83 4.52 4.52 4.51 4.48 4.34 4.35 4.38 4.55 4.41 4.42 4.42 4.44 4.39 4.47 4.48 4.42 4.45 4.4 4.41 100.0 66.18 1e-07 0.001 1024
1.0 3.88 3.66 3.43 3.17 3.37 3.17 3.1 2.99 3.15 2.96 3.03 3.08 3.01 3.03 3.14 3.05 3.06 3.11 3.09 3.04 99.998 85.52 1e-06 0.1 256
1.0 2.87 2.86 2.74 2.71 2.7 2.67 2.67 2.68 2.7 2.65 2.69 2.65 2.71 2.69 2.64 2.68 2.67 2.63 2.66 2.7 100.0 85.08 1e-07 0.01 512
1.0 3.65 3.51 3.42 3.45 3.43 3.51 3.37 3.37 3.39 3.39 3.46 3.49 3.32 3.45 3.4 3.46 3.37 3.42 3.41 3.35 100.0 72.8 1e-07 0.001 512
1.0 2.75 2.79 2.66 2.63 2.61 2.62 2.58 2.6 2.61 2.59 2.58 2.61 2.57 2.58 2.59 2.61 2.61 2.56 2.6 2.58 100.0 86.8 1e-07 0.01 256
1.0 3.24 2.95 3.0 2.91 3.02 2.94 2.96 2.93 2.94 2.94 2.92 2.9 2.89 2.91 2.9 2.89 2.9 2.88 2.93 2.87 100.0 77.88 1e-05 0.001 256
1.0 4.55 4.47 4.46 4.41 4.28 4.29 4.36 4.36 4.3 4.41 4.37 4.43 4.27 4.32 4.45 4.31 4.36 4.35 4.45 4.34 100.0 67.18 1e-05 0.001 1024
1.0 3.32 3.25 3.28 3.33 3.31 3.26 3.22 3.25 3.36 3.31 3.32 3.22 3.26 3.33 3.28 3.28 3.3 3.25 3.31 3.32 100.0 73.17 1e-06 0.001 512
1.0 3.08 2.95 2.96 2.99 3.02 3.07 3.07 3.02 3.05 3.03 2.96 2.96 2.94 3.02 2.96 2.99 2.92 3.05 2.98 3.06 100.0 78.47 1e-07 0.001 256
1.0 3.79 3.57 3.52 3.53 3.62 3.58 3.67 3.6 3.56 3.66 3.48 3.63 3.49 3.54 3.54 3.59 3.58 3.58 3.64 3.55 100.0 72.8 1e-05 0.001 512
1.0 2.79 2.72 2.72 2.62 2.65 2.67 2.64 2.69 2.68 2.66 2.68 2.7 2.65 2.66 2.68 2.69 2.66 2.71 2.68 2.68 100.0 86.82 1e-05 0.01 256
1.0 2.95 2.78 2.64 2.62 2.65 2.6 2.54 2.57 2.61 2.59 2.57 2.56 2.57 2.58 2.65 2.59 2.63 2.63 2.66 2.62 100.0 86.78 1e-06 0.01 256
1.0 3.31 2.91 2.89 2.86 2.92 2.85 2.85 2.88 2.9 2.87 2.91 2.86 2.83 2.84 2.82 2.81 2.88 2.9 2.82 2.87 100.0 78.27 1e-06 0.001 256
