1.0 1.81 1.71 1.57 1.64 1.64 1.74 1.68 1.7 1.69 1.7 1.72 1.7 1.74 1.7 1.75 1.69 1.73 1.69 1.72 1.71 100.0 79.36 1e-05 0.1 1024
1.0 1.75 1.87 1.78 1.81 1.87 1.85 1.86 1.8 1.81 1.83 1.81 1.82 1.84 1.88 1.8 1.85 1.81 1.8 1.86 1.83 100.0 77.96 1e-06 0.1 1024
1.0 1.56 1.66 1.69 1.71 1.71 1.72 1.72 1.72 1.7 1.72 1.72 1.71 1.74 1.71 1.72 1.71 1.73 1.73 1.72 1.74 100.0 78.87 1e-07 0.1 1024
1.0 1.81 1.91 1.9 1.79 1.8 1.88 1.85 1.89 1.86 1.84 1.9 1.84 1.89 1.88 1.86 1.86 1.86 1.87 1.87 1.87 99.998 80.4 1e-05 0.1 512
1.0 1.84 1.98 2.02 1.84 1.79 1.9 1.97 1.92 1.86 1.99 1.95 1.95 1.93 1.94 1.96 1.89 1.89 1.87 1.91 1.9 100.0 78.65 1e-07 0.1 512
1.0 1.99 1.89 1.95 1.79 1.85 1.71 1.83 1.87 1.85 1.81 1.84 1.79 1.77 1.81 1.84 1.79 1.77 1.79 1.77 1.77 99.998 80.59 1e-06 0.1 512
1.0 1.85 1.93 1.91 1.93 1.88 1.87 1.89 1.81 1.89 1.76 1.86 1.89 1.9 1.86 1.88 1.89 1.84 1.89 1.86 1.86 100.0 78.94 1e-07 0.1 256
1.0 1.48 1.69 1.48 1.49 1.48 1.55 1.55 1.55 1.54 1.56 1.56 1.58 1.53 1.56 1.58 1.5 1.58 1.6 1.57 1.59 100.0 76.65 1e-05 0.1 256
1.0 2.26 2.17 2.1 2.17 2.18 2.2 2.16 2.14 2.18 2.14 2.2 2.15 2.12 2.1 2.14 2.1 2.15 2.11 2.13 2.11 100.0 59.63 1e-07 0.01 1024
1.0 2.25 2.3 2.28 2.23 2.22 2.24 2.29 2.25 2.2 2.21 2.22 2.22 2.2 2.22 2.25 2.23 2.23 2.21 2.26 2.23 100.0 60.09 1e-06 0.01 1024
1.0 1.95 1.85 1.77 1.78 1.83 1.82 1.83 1.8 1.81 1.76 1.77 1.77 1.81 1.78 1.81 1.8 1.8 1.83 1.83 1.79 100.0 69.11 1e-07 0.01 512
1.0 1.68 1.68 1.81 1.67 1.61 1.54 1.72 1.7 1.58 1.71 1.73 1.71 1.7 1.73 1.65 1.72 1.67 1.7 1.7 1.7 100.0 80.75 1e-06 0.1 256
1.0 1.9 1.88 1.99 1.95 1.98 1.98 2.03 1.97 2.03 2.02 2.0 1.96 2.01 1.98 1.98 2.0 1.98 1.99 1.97 2.04 100.0 68.96 1e-05 0.01 512
1.0 1.89 1.94 1.84 1.85 1.84 1.84 1.84 1.87 1.87 1.87 1.97 1.88 1.88 1.93 1.89 1.91 1.9 1.92 1.87 1.92 100.0 67.97 1e-06 0.01 512
1.0 1.88 1.77 1.82 1.88 1.78 1.78 1.74 1.82 1.76 1.82 1.79 1.79 1.79 1.78 1.77 1.77 1.73 1.8 1.79 1.78 100.0 74.61 1e-06 0.01 256
1.0 1.95 1.94 1.94 1.9 2.0 1.96 2.01 1.98 1.95 2.0 1.97 1.97 1.99 1.92 1.97 1.95 1.96 1.96 1.94 1.96 100.0 74.8 1e-07 0.01 256
1.0 1.81 1.84 1.8 1.86 1.85 1.87 1.87 1.93 1.84 1.84 1.84 1.83 1.84 1.82 1.82 1.83 1.85 1.89 1.86 1.86 100.0 75.14 1e-05 0.01 256
1.0 3.16 3.79 3.76 3.78 3.81 3.9 3.71 3.87 3.88 3.8 3.78 3.68 3.86 3.77 3.84 3.86 3.78 3.76 3.95 3.74 100.0 43.53 1e-07 0.001 512
1.0 2.94 3.56 3.51 3.64 3.74 3.59 3.5 3.56 3.54 3.41 3.52 3.51 3.61 3.54 3.6 3.72 3.54 3.61 3.57 3.63 100.0 44.59 1e-06 0.001 512
1.0 1.51 1.69 1.64 1.57 1.64 1.64 1.62 1.64 1.67 1.59 1.6 1.61 1.68 1.6 1.61 1.59 1.64 1.67 1.69 1.64 100.0 77.85 1e-07 0.1 1024
1.0 1.7 1.63 1.62 1.66 1.66 1.65 1.67 1.67 1.73 1.64 1.65 1.64 1.67 1.65 1.64 1.64 1.65 1.64 1.68 1.67 100.0 77.85 1e-06 0.1 1024
1.0 3.22 3.67 3.49 3.67 3.54 3.82 3.65 3.68 3.63 3.65 3.61 3.65 3.76 3.62 3.72 3.57 3.72 3.71 3.68 3.7 100.0 43.23 1e-05 0.001 512
1.0 1.73 1.58 1.76 1.66 1.75 1.77 1.77 1.78 1.77 1.78 1.76 1.75 1.86 1.76 1.73 1.74 1.78 1.81 1.79 1.79 100.0 77.72 1e-05 0.1 1024
1.0 1.51 1.6 1.57 1.56 1.58 1.63 1.63 1.57 1.6 1.55 1.54 1.54 1.55 1.57 1.56 1.58 1.56 1.57 1.6 1.6 100.0 77.02 1e-07 0.1 512
1.0 2.77 3.09 3.0 2.91 2.89 3.03 3.03 2.99 3.0 3.01 3.06 2.98 2.95 2.98 2.97 2.9 3.07 2.97 3.04 2.95 99.986 50.37 1e-07 0.001 256
1.0 2.76 2.86 2.74 2.8 2.85 2.86 2.69 2.81 2.82 2.85 2.89 2.88 2.78 2.84 2.85 2.71 2.8 2.69 2.76 2.82 99.994 52.07 1e-05 0.001 256
1.0 2.67 3.08 2.74 2.73 2.8 2.64 2.84 2.84 2.78 2.77 2.8 2.82 2.9 2.84 2.85 2.74 2.87 2.7 2.78 2.88 99.99 50.82 1e-06 0.001 256
1.0 1.81 1.59 1.71 1.7 1.71 1.78 1.71 1.69 1.7 1.7 1.68 1.72 1.72 1.69 1.69 1.74 1.7 1.71 1.7 1.71 100.0 78.53 1e-06 0.1 512
1.0 2.02 1.97 2.12 2.0 1.97 2.02 2.03 2.02 2.0 2.03 1.96 1.97 1.94 2.02 1.94 1.98 1.95 1.98 2.16 1.98 100.0 58.69 1e-06 0.01 1024
1.0 1.73 1.62 1.64 1.68 1.73 1.7 1.7 1.84 1.7 1.68 1.66 1.72 1.73 1.68 1.68 1.69 1.68 1.7 1.71 1.68 99.992 75.23 1e-05 0.1 512
1.0 1.7 1.74 1.84 1.8 1.71 1.68 1.67 1.67 1.71 1.7 1.74 1.75 1.73 1.68 1.75 1.73 1.75 1.7 1.71 1.7 100.0 81.8 1e-05 0.1 256
1.0 1.68 1.52 1.51 1.62 1.58 1.57 1.53 1.58 1.52 1.6 1.58 1.52 1.56 1.55 1.63 1.54 1.57 1.53 1.52 1.58 100.0 67.4 1e-05 0.01 512
1.0 1.74 1.64 1.66 1.71 1.68 1.71 1.7 1.7 1.69 1.71 1.68 1.69 1.67 1.69 1.69 1.66 1.68 1.69 1.7 1.68 100.0 66.53 1e-06 0.01 512
1.0 1.72 1.63 1.67 1.68 1.61 1.65 1.66 1.65 1.64 1.58 1.61 1.63 1.62 1.65 1.65 1.63 1.66 1.68 1.68 1.62 100.0 66.76 1e-07 0.01 512
1.0 3.27 4.06 4.31 4.41 4.45 4.31 4.31 4.42 4.33 4.37 4.32 4.49 4.41 4.31 4.31 4.39 4.34 4.37 4.36 4.42 100.0 38.47 1e-05 0.001 1024
1.0 1.81 1.8 1.85 1.73 1.75 1.75 1.69 1.75 1.71 1.71 1.74 1.69 1.71 1.74 1.75 1.76 1.75 1.75 1.7 1.74 100.0 74.46 1e-05 0.01 256
1.0 1.58 1.49 1.7 1.59 1.56 1.54 1.55 1.54 1.58 1.55 1.61 1.59 1.6 1.58 1.6 1.61 1.59 1.59 1.57 1.6 100.0 74.67 1e-06 0.01 256
1.0 3.34 3.87 4.04 4.16 4.32 4.17 4.29 4.29 4.28 4.24 4.27 4.35 4.18 4.3 4.21 4.33 4.32 4.35 4.21 4.29 100.0 38.45 1e-07 0.001 1024
1.0 1.53 1.51 1.63 1.56 1.58 1.6 1.56 1.61 1.6 1.62 1.58 1.6 1.59 1.58 1.6 1.54 1.63 1.63 1.59 1.56 100.0 74.58 1e-07 0.01 256
1.0 3.13 3.57 3.55 3.67 3.58 3.59 3.64 3.7 3.61 3.65 3.63 3.48 3.65 3.6 3.61 3.58 3.57 3.63 3.61 3.7 100.0 43.07 1e-06 0.001 512
1.0 2.79 3.24 3.36 3.29 3.21 3.39 3.34 3.32 3.24 3.25 3.27 3.3 3.31 3.25 3.26 3.32 3.31 3.37 3.24 3.26 100.0 43.65 1e-05 0.001 512
1.0 1.65 1.87 1.77 1.87 1.85 1.85 1.87 1.84 1.87 1.92 1.84 1.84 1.82 1.85 1.85 1.84 1.83 1.84 1.85 1.84 100.0 77.9 1e-06 0.1 1024
1.0 2.86 3.23 3.4 3.4 3.32 3.43 3.4 3.43 3.43 3.41 3.45 3.49 3.45 3.45 3.48 3.43 3.46 3.46 3.42 3.37 100.0 44.37 1e-07 0.001 512
1.0 2.58 2.65 2.6 2.73 2.67 2.57 2.7 2.69 2.76 2.82 2.72 2.68 2.66 2.72 2.77 2.69 2.69 2.75 2.81 2.78 100.0 52.18 1e-05 0.001 256
1.0 2.48 2.6 2.56 2.62 2.54 2.49 2.61 2.64 2.53 2.54 2.58 2.58 2.51 2.57 2.54 2.61 2.52 2.57 2.55 2.53 99.998 51.39 1e-06 0.001 256
1.0 2.65 2.71 2.75 2.78 2.67 2.72 2.77 2.66 2.7 2.75 2.67 2.64 2.79 2.71 2.64 2.7 2.64 2.66 2.72 2.63 100.0 50.27 1e-07 0.001 256
1.0 2.12 2.25 2.23 2.14 2.21 2.3 2.11 2.21 2.17 2.17 2.24 2.24 2.2 2.17 2.2 2.2 2.25 2.22 2.19 2.21 100.0 58.72 1e-05 0.01 1024
1.0 1.73 1.84 1.74 1.67 1.77 1.77 1.77 1.8 1.79 1.8 1.71 1.77 1.69 1.83 1.72 1.73 1.76 1.76 1.75 1.75 100.0 79.79 1e-05 0.1 512
1.0 1.53 1.63 1.57 1.59 1.67 1.64 1.64 1.69 1.64 1.56 1.6 1.58 1.61 1.58 1.57 1.59 1.63 1.58 1.58 1.61 100.0 79.44 1e-06 0.1 512
1.0 1.45 1.53 1.56 1.61 1.6 1.58 1.52 1.58 1.54 1.51 1.52 1.54 1.56 1.54 1.54 1.53 1.51 1.56 1.52 1.57 100.0 73.92 1e-07 0.1 512
1.0 2.07 1.89 1.76 1.97 1.93 1.96 1.85 1.81 1.81 1.79 1.77 1.8 1.79 1.81 1.78 1.78 1.81 1.79 1.79 1.81 100.0 81.36 1e-07 0.1 256
1.0 2.21 2.1 2.16 2.25 2.14 2.12 2.2 2.2 2.21 2.14 2.16 2.18 2.15 2.1 2.16 2.19 2.13 2.17 2.16 2.13 100.0 67.74 1e-06 0.01 512
1.0 2.08 1.87 1.95 1.94 1.96 1.99 1.91 2.01 2.01 2.03 1.95 2.02 1.94 1.97 1.97 1.94 1.95 1.94 1.99 1.93 100.0 66.61 1e-07 0.01 512
1.0 1.42 1.48 1.47 1.44 1.49 1.53 1.5 1.55 1.56 1.49 1.52 1.53 1.53 1.5 1.54 1.51 1.56 1.54 1.54 1.53 99.996 78.55 1e-05 0.1 256
1.0 1.79 1.78 1.7 1.83 1.69 1.79 1.73 1.79 1.79 1.76 1.77 1.81 1.81 1.76 1.79 1.81 1.82 1.79 1.78 1.79 100.0 82.69 1e-06 0.1 256
1.0 4.6 5.28 5.86 5.78 5.86 5.87 5.71 5.88 5.88 5.92 5.77 5.77 5.87 5.86 5.99 5.89 5.87 5.93 5.98 5.7 100.0 37.27 1e-05 0.001 1024
1.0 1.93 1.83 1.86 1.84 1.79 1.85 1.78 1.79 1.81 1.81 1.84 1.85 1.87 1.83 1.84 1.83 1.9 1.85 1.84 1.85 100.0 74.21 1e-07 0.01 256
1.0 1.93 2.09 2.0 1.89 1.86 1.88 1.89 1.84 1.86 1.87 1.91 1.9 1.91 1.83 1.87 1.96 1.9 1.94 1.84 1.87 100.0 73.5 1e-05 0.01 256
1.0 1.78 1.76 1.73 1.7 1.79 1.7 1.69 1.67 1.75 1.73 1.73 1.72 1.79 1.79 1.8 1.76 1.81 1.81 1.84 1.78 100.0 73.93 1e-06 0.01 256
1.0 3.83 4.12 4.09 4.11 4.16 4.08 4.11 3.94 4.06 4.05 3.97 4.07 4.09 4.02 4.06 3.91 4.18 3.92 4.04 4.06 100.0 42.42 1e-07 0.001 512
1.0 3.81 4.03 3.95 4.31 4.18 3.95 4.08 3.93 4.12 4.05 4.02 4.14 4.13 4.22 4.15 4.08 4.05 4.03 4.06 4.05 100.0 41.86 1e-05 0.001 512
1.0 3.67 4.14 3.97 4.1 4.03 4.1 4.06 4.28 4.16 4.18 4.2 4.16 4.15 4.13 4.1 4.13 3.99 4.08 4.09 3.95 100.0 42.45 1e-06 0.001 512
1.0 3.22 3.16 3.1 3.18 3.12 3.06 3.18 2.96 2.89 2.82 3.03 2.98 3.14 2.95 3.0 3.01 3.03 2.93 3.01 2.92 99.998 52.35 1e-05 0.001 256
1.0 3.16 3.23 3.27 3.52 3.2 3.39 3.32 3.25 3.3 3.2 3.3 3.3 3.44 3.36 3.26 3.38 3.26 3.31 3.28 3.3 99.998 51.91 1e-06 0.001 256
1.0 3.41 3.14 3.38 3.34 3.44 3.24 3.52 3.26 3.3 3.28 3.34 3.38 3.3 3.38 3.27 3.33 3.36 3.4 3.33 3.37 99.992 50.7 1e-07 0.001 256
