1.0 1.45 1.59 1.47 1.61 1.51 1.54 1.58 1.52 1.54 1.49 1.47 1.44 1.43 1.51 1.51 1.54 1.47 1.42 1.48 1.5 100.0 67.62 1e-07 0.1 1024
1.0 1.62 1.54 1.46 1.34 1.43 1.42 1.46 1.47 1.48 1.44 1.45 1.48 1.44 1.45 1.44 1.45 1.43 1.45 1.43 1.45 100.0 68.14 1e-05 0.1 1024
1.0 1.34 1.46 1.48 1.41 1.42 1.38 1.39 1.39 1.35 1.46 1.41 1.35 1.34 1.4 1.36 1.38 1.37 1.32 1.41 1.37 100.0 67.66 1e-06 0.1 1024
1.0 1.4 1.41 1.41 1.48 1.59 1.4 1.42 1.39 1.43 1.43 1.4 1.44 1.45 1.5 1.42 1.4 1.42 1.45 1.43 1.42 100.0 70.86 1e-05 0.1 512
1.0 1.49 1.6 1.58 1.51 1.45 1.57 1.51 1.61 1.6 1.6 1.55 1.6 1.56 1.61 1.58 1.65 1.59 1.6 1.56 1.59 100.0 71.16 1e-06 0.1 512
1.0 1.9 1.97 1.74 1.84 1.82 1.85 1.75 1.75 1.84 1.77 1.78 1.73 1.73 1.75 1.8 1.85 1.75 1.77 1.78 1.73 100.0 57.87 1e-05 0.01 1024
1.0 1.63 1.65 1.6 1.47 1.44 1.5 1.57 1.55 1.5 1.55 1.54 1.5 1.56 1.5 1.56 1.58 1.55 1.6 1.55 1.55 100.0 72.62 1e-07 0.1 512
1.0 1.55 1.7 1.64 1.54 1.62 1.64 1.55 1.5 1.59 1.44 1.47 1.43 1.52 1.48 1.51 1.51 1.5 1.48 1.55 1.58 100.0 76.39 1e-06 0.1 256
1.0 2.12 2.07 1.91 1.96 2.08 1.95 2.03 1.97 1.92 2.01 2.0 1.94 1.94 2.0 1.87 2.01 1.97 2.03 1.9 1.88 100.0 59.08 1e-06 0.01 1024
1.0 2.43 2.08 2.12 1.86 1.97 1.99 1.84 1.93 1.9 1.84 1.93 1.95 1.89 1.9 2.01 1.92 1.94 1.88 1.86 1.94 100.0 59.36 1e-07 0.01 1024
1.0 1.64 1.61 1.54 1.5 1.77 1.64 1.75 1.6 1.68 1.62 1.56 1.58 1.55 1.66 1.55 1.57 1.52 1.61 1.6 1.55 100.0 76.72 1e-05 0.1 256
1.0 1.71 1.66 1.71 1.63 1.79 1.73 1.67 1.68 1.86 1.75 1.8 1.75 1.74 1.79 1.73 1.75 1.85 1.77 1.79 1.77 100.0 76.69 1e-07 0.1 256
1.0 1.94 1.7 1.49 1.76 1.55 1.65 1.58 1.59 1.61 1.64 1.7 1.63 1.68 1.68 1.74 1.68 1.74 1.7 1.75 1.77 100.0 63.2 1e-05 0.01 512
1.0 2.06 1.9 1.78 1.69 1.87 1.7 1.75 1.71 1.79 1.79 1.73 1.81 1.9 1.77 1.76 1.83 1.78 1.85 1.76 1.83 100.0 62.8 1e-06 0.01 512
1.0 1.89 1.77 1.7 1.67 1.76 1.66 1.74 1.76 1.68 1.66 1.66 1.63 1.85 1.65 1.68 1.59 1.75 1.67 1.66 1.78 100.0 63.5 1e-07 0.01 512
1.0 1.61 1.96 1.6 1.57 1.65 1.55 1.59 1.59 1.7 1.58 1.49 1.61 1.66 1.57 1.57 1.58 1.51 1.54 1.53 1.53 100.0 69.05 1e-06 0.01 256
1.0 13.54 7.75 5.3 6.05 6.71 6.92 6.88 6.79 6.36 6.57 6.44 6.56 6.51 6.65 6.78 6.88 6.63 6.68 6.7 6.7 99.994 44.33 1e-06 0.001 1024
1.0 1.64 1.73 1.62 1.56 1.65 1.66 1.48 1.64 1.7 1.59 1.59 1.67 1.75 1.66 1.62 1.69 1.71 1.68 1.74 1.72 100.0 67.27 1e-07 0.01 256
1.0 13.99 8.23 5.75 6.37 7.05 7.6 7.44 7.29 7.15 7.24 7.54 7.31 7.38 7.06 7.23 7.02 7.46 7.33 7.41 7.23 100.0 42.91 1e-05 0.001 1024
1.0 1.59 1.71 1.65 1.73 1.61 1.65 1.69 1.87 1.69 1.66 1.59 1.65 1.54 1.6 1.69 1.6 1.6 1.62 1.64 1.57 100.0 68.22 1e-05 0.01 256
1.0 12.63 7.88 6.12 6.6 7.32 7.64 7.21 7.72 7.17 6.97 7.32 7.11 7.48 7.57 7.59 7.35 7.77 7.72 7.71 7.59 99.996 44.48 1e-07 0.001 1024
1.0 7.36 4.09 4.58 4.23 4.01 4.41 3.85 3.95 3.91 4.07 4.16 4.02 4.23 4.04 3.98 3.87 3.98 3.83 3.93 4.11 99.998 50.2 1e-05 0.001 512
1.0 8.16 4.39 4.69 4.6 4.55 4.5 4.35 4.47 4.4 4.4 4.32 4.34 4.11 4.26 4.36 4.46 4.26 4.26 4.12 4.21 99.996 51.71 1e-06 0.001 512
1.0 8.03 4.53 4.3 4.31 4.56 4.01 3.93 4.05 3.86 4.18 3.9 3.75 3.88 3.9 3.86 4.09 4.06 3.91 3.84 4.07 100.0 51.47 1e-07 0.001 512
1.0 4.14 3.76 3.44 2.95 3.06 2.78 2.87 2.92 2.79 2.88 2.93 3.14 2.81 2.82 2.8 2.77 2.89 2.79 2.92 2.93 99.99 57.73 1e-05 0.001 256
1.0 3.39 2.93 2.98 3.39 3.08 2.64 2.66 2.45 3.03 2.82 2.77 2.84 2.7 2.88 2.97 2.84 3.14 2.91 3.04 2.77 99.978 57.27 1e-07 0.001 256
1.0 1.43 1.29 1.43 1.34 1.34 1.34 1.29 1.3 1.3 1.25 1.23 1.27 1.32 1.28 1.26 1.3 1.23 1.27 1.26 1.34 100.0 67.64 1e-05 0.1 1024
1.0 3.59 3.44 3.33 3.16 3.11 3.05 3.12 2.92 3.04 3.05 2.69 2.91 2.78 2.89 2.69 2.92 2.95 2.94 3.07 2.88 99.972 55.99 1e-06 0.001 256
1.0 1.51 1.59 1.39 1.46 1.4 1.44 1.4 1.35 1.38 1.35 1.38 1.36 1.39 1.38 1.39 1.37 1.38 1.41 1.38 1.34 100.0 69.56 1e-06 0.1 1024
1.0 1.42 1.58 1.55 1.46 1.48 1.42 1.38 1.41 1.39 1.39 1.4 1.38 1.38 1.36 1.37 1.39 1.38 1.39 1.37 1.39 100.0 67.91 1e-07 0.1 1024
1.0 1.49 1.49 1.44 1.37 1.49 1.49 1.42 1.47 1.43 1.44 1.5 1.43 1.39 1.5 1.45 1.48 1.41 1.44 1.41 1.41 100.0 73.64 1e-05 0.1 512
1.0 1.48 1.44 1.28 1.52 1.43 1.39 1.33 1.3 1.36 1.34 1.25 1.34 1.33 1.35 1.31 1.33 1.36 1.34 1.3 1.33 100.0 73.88 1e-06 0.1 512
1.0 1.58 1.55 1.57 1.53 1.63 1.51 1.51 1.51 1.51 1.53 1.59 1.62 1.6 1.55 1.59 1.58 1.56 1.53 1.52 1.55 99.998 76.64 1e-05 0.1 256
1.0 2.02 2.17 2.02 1.92 1.93 1.85 1.97 1.94 1.92 1.88 1.86 1.83 1.91 1.85 1.87 1.95 1.81 1.91 1.9 1.95 100.0 59.47 1e-05 0.01 1024
1.0 1.41 1.58 1.38 1.43 1.36 1.5 1.49 1.42 1.47 1.46 1.46 1.36 1.43 1.39 1.38 1.38 1.37 1.41 1.44 1.43 100.0 73.75 1e-07 0.1 512
1.0 1.63 1.69 1.59 1.61 1.6 1.92 1.74 1.67 1.68 1.69 1.78 1.64 1.59 1.62 1.64 1.68 1.67 1.57 1.67 1.63 100.0 77.21 1e-06 0.1 256
1.0 2.39 1.78 2.09 2.14 2.15 2.1 2.16 2.21 2.16 2.2 2.15 2.12 2.11 2.15 2.25 2.06 2.18 2.16 2.22 2.21 100.0 60.8 1e-06 0.01 1024
1.0 1.53 1.47 1.5 1.45 1.52 1.55 1.57 1.5 1.69 1.5 1.6 1.57 1.63 1.53 1.53 1.55 1.52 1.53 1.55 1.6 100.0 76.09 1e-07 0.1 256
1.0 1.67 1.77 1.73 1.64 1.66 1.58 1.56 1.58 1.59 1.63 1.64 1.67 1.65 1.57 1.61 1.64 1.65 1.64 1.71 1.68 100.0 63.7 1e-05 0.01 512
1.0 2.5 2.3 1.97 2.02 1.99 1.96 1.91 1.93 1.92 2.03 1.93 2.0 1.91 1.95 1.82 1.9 2.0 1.83 1.96 1.91 100.0 59.47 1e-07 0.01 1024
1.0 1.91 1.47 1.62 1.55 1.52 1.6 1.64 1.64 1.51 1.54 1.62 1.58 1.63 1.5 1.62 1.57 1.59 1.61 1.64 1.48 100.0 63.83 1e-07 0.01 512
1.0 1.85 1.79 1.71 1.88 1.69 1.65 1.66 1.65 1.72 1.77 1.8 1.7 1.72 1.76 1.72 1.72 1.74 1.82 1.72 1.67 100.0 65.47 1e-06 0.01 512
1.0 1.47 1.67 1.44 1.38 1.42 1.39 1.31 1.35 1.34 1.38 1.38 1.33 1.44 1.43 1.39 1.45 1.41 1.45 1.44 1.44 100.0 67.71 1e-05 0.01 256
1.0 15.24 6.59 5.62 5.61 6.88 6.39 6.98 6.39 6.78 7.12 6.33 6.7 6.86 7.01 6.92 6.57 6.62 6.79 6.71 6.94 99.994 45.25 1e-05 0.001 1024
1.0 1.48 1.6 1.59 1.59 1.5 1.56 1.61 1.56 1.46 1.49 1.48 1.51 1.56 1.56 1.52 1.49 1.49 1.45 1.49 1.53 100.0 68.11 1e-07 0.01 256
1.0 14.92 7.85 5.67 6.03 7.0 7.01 7.0 6.94 7.03 7.04 6.85 6.82 6.84 7.08 7.18 6.7 7.21 7.19 6.92 6.9 99.992 44.97 1e-06 0.001 1024
1.0 12.95 6.86 5.87 5.43 6.19 6.83 6.91 6.25 6.66 6.82 6.32 6.04 6.51 6.71 6.48 6.28 6.23 6.75 6.47 6.38 99.99 44.13 1e-07 0.001 1024
1.0 1.65 1.44 1.61 1.54 1.43 1.43 1.7 1.47 1.54 1.61 1.6 1.52 1.61 1.53 1.57 1.46 1.48 1.45 1.57 1.45 100.0 68.86 1e-06 0.01 256
1.0 6.0 3.89 4.31 4.54 4.27 3.97 4.02 3.89 3.94 3.83 3.74 3.99 3.94 3.54 3.67 3.86 3.86 3.75 3.83 3.61 99.994 51.52 1e-06 0.001 512
1.0 6.86 4.07 4.51 4.78 4.71 4.25 4.01 4.11 3.96 3.61 3.9 4.2 4.13 4.21 4.23 4.03 4.04 4.12 3.96 4.12 99.998 52.55 1e-05 0.001 512
1.0 3.39 3.04 2.98 2.44 2.57 2.91 2.7 2.6 2.9 2.55 2.81 2.49 2.85 2.63 2.79 2.75 2.89 2.87 2.77 2.74 99.99 58.42 1e-06 0.001 256
1.0 6.26 3.64 4.17 3.9 3.92 4.22 4.36 4.08 3.96 3.98 3.62 3.96 3.9 3.88 4.16 4.22 3.85 3.97 3.71 4.14 99.998 52.33 1e-07 0.001 512
1.0 1.44 1.5 1.46 1.24 1.45 1.39 1.43 1.39 1.4 1.48 1.48 1.39 1.43 1.38 1.41 1.35 1.42 1.39 1.35 1.47 100.0 67.56 1e-06 0.1 1024
1.0 1.41 1.34 1.44 1.45 1.41 1.54 1.49 1.49 1.47 1.44 1.6 1.56 1.55 1.57 1.49 1.47 1.57 1.43 1.53 1.44 100.0 67.09 1e-07 0.1 1024
1.0 3.08 3.03 2.99 2.8 2.9 2.62 2.61 2.7 2.72 2.6 2.46 2.45 2.72 2.7 2.83 2.6 2.78 2.7 2.38 2.53 99.99 58.68 1e-05 0.001 256
1.0 1.57 1.5 1.53 1.4 1.51 1.5 1.58 1.6 1.52 1.58 1.59 1.54 1.61 1.57 1.6 1.64 1.58 1.63 1.55 1.58 100.0 71.84 1e-05 0.1 512
1.0 1.78 1.74 1.85 1.62 1.75 1.77 1.82 1.72 1.83 1.8 1.82 1.78 1.77 1.74 1.82 1.81 1.83 1.81 1.73 1.74 100.0 69.31 1e-05 0.1 1024
1.0 4.6 3.14 3.36 2.65 2.59 2.64 2.6 2.86 2.47 2.68 2.57 2.57 2.42 2.48 2.71 2.58 2.68 2.69 2.61 2.89 99.992 57.56 1e-07 0.001 256
1.0 1.76 1.45 1.35 1.53 1.35 1.44 1.47 1.42 1.51 1.43 1.43 1.44 1.47 1.45 1.45 1.41 1.41 1.5 1.46 1.4 100.0 70.15 1e-06 0.1 512
1.0 1.7 1.54 1.58 1.67 1.7 1.59 1.55 1.61 1.59 1.6 1.6 1.57 1.56 1.64 1.51 1.57 1.54 1.52 1.54 1.53 100.0 71.89 1e-07 0.1 512
1.0 1.73 1.77 1.68 1.62 1.72 1.68 1.59 1.68 1.83 1.62 1.65 1.67 1.59 1.73 1.68 1.68 1.68 1.69 1.66 1.68 100.0 77.64 1e-06 0.1 256
1.0 2.64 2.44 1.99 1.84 1.91 1.82 1.89 1.91 1.9 1.85 1.84 1.92 1.84 1.86 1.95 1.89 1.81 1.88 1.87 1.8 100.0 59.91 1e-05 0.01 1024
1.0 2.55 2.34 2.26 2.2 2.06 2.1 2.08 2.2 2.11 2.09 2.16 2.1 2.19 2.15 2.11 2.02 2.12 2.06 2.12 2.13 100.0 60.66 1e-06 0.01 1024
1.0 1.37 1.39 1.4 1.46 1.5 1.52 1.32 1.43 1.66 1.46 1.44 1.47 1.45 1.45 1.42 1.4 1.46 1.49 1.48 1.45 100.0 76.23 1e-05 0.1 256
1.0 2.53 2.06 2.33 2.02 2.02 2.04 2.14 2.19 2.18 2.21 2.19 2.13 2.19 2.1 2.02 2.11 2.19 2.08 2.28 2.14 100.0 61.05 1e-07 0.01 1024
1.0 1.76 1.52 1.63 1.65 1.61 1.64 1.7 1.53 1.54 1.69 1.66 1.62 1.61 1.58 1.61 1.65 1.6 1.66 1.61 1.66 99.998 76.4 1e-07 0.1 256
1.0 1.93 1.97 2.1 1.99 1.95 2.08 1.98 1.98 1.87 2.04 1.96 1.85 1.89 1.87 1.84 1.88 1.95 1.97 1.82 1.9 100.0 65.35 1e-05 0.01 512
1.0 1.95 1.75 1.85 1.84 1.9 1.67 1.8 1.77 1.78 1.78 1.74 1.65 1.73 1.71 1.78 1.78 1.72 1.71 1.7 1.74 100.0 63.86 1e-07 0.01 512
1.0 1.67 1.47 1.63 1.6 1.42 1.47 1.49 1.47 1.56 1.53 1.59 1.56 1.51 1.6 1.41 1.51 1.49 1.6 1.54 1.58 100.0 68.39 1e-06 0.01 256
1.0 2.07 1.85 1.92 1.64 1.65 1.62 1.54 1.54 1.61 1.64 1.62 1.59 1.6 1.65 1.55 1.61 1.59 1.63 1.62 1.53 100.0 65.91 1e-06 0.01 512
1.0 1.65 1.52 1.5 1.44 1.49 1.59 1.44 1.52 1.46 1.45 1.38 1.44 1.48 1.42 1.53 1.52 1.44 1.64 1.5 1.46 100.0 66.58 1e-05 0.01 256
1.0 14.96 9.16 6.93 6.93 7.67 7.71 8.18 8.02 8.23 8.25 8.14 7.92 7.82 8.38 8.1 7.93 8.18 8.2 8.27 8.31 99.992 44.79 1e-06 0.001 1024
1.0 17.34 8.73 6.95 7.2 7.92 7.75 8.34 8.24 8.01 7.88 7.89 8.05 7.73 7.65 7.85 7.54 7.48 7.63 7.61 7.28 99.998 44.69 1e-05 0.001 1024
1.0 1.7 1.56 1.48 1.53 1.65 1.69 1.57 1.54 1.56 1.52 1.57 1.59 1.51 1.47 1.56 1.52 1.46 1.56 1.55 1.56 100.0 67.26 1e-07 0.01 256
1.0 9.05 4.31 4.35 4.87 4.65 4.39 5.02 4.39 4.51 4.32 4.62 4.59 4.4 4.46 4.39 4.47 4.59 4.65 4.54 4.46 99.992 53.84 1e-05 0.001 512
1.0 17.55 9.05 7.1 6.51 6.85 7.06 7.68 7.58 7.21 7.32 7.47 6.99 7.28 7.45 7.42 7.09 7.35 7.14 7.09 7.09 99.998 43.81 1e-07 0.001 1024
1.0 8.54 4.69 4.63 5.09 4.92 4.55 4.49 4.59 4.49 4.56 4.43 4.36 4.57 4.4 4.54 4.51 4.34 4.38 4.43 4.45 99.982 53.47 1e-07 0.001 512
1.0 7.41 4.76 4.39 5.39 4.76 4.79 4.64 4.52 4.65 4.47 4.52 4.68 4.84 4.44 4.49 4.42 4.66 4.5 4.64 4.52 99.982 51.76 1e-06 0.001 512
1.0 3.5 2.86 2.81 2.55 2.3 2.59 2.56 2.43 2.25 2.62 2.7 2.55 2.74 2.53 2.5 2.52 2.52 2.54 2.43 2.46 99.976 57.04 1e-05 0.001 256
1.0 4.01 3.41 3.89 3.12 3.08 2.86 3.1 3.17 3.05 2.91 3.13 3.25 3.06 3.19 3.25 2.8 2.95 2.95 3.2 2.98 99.984 57.57 1e-06 0.001 256
1.0 4.0 3.39 3.32 3.42 3.21 3.25 2.97 3.18 3.09 3.02 3.15 3.07 3.19 2.68 2.91 3.35 3.01 3.01 2.95 3.1 99.984 57.74 1e-07 0.001 256
