1.0 1.44 1.92 1.87 1.97 1.92 1.86 1.82 1.84 1.81 1.8 1.82 1.79 1.83 1.83 1.83 1.8 1.8 1.83 1.8 1.83 100.0 81.42 1e-05 0.1 1024
1.0 1.62 1.7 1.79 1.79 1.84 1.75 1.76 1.74 1.79 1.74 1.8 1.71 1.69 1.71 1.68 1.7 1.72 1.74 1.74 1.7 100.0 80.76 1e-06 0.1 1024
1.0 1.56 1.7 1.61 1.58 1.7 1.54 1.6 1.61 1.63 1.65 1.6 1.63 1.64 1.62 1.69 1.63 1.64 1.59 1.64 1.62 100.0 79.54 1e-07 0.1 1024
1.0 1.62 1.85 1.88 1.82 1.78 1.72 1.76 1.72 1.77 1.76 1.75 1.82 1.75 1.81 1.72 1.75 1.79 1.78 1.81 1.77 100.0 82.19 1e-06 0.1 512
1.0 1.47 1.58 1.79 1.69 1.77 1.63 1.7 1.67 1.63 1.68 1.69 1.67 1.66 1.7 1.68 1.71 1.67 1.66 1.65 1.63 100.0 79.72 1e-05 0.1 512
1.0 1.71 2.32 1.88 1.95 1.99 2.05 2.01 2.02 1.97 1.96 1.89 1.96 1.87 1.85 1.97 1.85 1.86 1.95 1.89 1.95 100.0 70.75 1e-05 0.01 1024
1.0 1.48 1.64 1.68 1.71 1.81 1.84 1.84 1.81 1.8 1.78 1.8 1.79 1.8 1.76 1.88 1.83 1.8 1.81 1.77 1.78 100.0 80.7 1e-07 0.1 512
1.0 1.95 2.24 2.18 2.25 2.12 2.12 2.13 2.08 2.1 2.14 2.03 2.05 2.1 2.07 2.13 2.12 2.12 2.05 2.08 2.08 100.0 70.64 1e-06 0.01 1024
1.0 1.83 2.01 2.03 2.1 1.89 1.99 1.99 1.92 2.06 2.0 1.97 2.01 1.97 2.05 2.06 2.03 2.0 2.0 1.97 1.99 100.0 85.32 1e-05 0.1 256
1.0 1.83 1.74 2.02 1.93 2.0 1.92 2.01 1.98 1.97 1.93 2.03 1.93 1.95 1.92 1.99 1.95 1.97 1.9 2.02 1.92 100.0 76.03 1e-06 0.01 512
1.0 2.04 1.96 1.88 1.88 1.99 1.96 1.92 1.95 1.92 1.89 1.88 1.91 1.89 1.92 1.97 1.91 1.93 1.91 1.95 1.91 100.0 84.36 1e-07 0.1 256
1.0 1.74 1.77 1.75 1.62 1.59 1.63 1.59 1.61 1.65 1.59 1.65 1.66 1.62 1.66 1.68 1.62 1.64 1.62 1.69 1.66 100.0 83.78 1e-06 0.1 256
1.0 2.04 2.0 1.94 1.88 1.91 2.01 1.93 1.94 1.99 1.98 1.97 2.03 1.93 2.05 1.98 1.98 2.03 1.93 1.99 1.97 100.0 75.95 1e-05 0.01 512
1.0 1.85 1.68 1.66 1.7 1.66 1.63 1.6 1.62 1.6 1.62 1.56 1.59 1.63 1.64 1.61 1.62 1.71 1.67 1.66 1.61 100.0 81.07 1e-05 0.01 256
1.0 2.57 2.72 3.02 3.72 3.88 3.7 3.51 3.34 3.61 3.57 3.64 3.49 3.57 3.65 3.47 3.41 3.49 3.49 3.48 3.61 99.998 59.29 1e-05 0.001 512
1.0 1.4 1.75 1.86 1.77 1.9 1.85 1.74 1.74 1.74 1.76 1.78 1.85 1.77 1.79 1.79 1.78 1.77 1.77 1.74 1.77 100.0 81.08 1e-06 0.1 1024
1.0 1.39 1.78 1.84 1.66 1.66 1.66 1.72 1.69 1.67 1.77 1.68 1.71 1.67 1.73 1.72 1.77 1.75 1.81 1.77 1.73 100.0 80.18 1e-05 0.1 1024
1.0 2.17 2.75 2.64 2.77 2.84 2.88 2.8 2.82 2.78 2.85 2.91 3.01 2.73 2.85 2.89 2.83 3.08 2.95 3.04 2.8 99.998 66.39 1e-07 0.001 256
1.0 2.52 3.01 3.35 3.44 3.33 3.25 3.72 3.6 3.36 3.8 3.51 3.6 3.43 3.59 3.58 3.56 3.55 3.77 3.5 3.43 100.0 59.9 1e-06 0.001 512
1.0 2.59 2.75 3.13 3.82 3.67 3.76 3.45 3.11 3.47 3.53 3.64 3.51 3.31 3.41 3.61 3.63 3.42 3.57 3.34 3.5 99.996 59.44 1e-07 0.001 512
1.0 1.78 1.92 1.79 1.76 1.85 1.77 1.8 1.84 1.79 1.84 1.76 1.77 1.74 1.74 1.79 1.74 1.82 1.72 1.77 1.75 100.0 81.17 1e-06 0.01 256
1.0 1.71 1.84 1.9 1.8 1.84 1.77 1.88 1.85 1.89 1.89 1.87 1.87 1.93 1.86 1.83 1.93 1.9 1.94 1.9 1.87 100.0 81.55 1e-06 0.1 512
1.0 1.79 1.68 1.79 1.78 1.72 1.75 1.73 1.76 1.74 1.76 1.66 1.77 1.78 1.77 1.81 1.76 1.73 1.73 1.73 1.75 100.0 81.03 1e-07 0.01 256
1.0 1.74 1.95 1.89 1.8 1.94 1.98 1.95 1.91 1.87 1.85 2.01 1.91 1.89 1.92 1.88 1.89 1.86 1.87 1.9 1.94 100.0 85.1 1e-07 0.1 256
1.0 1.79 1.81 1.98 1.95 1.86 1.9 1.86 1.96 1.92 1.9 1.88 1.89 1.91 1.94 1.91 1.95 1.88 1.89 1.9 1.97 100.0 82.72 1e-07 0.1 512
1.0 2.56 2.51 2.54 2.59 2.51 2.57 2.52 2.67 2.43 2.72 2.72 2.57 2.68 2.64 2.87 2.64 2.65 2.7 2.67 2.71 100.0 66.43 1e-05 0.001 256
1.0 2.28 2.7 2.58 2.6 2.35 2.5 2.47 2.52 2.59 2.46 2.67 2.75 2.57 2.67 2.38 2.71 2.49 2.5 2.53 2.55 100.0 66.12 1e-06 0.001 256
1.0 3.17 2.8 3.13 3.67 4.48 4.58 5.24 5.73 5.53 5.49 5.58 5.36 5.54 5.54 5.45 5.56 5.59 5.5 5.56 5.71 99.98 51.75 1e-06 0.001 1024
1.0 1.46 1.63 1.59 1.52 1.53 1.48 1.51 1.57 1.52 1.55 1.51 1.52 1.54 1.54 1.51 1.51 1.5 1.52 1.55 1.52 100.0 82.78 1e-05 0.1 512
1.0 2.86 2.72 3.11 3.99 4.88 5.31 5.29 5.22 5.56 5.56 5.06 4.82 5.38 5.06 5.44 5.47 5.39 5.36 5.53 5.38 99.974 52.62 1e-07 0.001 1024
1.0 1.83 2.05 1.86 1.83 1.79 1.78 1.83 1.86 1.86 1.79 1.81 1.81 1.85 1.78 1.8 1.78 1.8 1.82 1.83 1.75 100.0 84.66 1e-05 0.1 256
1.0 1.78 1.77 1.78 1.72 1.72 1.75 1.76 1.77 1.79 1.79 1.87 1.76 1.8 1.75 1.81 1.87 1.79 1.77 1.81 1.74 100.0 77.32 1e-06 0.01 512
1.0 1.81 2.0 1.77 1.81 1.93 1.76 1.77 1.79 1.84 1.82 1.81 1.77 1.74 1.76 1.79 1.79 1.9 1.89 1.84 1.91 100.0 77.57 1e-07 0.01 512
1.0 2.47 2.3 3.01 2.92 3.4 3.19 3.39 3.34 3.33 3.42 3.4 3.35 3.41 3.33 3.22 3.35 3.36 3.48 3.32 3.22 99.996 60.28 1e-05 0.001 512
1.0 1.67 1.69 1.78 1.7 1.74 1.66 1.72 1.78 1.81 1.74 1.79 1.72 1.76 1.77 1.75 1.75 1.75 1.78 1.75 1.75 100.0 83.39 1e-06 0.1 256
1.0 2.78 2.82 3.02 3.7 3.46 3.89 3.54 3.67 3.39 3.55 3.62 3.52 3.65 3.57 3.56 3.83 3.5 3.4 3.49 3.62 100.0 58.45 1e-06 0.001 512
1.0 1.74 1.77 1.6 1.67 1.67 1.7 1.67 1.7 1.61 1.61 1.64 1.62 1.69 1.61 1.6 1.63 1.65 1.65 1.59 1.7 100.0 82.59 1e-07 0.01 256
1.15 1.2 1.56 1.77 1.75 1.73 1.67 1.63 1.67 1.59 1.59 1.6 1.61 1.63 1.62 1.66 1.64 1.64 1.66 1.63 1.61 100.0 76.84 1e-07 0.1 1024
1.0 1.61 1.68 1.75 1.64 1.68 1.61 1.77 1.62 1.74 1.64 1.65 1.65 1.7 1.7 1.68 1.64 1.59 1.66 1.62 1.74 100.0 82.16 1e-05 0.01 256
1.0 1.72 1.83 1.47 1.53 1.51 1.61 1.56 1.58 1.52 1.51 1.51 1.57 1.54 1.53 1.47 1.5 1.53 1.54 1.48 1.53 100.0 81.3 1e-06 0.01 256
1.15 2.03 2.09 2.15 2.32 2.22 2.34 2.3 2.28 2.33 2.22 2.22 2.3 2.33 2.33 2.3 2.37 2.24 2.26 2.25 2.27 100.0 71.46 1e-05 0.01 1024
1.15 2.23 2.12 2.09 2.04 2.07 2.12 2.03 2.04 2.12 2.06 2.1 2.19 2.11 2.1 2.14 2.11 2.05 2.2 2.2 2.04 100.0 71.36 1e-06 0.01 1024
1.0 2.28 2.75 2.78 2.81 3.06 2.72 2.81 2.83 2.82 2.73 2.79 2.96 3.08 2.85 2.9 3.03 2.89 2.89 3.04 2.9 99.998 65.32 1e-07 0.001 256
1.0 2.31 2.6 2.57 2.52 2.62 2.86 2.73 2.94 2.52 2.92 2.72 2.65 2.76 2.89 2.71 2.84 2.63 2.86 2.67 2.76 99.998 66.67 1e-05 0.001 256
1.15 1.41 1.69 1.65 1.56 1.66 1.65 1.64 1.68 1.64 1.69 1.69 1.66 1.63 1.63 1.62 1.67 1.65 1.68 1.66 1.64 100.0 80.96 1e-05 0.1 512
1.0 2.39 2.33 2.59 2.48 2.5 2.59 2.66 2.64 2.59 2.72 2.44 2.67 2.51 2.7 2.46 2.59 2.77 2.72 2.8 2.63 100.0 65.96 1e-06 0.001 256
1.15 1.66 1.76 1.56 1.64 1.54 1.56 1.57 1.62 1.63 1.6 1.6 1.57 1.65 1.56 1.57 1.64 1.58 1.61 1.57 1.58 100.0 80.76 1e-06 0.1 512
1.15 1.82 2.02 2.03 2.0 2.01 1.93 1.95 1.98 2.0 1.99 1.92 1.99 1.99 1.93 1.94 1.89 2.0 1.96 1.92 1.92 100.0 80.64 1e-07 0.1 512
1.15 3.85 2.75 3.0 3.43 4.99 5.35 4.8 5.28 5.11 5.18 5.09 5.01 4.94 4.99 5.12 5.25 4.68 5.02 5.13 4.94 99.996 53.53 1e-07 0.001 1024
1.15 1.79 1.79 1.91 1.92 1.95 1.9 1.92 1.92 1.92 1.93 1.97 1.93 1.87 1.95 1.91 1.89 1.94 1.91 1.97 1.9 100.0 76.49 1e-06 0.01 512
1.15 1.78 1.78 2.0 1.88 1.79 1.87 1.87 1.88 1.81 1.84 1.82 1.84 1.86 1.86 1.84 1.84 1.82 1.86 1.86 1.83 99.998 85.2 1e-06 0.1 256
1.15 1.81 1.97 1.8 1.92 1.89 1.86 1.89 1.87 1.88 1.92 1.88 1.95 1.9 1.78 1.87 1.8 1.81 1.97 1.93 1.87 100.0 77.2 1e-07 0.01 512
1.15 1.8 2.02 1.78 1.91 1.79 1.93 1.94 1.86 1.85 1.88 1.87 1.93 1.85 1.87 1.9 1.89 1.87 1.91 1.92 1.89 99.998 84.46 1e-05 0.1 256
1.15 2.02 1.77 2.14 1.86 2.07 2.1 2.02 1.94 1.98 2.0 1.96 1.99 1.98 1.91 1.99 1.94 1.94 1.97 1.97 1.95 100.0 81.95 1e-07 0.1 256
1.15 1.87 2.0 2.0 1.95 1.89 1.88 1.99 2.01 1.92 1.92 1.85 1.89 1.98 1.97 2.02 1.99 1.9 1.99 1.94 1.92 100.0 77.67 1e-05 0.01 512
1.15 2.98 2.61 3.43 3.41 3.69 3.48 3.43 3.06 3.43 3.21 3.34 3.22 3.44 3.32 3.32 3.37 3.41 3.25 3.23 3.38 100.0 59.31 1e-05 0.001 512
1.15 2.87 2.87 4.07 3.94 4.26 4.18 4.01 4.16 4.51 4.25 4.06 3.81 4.04 4.23 4.21 4.29 4.12 4.17 4.15 4.11 99.998 60.68 1e-06 0.001 512
1.15 2.07 1.83 1.66 1.71 1.69 1.73 1.73 1.74 1.72 1.67 1.69 1.76 1.74 1.71 1.75 1.74 1.79 1.77 1.78 1.69 100.0 80.89 1e-07 0.01 256
1.15 1.79 1.79 1.61 1.72 1.6 1.69 1.61 1.71 1.71 1.7 1.65 1.68 1.75 1.7 1.67 1.63 1.72 1.72 1.69 1.72 100.0 81.31 1e-05 0.01 256
1.15 1.51 1.58 1.54 1.54 1.54 1.63 1.59 1.61 1.63 1.6 1.6 1.57 1.62 1.57 1.57 1.63 1.58 1.59 1.58 1.55 100.0 80.25 1e-06 0.01 256
1.15 2.85 2.86 3.33 3.79 3.53 3.79 3.81 3.85 3.98 3.81 4.0 3.88 3.85 4.08 4.03 4.05 3.82 4.23 3.76 3.9 99.998 58.74 1e-07 0.001 512
1.15 2.36 2.37 2.85 2.66 2.62 2.63 2.42 2.33 2.57 2.41 2.44 2.46 2.48 2.37 2.57 2.42 2.42 2.46 2.37 2.3 100.0 67.13 1e-06 0.001 256
1.15 2.47 2.68 2.6 2.81 2.77 2.72 2.6 2.79 2.77 2.73 2.62 2.71 2.73 2.65 2.54 2.67 2.55 2.63 2.61 2.59 99.998 66.51 1e-05 0.001 256
1.15 2.35 2.75 2.85 2.73 2.8 3.01 2.87 2.83 2.73 2.72 2.78 2.72 2.85 2.71 2.85 2.87 2.58 2.8 2.76 2.82 100.0 65.58 1e-07 0.001 256
