1.28 1.45 1.71 1.59 1.61 1.61 1.6 1.6 1.6 1.59 1.57 1.59 1.59 1.59 1.59 1.59 1.58 1.59 1.6 1.6 1.59 100.0 82.83 1e-06 0.1 1024
1.28 1.63 1.61 1.52 1.64 1.53 1.55 1.56 1.58 1.58 1.56 1.6 1.57 1.57 1.57 1.57 1.57 1.57 1.56 1.57 1.56 100.0 83.07 1e-07 0.1 1024
1.28 1.55 1.57 1.6 1.73 1.69 1.66 1.65 1.68 1.65 1.66 1.65 1.64 1.67 1.65 1.68 1.65 1.67 1.66 1.65 1.67 100.0 82.67 1e-05 0.1 1024
1.28 1.66 1.59 1.6 1.59 1.61 1.6 1.62 1.61 1.62 1.62 1.63 1.61 1.63 1.61 1.61 1.63 1.61 1.63 1.62 1.63 100.0 83.17 1e-05 0.1 512
1.28 1.66 1.62 1.6 1.54 1.48 1.53 1.51 1.53 1.52 1.52 1.54 1.48 1.5 1.58 1.55 1.56 1.52 1.5 1.52 1.51 100.0 82.44 1e-06 0.1 512
1.28 1.68 1.61 1.57 1.67 1.66 1.62 1.57 1.65 1.62 1.59 1.59 1.61 1.57 1.63 1.65 1.6 1.64 1.65 1.66 1.6 100.0 82.71 1e-07 0.1 512
1.28 1.84 1.85 1.85 1.87 1.91 1.89 1.88 1.93 1.88 1.88 1.87 1.92 1.91 1.87 1.87 1.92 1.88 1.89 1.87 1.88 100.0 77.04 1e-05 0.01 1024
1.28 1.63 1.68 1.64 1.62 1.58 1.63 1.6 1.58 1.61 1.58 1.63 1.66 1.6 1.65 1.61 1.61 1.61 1.69 1.65 1.63 100.0 84.93 1e-05 0.1 256
1.28 1.77 1.88 1.87 1.88 1.88 1.89 1.91 1.88 1.94 1.9 1.9 1.91 1.91 1.93 1.9 1.91 1.88 1.89 1.9 1.94 100.0 76.67 1e-06 0.01 1024
1.28 1.67 1.64 1.49 1.52 1.54 1.53 1.51 1.53 1.5 1.51 1.51 1.52 1.54 1.51 1.51 1.54 1.49 1.53 1.51 1.51 100.0 84.32 1e-06 0.1 256
1.28 1.78 1.67 1.66 1.68 1.67 1.67 1.68 1.66 1.67 1.65 1.66 1.64 1.62 1.67 1.64 1.67 1.68 1.66 1.68 1.67 100.0 81.49 1e-05 0.01 512
1.28 1.68 1.63 1.61 1.68 1.61 1.65 1.62 1.61 1.61 1.62 1.62 1.64 1.63 1.66 1.63 1.67 1.66 1.64 1.63 1.63 100.0 84.34 1e-07 0.1 256
1.28 1.77 1.87 1.84 1.85 1.88 1.84 1.85 1.87 1.89 1.85 1.88 1.85 1.88 1.9 1.9 1.83 1.87 1.86 1.86 1.93 100.0 76.78 1e-07 0.01 1024
1.28 2.03 2.18 2.19 2.22 2.35 2.3 2.35 2.35 2.32 2.34 2.34 2.29 2.36 2.38 2.36 2.36 2.3 2.34 2.39 2.36 100.0 63.99 1e-07 0.001 1024
1.28 1.67 1.76 1.76 1.77 1.78 1.78 1.78 1.79 1.83 1.76 1.78 1.78 1.77 1.78 1.82 1.79 1.89 1.78 1.78 1.77 100.0 81.1 1e-06 0.01 512
1.28 1.88 2.3 2.36 2.41 2.25 2.35 2.54 2.32 2.34 2.47 2.43 2.36 2.51 2.48 2.42 2.47 2.38 2.57 2.44 2.36 100.0 63.46 1e-05 0.001 1024
1.28 1.65 1.74 1.73 1.72 1.74 1.71 1.75 1.75 1.73 1.74 1.74 1.73 1.73 1.73 1.71 1.74 1.73 1.73 1.73 1.71 100.0 83.54 1e-06 0.01 256
1.28 1.62 1.71 1.66 1.69 1.69 1.71 1.68 1.71 1.68 1.7 1.72 1.7 1.68 1.68 1.68 1.7 1.71 1.73 1.69 1.7 100.0 83.36 1e-05 0.01 256
1.28 1.84 1.72 1.71 1.71 1.75 1.71 1.71 1.71 1.73 1.7 1.7 1.71 1.73 1.7 1.71 1.71 1.75 1.71 1.71 1.7 100.0 81.51 1e-07 0.01 512
1.28 1.84 2.43 2.42 2.39 2.4 2.43 2.45 2.45 2.44 2.44 2.51 2.53 2.47 2.47 2.51 2.48 2.47 2.45 2.47 2.46 100.0 63.9 1e-06 0.001 1024
1.28 2.05 2.18 2.1 2.17 2.14 2.05 2.08 2.09 2.05 2.12 2.06 2.14 2.13 2.08 2.08 2.13 2.18 2.09 2.07 2.08 100.0 67.04 1e-05 0.001 512
1.28 1.68 1.75 1.73 1.74 1.76 1.76 1.74 1.75 1.75 1.75 1.74 1.78 1.77 1.75 1.76 1.76 1.78 1.72 1.81 1.76 100.0 83.58 1e-07 0.01 256
1.28 1.82 2.18 2.13 2.1 2.14 2.13 2.04 2.12 2.09 2.06 2.09 2.15 2.24 2.17 2.11 2.03 2.1 2.1 2.12 2.09 100.0 67.42 1e-07 0.001 512
1.28 1.81 2.11 2.13 2.18 2.2 2.14 2.18 2.23 2.19 2.2 2.2 2.22 2.23 2.15 2.2 2.28 2.27 2.17 2.18 2.21 100.0 66.66 1e-06 0.001 512
1.19 1.67 1.64 1.61 1.62 1.63 1.65 1.63 1.62 1.62 1.62 1.6 1.61 1.59 1.62 1.59 1.61 1.62 1.63 1.62 1.62 100.0 80.69 1e-05 0.1 1024
1.19 1.62 1.48 1.64 1.61 1.59 1.62 1.56 1.58 1.59 1.59 1.59 1.6 1.58 1.59 1.59 1.61 1.6 1.58 1.6 1.6 100.0 81.5 1e-07 0.1 1024
1.19 1.45 1.65 1.51 1.53 1.55 1.59 1.53 1.55 1.55 1.53 1.57 1.54 1.57 1.56 1.55 1.56 1.56 1.56 1.54 1.55 100.0 81.68 1e-06 0.1 1024
1.28 2.12 2.12 2.04 2.12 2.1 2.16 2.1 2.16 2.1 2.09 2.12 1.99 2.06 2.05 2.08 2.11 2.11 2.05 2.1 2.14 100.0 71.96 1e-06 0.001 256
1.19 1.64 1.6 1.58 1.57 1.58 1.59 1.58 1.63 1.64 1.65 1.64 1.66 1.64 1.67 1.65 1.63 1.64 1.65 1.65 1.66 100.0 83.66 1e-05 0.1 512
1.28 2.06 2.09 2.11 2.16 2.28 2.16 2.04 2.09 2.15 2.16 2.07 2.15 2.13 2.05 2.15 2.12 2.17 2.06 2.06 2.16 100.0 71.27 1e-05 0.001 256
1.19 1.85 1.65 1.66 1.64 1.67 1.67 1.63 1.64 1.68 1.72 1.68 1.66 1.69 1.67 1.69 1.68 1.71 1.63 1.67 1.69 100.0 82.64 1e-07 0.1 512
1.19 1.9 1.64 1.73 1.66 1.6 1.64 1.61 1.63 1.64 1.59 1.63 1.58 1.64 1.58 1.63 1.6 1.6 1.61 1.63 1.58 100.0 83.1 1e-06 0.1 512
1.19 1.8 1.78 1.77 1.75 1.78 1.76 1.78 1.79 1.74 1.76 1.72 1.78 1.72 1.76 1.75 1.73 1.74 1.81 1.76 1.7 100.0 77.22 1e-05 0.01 1024
1.28 2.15 2.08 2.18 2.18 2.2 2.18 2.18 2.17 2.17 2.11 2.15 2.22 2.14 2.27 2.2 2.19 2.15 2.09 2.24 2.14 100.0 71.94 1e-07 0.001 256
1.19 1.68 1.72 1.75 1.76 1.78 1.74 1.73 1.75 1.72 1.72 1.72 1.76 1.71 1.7 1.75 1.72 1.75 1.75 1.72 1.7 100.0 76.37 1e-06 0.01 1024
1.19 1.57 1.54 1.44 1.43 1.47 1.45 1.49 1.48 1.53 1.52 1.54 1.56 1.52 1.53 1.5 1.52 1.51 1.52 1.55 1.57 100.0 80.84 1e-07 0.1 256
1.19 1.5 1.53 1.52 1.52 1.54 1.58 1.54 1.51 1.55 1.57 1.51 1.52 1.57 1.58 1.54 1.55 1.5 1.59 1.58 1.56 100.0 80.22 1e-06 0.1 256
1.19 1.62 1.55 1.64 1.75 1.59 1.59 1.58 1.6 1.66 1.63 1.65 1.7 1.65 1.66 1.64 1.66 1.66 1.67 1.67 1.68 100.0 83.69 1e-05 0.1 256
1.19 1.8 2.11 2.21 2.27 2.32 2.28 2.29 2.39 2.39 2.32 2.34 2.28 2.36 2.37 2.34 2.26 2.3 2.29 2.29 2.31 100.0 64.49 1e-05 0.001 1024
1.19 1.97 2.13 2.16 2.24 2.33 2.25 2.32 2.29 2.3 2.21 2.26 2.27 2.15 2.26 2.21 2.29 2.18 2.26 2.24 2.26 100.0 68.06 1e-05 0.001 512
1.19 1.91 2.33 2.22 2.3 2.17 2.23 2.17 2.2 2.2 2.2 2.16 2.17 2.25 2.16 2.17 2.21 2.16 2.19 2.2 2.14 100.0 64.94 1e-06 0.001 1024
1.19 1.56 1.63 1.6 1.59 1.57 1.62 1.57 1.59 1.6 1.66 1.59 1.61 1.61 1.64 1.58 1.63 1.63 1.61 1.63 1.64 100.0 83.57 1e-06 0.01 256
1.19 1.67 1.62 1.57 1.56 1.59 1.61 1.58 1.58 1.6 1.63 1.63 1.59 1.63 1.6 1.59 1.62 1.59 1.61 1.63 1.64 100.0 83.66 1e-05 0.01 256
1.19 2.02 2.27 2.26 2.19 2.2 2.18 2.09 2.16 2.18 2.17 2.16 2.2 2.2 2.16 2.2 2.13 2.19 2.13 2.13 2.15 100.0 68.23 1e-06 0.001 512
1.19 1.67 1.54 1.53 1.53 1.52 1.52 1.52 1.51 1.51 1.5 1.52 1.6 1.51 1.53 1.5 1.51 1.56 1.52 1.51 1.52 100.0 83.15 1e-07 0.01 256
1.11 1.74 1.57 1.65 1.71 1.69 1.76 1.66 1.69 1.7 1.68 1.68 1.72 1.73 1.71 1.75 1.74 1.74 1.71 1.72 1.72 100.0 81.47 1e-06 0.1 1024
1.11 1.56 1.53 1.74 1.7 1.71 1.71 1.67 1.69 1.7 1.75 1.72 1.76 1.72 1.73 1.72 1.68 1.74 1.74 1.73 1.71 100.0 81.92 1e-05 0.1 1024
1.19 1.94 2.02 1.95 2.07 1.92 2.04 2.02 1.97 2.04 2.0 2.09 2.07 2.04 2.0 2.06 2.06 2.06 2.14 2.23 2.07 100.0 72.32 1e-06 0.001 256
1.19 2.02 1.91 1.92 1.87 1.96 1.96 1.99 1.93 1.89 1.98 2.0 1.94 2.04 1.94 1.96 1.92 2.04 1.88 1.94 1.9 100.0 72.58 1e-07 0.001 256
1.19 1.92 2.11 2.09 2.03 1.94 2.08 1.98 1.92 2.04 1.92 1.96 2.04 1.89 2.01 1.97 2.0 2.0 2.02 1.93 1.92 100.0 72.3 1e-05 0.001 256
1.11 1.63 1.59 1.56 1.58 1.57 1.58 1.54 1.58 1.63 1.63 1.61 1.56 1.57 1.58 1.6 1.57 1.58 1.57 1.56 1.57 100.0 80.11 1e-07 0.1 512
1.11 1.82 1.66 1.63 1.7 1.68 1.63 1.68 1.66 1.61 1.66 1.69 1.67 1.63 1.67 1.67 1.68 1.64 1.67 1.67 1.63 100.0 81.52 1e-06 0.1 512
1.11 1.7 1.7 1.72 1.74 1.76 1.74 1.75 1.74 1.76 1.77 1.75 1.75 1.76 1.73 1.77 1.74 1.75 1.74 1.74 1.76 100.0 81.44 1e-06 0.01 512
1.11 1.66 1.67 1.67 1.66 1.66 1.65 1.66 1.68 1.67 1.71 1.64 1.66 1.66 1.67 1.66 1.66 1.67 1.66 1.67 1.66 100.0 81.08 1e-05 0.01 512
1.11 1.74 1.7 1.74 1.74 1.71 1.74 1.72 1.74 1.73 1.83 1.72 1.73 1.75 1.76 1.71 1.72 1.71 1.73 1.73 1.79 100.0 80.56 1e-07 0.01 512
1.11 1.52 1.55 1.63 1.6 1.64 1.66 1.62 1.57 1.57 1.53 1.54 1.54 1.57 1.57 1.54 1.55 1.59 1.56 1.55 1.56 100.0 84.09 1e-05 0.1 256
1.11 1.74 1.63 1.7 1.64 1.69 1.67 1.69 1.67 1.67 1.64 1.65 1.67 1.68 1.67 1.67 1.64 1.65 1.69 1.64 1.66 100.0 84.22 1e-06 0.1 256
1.11 1.66 1.63 1.6 1.62 1.62 1.57 1.63 1.62 1.61 1.61 1.63 1.62 1.68 1.64 1.63 1.65 1.63 1.63 1.66 1.65 100.0 83.79 1e-05 0.01 256
1.11 1.64 1.69 1.66 1.67 1.64 1.65 1.66 1.71 1.7 1.68 1.65 1.68 1.68 1.66 1.65 1.67 1.66 1.66 1.65 1.64 100.0 84.23 1e-07 0.1 256
1.11 1.74 1.71 1.72 1.72 1.72 1.74 1.72 1.67 1.64 1.67 1.67 1.7 1.65 1.67 1.69 1.65 1.65 1.66 1.68 1.71 100.0 83.61 1e-06 0.01 256
1.11 2.36 2.16 2.26 2.25 2.3 2.36 2.34 2.35 2.38 2.3 2.35 2.33 2.26 2.21 2.33 2.29 2.29 2.43 2.29 2.34 100.0 66.9 1e-06 0.001 512
1.11 2.14 2.25 2.18 2.4 2.27 2.33 2.3 2.32 2.43 2.2 2.28 2.34 2.41 2.31 2.24 2.24 2.26 2.37 2.3 2.28 100.0 66.98 1e-05 0.001 512
1.11 2.0 2.1 2.13 2.09 2.12 2.24 2.15 2.15 2.22 2.17 2.12 2.12 2.23 2.15 2.23 2.19 2.19 2.2 2.15 2.13 100.0 72.13 1e-07 0.001 256
1.11 2.08 2.21 2.14 2.14 2.19 2.22 2.18 2.17 2.22 2.24 2.26 2.22 2.13 2.3 2.15 2.32 2.19 2.17 2.35 2.16 100.0 71.83 1e-06 0.001 256
1.11 2.07 2.2 2.24 2.24 2.27 2.21 2.3 2.27 2.23 2.28 2.18 2.24 2.21 2.29 2.26 2.17 2.23 2.29 2.18 2.28 100.0 72.43 1e-05 0.001 256
