1.11 1.57 1.78 1.55 1.46 1.49 1.52 1.55 1.49 1.55 1.53 1.57 1.55 1.55 1.53 1.58 1.57 1.57 1.55 1.56 1.6 100.0 80.43 1e-05 0.1 512
1.11 1.49 1.5 1.7 1.48 1.46 1.56 1.62 1.66 1.69 1.64 1.58 1.54 1.56 1.63 1.6 1.57 1.54 1.53 1.53 1.59 100.0 79.68 1e-06 0.1 512
1.11 1.58 1.58 1.5 1.65 1.64 1.61 1.56 1.59 1.56 1.61 1.67 1.63 1.62 1.62 1.68 1.61 1.63 1.65 1.58 1.61 99.998 80.03 1e-06 0.1 256
1.11 1.68 1.72 1.77 1.63 1.65 1.7 1.73 1.66 1.68 1.69 1.63 1.62 1.65 1.64 1.66 1.67 1.68 1.67 1.74 1.66 100.0 83.28 1e-05 0.1 256
1.11 1.62 1.48 1.47 1.51 1.45 1.47 1.47 1.48 1.48 1.5 1.48 1.5 1.48 1.51 1.53 1.48 1.48 1.45 1.46 1.53 100.0 81.69 1e-05 0.01 512
1.11 2.17 1.99 2.08 2.07 2.06 2.1 2.06 2.08 2.15 2.09 2.14 2.07 2.06 2.11 2.12 2.11 2.19 2.14 2.11 2.1 100.0 68.59 1e-05 0.001 512
1.11 1.6 1.57 1.58 1.63 1.62 1.53 1.58 1.6 1.6 1.59 1.62 1.59 1.65 1.58 1.6 1.6 1.6 1.64 1.58 1.58 100.0 82.7 1e-07 0.1 256
1.03 1.57 1.43 1.54 1.48 1.51 1.52 1.58 1.52 1.5 1.48 1.53 1.53 1.54 1.48 1.56 1.51 1.5 1.5 1.48 1.5 100.0 81.65 1e-05 0.1 1024
1.11 1.49 1.54 1.48 1.46 1.44 1.46 1.47 1.45 1.48 1.45 1.5 1.46 1.47 1.46 1.48 1.5 1.47 1.45 1.47 1.48 100.0 84.07 1e-06 0.01 256
1.11 2.16 2.25 2.18 2.23 2.22 2.19 2.15 2.33 2.22 2.2 2.23 2.15 2.25 2.2 2.19 2.24 2.24 2.19 2.34 2.17 100.0 69.1 1e-07 0.001 512
1.03 1.69 1.73 1.57 1.6 1.61 1.61 1.61 1.55 1.58 1.62 1.66 1.57 1.55 1.62 1.56 1.59 1.56 1.6 1.54 1.59 100.0 81.86 1e-06 0.1 1024
1.11 1.99 1.76 1.72 1.68 1.72 1.76 1.64 1.72 1.69 1.69 1.78 1.72 1.64 1.72 1.72 1.68 1.76 1.67 1.69 1.7 100.0 74.13 1e-05 0.001 256
1.11 1.49 1.43 1.39 1.41 1.46 1.39 1.43 1.39 1.43 1.4 1.41 1.41 1.42 1.42 1.4 1.42 1.45 1.41 1.39 1.44 100.0 84.47 1e-07 0.01 256
1.11 1.88 1.9 1.83 1.95 1.96 1.98 2.05 1.94 1.98 2.12 2.02 2.11 2.05 2.2 2.06 2.1 2.2 2.06 2.01 2.0 100.0 74.56 1e-06 0.001 256
1.03 1.52 1.59 1.48 1.52 1.53 1.5 1.49 1.56 1.45 1.49 1.51 1.45 1.49 1.47 1.5 1.47 1.47 1.48 1.46 1.46 100.0 82.47 1e-05 0.1 512
1.11 1.87 1.87 1.93 1.93 1.79 1.87 1.86 1.86 1.85 1.8 1.86 1.85 1.81 1.85 1.82 1.84 1.85 1.83 1.88 1.9 100.0 75.01 1e-07 0.001 256
1.03 1.53 1.73 1.67 1.63 1.69 1.64 1.64 1.68 1.67 1.65 1.66 1.64 1.63 1.64 1.66 1.66 1.63 1.65 1.62 1.63 100.0 81.6 1e-06 0.1 512
1.03 1.66 1.74 1.56 1.57 1.55 1.59 1.53 1.51 1.47 1.55 1.49 1.51 1.49 1.5 1.5 1.5 1.5 1.5 1.5 1.51 99.996 82.08 1e-07 0.1 512
1.03 1.51 1.58 1.57 1.58 1.57 1.57 1.56 1.53 1.56 1.58 1.55 1.57 1.56 1.56 1.56 1.55 1.58 1.58 1.55 1.56 100.0 81.48 1e-06 0.01 512
1.03 1.37 1.37 1.54 1.45 1.43 1.49 1.5 1.51 1.51 1.44 1.43 1.43 1.42 1.4 1.42 1.41 1.44 1.42 1.43 1.42 100.0 79.47 1e-07 0.1 256
1.03 1.49 1.68 1.58 1.55 1.52 1.5 1.51 1.52 1.58 1.58 1.58 1.57 1.62 1.59 1.58 1.58 1.59 1.59 1.57 1.56 100.0 82.64 1e-05 0.1 256
1.03 1.4 1.4 1.49 1.51 1.38 1.34 1.35 1.37 1.4 1.38 1.43 1.43 1.38 1.42 1.37 1.41 1.41 1.38 1.37 1.38 99.996 81.94 1e-06 0.1 256
1.03 1.47 1.58 1.53 1.59 1.59 1.56 1.56 1.55 1.58 1.54 1.53 1.56 1.57 1.58 1.57 1.56 1.55 1.55 1.56 1.52 100.0 81.83 1e-05 0.01 512
1.03 1.66 1.5 1.43 1.48 1.44 1.52 1.45 1.45 1.49 1.45 1.47 1.49 1.52 1.46 1.47 1.45 1.49 1.47 1.51 1.46 100.0 84.75 1e-06 0.01 256
1.03 1.51 1.6 1.57 1.55 1.58 1.6 1.61 1.55 1.59 1.56 1.65 1.55 1.58 1.6 1.55 1.59 1.62 1.6 1.56 1.6 100.0 81.68 1e-07 0.01 512
1.0 1.49 1.54 1.34 1.41 1.45 1.4 1.41 1.49 1.47 1.44 1.5 1.46 1.49 1.53 1.5 1.48 1.47 1.55 1.5 1.51 100.0 77.64 1e-06 0.1 1024
1.03 1.8 1.93 1.94 1.83 1.86 1.88 1.87 1.79 1.84 1.84 1.9 1.84 1.89 1.94 1.84 1.83 1.83 1.83 1.94 1.82 100.0 74.76 1e-06 0.001 256
1.0 1.74 1.7 1.68 1.65 1.62 1.69 1.68 1.71 1.66 1.68 1.65 1.66 1.66 1.7 1.67 1.69 1.66 1.65 1.66 1.64 100.0 78.7 1e-07 0.01 1024
1.03 1.59 1.57 1.46 1.47 1.49 1.45 1.44 1.55 1.49 1.49 1.49 1.46 1.48 1.48 1.47 1.51 1.47 1.51 1.5 1.5 100.0 84.39 1e-05 0.01 256
1.0 1.6 1.67 1.65 1.7 1.7 1.6 1.55 1.57 1.59 1.57 1.59 1.61 1.67 1.63 1.56 1.62 1.63 1.63 1.64 1.68 100.0 80.06 1e-06 0.1 512
1.03 1.43 1.43 1.42 1.46 1.45 1.48 1.5 1.49 1.47 1.47 1.44 1.49 1.47 1.45 1.45 1.49 1.47 1.49 1.45 1.48 100.0 84.19 1e-07 0.01 256
1.0 1.86 1.8 1.7 1.69 1.69 1.69 1.71 1.71 1.67 1.69 1.67 1.7 1.68 1.7 1.71 1.67 1.69 1.68 1.68 1.69 100.0 78.6 1e-06 0.01 1024
1.03 2.12 2.18 2.19 2.22 2.18 2.15 2.18 2.08 2.2 2.26 2.05 2.12 2.11 2.15 2.1 2.08 2.13 2.09 2.09 2.06 100.0 69.16 1e-07 0.001 512
1.0 1.65 1.67 1.74 1.73 1.56 1.73 1.64 1.58 1.65 1.59 1.58 1.64 1.56 1.61 1.62 1.63 1.63 1.63 1.72 1.61 100.0 81.79 1e-07 0.1 256
1.0 1.64 1.76 1.72 1.74 1.61 1.75 1.8 1.71 1.62 1.75 1.71 1.78 1.73 1.75 1.72 1.79 1.67 1.8 1.7 1.74 100.0 78.49 1e-06 0.1 256
1.0 2.53 2.96 2.77 2.83 2.78 2.8 2.75 2.78 2.71 2.69 2.77 2.67 2.8 2.75 2.72 2.69 2.77 2.8 2.76 2.74 100.0 61.3 1e-05 0.001 1024
1.0 2.78 3.18 2.96 3.09 3.07 3.17 3.16 3.12 3.23 3.23 3.19 3.22 3.34 3.23 3.25 3.22 3.33 3.19 3.32 3.3 100.0 61.18 1e-06 0.001 1024
1.0 1.58 1.58 1.56 1.5 1.6 1.62 1.64 1.61 1.62 1.56 1.59 1.61 1.59 1.57 1.62 1.57 1.6 1.64 1.57 1.57 100.0 81.22 1e-06 0.01 512
1.03 1.84 1.82 1.93 1.8 1.85 1.86 1.81 1.83 1.82 1.84 1.78 1.87 1.79 1.8 1.84 1.77 1.84 1.78 1.83 1.82 100.0 74.6 1e-07 0.001 256
1.03 2.07 1.82 1.7 1.74 1.8 1.73 1.76 1.84 1.85 1.76 1.84 1.85 1.8 1.82 1.87 1.76 1.85 1.87 1.82 1.84 100.0 74.77 1e-05 0.001 256
1.0 1.29 1.55 1.42 1.43 1.53 1.45 1.48 1.5 1.52 1.47 1.49 1.52 1.53 1.51 1.51 1.52 1.5 1.51 1.51 1.5 100.0 74.11 1e-07 0.1 512
1.0 1.61 1.74 1.6 1.66 1.57 1.61 1.57 1.72 1.62 1.7 1.64 1.65 1.63 1.63 1.65 1.61 1.65 1.65 1.65 1.63 100.0 78.91 1e-05 0.1 512
1.0 1.38 1.55 1.53 1.53 1.55 1.5 1.57 1.52 1.5 1.54 1.55 1.51 1.56 1.52 1.55 1.53 1.51 1.51 1.5 1.57 100.0 81.96 1e-07 0.01 512
1.0 1.6 1.47 1.52 1.56 1.65 1.55 1.54 1.49 1.56 1.53 1.55 1.48 1.51 1.53 1.51 1.51 1.48 1.45 1.49 1.46 100.0 80.36 1e-05 0.1 256
1.0 1.73 1.57 1.58 1.61 1.57 1.59 1.64 1.63 1.6 1.62 1.62 1.59 1.62 1.61 1.61 1.61 1.6 1.59 1.6 1.62 100.0 81.6 1e-05 0.01 512
1.0 2.56 2.35 2.44 2.36 2.38 2.49 2.42 2.43 2.42 2.4 2.44 2.42 2.46 2.44 2.38 2.34 2.35 2.39 2.37 2.35 100.0 68.5 1e-07 0.001 512
1.0 1.67 1.65 1.57 1.6 1.58 1.61 1.56 1.6 1.54 1.58 1.59 1.54 1.6 1.54 1.55 1.55 1.55 1.53 1.56 1.55 100.0 84.48 1e-05 0.01 256
1.0 1.41 1.57 1.47 1.42 1.38 1.44 1.46 1.47 1.44 1.43 1.41 1.45 1.46 1.43 1.42 1.44 1.38 1.44 1.44 1.43 100.0 84.44 1e-06 0.01 256
1.0 1.85 1.55 1.53 1.54 1.54 1.54 1.5 1.49 1.52 1.51 1.52 1.53 1.51 1.52 1.51 1.51 1.52 1.52 1.52 1.52 100.0 84.44 1e-07 0.01 256
1.0 2.01 1.82 1.82 1.72 1.81 1.84 1.79 1.78 1.81 1.8 1.76 1.78 1.8 1.84 1.84 1.8 1.87 1.82 1.78 1.74 100.0 74.82 1e-06 0.001 256
1.0 2.09 1.99 1.83 1.89 1.87 1.92 1.99 1.9 1.93 1.83 1.86 1.94 1.95 1.94 1.89 1.9 1.89 1.93 1.89 1.95 100.0 75.13 1e-05 0.001 256
