1.0 1.63 1.63 1.67 1.6 1.57 1.57 1.6 1.57 1.56 1.52 1.55 1.54 1.59 1.57 1.57 1.59 1.53 1.56 1.54 1.56 100.0 82.46 1e-05 0.1 1024
1.0 1.46 1.46 1.46 1.42 1.43 1.42 1.44 1.43 1.43 1.44 1.42 1.44 1.43 1.44 1.43 1.42 1.44 1.42 1.43 1.41 100.0 83.41 1e-06 0.1 1024
1.0 1.53 1.51 1.56 1.56 1.57 1.57 1.57 1.56 1.54 1.57 1.55 1.55 1.55 1.54 1.54 1.55 1.54 1.52 1.53 1.55 100.0 82.86 1e-07 0.1 1024
1.0 1.6 1.48 1.5 1.54 1.5 1.5 1.5 1.49 1.5 1.46 1.5 1.52 1.5 1.49 1.49 1.5 1.5 1.5 1.49 1.53 100.0 83.27 1e-05 0.1 512
1.0 1.64 1.54 1.66 1.63 1.66 1.63 1.64 1.64 1.62 1.64 1.63 1.6 1.65 1.67 1.61 1.65 1.68 1.65 1.62 1.65 100.0 84.06 1e-06 0.1 512
1.0 1.81 1.7 1.64 1.59 1.61 1.61 1.61 1.59 1.63 1.64 1.6 1.6 1.61 1.62 1.6 1.59 1.58 1.63 1.61 1.61 100.0 84.24 1e-07 0.1 512
1.0 1.78 1.83 1.69 1.7 1.72 1.67 1.69 1.65 1.68 1.74 1.68 1.75 1.73 1.73 1.65 1.72 1.7 1.67 1.71 1.67 100.0 84.88 1e-05 0.1 256
1.0 2.46 3.91 4.1 3.9 4.49 4.3 4.42 4.61 4.44 4.49 4.39 4.58 4.42 4.55 4.55 4.42 4.43 4.32 4.42 4.51 100.0 53.64 1e-07 0.001 1024
1.0 2.42 2.52 2.69 2.63 2.59 2.63 2.46 2.62 2.68 2.59 2.69 2.76 2.7 2.78 2.58 2.67 2.59 2.63 2.67 2.65 100.0 64.3 1e-05 0.001 512
1.0 2.37 2.65 3.06 2.97 3.0 2.99 3.01 2.85 3.15 2.99 3.34 2.98 3.06 3.0 2.93 2.95 3.0 3.15 3.08 3.15 100.0 63.31 1e-07 0.001 512
1.0 2.43 2.58 2.44 2.63 2.6 2.65 2.61 2.69 2.53 2.55 2.43 2.69 2.55 2.77 2.69 2.76 2.69 2.62 2.61 2.72 100.0 63.64 1e-06 0.001 512
1.0 1.36 1.27 1.34 1.35 1.34 1.35 1.32 1.35 1.34 1.34 1.37 1.35 1.35 1.35 1.36 1.35 1.35 1.35 1.34 1.36 100.0 81.64 1e-07 0.1 1024
1.0 1.46 1.5 1.51 1.51 1.52 1.52 1.52 1.51 1.53 1.51 1.52 1.5 1.51 1.52 1.51 1.51 1.51 1.51 1.5 1.53 100.0 82.54 1e-05 0.1 1024
