1.0 1.48 1.85 1.71 1.86 2.17 1.83 2.01 2.02 2.0 2.02 1.99 1.98 1.98 1.99 1.99 1.99 1.98 2.0 2.0 1.99 100.0 85.56 1e-06 0.1 512
1.0 1.44 1.92 1.91 1.93 1.97 2.01 1.8 2.12 2.02 1.96 1.98 1.93 1.95 1.94 1.99 1.94 1.93 1.97 1.91 1.92 99.998 83.22 1e-05 0.1 1024
1.0 1.93 1.92 1.86 1.91 1.9 1.99 2.01 2.01 2.0 1.96 1.94 2.0 1.97 1.95 1.93 1.91 1.98 1.93 1.96 1.94 100.0 85.5 1e-07 0.1 512
1.0 1.98 1.77 1.8 1.81 1.67 1.66 1.74 1.71 1.79 1.71 1.7 1.75 1.68 1.7 1.73 1.75 1.71 1.72 1.78 1.78 100.0 85.7 1e-05 0.1 512
1.0 1.78 1.58 1.59 1.65 1.62 1.65 1.67 1.62 1.62 1.63 1.59 1.62 1.6 1.66 1.59 1.64 1.62 1.64 1.64 1.62 100.0 84.42 1e-07 0.01 512
1.0 2.31 2.26 2.25 2.31 2.22 2.31 2.18 2.26 2.29 2.34 2.4 2.3 2.37 2.24 2.29 2.29 2.22 2.36 2.32 2.32 100.0 66.25 1e-07 0.001 1024
1.0 1.62 1.63 1.61 1.55 1.56 1.54 1.54 1.55 1.55 1.56 1.55 1.55 1.53 1.55 1.54 1.55 1.55 1.56 1.56 1.57 100.0 84.77 1e-06 0.01 512
1.0 1.7 1.66 1.6 1.64 1.61 1.63 1.61 1.64 1.61 1.61 1.58 1.6 1.61 1.61 1.61 1.59 1.62 1.61 1.62 1.59 100.0 81.84 1e-06 0.01 1024
1.0 2.18 2.21 2.19 2.15 2.17 2.07 2.1 2.1 2.12 2.09 2.13 2.03 2.15 2.09 2.06 2.05 2.13 2.09 2.11 2.06 100.0 73.29 1e-05 0.001 512
1.0 1.87 1.72 1.57 1.56 1.56 1.59 1.57 1.62 1.6 1.57 1.59 1.59 1.61 1.58 1.58 1.58 1.6 1.64 1.58 1.58 100.0 84.99 1e-05 0.01 512
1.0 2.16 1.8 1.88 1.92 1.85 1.83 1.93 1.83 1.83 1.84 1.87 1.85 1.79 1.82 1.82 1.86 1.81 1.79 1.81 1.76 100.0 73.86 1e-06 0.001 512
1.0 1.97 1.71 1.67 1.7 1.72 1.7 1.76 1.78 1.72 1.69 1.69 1.72 1.73 1.73 1.72 1.76 1.79 1.75 1.75 1.8 100.0 86.51 1e-05 0.01 256
1.0 1.26 1.84 1.89 1.91 2.07 1.96 2.06 2.0 1.93 1.96 1.94 1.92 1.94 1.92 1.95 1.96 1.92 1.93 1.94 1.92 99.998 84.57 1e-05 0.1 1024
1.0 1.1 1.64 1.69 1.85 1.84 1.82 1.76 1.84 1.88 1.81 1.78 1.88 1.79 1.78 1.79 1.78 1.8 1.82 1.82 1.81 99.998 81.9 1e-06 0.1 1024
1.0 2.14 2.03 1.98 2.01 2.01 2.0 1.97 2.05 2.04 2.08 2.11 2.04 2.11 2.0 2.04 2.04 2.1 2.01 2.11 2.0 100.0 73.02 1e-07 0.001 512
1.0 1.7 1.64 1.71 1.68 1.71 1.65 1.64 1.7 1.7 1.63 1.66 1.71 1.61 1.65 1.62 1.64 1.62 1.66 1.63 1.63 100.0 86.84 1e-06 0.01 256
1.0 1.55 1.9 1.8 1.81 1.78 1.86 1.72 1.78 1.77 1.78 1.81 1.82 1.82 1.84 1.86 1.83 1.81 1.87 1.83 1.84 100.0 83.43 1e-07 0.1 1024
1.0 1.76 1.79 1.71 1.62 1.67 1.68 1.67 1.65 1.66 1.65 1.65 1.67 1.66 1.68 1.66 1.65 1.66 1.64 1.67 1.64 100.0 86.82 1e-07 0.01 256
1.0 1.6 2.85 2.02 2.09 2.05 1.97 1.92 2.12 2.11 1.93 2.04 1.93 2.08 1.96 2.0 1.95 1.99 2.01 2.03 1.99 100.0 83.93 1e-07 0.1 512
1.0 1.63 1.91 1.84 1.82 1.83 1.7 1.77 1.76 1.9 1.79 1.82 1.77 1.75 1.81 1.82 1.81 1.81 1.81 1.82 1.77 100.0 86.58 1e-07 0.1 256
1.0 1.6 2.16 1.96 2.04 1.93 1.92 1.86 1.93 1.88 1.97 1.9 1.94 1.92 1.96 1.96 1.95 1.95 1.92 1.94 1.94 100.0 84.76 1e-05 0.1 512
1.0 1.75 1.56 1.59 1.6 1.59 1.6 1.61 1.57 1.57 1.65 1.6 1.59 1.59 1.61 1.61 1.61 1.61 1.6 1.61 1.63 100.0 82.05 1e-05 0.01 1024
1.0 1.68 1.88 1.93 2.26 1.92 1.93 1.98 1.99 1.9 1.97 1.95 1.91 1.85 1.94 1.91 1.91 1.92 1.9 1.92 1.88 100.0 85.28 1e-06 0.1 512
1.0 1.95 1.67 1.76 1.89 1.93 1.89 1.66 1.67 1.79 1.74 1.82 1.78 1.78 1.8 1.74 1.77 1.76 1.74 1.73 1.73 100.0 87.0 1e-05 0.1 256
1.0 1.79 1.76 1.75 1.71 1.71 1.74 1.8 1.71 1.72 1.83 1.72 1.7 1.76 1.75 1.8 1.76 1.78 1.82 1.81 1.82 100.0 78.01 1e-05 0.001 256
1.0 1.61 1.57 1.53 1.53 1.56 1.57 1.54 1.55 1.56 1.55 1.55 1.56 1.55 1.54 1.56 1.57 1.57 1.56 1.56 1.56 100.0 81.75 1e-06 0.01 1024
1.0 1.88 1.78 1.74 1.75 1.76 1.76 1.75 1.71 1.69 1.74 1.75 1.72 1.73 1.73 1.73 1.76 1.69 1.75 1.71 1.69 100.0 77.93 1e-06 0.001 256
1.0 1.81 1.75 1.86 1.89 1.81 1.63 1.61 1.71 1.72 1.69 1.7 1.78 1.71 1.67 1.64 1.61 1.63 1.68 1.63 1.64 100.0 86.7 1e-06 0.1 256
1.0 1.74 1.67 1.72 1.71 1.67 1.69 1.7 1.76 1.67 1.64 1.67 1.68 1.68 1.8 1.71 1.79 1.71 1.71 1.68 1.65 100.0 78.32 1e-07 0.001 256
1.0 1.76 1.48 1.51 1.47 1.48 1.5 1.5 1.52 1.47 1.48 1.47 1.47 1.49 1.49 1.47 1.48 1.48 1.49 1.49 1.5 100.0 81.91 1e-07 0.01 1024
1.0 1.69 1.55 1.64 1.68 1.6 1.71 1.66 1.64 1.64 1.66 1.66 1.59 1.61 1.61 1.64 1.66 1.62 1.61 1.64 1.62 100.0 84.56 1e-05 0.01 512
1.0 1.6 1.53 1.55 1.56 1.54 1.53 1.56 1.53 1.53 1.56 1.54 1.56 1.54 1.55 1.58 1.56 1.54 1.53 1.56 1.52 100.0 83.92 1e-06 0.01 512
1.0 1.54 1.63 1.56 1.53 1.58 1.61 1.58 1.6 1.65 1.65 1.58 1.66 1.65 1.62 1.61 1.63 1.63 1.62 1.61 1.65 100.0 85.02 1e-07 0.01 512
1.0 1.47 1.55 1.72 1.62 1.67 1.63 1.63 1.63 1.64 1.61 1.65 1.65 1.65 1.63 1.66 1.65 1.66 1.61 1.63 1.65 100.0 87.08 1e-05 0.01 256
1.0 1.76 1.56 1.58 1.67 1.67 1.69 1.63 1.66 1.67 1.62 1.66 1.66 1.68 1.68 1.68 1.67 1.66 1.64 1.65 1.68 100.0 86.82 1e-06 0.01 256
1.0 1.62 1.71 1.55 1.62 1.59 1.58 1.59 1.6 1.56 1.56 1.59 1.58 1.57 1.6 1.58 1.57 1.6 1.59 1.59 1.59 100.0 86.74 1e-07 0.01 256
1.0 2.35 2.46 2.29 2.37 2.4 2.32 2.33 2.39 2.37 2.33 2.32 2.29 2.34 2.29 2.28 2.31 2.33 2.38 2.27 2.29 100.0 66.02 1e-05 0.001 1024
1.0 2.35 2.46 2.34 2.44 2.37 2.37 2.37 2.36 2.43 2.49 2.55 2.42 2.49 2.36 2.43 2.49 2.36 2.47 2.4 2.42 100.0 65.17 1e-06 0.001 1024
1.0 2.18 2.09 2.04 2.09 2.06 2.08 2.09 2.06 2.07 2.1 2.17 2.19 2.07 2.14 2.18 2.1 2.2 2.13 2.16 2.11 100.0 64.8 1e-07 0.001 1024
1.0 1.98 1.75 1.79 1.81 1.74 1.77 1.76 1.75 1.72 1.82 1.79 1.72 1.75 1.76 1.78 1.74 1.76 1.74 1.76 1.77 100.0 72.97 1e-05 0.001 512
1.0 1.77 1.81 1.77 1.83 1.75 1.82 1.78 1.82 1.77 1.77 1.75 1.85 1.78 1.82 1.74 1.73 1.81 1.81 1.83 1.8 100.0 72.67 1e-06 0.001 512
1.0 1.94 2.01 2.0 2.03 2.08 2.01 2.14 2.07 2.07 2.1 2.03 2.0 2.05 2.04 2.06 2.01 2.02 2.07 2.05 2.02 100.0 72.85 1e-07 0.001 512
1.0 1.85 1.6 1.62 1.52 1.54 1.57 1.54 1.54 1.56 1.53 1.49 1.5 1.57 1.54 1.52 1.62 1.54 1.57 1.52 1.55 100.0 78.41 1e-05 0.001 256
1.0 1.7 1.66 1.9 1.72 1.67 1.64 1.66 1.64 1.64 1.62 1.73 1.67 1.68 1.75 1.75 1.7 1.76 1.81 1.72 1.63 100.0 77.84 1e-06 0.001 256
1.0 1.72 1.74 1.81 1.8 1.81 1.85 1.81 1.84 1.77 1.79 1.83 1.78 1.78 1.76 1.79 1.83 1.8 1.85 1.8 1.78 100.0 78.42 1e-07 0.001 256
1.0 1.0 1.0 1.16 1.68 2.28 1.99 1.93 2.16 1.92 1.84 1.78 1.83 1.83 1.81 1.83 1.84 1.89 1.81 1.86 1.85 99.996 82.32 1e-05 0.1 1024
1.0 1.07 1.21 1.91 1.85 1.8 1.82 1.65 1.87 1.79 1.9 1.83 1.79 1.8 1.76 1.75 1.89 1.77 1.77 1.77 1.79 100.0 82.29 1e-06 0.1 1024
1.0 1.15 1.63 1.97 1.9 1.94 2.07 2.21 2.04 2.03 2.15 2.02 2.02 2.09 2.08 2.17 2.12 2.07 2.04 2.06 2.06 99.998 81.29 1e-07 0.1 1024
1.0 1.19 1.89 2.03 2.03 2.01 2.1 2.04 2.06 2.17 2.05 2.06 2.05 2.09 2.06 2.05 2.06 2.05 2.07 2.04 2.04 100.0 84.85 1e-05 0.1 512
1.0 1.2 1.89 1.88 1.8 1.92 1.81 2.01 1.82 1.86 1.87 1.83 1.92 1.89 1.85 1.84 1.87 1.89 1.85 1.91 1.85 100.0 85.2 1e-06 0.1 512
1.0 1.26 1.71 1.86 1.75 2.0 1.9 1.92 1.94 2.09 2.0 2.06 2.05 2.09 2.07 2.06 2.07 2.09 2.11 2.14 2.12 100.0 83.34 1e-07 0.1 512
1.0 1.31 1.98 1.97 1.9 1.82 1.86 2.01 1.85 1.91 1.93 1.94 1.92 1.77 1.82 1.78 1.83 1.79 1.81 1.78 1.77 100.0 85.55 1e-05 0.1 256
1.0 1.81 1.86 2.03 1.91 1.67 1.86 1.78 1.79 1.78 1.81 1.78 1.75 1.78 1.77 1.76 1.78 1.83 1.81 1.79 1.79 100.0 85.66 1e-06 0.1 256
1.0 1.68 1.72 1.75 1.86 1.8 1.8 1.79 1.94 1.84 1.84 1.89 1.89 1.89 1.87 1.85 1.83 1.86 1.81 1.87 1.87 100.0 86.56 1e-07 0.1 256
1.0 1.82 1.88 1.65 1.66 1.67 1.66 1.66 1.66 1.65 1.66 1.65 1.68 1.67 1.69 1.7 1.72 1.65 1.67 1.7 1.7 100.0 82.04 1e-05 0.01 1024
1.0 1.76 1.76 1.75 1.72 1.77 1.75 1.77 1.77 1.78 1.79 1.8 1.79 1.78 1.78 1.81 1.78 1.79 1.78 1.79 1.82 100.0 82.8 1e-06 0.01 1024
1.0 1.71 1.81 1.72 1.67 1.66 1.69 1.68 1.67 1.68 1.69 1.67 1.68 1.66 1.68 1.67 1.66 1.68 1.69 1.67 1.7 100.0 82.02 1e-07 0.01 1024
1.0 1.59 1.62 1.71 1.7 1.7 1.68 1.69 1.67 1.67 1.72 1.68 1.7 1.7 1.68 1.7 1.66 1.69 1.66 1.68 1.68 100.0 84.55 1e-05 0.01 512
1.0 1.74 1.62 1.66 1.67 1.69 1.67 1.68 1.68 1.69 1.67 1.62 1.64 1.65 1.68 1.63 1.68 1.65 1.63 1.65 1.66 100.0 84.86 1e-06 0.01 512
1.0 1.69 1.78 1.69 1.67 1.7 1.67 1.68 1.69 1.68 1.67 1.67 1.68 1.68 1.65 1.67 1.65 1.7 1.69 1.66 1.69 100.0 85.16 1e-07 0.01 512
1.0 1.75 1.76 1.7 1.7 1.67 1.7 1.69 1.69 1.64 1.7 1.69 1.68 1.7 1.66 1.68 1.72 1.7 1.68 1.68 1.69 100.0 86.69 1e-05 0.01 256
1.0 1.83 1.71 1.71 1.64 1.7 1.73 1.64 1.65 1.68 1.68 1.69 1.66 1.66 1.69 1.72 1.69 1.69 1.69 1.68 1.68 100.0 86.98 1e-06 0.01 256
1.0 1.51 1.86 1.76 1.78 1.76 1.76 1.76 1.77 1.74 1.77 1.78 1.76 1.79 1.78 1.76 1.77 1.78 1.8 1.8 1.81 100.0 86.81 1e-07 0.01 256
1.0 2.46 2.34 2.38 2.42 2.37 2.38 2.43 2.4 2.39 2.36 2.48 2.42 2.35 2.42 2.46 2.42 2.48 2.41 2.4 2.42 100.0 66.7 1e-05 0.001 1024
1.0 2.39 2.47 2.4 2.43 2.43 2.42 2.51 2.44 2.49 2.42 2.42 2.38 2.44 2.42 2.52 2.46 2.42 2.41 2.4 2.45 100.0 66.21 1e-06 0.001 1024
1.0 2.54 2.45 2.42 2.34 2.42 2.48 2.48 2.42 2.45 2.53 2.38 2.41 2.36 2.34 2.48 2.46 2.45 2.42 2.44 2.44 100.0 66.94 1e-07 0.001 1024
1.0 2.19 2.02 2.07 2.12 2.07 2.05 2.07 2.04 2.12 2.01 2.05 2.1 2.06 1.99 2.05 2.02 2.03 2.06 2.02 1.98 100.0 73.02 1e-05 0.001 512
1.0 2.03 1.96 1.9 1.92 1.91 1.92 1.89 1.93 1.9 1.9 1.9 1.89 1.93 1.97 1.95 1.87 1.92 1.94 1.93 1.93 100.0 73.4 1e-06 0.001 512
1.0 2.35 2.24 2.21 2.22 2.21 2.18 2.26 2.29 2.17 2.19 2.22 2.28 2.26 2.17 2.21 2.26 2.19 2.21 2.21 2.2 100.0 73.74 1e-07 0.001 512
1.0 1.81 1.72 1.73 1.71 1.69 1.68 1.66 1.69 1.64 1.68 1.71 1.67 1.7 1.71 1.66 1.64 1.72 1.68 1.7 1.73 100.0 79.34 1e-05 0.001 256
1.0 1.72 1.74 1.77 1.77 1.69 1.73 1.77 1.72 1.73 1.77 1.82 1.79 1.78 1.8 1.79 1.83 1.75 1.78 1.87 1.76 100.0 78.59 1e-06 0.001 256
1.0 1.98 1.74 1.72 1.77 1.79 1.76 1.77 1.75 1.72 1.73 1.72 1.76 1.72 1.76 1.77 1.74 1.72 1.77 1.73 1.76 100.0 78.64 1e-07 0.001 256
