1.89 2.83 2.56 2.52 2.54 2.56 2.41 2.38 2.41 2.34 2.5 2.53 2.46 2.51 2.51 2.5 2.51 2.48 2.48 2.56 2.46 47.65 83.59 1e-05 0.1 1024
1.89 2.67 2.66 2.57 2.49 2.46 2.41 2.4 2.6 2.37 2.42 2.43 2.38 2.4 2.47 2.41 2.37 2.44 2.37 2.39 2.44 47.818 83.81 1e-06 0.1 1024
1.89 2.65 2.72 2.4 2.64 2.49 2.48 2.54 2.48 2.46 2.46 2.45 2.43 2.52 2.44 2.42 2.53 2.44 2.47 2.51 2.48 47.65 82.87 1e-07 0.1 1024
1.89 2.64 2.76 2.55 2.37 2.4 2.39 2.36 2.44 2.56 2.41 2.31 2.43 2.45 2.49 2.33 2.37 2.43 2.45 2.49 2.51 58.402 83.91 1e-05 0.1 512
1.89 2.75 2.57 2.52 2.48 2.45 2.49 2.5 2.32 2.51 2.26 2.52 2.32 2.37 2.28 2.28 2.24 2.3 2.28 2.26 2.28 58.526 84.35 1e-06 0.1 512
1.89 2.75 2.55 2.6 2.57 2.55 2.54 2.39 2.38 2.39 2.43 2.53 2.37 2.36 2.29 2.3 2.31 2.28 2.36 2.29 2.29 58.494 83.63 1e-07 0.1 512
1.89 2.56 2.38 2.34 2.54 2.28 2.44 2.37 2.28 2.25 2.31 2.21 2.18 2.21 2.13 2.24 2.14 2.23 2.24 2.18 2.27 57.716 85.79 1e-05 0.1 256
1.89 2.55 2.47 2.39 2.37 2.28 2.33 2.49 2.36 2.46 2.31 2.39 2.34 2.34 2.32 2.27 2.43 2.32 2.31 2.29 2.3 57.542 85.5 1e-06 0.1 256
1.89 2.53 2.46 2.54 2.27 2.33 2.43 2.41 2.26 2.43 2.27 2.42 2.41 2.42 2.37 2.32 2.36 2.34 2.42 2.4 2.4 57.526 85.69 1e-07 0.1 256
1.89 2.64 2.69 2.75 2.65 2.71 2.66 2.55 2.58 2.59 2.56 2.54 2.53 2.63 2.56 2.61 2.69 2.68 2.7 2.61 2.71 47.438 80.14 1e-05 0.01 1024
1.89 2.82 2.73 2.84 2.74 2.63 2.69 2.62 2.49 2.62 2.42 2.62 2.65 2.67 2.94 2.76 2.73 2.68 2.62 2.58 2.65 47.324 80.71 1e-06 0.01 1024
1.89 2.64 2.75 2.7 2.57 2.44 2.47 2.55 2.62 2.58 2.54 2.4 2.52 2.59 2.46 2.57 2.6 2.46 2.5 2.44 2.48 47.356 80.6 1e-07 0.01 1024
1.89 2.6 2.69 2.57 2.42 2.49 2.43 2.53 2.55 2.29 2.36 2.42 2.43 2.43 2.49 2.31 2.46 2.49 2.44 2.44 2.37 58.57 82.06 1e-05 0.01 512
1.89 2.58 2.59 2.51 2.33 2.46 2.61 2.55 2.44 2.35 2.55 2.44 2.48 2.32 2.29 2.39 2.32 2.34 2.43 2.4 2.39 58.446 82.0 1e-06 0.01 512
1.89 2.58 2.58 2.4 2.44 2.46 2.51 2.56 2.45 2.32 2.49 2.62 2.44 2.47 2.42 2.36 2.42 2.36 2.52 2.43 2.41 58.36 82.38 1e-07 0.01 512
1.89 2.49 2.54 2.32 2.3 2.41 2.34 2.21 2.42 2.47 2.51 2.39 2.45 2.47 2.48 2.47 2.5 2.44 2.38 2.43 2.41 57.71 84.01 1e-05 0.01 256
1.89 2.44 2.45 2.43 2.47 2.41 2.57 2.33 2.46 2.51 2.46 2.39 2.57 2.55 2.44 2.39 2.38 2.39 2.33 2.33 2.33 57.582 84.13 1e-06 0.01 256
1.89 2.48 2.34 2.51 2.58 2.52 2.37 2.35 2.23 2.37 2.46 2.26 2.37 2.4 2.35 2.39 2.47 2.46 2.45 2.44 2.46 57.6 84.1 1e-07 0.01 256
1.89 3.47 3.22 3.18 2.94 2.94 3.09 3.14 3.08 3.08 3.3 3.3 2.92 3.15 3.03 3.16 3.15 3.06 3.1 3.07 3.03 44.496 74.93 1e-05 0.001 1024
1.89 3.29 2.99 3.0 3.15 2.96 3.23 3.33 3.47 3.09 3.36 3.23 3.19 3.28 3.03 3.13 3.12 3.17 3.19 3.09 3.19 44.462 74.95 1e-06 0.001 1024
1.89 3.42 3.15 2.85 2.92 2.92 3.14 3.27 3.12 3.09 3.22 3.28 3.0 3.22 3.16 3.14 3.18 3.2 3.07 3.03 3.06 44.454 74.8 1e-07 0.001 1024
1.89 3.17 3.01 3.0 3.11 3.0 2.93 2.95 3.11 2.76 2.96 2.8 2.89 2.86 3.0 2.78 2.88 2.95 2.94 2.83 2.84 56.938 77.2 1e-05 0.001 512
1.89 3.03 2.98 3.08 2.93 2.99 3.03 3.07 2.79 2.95 2.93 2.96 3.01 2.86 3.02 2.92 2.91 2.92 2.85 2.93 2.95 56.99 77.42 1e-06 0.001 512
