3 1.0 4.24 4.18 4.31 4.04 3.96 4.03 3.99 3.99 3.99 3.97 3.96 4.01 3.96 3.96 4.01 3.99 4.02 4.0 4.01 4.02 100.0 79.16 1e-05 0.1 1024
3 1.0 4.4 4.28 4.06 4.07 3.99 4.02 3.98 3.98 4.0 4.0 3.99 3.98 3.97 4.01 3.99 3.99 4.0 3.97 4.0 4.0 100.0 78.38 1e-06 0.1 1024
3 1.0 4.23 4.32 4.23 4.16 4.12 4.07 4.03 4.05 4.04 4.05 4.05 4.05 4.05 4.05 4.05 4.05 4.05 4.04 4.06 4.04 100.0 78.58 1e-07 0.1 1024
3 1.0 4.26 4.1 4.28 3.99 4.02 3.95 4.05 4.07 4.08 4.03 4.03 4.04 4.02 4.02 3.99 4.04 4.06 4.02 4.06 4.0 100.0 80.74 1e-05 0.1 512
3 1.0 4.26 4.18 4.17 4.14 4.23 4.02 4.08 4.07 4.0 4.01 4.01 4.02 3.95 3.98 3.98 4.01 4.01 3.98 4.01 3.99 100.0 78.98 1e-06 0.1 512
3 1.0 4.28 4.25 4.21 4.05 4.01 4.04 3.93 3.94 3.84 3.89 3.92 3.88 3.85 3.81 3.87 3.92 3.86 3.89 3.96 3.93 100.0 80.09 1e-07 0.1 512
3 1.0 4.28 4.27 4.3 4.04 4.26 4.23 4.19 4.07 4.06 4.08 4.06 4.06 4.1 4.03 4.04 4.02 4.04 4.06 4.07 4.05 100.0 78.32 1e-05 0.1 256
3 1.0 4.3 4.15 4.2 4.29 4.12 4.02 3.97 3.92 3.92 3.85 3.86 3.91 3.94 3.89 3.95 3.94 3.97 3.88 3.86 4.0 100.0 80.72 1e-06 0.1 256
3 1.0 4.38 4.51 4.43 4.24 4.07 4.17 4.22 4.32 4.19 4.28 4.3 4.23 4.22 4.13 4.22 4.25 4.23 4.26 4.24 4.2 100.0 77.43 1e-07 0.1 256
3 1.0 5.42 5.06 5.13 5.17 5.17 5.13 5.1 5.11 5.15 5.17 5.1 5.13 5.12 5.11 5.16 5.16 5.14 5.18 5.14 5.17 100.0 60.27 1e-05 0.01 1024
3 1.0 5.27 5.03 4.98 4.96 4.94 4.92 4.96 4.95 4.95 4.91 4.96 4.94 4.9 4.92 4.9 4.9 4.92 4.91 4.95 4.89 100.0 60.45 1e-06 0.01 1024
3 1.0 5.38 5.23 5.11 5.1 5.14 5.17 5.1 5.11 5.15 5.13 5.16 5.19 5.09 5.13 5.13 5.12 5.14 5.17 5.19 5.16 100.0 59.55 1e-07 0.01 1024
3 1.0 4.79 4.66 4.54 4.52 4.5 4.5 4.51 4.53 4.45 4.46 4.49 4.47 4.47 4.48 4.48 4.51 4.47 4.47 4.5 4.48 100.0 67.99 1e-05 0.01 512
3 1.0 4.92 4.68 4.6 4.63 4.59 4.62 4.55 4.64 4.59 4.56 4.58 4.54 4.55 4.56 4.51 4.58 4.56 4.56 4.59 4.55 100.0 67.9 1e-06 0.01 512
3 1.0 4.66 4.56 4.55 4.52 4.49 4.5 4.49 4.51 4.48 4.46 4.46 4.5 4.49 4.46 4.48 4.44 4.5 4.44 4.47 4.48 100.0 68.55 1e-07 0.01 512
3 1.0 4.44 4.34 4.17 4.2 4.09 4.19 4.09 4.06 4.11 4.1 4.11 4.05 4.03 4.07 4.11 4.06 4.07 4.11 4.09 4.08 100.0 74.48 1e-05 0.01 256
3 1.0 4.48 4.37 4.14 4.13 4.09 4.09 4.11 4.13 4.08 4.08 4.1 4.07 4.08 4.11 4.07 4.08 4.04 4.16 4.12 4.1 100.0 74.61 1e-06 0.01 256
3 1.0 4.4 4.43 4.21 4.04 4.05 4.12 4.03 4.03 4.02 3.97 3.96 4.0 4.09 4.03 4.01 4.04 4.03 4.08 4.05 4.08 100.0 74.94 1e-07 0.01 256
3 1.0 5.11 5.63 6.4 6.72 6.7 6.62 6.72 6.68 6.79 6.74 6.76 6.71 6.72 6.66 6.72 6.65 6.75 6.65 6.68 6.73 100.0 37.09 1e-05 0.001 1024
3 1.0 5.05 5.5 6.32 6.63 6.64 6.71 6.66 6.8 6.71 6.73 6.78 6.73 6.72 6.77 6.73 6.75 6.74 6.72 6.72 6.74 100.0 37.07 1e-06 0.001 1024
3 1.0 5.26 5.61 6.45 6.74 6.89 6.79 6.71 6.79 6.8 6.84 6.79 6.8 6.8 6.81 6.85 6.83 6.82 6.83 6.82 6.85 100.0 36.94 1e-07 0.001 1024
3 1.0 5.47 6.29 6.3 6.32 6.21 6.23 6.23 6.34 6.21 6.3 6.27 6.23 6.31 6.29 6.24 6.3 6.29 6.25 6.32 6.27 100.0 42.73 1e-05 0.001 512
3 1.0 5.22 5.88 5.94 5.97 6.0 6.13 6.1 6.07 6.06 6.06 6.08 6.07 6.11 6.06 6.14 6.06 6.08 6.01 6.11 6.11 100.0 43.8 1e-06 0.001 512
3 1.0 5.11 6.01 6.18 6.16 6.11 6.13 6.12 6.19 6.22 6.18 6.15 6.15 6.22 6.23 6.27 6.23 6.12 6.29 6.16 6.21 100.0 43.85 1e-07 0.001 512
3 1.0 5.45 5.71 5.74 5.66 5.67 5.62 5.57 5.62 5.64 5.66 5.65 5.64 5.57 5.6 5.7 5.66 5.65 5.62 5.62 5.64 100.0 52.69 1e-05 0.001 256
3 1.0 5.29 5.81 5.68 5.98 5.93 5.71 5.93 5.81 5.88 5.68 5.72 5.75 5.87 5.74 5.85 5.79 5.78 5.86 5.82 5.87 99.998 52.23 1e-06 0.001 256
3 1.0 5.53 5.73 5.62 5.62 5.72 5.74 5.81 5.62 5.68 5.72 5.7 5.64 5.82 5.73 5.74 5.69 5.71 5.81 5.75 5.72 100.0 50.37 1e-07 0.001 256
4 1.0 9.03 8.51 8.8 8.2 8.01 8.12 8.02 8.16 8.19 8.09 8.26 8.18 8.15 8.09 8.18 8.11 8.17 8.1 8.15 8.26 100.0 79.16 1e-05 0.1 1024
4 1.0 8.67 8.56 8.38 7.98 8.21 8.2 8.12 8.11 8.1 8.18 8.07 8.1 8.11 8.14 8.13 8.16 8.18 8.07 8.17 8.08 100.0 78.38 1e-06 0.1 1024
4 1.0 8.82 8.47 8.23 8.46 8.33 8.28 8.18 8.21 8.18 8.15 8.18 8.22 8.25 8.13 8.24 8.22 8.21 8.19 8.25 8.23 100.0 78.58 1e-07 0.1 1024
4 1.0 8.88 8.91 8.66 8.04 7.95 7.74 8.06 7.96 7.99 7.89 7.94 7.85 7.9 7.89 7.81 7.85 7.92 7.9 7.95 7.87 100.0 80.74 1e-05 0.1 512
4 1.0 8.44 9.06 8.58 8.44 8.45 8.05 8.17 8.12 8.19 8.52 8.24 8.56 8.37 8.42 8.33 8.29 8.33 8.29 8.35 8.34 100.0 78.98 1e-06 0.1 512
4 1.0 8.57 8.6 8.2 8.24 8.0 8.22 7.97 8.03 7.79 8.01 7.9 7.98 7.85 7.79 7.79 7.91 7.78 7.77 7.89 7.92 100.0 80.09 1e-07 0.1 512
4 1.0 8.71 9.02 8.46 8.3 8.66 8.19 8.46 8.3 8.26 8.2 8.17 8.21 8.23 8.15 8.19 8.13 8.15 8.26 8.16 8.18 100.0 78.32 1e-05 0.1 256
4 1.0 9.04 8.5 8.53 8.46 8.36 8.08 7.96 7.89 8.04 7.74 7.66 7.8 7.99 7.83 7.93 7.96 8.1 7.9 7.82 8.12 100.0 80.72 1e-06 0.1 256
4 1.0 9.03 9.29 9.38 8.72 8.29 8.9 8.69 8.7 8.31 8.73 8.42 8.54 8.62 8.47 8.58 8.53 8.58 8.54 8.56 8.56 100.0 77.43 1e-07 0.1 256
4 1.0 11.66 11.18 11.21 11.28 11.25 11.31 11.16 11.14 11.13 11.13 11.18 11.13 11.12 11.15 11.24 11.03 11.15 11.22 11.17 11.23 100.0 60.27 1e-05 0.01 1024
4 1.0 11.06 10.62 10.61 10.62 10.55 10.47 10.61 10.46 10.52 10.52 10.57 10.48 10.5 10.45 10.47 10.5 10.56 10.45 10.48 10.48 100.0 60.45 1e-06 0.01 1024
4 1.0 11.68 11.16 11.15 11.12 11.2 11.22 11.22 11.18 11.32 11.22 11.16 11.2 11.12 11.23 11.17 11.13 11.16 11.31 11.31 11.22 100.0 59.55 1e-07 0.01 1024
4 1.0 10.39 10.14 9.55 9.37 9.44 9.48 9.42 9.43 9.32 9.34 9.4 9.47 9.36 9.37 9.31 9.41 9.36 9.47 9.39 9.34 100.0 67.99 1e-05 0.01 512
4 1.0 10.83 9.76 9.8 9.96 9.81 10.01 9.82 9.98 9.92 9.87 9.99 9.75 9.86 10.05 9.93 9.91 9.87 9.85 9.93 9.96 100.0 67.9 1e-06 0.01 512
4 1.0 10.55 9.84 9.69 9.61 9.72 9.73 9.65 9.61 9.68 9.6 9.64 9.72 9.77 9.66 9.66 9.52 9.65 9.64 9.62 9.62 100.0 68.55 1e-07 0.01 512
4 1.0 9.16 8.84 8.44 8.52 8.44 8.46 8.18 8.2 8.2 8.22 8.1 8.04 8.03 8.22 8.24 8.18 8.18 8.22 8.12 8.18 100.0 74.48 1e-05 0.01 256
4 1.0 9.56 9.54 9.2 9.24 9.07 9.22 9.0 9.01 8.97 8.97 8.95 8.92 8.96 9.02 8.91 8.91 8.9 9.08 8.85 8.92 100.0 74.61 1e-06 0.01 256
4 1.0 9.06 9.44 8.75 8.62 8.74 8.66 8.65 8.56 8.72 8.55 8.53 8.58 8.61 8.56 8.64 8.57 8.56 8.63 8.54 8.65 100.0 74.94 1e-07 0.01 256
4 1.0 10.45 12.14 13.53 14.8 14.95 14.63 15.07 15.0 14.99 15.1 14.92 14.96 15.13 15.13 15.05 14.98 15.09 14.98 15.0 15.22 100.0 37.09 1e-05 0.001 1024
4 1.0 10.49 12.12 13.64 14.69 14.82 14.69 14.77 14.93 15.12 14.93 14.89 14.92 14.89 15.04 15.04 15.1 15.0 15.05 14.98 15.17 100.0 37.07 1e-06 0.001 1024
4 1.0 10.66 12.22 13.85 14.94 15.46 15.03 15.26 15.36 15.31 15.2 15.39 15.31 15.19 15.37 15.41 15.39 15.26 15.3 15.42 15.4 100.0 36.94 1e-07 0.001 1024
4 1.0 11.43 13.27 14.27 14.38 14.33 14.35 14.21 14.38 14.0 14.4 14.26 14.32 14.33 14.25 14.2 14.21 14.46 14.34 14.23 14.47 100.0 42.73 1e-05 0.001 512
4 1.0 10.86 12.85 13.37 13.65 13.66 13.81 13.8 13.64 13.63 13.72 13.76 13.67 14.04 13.85 13.87 13.81 13.73 13.68 13.82 13.78 100.0 43.8 1e-06 0.001 512
4 1.0 10.36 13.21 13.96 14.15 13.97 14.0 13.97 14.07 14.0 13.98 14.1 13.94 14.13 14.03 14.12 14.02 13.89 14.03 14.0 13.98 100.0 43.85 1e-07 0.001 512
4 1.0 11.8 12.49 12.7 12.49 12.46 12.7 12.9 12.72 12.78 12.74 12.58 12.74 12.5 12.66 12.88 12.87 12.67 12.74 12.79 12.79 100.0 52.69 1e-05 0.001 256
4 1.0 11.75 12.96 13.15 13.06 13.37 13.41 13.19 13.17 13.27 13.12 13.15 13.27 13.31 13.34 13.44 13.36 13.2 13.42 13.34 13.21 99.998 52.23 1e-06 0.001 256
4 1.0 12.31 12.94 12.83 13.2 12.88 13.13 13.1 13.09 12.59 13.0 12.81 12.8 12.91 12.93 12.92 12.89 12.98 12.98 12.89 12.83 100.0 50.37 1e-07 0.001 256
5 1.0 14.67 13.66 14.4 13.69 13.23 13.49 13.42 13.45 13.4 13.33 13.5 13.46 13.43 13.37 13.51 13.47 13.49 13.43 13.46 13.66 100.0 79.16 1e-05 0.1 1024
5 1.0 14.43 13.73 13.87 13.11 13.61 13.57 13.48 13.64 13.47 13.52 13.5 13.49 13.5 13.55 13.44 13.58 13.46 13.38 13.51 13.44 100.0 78.38 1e-06 0.1 1024
5 1.0 14.92 14.04 13.7 13.95 14.09 13.76 13.47 13.63 13.65 13.56 13.64 13.66 13.68 13.54 13.64 13.5 13.57 13.59 13.59 13.63 100.0 78.58 1e-07 0.1 1024
5 1.0 14.22 14.83 13.63 12.86 12.88 12.53 13.06 12.83 12.96 12.84 12.93 12.69 13.0 12.92 12.84 12.82 12.81 12.84 12.87 12.77 100.0 80.74 1e-05 0.1 512
5 1.0 13.89 15.32 14.51 13.96 14.02 13.4 13.61 12.98 13.76 13.91 13.74 13.79 13.67 13.67 13.71 13.57 13.7 13.58 13.67 13.65 100.0 78.98 1e-06 0.1 512
5 1.0 13.67 14.49 13.62 13.21 13.13 13.58 13.22 13.34 13.06 13.35 13.33 13.34 13.18 13.11 13.08 13.26 13.06 13.02 13.21 13.27 100.0 80.09 1e-07 0.1 512
5 1.0 14.4 14.48 13.97 13.5 14.16 13.31 13.75 13.58 13.41 13.23 13.13 13.24 13.29 13.15 13.06 13.2 12.99 13.28 13.01 13.2 100.0 78.32 1e-05 0.1 256
5 1.0 14.76 14.12 13.88 13.91 13.54 13.51 13.47 12.93 13.33 13.06 12.93 13.17 13.49 13.43 13.42 13.53 13.52 13.4 13.28 13.3 100.0 80.72 1e-06 0.1 256
5 1.0 14.61 15.52 15.88 14.46 13.86 14.29 14.34 13.89 13.59 13.76 13.48 13.88 13.91 13.8 13.91 13.75 13.94 13.95 13.87 13.82 100.0 77.43 1e-07 0.1 256
5 1.0 18.65 18.06 18.14 18.3 18.27 18.29 18.19 18.19 18.2 18.26 18.24 18.18 18.27 18.24 18.28 18.16 18.14 18.25 18.23 18.37 100.0 60.27 1e-05 0.01 1024
5 1.0 18.51 18.2 18.25 18.38 18.27 18.25 18.23 18.26 18.29 18.37 18.32 18.24 18.22 18.34 18.3 18.23 18.22 18.29 18.26 18.28 100.0 60.45 1e-06 0.01 1024
5 1.0 19.21 18.8 18.54 18.34 18.56 18.49 18.51 18.41 18.6 18.54 18.39 18.46 18.66 18.6 18.6 18.46 18.53 18.68 18.64 18.66 100.0 59.55 1e-07 0.01 1024
5 1.0 16.98 16.5 15.81 15.39 15.45 15.49 15.3 15.39 15.25 15.12 15.42 15.26 15.14 15.15 15.06 15.31 15.28 15.31 15.26 15.09 100.0 67.99 1e-05 0.01 512
5 1.0 17.25 16.42 16.6 16.74 16.49 16.72 16.7 16.87 16.76 16.71 16.73 16.48 16.82 16.95 16.69 16.62 16.75 16.7 16.83 16.86 100.0 67.9 1e-06 0.01 512
5 1.0 17.44 16.54 16.0 15.93 16.04 16.14 15.97 16.01 15.96 15.81 15.89 16.08 16.05 15.9 15.93 15.8 15.89 15.8 15.92 15.87 100.0 68.55 1e-07 0.01 512
5 1.0 15.33 15.38 14.29 14.37 14.11 14.31 14.05 14.0 14.02 14.17 13.84 13.82 13.72 14.06 14.09 13.87 13.93 13.97 13.89 13.83 100.0 74.48 1e-05 0.01 256
5 1.0 16.35 15.54 15.2 15.05 14.98 15.01 14.54 14.7 14.44 14.62 14.84 14.7 14.63 14.73 14.68 14.59 14.64 14.91 14.59 14.61 100.0 74.61 1e-06 0.01 256
5 1.0 14.96 14.82 14.61 14.41 14.23 13.99 13.84 13.76 14.19 13.96 13.92 13.87 14.04 13.9 14.06 13.83 13.98 13.98 13.97 13.9 100.0 74.94 1e-07 0.01 256
5 1.0 16.51 20.59 22.55 25.54 25.89 25.54 26.16 26.01 26.0 26.08 26.03 25.87 26.28 26.11 26.06 26.05 26.13 26.0 25.92 26.36 100.0 37.09 1e-05 0.001 1024
5 1.0 16.55 20.5 22.96 25.2 25.71 25.32 25.76 25.86 26.08 26.0 25.76 25.78 25.98 26.17 26.05 26.08 26.03 25.98 25.95 26.25 100.0 37.07 1e-06 0.001 1024
5 1.0 16.74 20.15 23.11 25.63 26.28 25.59 26.22 26.22 26.27 26.28 26.45 26.34 26.28 26.4 26.4 26.38 26.26 26.3 26.48 26.58 100.0 36.94 1e-07 0.001 1024
5 1.0 18.05 22.77 24.03 24.13 24.08 24.08 23.91 24.22 23.85 24.26 24.17 24.15 24.17 24.04 24.17 24.15 24.23 24.4 24.06 24.5 100.0 42.73 1e-05 0.001 512
5 1.0 17.68 21.56 22.8 23.12 23.36 23.42 23.54 23.33 23.31 23.46 23.56 23.52 23.9 23.64 23.65 23.5 23.44 23.43 23.67 23.76 100.0 43.8 1e-06 0.001 512
5 1.0 17.18 22.41 24.0 24.33 24.05 24.26 23.96 24.18 24.05 24.43 24.35 24.14 24.48 24.32 24.47 24.29 24.11 24.35 24.05 24.19 100.0 43.85 1e-07 0.001 512
5 1.0 19.76 21.46 21.86 21.47 21.27 21.5 22.02 21.68 21.88 21.31 21.12 21.75 21.29 21.71 21.98 21.84 21.37 21.59 21.64 21.84 100.0 52.69 1e-05 0.001 256
5 1.0 19.14 21.74 22.19 22.25 22.33 22.13 22.36 22.04 22.24 21.87 21.62 22.26 21.93 22.06 22.44 22.33 21.9 22.4 22.21 22.02 99.998 52.23 1e-06 0.001 256
5 1.0 20.51 21.81 21.89 22.12 21.64 22.18 21.84 22.04 21.49 21.93 21.75 21.51 21.9 21.86 21.49 21.64 21.84 21.63 21.7 21.54 100.0 50.37 1e-07 0.001 256
6 1.0 23.11 22.49 24.11 22.64 22.15 22.66 22.27 22.46 22.38 22.31 22.6 22.56 22.5 22.47 22.49 22.39 22.43 22.43 22.47 22.64 100.0 79.16 1e-05 0.1 1024
6 1.0 23.62 22.35 22.95 22.09 22.63 22.65 22.38 22.49 22.34 22.44 22.4 22.41 22.42 22.51 22.42 22.66 22.37 22.4 22.44 22.37 100.0 78.38 1e-06 0.1 1024
6 1.0 25.18 23.71 22.26 22.99 23.06 22.55 22.17 22.49 22.5 22.36 22.46 22.57 22.32 22.29 22.35 22.35 22.37 22.47 22.33 22.47 100.0 78.58 1e-07 0.1 1024
6 1.0 23.2 23.6 21.79 21.04 20.98 20.74 21.5 21.01 21.38 21.2 21.31 20.98 21.3 21.26 21.26 21.31 21.06 21.04 21.15 21.14 100.0 80.74 1e-05 0.1 512
6 1.0 22.33 24.54 24.11 23.01 23.17 22.31 23.22 22.31 23.23 23.26 23.16 23.42 23.23 23.15 22.99 23.19 23.0 23.08 23.28 23.28 100.0 78.98 1e-06 0.1 512
6 1.0 21.99 24.12 22.44 21.27 21.36 21.91 21.44 21.45 21.51 21.89 21.82 21.49 21.35 21.32 21.41 21.75 21.48 21.31 21.59 21.71 100.0 80.09 1e-07 0.1 512
6 1.0 23.43 23.72 22.92 22.34 23.31 22.44 22.93 22.4 22.37 22.09 21.73 22.09 22.23 21.99 22.09 22.17 22.04 22.38 22.15 22.3 100.0 78.32 1e-05 0.1 256
6 1.0 23.77 23.84 22.9 23.05 22.27 22.73 22.3 21.52 22.07 21.91 21.67 21.69 22.49 22.42 22.24 22.45 22.33 22.36 22.21 22.02 100.0 80.72 1e-06 0.1 256
6 1.0 22.65 25.38 26.09 23.89 22.82 23.57 24.03 22.98 22.76 22.86 22.75 23.04 23.27 23.06 23.15 23.01 23.22 23.41 22.93 22.93 100.0 77.43 1e-07 0.1 256
6 1.0 30.9 30.32 30.45 30.8 30.82 30.63 30.6 30.61 30.51 30.81 30.54 30.5 30.9 30.61 30.82 30.55 30.53 30.73 30.59 30.86 100.0 60.27 1e-05 0.01 1024
6 1.0 29.84 30.42 30.48 30.92 30.75 30.56 30.54 30.68 30.72 30.78 30.76 30.65 30.92 30.77 30.76 30.78 30.64 30.65 30.8 30.8 100.0 60.45 1e-06 0.01 1024
6 1.0 32.55 30.91 31.43 31.21 31.28 31.21 31.11 31.21 31.16 31.35 30.96 31.1 31.5 31.36 31.55 31.3 31.27 31.47 31.2 31.57 100.0 59.55 1e-07 0.01 1024
6 1.0 28.23 27.42 26.47 25.94 25.97 26.21 25.86 26.01 25.87 25.64 26.22 25.75 25.64 25.76 25.52 26.03 25.67 25.94 25.87 25.48 100.0 67.99 1e-05 0.01 512
6 1.0 28.4 27.13 27.51 28.01 27.69 27.79 28.09 28.14 27.85 27.75 27.75 27.71 27.93 28.12 27.88 27.86 28.06 27.82 28.15 28.1 100.0 67.9 1e-06 0.01 512
6 1.0 28.28 27.45 26.07 26.13 26.06 26.26 25.9 25.97 25.96 25.93 26.01 26.06 26.15 25.87 26.0 25.86 26.05 25.86 25.82 25.73 100.0 68.55 1e-07 0.01 512
6 1.0 24.81 25.47 23.22 23.12 22.84 23.06 22.43 22.35 22.37 22.69 22.0 22.39 22.13 22.88 22.67 22.3 22.3 22.65 22.32 22.4 100.0 74.48 1e-05 0.01 256
6 1.0 26.19 24.87 25.13 24.55 24.85 24.68 23.92 24.07 23.89 24.16 24.12 24.14 24.19 24.32 24.24 24.18 24.11 24.3 23.96 24.16 100.0 74.61 1e-06 0.01 256
6 1.0 25.14 23.44 23.93 23.65 24.1 23.43 23.23 23.22 23.46 23.31 23.26 23.25 23.72 23.7 23.47 23.3 23.24 23.32 23.58 23.16 100.0 74.94 1e-07 0.01 256
6 1.0 25.6 31.73 35.9 41.23 41.68 41.39 42.09 41.81 41.83 41.82 41.9 41.45 41.82 41.89 41.87 41.57 41.76 41.63 41.76 42.36 100.0 37.09 1e-05 0.001 1024
6 1.0 25.79 31.91 37.16 41.52 41.94 41.31 42.23 41.75 42.3 42.27 42.09 41.94 42.19 42.23 42.06 42.05 42.24 42.03 42.11 42.34 100.0 37.07 1e-06 0.001 1024
6 1.0 25.93 31.57 36.79 40.89 42.02 41.16 42.4 42.36 42.2 42.4 42.44 42.32 42.36 42.67 42.53 42.56 42.32 42.41 42.61 42.76 100.0 36.94 1e-07 0.001 1024
6 1.0 28.48 36.74 39.83 39.67 40.07 39.62 39.62 39.65 39.36 39.8 39.76 40.05 39.97 39.71 40.15 39.63 40.19 40.28 39.58 40.32 100.0 42.73 1e-05 0.001 512
6 1.0 27.84 34.69 37.16 37.76 38.28 38.46 38.78 38.33 38.66 38.94 39.02 38.81 39.59 39.04 39.37 39.05 38.74 38.94 39.19 39.21 100.0 43.8 1e-06 0.001 512
6 1.0 27.79 35.69 38.49 38.43 38.55 38.9 38.65 38.64 38.61 39.04 39.11 39.06 39.22 38.77 39.23 38.89 38.65 38.94 38.68 38.99 100.0 43.85 1e-07 0.001 512
6 1.0 32.18 35.38 36.15 35.87 34.82 35.43 36.53 36.35 36.51 35.55 35.15 36.39 35.48 36.34 36.4 36.52 35.83 36.11 36.17 36.22 100.0 52.69 1e-05 0.001 256
6 1.0 31.42 35.31 36.03 36.27 36.49 36.24 36.09 35.88 35.91 35.43 35.78 36.5 35.7 36.2 36.72 36.55 36.22 36.87 36.33 36.29 99.998 52.23 1e-06 0.001 256
6 1.0 33.68 35.7 36.33 36.65 35.93 36.66 36.14 36.68 35.99 36.4 36.16 36.45 36.2 36.52 36.36 36.38 36.55 36.1 36.51 36.48 100.0 50.37 1e-07 0.001 256
