3 1.0 5.24 4.93 4.83 4.73 4.7 4.73 4.72 4.74 4.73 4.73 4.74 4.69 4.71 4.72 4.73 4.72 4.71 4.7 4.75 4.73 100.0 68.61 1e-05 0.1 1024
3 1.0 5.26 5.14 4.83 5.06 4.98 4.98 5.0 4.92 4.97 4.95 5.0 4.97 4.98 4.96 4.91 4.95 4.95 4.93 4.95 4.95 100.0 66.95 1e-06 0.1 1024
3 1.0 5.16 5.01 4.99 4.99 4.74 4.72 4.7 4.73 4.69 4.69 4.71 4.74 4.74 4.67 4.72 4.72 4.69 4.77 4.72 4.74 100.0 66.34 1e-07 0.1 1024
3 1.0 4.8 5.02 5.05 4.84 4.52 4.62 4.85 4.75 4.84 4.78 4.71 4.72 4.72 4.69 4.78 4.73 4.74 4.7 4.76 4.69 100.0 70.93 1e-05 0.1 512
3 1.0 4.74 4.67 4.6 4.51 4.79 4.65 4.69 4.74 4.7 4.7 4.67 4.65 4.64 4.68 4.67 4.66 4.67 4.68 4.66 4.65 100.0 72.32 1e-06 0.1 512
3 1.0 4.92 5.01 4.85 4.71 4.68 4.72 4.89 4.65 4.72 4.71 4.68 4.73 4.71 4.7 4.67 4.72 4.67 4.76 4.66 4.69 100.0 71.42 1e-07 0.1 512
3 1.0 4.68 4.37 4.54 4.34 4.29 4.31 4.33 4.22 4.33 4.34 4.38 4.34 4.43 4.34 4.22 4.28 4.27 4.22 4.29 4.31 100.0 75.39 1e-05 0.1 256
3 1.0 4.52 4.35 4.32 4.33 4.22 4.36 4.5 4.42 4.46 4.34 4.41 4.31 4.42 4.42 4.38 4.39 4.36 4.35 4.35 4.39 99.998 78.31 1e-06 0.1 256
3 1.0 4.65 4.56 4.33 4.62 4.25 4.37 4.34 4.31 4.26 4.22 4.23 4.33 4.29 4.28 4.23 4.25 4.24 4.26 4.26 4.25 100.0 77.36 1e-07 0.1 256
3 1.0 5.57 6.07 5.75 5.9 5.79 5.88 5.89 5.86 5.85 5.89 5.87 5.87 5.93 5.91 5.88 5.85 5.87 5.95 5.87 5.91 100.0 58.86 1e-05 0.01 1024
3 1.0 5.52 6.01 5.75 5.79 5.74 5.78 5.73 5.76 5.81 5.75 5.8 5.75 5.8 5.71 5.77 5.71 5.76 5.87 5.8 5.79 100.0 60.22 1e-06 0.01 1024
3 1.0 5.73 5.92 5.81 5.79 5.77 5.74 5.71 5.71 5.66 5.72 5.8 5.76 5.76 5.72 5.72 5.66 5.67 5.8 5.72 5.69 100.0 60.32 1e-07 0.01 1024
3 1.0 5.61 5.72 5.64 5.52 5.48 5.49 5.62 5.56 5.57 5.48 5.49 5.47 5.49 5.55 5.58 5.51 5.53 5.55 5.56 5.57 100.0 63.33 1e-05 0.01 512
3 1.0 5.36 5.61 5.24 5.35 5.1 5.12 5.17 5.16 5.12 5.19 5.1 5.13 5.14 5.15 5.16 5.2 5.18 5.16 5.21 5.13 100.0 65.16 1e-06 0.01 512
3 1.0 5.68 5.68 5.73 5.34 5.28 5.38 5.44 5.38 5.34 5.35 5.44 5.45 5.34 5.31 5.35 5.32 5.38 5.34 5.38 5.37 100.0 62.42 1e-07 0.01 512
3 1.0 5.36 5.17 5.0 4.83 4.73 4.72 4.63 4.58 4.7 4.66 4.61 4.67 4.72 4.75 4.73 4.76 4.74 4.63 4.76 4.68 100.0 68.14 1e-05 0.01 256
3 1.0 5.36 5.16 4.8 5.06 4.99 4.84 4.8 4.84 4.92 4.82 4.88 4.92 4.8 4.92 4.93 4.86 4.88 4.91 4.86 4.98 100.0 67.19 1e-06 0.01 256
3 1.0 5.19 4.96 5.02 4.95 4.89 5.01 4.94 5.0 5.05 4.98 5.06 4.96 5.05 4.99 4.91 4.99 4.97 4.95 5.01 5.06 100.0 67.57 1e-07 0.01 256
3 1.0 6.28 5.98 5.59 6.3 6.89 7.53 7.42 7.5 7.44 7.36 7.44 7.48 7.49 7.24 7.34 7.26 7.23 7.45 7.24 7.37 99.952 43.5 1e-05 0.001 1024
3 1.0 6.1 5.96 5.85 6.32 6.81 7.18 7.49 7.36 7.16 7.37 7.4 7.45 7.36 7.37 7.32 7.45 7.37 7.43 7.37 7.43 99.95 44.03 1e-06 0.001 1024
3 1.0 6.25 5.92 5.76 6.05 6.4 7.36 7.15 7.33 7.35 7.4 7.39 7.33 7.43 7.39 7.44 7.46 7.48 7.47 7.45 7.47 99.94 44.31 1e-07 0.001 1024
3 1.0 5.95 5.61 6.14 7.08 6.71 6.75 6.75 6.56 6.54 6.62 6.55 6.61 6.58 6.64 6.65 6.66 6.6 6.63 6.54 6.62 99.996 49.93 1e-05 0.001 512
3 1.0 5.99 5.68 6.43 6.64 6.78 6.9 6.68 6.71 6.97 6.79 6.69 6.65 6.72 6.76 6.69 6.8 6.8 6.77 6.82 6.78 99.99 49.7 1e-06 0.001 512
3 1.0 5.82 5.6 6.37 6.72 6.62 6.71 6.85 6.87 6.75 6.72 6.58 6.87 6.74 6.76 6.72 6.76 6.8 6.76 6.66 6.76 99.996 50.83 1e-07 0.001 512
3 1.0 5.3 5.86 6.18 6.21 6.29 5.96 6.05 6.12 6.16 6.27 6.01 6.15 6.11 6.18 6.1 6.13 6.07 6.11 6.07 6.1 99.988 56.51 1e-05 0.001 256
3 1.0 5.18 6.06 6.16 6.13 6.02 6.16 6.16 6.23 6.24 5.98 6.12 6.14 5.97 6.04 6.06 5.98 6.05 6.07 5.97 6.09 99.992 56.77 1e-06 0.001 256
3 1.0 5.56 5.82 6.53 6.37 6.17 6.31 6.33 6.19 6.15 6.16 6.0 6.22 6.09 6.15 6.1 6.21 6.33 6.13 6.24 6.17 99.996 57.47 1e-07 0.001 256
4 1.0 12.36 11.2 11.31 10.16 10.0 10.34 10.25 10.25 10.22 10.15 10.23 10.23 10.25 10.2 10.29 10.17 10.21 10.27 10.29 10.33 100.0 68.61 1e-05 0.1 1024
4 1.0 11.46 11.38 11.08 11.44 11.05 11.08 11.13 10.97 11.0 11.05 11.01 11.06 11.0 11.03 11.01 10.98 10.99 11.06 10.92 11.04 100.0 66.95 1e-06 0.1 1024
4 1.0 11.52 11.47 11.72 11.5 11.24 11.25 11.31 11.34 11.2 11.24 11.26 11.28 11.31 11.29 11.25 11.33 11.25 11.3 11.25 11.26 100.0 66.34 1e-07 0.1 1024
4 1.0 10.18 10.84 11.02 9.93 9.92 10.03 9.79 9.89 10.03 10.06 9.94 9.96 10.04 10.0 10.0 10.09 10.03 9.93 9.97 9.97 100.0 70.93 1e-05 0.1 512
4 1.0 10.24 10.58 10.0 9.69 9.97 9.6 9.77 9.77 9.78 9.72 9.78 9.75 9.65 9.77 9.81 9.84 9.74 9.77 9.73 9.85 100.0 72.32 1e-06 0.1 512
4 1.0 10.73 11.01 10.94 10.31 10.6 10.28 10.73 10.46 10.55 10.39 10.29 10.4 10.44 10.47 10.45 10.52 10.44 10.63 10.4 10.45 100.0 71.42 1e-07 0.1 512
4 1.0 10.0 9.27 9.71 9.39 9.26 9.12 9.48 9.42 10.0 9.83 9.9 9.69 9.86 9.73 9.43 9.49 9.55 9.58 9.78 9.83 100.0 75.39 1e-05 0.1 256
4 1.0 9.72 9.47 9.7 9.27 9.13 9.38 9.81 9.51 9.68 9.31 9.36 9.31 9.24 9.35 9.27 9.33 9.49 9.26 9.3 9.38 99.998 78.31 1e-06 0.1 256
4 1.0 9.76 9.62 9.03 9.34 8.92 9.14 8.85 9.3 8.94 8.96 9.12 9.14 9.06 9.04 9.06 9.11 9.11 9.08 9.11 9.09 100.0 77.36 1e-07 0.1 256
4 1.0 12.9 13.87 13.17 13.62 13.43 13.55 13.54 13.52 13.49 13.52 13.54 13.41 13.54 13.71 13.52 13.61 13.67 13.49 13.54 13.54 100.0 58.86 1e-05 0.01 1024
4 1.0 12.45 14.14 13.78 13.85 13.74 13.97 13.91 13.91 13.8 13.86 13.68 13.49 13.6 13.96 13.94 13.96 13.94 13.7 14.0 13.87 100.0 60.22 1e-06 0.01 1024
4 1.0 13.08 13.63 13.82 13.81 13.86 13.76 13.87 13.83 13.74 13.84 13.71 13.75 13.74 13.92 13.8 13.8 13.88 13.81 13.83 13.8 100.0 60.32 1e-07 0.01 1024
4 1.0 12.51 13.12 12.75 12.91 12.74 12.89 12.81 12.74 12.88 12.72 12.8 12.72 12.55 12.82 12.66 12.75 12.78 12.72 12.84 12.72 100.0 63.33 1e-05 0.01 512
4 1.0 11.57 13.01 11.44 11.8 11.3 11.55 11.52 11.54 11.33 11.61 11.3 11.64 11.58 11.58 11.7 11.61 11.55 11.66 11.6 11.48 100.0 65.16 1e-06 0.01 512
4 1.0 13.03 13.21 13.41 12.41 12.43 12.66 12.65 12.59 12.37 12.47 12.4 12.65 12.6 12.47 12.55 12.44 12.56 12.51 12.5 12.52 100.0 62.42 1e-07 0.01 512
4 1.0 12.15 12.04 11.51 11.21 10.7 10.76 10.44 10.53 10.76 10.45 10.55 10.58 10.63 10.71 10.54 10.66 10.81 10.59 10.81 10.53 100.0 68.14 1e-05 0.01 256
4 1.0 11.98 12.04 11.21 11.39 11.25 11.42 11.23 11.34 11.62 11.34 11.16 11.41 11.22 11.33 11.39 11.18 11.31 11.21 11.39 11.58 100.0 67.19 1e-06 0.01 256
4 1.0 11.73 11.1 11.41 11.03 10.5 10.8 10.68 10.88 11.18 10.91 11.0 10.77 10.97 11.06 10.82 11.01 11.1 10.92 11.04 11.13 100.0 67.57 1e-07 0.01 256
4 1.0 13.38 12.67 13.18 15.31 17.18 18.12 17.93 18.23 18.35 18.22 18.16 18.09 18.23 18.2 18.25 18.1 18.23 18.43 18.15 18.52 99.952 43.5 1e-05 0.001 1024
4 1.0 13.65 13.14 12.9 15.04 17.16 17.73 18.3 18.14 17.66 17.97 18.14 17.99 17.88 17.88 17.89 18.02 18.05 17.88 18.12 18.25 99.95 44.03 1e-06 0.001 1024
4 1.0 13.32 12.91 13.32 13.94 15.85 17.51 18.31 18.37 18.63 18.32 18.66 18.59 18.37 18.69 18.47 18.5 18.57 18.49 18.59 18.7 99.94 44.31 1e-07 0.001 1024
4 1.0 13.61 12.93 14.62 16.88 16.6 16.76 16.45 16.42 16.34 16.39 16.15 16.44 16.33 16.66 16.51 16.56 16.52 16.6 16.39 16.63 99.996 49.93 1e-05 0.001 512
4 1.0 13.39 13.13 15.52 16.94 17.19 16.71 17.22 16.88 17.12 16.72 16.59 16.8 16.87 16.98 16.57 17.04 17.09 16.87 16.9 16.69 99.99 49.7 1e-06 0.001 512
4 1.0 12.46 12.52 15.11 16.74 16.66 16.77 16.66 16.56 16.39 16.33 16.05 16.9 16.69 16.68 16.5 16.67 16.55 16.5 16.46 16.35 99.996 50.83 1e-07 0.001 512
4 1.0 12.19 13.98 14.2 14.37 14.4 14.1 14.02 14.55 14.19 14.18 13.99 14.04 13.89 14.05 13.39 13.65 13.51 13.87 13.61 13.91 99.988 56.51 1e-05 0.001 256
4 1.0 12.45 14.11 14.59 15.21 14.71 15.03 15.12 15.14 14.93 14.59 14.8 15.05 14.48 14.76 14.69 14.56 14.85 14.5 14.86 14.92 99.992 56.77 1e-06 0.001 256
4 1.0 12.88 13.95 15.34 15.02 14.51 14.4 14.48 14.65 14.47 14.77 14.21 14.69 14.28 14.42 14.52 14.57 14.65 14.44 14.45 14.65 99.996 57.47 1e-07 0.001 256
5 1.0 20.84 19.6 19.14 17.39 17.03 17.82 17.63 17.56 17.64 17.58 17.69 17.8 17.66 17.58 17.81 17.54 17.64 17.79 17.78 17.88 100.0 68.61 1e-05 0.1 1024
5 1.0 19.09 19.27 18.32 20.01 18.95 18.97 19.11 18.94 18.88 19.05 18.49 18.78 18.67 18.76 18.76 18.73 18.7 18.9 18.66 18.75 100.0 66.95 1e-06 0.1 1024
5 1.0 20.07 20.16 20.15 20.08 19.54 19.65 19.58 19.71 19.58 19.59 19.72 19.73 19.7 19.73 19.71 19.79 19.68 19.67 19.62 19.69 100.0 66.34 1e-07 0.1 1024
5 1.0 18.16 18.09 18.09 16.65 16.56 16.93 16.67 16.95 17.17 17.17 16.95 17.0 16.94 17.1 17.01 17.45 17.17 17.07 17.03 16.92 100.0 70.93 1e-05 0.1 512
5 1.0 16.95 17.44 17.24 16.37 16.79 16.62 16.64 16.74 16.64 16.56 16.59 16.65 16.44 16.61 16.7 16.73 16.64 16.55 16.76 16.7 100.0 72.32 1e-06 0.1 512
5 1.0 17.7 18.65 18.74 17.65 17.86 17.73 18.22 17.73 17.95 17.66 17.59 17.75 17.59 17.74 17.69 17.84 17.61 17.95 17.68 17.65 100.0 71.42 1e-07 0.1 512
5 1.0 16.87 15.8 15.89 15.42 15.16 15.43 15.33 15.04 15.86 15.68 16.19 15.76 15.91 15.74 15.44 15.28 15.52 15.5 15.69 15.95 100.0 75.39 1e-05 0.1 256
5 1.0 15.73 14.89 16.24 15.34 14.85 15.49 15.9 15.54 15.57 15.08 15.06 15.3 15.24 15.27 15.02 15.2 15.3 14.89 15.16 15.29 99.998 78.31 1e-06 0.1 256
5 1.0 16.24 16.02 15.06 15.61 14.65 15.16 14.32 15.41 14.75 14.72 14.76 15.16 14.89 14.87 14.94 15.03 15.19 15.15 15.02 15.0 100.0 77.36 1e-07 0.1 256
5 1.0 21.64 23.43 22.78 23.46 23.28 23.59 23.65 23.52 23.23 23.57 23.46 23.21 23.49 23.6 23.53 23.5 23.7 23.53 23.57 23.51 100.0 58.86 1e-05 0.01 1024
5 1.0 20.99 24.59 23.66 23.34 23.12 23.32 23.41 23.39 23.15 23.29 23.1 22.83 22.95 23.53 23.48 23.46 23.46 23.11 23.45 23.4 100.0 60.22 1e-06 0.01 1024
5 1.0 22.08 23.66 23.72 24.08 24.01 23.98 23.96 23.76 24.05 23.91 24.11 23.93 24.1 24.13 24.15 23.88 24.03 24.18 24.04 24.01 100.0 60.32 1e-07 0.01 1024
5 1.0 20.67 21.89 21.73 21.81 21.27 21.65 21.45 21.39 21.52 21.26 21.39 21.35 20.88 21.29 21.29 21.28 21.32 21.25 21.37 21.26 100.0 63.33 1e-05 0.01 512
5 1.0 20.02 22.36 19.45 20.49 19.79 19.94 19.96 19.87 19.98 20.19 19.78 20.09 19.98 20.07 20.16 20.12 20.26 19.97 20.17 19.88 100.0 65.16 1e-06 0.01 512
5 1.0 22.12 22.77 23.03 21.75 21.67 22.25 22.13 21.93 21.6 21.76 21.69 22.11 22.27 22.05 21.87 21.83 22.01 21.84 21.76 21.82 100.0 62.42 1e-07 0.01 512
5 1.0 20.98 20.66 19.22 19.88 18.34 18.75 18.36 18.47 18.76 18.3 18.46 18.57 18.64 18.72 18.61 18.65 18.71 18.7 19.08 18.67 100.0 68.14 1e-05 0.01 256
5 1.0 19.92 20.96 19.77 19.91 19.38 19.74 19.6 20.29 20.28 19.75 19.58 19.63 19.52 19.82 19.48 19.74 19.67 19.65 19.7 20.02 100.0 67.19 1e-06 0.01 256
5 1.0 20.09 19.27 19.47 18.75 17.51 18.18 17.94 18.49 18.73 18.5 18.25 18.42 18.3 18.62 18.49 18.63 18.83 18.82 18.63 18.85 100.0 67.57 1e-07 0.01 256
5 1.0 21.28 20.51 21.27 25.69 29.39 31.14 31.05 31.52 31.76 31.58 31.35 31.42 31.5 31.68 31.53 31.41 31.45 31.48 31.75 31.67 99.952 43.5 1e-05 0.001 1024
5 1.0 22.26 20.85 21.25 25.63 29.59 31.56 32.2 31.83 31.4 31.81 31.63 31.55 31.45 31.68 31.61 31.47 31.71 31.48 31.73 31.84 99.95 44.03 1e-06 0.001 1024
5 1.0 21.97 21.0 21.91 23.67 27.46 30.69 31.89 32.19 32.38 32.23 32.31 32.38 32.5 32.5 32.5 32.06 32.4 32.6 32.13 32.48 99.94 44.31 1e-07 0.001 1024
5 1.0 22.89 21.5 24.54 29.51 28.81 29.54 29.12 29.14 28.67 28.8 28.64 29.19 28.95 29.37 29.08 29.39 29.1 29.15 28.87 29.32 99.996 49.93 1e-05 0.001 512
5 1.0 22.3 21.78 26.5 29.59 29.48 29.43 29.79 29.47 29.83 29.37 29.15 29.74 29.04 29.41 28.99 29.41 29.6 29.27 29.28 29.13 99.99 49.7 1e-06 0.001 512
5 1.0 20.11 20.45 26.09 29.2 29.49 29.19 28.96 29.23 28.66 28.56 27.79 29.45 28.5 28.94 28.87 28.95 29.02 28.8 29.07 28.5 99.996 50.83 1e-07 0.001 512
5 1.0 19.74 22.89 24.52 25.0 25.1 24.52 24.67 25.51 24.23 24.51 24.65 24.52 24.22 24.25 23.96 24.07 24.38 24.55 24.09 24.62 99.988 56.51 1e-05 0.001 256
5 1.0 20.42 24.01 25.8 27.01 25.57 26.55 26.22 26.52 26.09 25.43 25.47 26.18 25.4 25.62 25.95 25.49 26.02 25.93 25.62 26.06 99.992 56.77 1e-06 0.001 256
5 1.0 21.34 23.86 27.12 25.94 25.52 25.16 24.92 26.15 24.83 25.74 24.64 25.4 24.77 25.08 24.94 25.18 25.12 25.09 24.72 25.27 99.996 57.47 1e-07 0.001 256
6 1.0 34.14 32.66 31.75 29.04 28.88 30.09 29.71 29.73 29.8 29.66 29.83 30.01 29.66 29.59 30.14 29.67 29.65 29.94 29.98 30.16 100.0 68.61 1e-05 0.1 1024
6 1.0 31.22 32.38 31.32 32.96 31.62 31.88 31.96 31.64 31.63 31.64 31.19 31.56 31.4 31.65 31.54 31.48 31.45 31.6 31.41 31.59 100.0 66.95 1e-06 0.1 1024
6 1.0 32.74 34.03 34.09 33.6 32.95 33.21 32.79 33.11 32.79 32.93 32.99 33.0 32.88 33.05 33.14 33.09 33.11 32.97 33.05 33.09 100.0 66.34 1e-07 0.1 1024
6 1.0 29.83 30.31 29.17 27.98 27.91 28.41 27.95 28.64 28.89 28.63 28.32 28.84 28.76 28.88 28.94 29.25 28.88 29.07 28.86 28.54 100.0 70.93 1e-05 0.1 512
6 1.0 27.1 27.99 28.8 26.67 28.12 27.6 27.98 28.17 28.18 27.91 27.77 28.14 27.49 27.92 28.24 28.17 28.09 27.89 28.15 28.24 100.0 72.32 1e-06 0.1 512
6 1.0 28.8 31.18 31.09 29.22 30.25 29.13 30.82 29.48 30.06 29.77 29.38 29.87 29.45 29.83 29.71 30.09 29.65 30.11 29.62 29.59 100.0 71.42 1e-07 0.1 512
6 1.0 27.45 26.04 26.16 25.05 25.11 25.31 25.34 24.89 25.53 26.31 27.25 26.01 26.24 25.77 25.58 25.55 25.58 25.55 25.64 26.23 100.0 75.39 1e-05 0.1 256
6 1.0 26.09 25.1 28.09 26.32 24.86 25.85 26.66 25.63 25.89 24.92 25.12 25.37 25.19 25.11 24.86 24.98 25.19 24.56 24.9 25.16 99.998 78.31 1e-06 0.1 256
6 1.0 27.24 27.41 25.07 26.13 25.54 25.58 24.31 26.3 25.43 25.11 24.68 25.61 25.04 25.04 25.32 25.56 25.41 25.7 25.38 25.5 100.0 77.36 1e-07 0.1 256
6 1.0 35.02 39.62 37.99 38.9 38.66 38.97 38.81 38.71 38.42 38.96 38.55 38.06 38.61 38.8 38.63 38.7 38.79 38.55 38.78 38.52 100.0 58.86 1e-05 0.01 1024
6 1.0 33.85 40.18 39.5 38.37 37.73 38.13 38.29 38.28 37.98 38.26 37.9 37.41 37.78 38.43 38.51 38.24 38.34 37.93 38.43 38.39 100.0 60.22 1e-06 0.01 1024
6 1.0 36.2 39.43 38.48 39.21 39.1 39.11 39.09 39.18 38.98 38.88 39.13 38.92 39.1 39.32 39.48 38.98 38.99 39.28 39.13 39.05 100.0 60.32 1e-07 0.01 1024
6 1.0 33.74 36.46 36.13 36.76 35.36 35.8 35.74 35.55 35.73 35.17 35.63 35.74 34.95 35.35 35.39 35.34 35.56 35.42 35.44 35.53 100.0 63.33 1e-05 0.01 512
6 1.0 33.01 36.71 32.27 35.51 33.59 34.14 33.78 33.82 34.02 34.05 33.82 34.45 33.84 33.95 33.86 34.19 34.1 33.74 34.2 33.89 100.0 65.16 1e-06 0.01 512
6 1.0 37.03 38.44 37.39 36.48 36.11 37.24 36.88 36.51 36.24 36.44 36.15 37.04 37.23 36.94 36.96 36.68 36.97 36.43 36.44 36.74 100.0 62.42 1e-07 0.01 512
6 1.0 33.24 33.71 31.72 33.43 30.61 31.26 30.37 30.2 30.55 30.46 30.25 31.15 30.66 31.02 30.88 30.8 31.14 30.92 31.17 30.91 100.0 68.14 1e-05 0.01 256
6 1.0 32.32 34.82 32.16 33.23 31.79 32.11 32.41 33.06 32.47 32.23 31.95 32.59 32.29 32.55 32.38 32.57 32.66 32.33 32.51 32.87 100.0 67.19 1e-06 0.01 256
6 1.0 32.38 31.43 32.55 31.02 29.64 30.52 29.9 30.67 31.01 30.66 30.45 30.91 30.49 30.98 30.56 31.01 31.27 31.17 30.57 31.06 100.0 67.57 1e-07 0.01 256
6 1.0 33.72 31.73 34.17 41.67 49.33 52.1 52.66 53.71 53.35 52.74 52.62 53.0 53.3 53.0 52.83 52.34 52.51 52.97 52.88 52.91 99.952 43.5 1e-05 0.001 1024
6 1.0 34.81 32.26 33.32 41.45 48.86 52.44 53.51 52.35 52.65 52.45 53.09 52.43 51.85 52.36 52.6 52.31 52.74 52.39 52.61 53.03 99.95 44.03 1e-06 0.001 1024
6 1.0 34.87 32.42 34.51 38.44 44.96 50.72 52.06 53.24 52.74 52.48 52.7 52.78 53.97 52.65 53.32 52.63 52.86 53.56 53.13 53.0 99.94 44.31 1e-07 0.001 1024
6 1.0 35.91 34.14 40.75 50.07 48.12 48.6 48.57 47.68 47.75 48.29 47.86 48.58 48.09 49.13 48.32 48.92 48.57 48.4 48.33 48.61 99.996 49.93 1e-05 0.001 512
6 1.0 34.53 35.69 43.93 49.16 48.17 48.38 48.93 48.2 48.25 48.37 47.98 49.12 48.18 48.4 47.96 48.33 48.54 48.0 48.14 47.7 99.99 49.7 1e-06 0.001 512
6 1.0 31.83 32.54 41.33 47.67 48.0 47.84 47.85 47.61 46.63 46.69 45.28 48.07 46.15 47.03 47.16 47.15 47.22 47.08 47.31 46.56 99.996 50.83 1e-07 0.001 512
6 1.0 32.35 37.07 40.92 41.86 42.58 40.59 41.21 42.03 40.77 40.92 40.82 41.17 39.99 40.67 40.19 40.3 40.57 41.01 40.7 41.04 99.988 56.51 1e-05 0.001 256
6 1.0 33.61 39.75 43.59 45.36 42.21 44.72 43.31 43.8 43.73 42.37 42.64 43.88 42.6 42.83 43.23 42.3 43.68 43.46 42.94 43.48 99.992 56.77 1e-06 0.001 256
6 1.0 34.28 39.19 44.88 43.54 42.35 42.12 41.8 43.52 41.3 42.64 41.23 42.58 41.58 41.96 41.91 42.03 41.79 41.82 41.44 42.36 99.996 57.47 1e-07 0.001 256
