3 1.0 4.4 4.89 4.75 4.44 4.39 4.39 4.38 4.35 4.37 4.36 4.37 4.35 4.38 4.36 4.39 4.4 4.38 4.36 4.38 4.39 100.0 78.0 1e-05 0.1 1024
3 1.0 4.65 4.54 4.61 4.54 4.37 4.37 4.36 4.34 4.38 4.36 4.33 4.3 4.27 4.3 4.31 4.34 4.31 4.31 4.32 4.31 100.0 79.6 1e-06 0.1 1024
3 1.0 4.84 4.51 4.68 4.37 4.4 4.39 4.36 4.35 4.36 4.36 4.34 4.32 4.33 4.35 4.33 4.38 4.38 4.34 4.34 4.33 100.0 75.48 1e-07 0.1 1024
3 1.0 4.64 4.42 4.2 4.17 4.08 4.12 4.12 4.15 4.17 4.16 4.14 4.12 4.14 4.1 4.12 4.11 4.1 4.14 4.13 4.13 100.0 80.55 1e-05 0.1 512
3 1.0 4.37 4.59 4.63 4.43 4.29 4.28 4.28 4.24 4.3 4.31 4.28 4.31 4.29 4.31 4.27 4.27 4.31 4.31 4.29 4.29 100.0 80.38 1e-06 0.1 512
3 1.0 4.15 4.27 4.36 4.4 4.27 4.3 4.36 4.36 4.33 4.36 4.35 4.33 4.38 4.33 4.35 4.37 4.31 4.33 4.28 4.34 100.0 80.86 1e-07 0.1 512
3 1.0 4.33 4.2 4.13 3.9 3.99 3.85 3.89 3.84 3.79 3.87 3.92 3.94 3.87 3.85 3.88 3.86 3.87 3.87 3.89 3.89 100.0 84.24 1e-06 0.1 256
3 1.0 4.6 5.27 5.16 5.08 5.12 5.1 5.14 5.1 5.11 5.15 5.14 5.11 5.09 5.13 5.13 5.16 5.1 5.14 5.16 5.14 100.0 71.41 1e-05 0.01 1024
3 1.0 4.44 4.69 4.51 4.42 4.43 4.39 4.44 4.42 4.34 4.37 4.38 4.4 4.42 4.45 4.45 4.43 4.35 4.5 4.43 4.43 100.0 80.39 1e-05 0.1 256
3 1.0 4.81 4.89 5.14 5.01 4.96 4.97 4.94 5.0 5.03 5.02 5.01 5.02 5.01 5.06 5.0 4.98 4.96 5.01 5.05 5.06 100.0 70.14 1e-06 0.01 1024
3 1.0 4.98 4.9 5.37 5.34 5.34 5.31 5.3 5.35 5.32 5.32 5.34 5.32 5.32 5.31 5.35 5.32 5.33 5.29 5.32 5.31 100.0 71.2 1e-07 0.01 1024
3 1.0 4.77 4.34 4.43 4.49 4.47 4.46 4.43 4.44 4.39 4.52 4.4 4.49 4.45 4.46 4.42 4.48 4.41 4.43 4.38 4.36 100.0 76.97 1e-05 0.01 512
3 1.0 4.28 4.43 4.44 4.18 4.21 4.18 4.22 4.23 4.13 4.15 4.18 4.16 4.23 4.22 4.27 4.23 4.28 4.25 4.25 4.25 100.0 81.95 1e-07 0.1 256
3 1.0 4.76 4.56 4.56 4.47 4.52 4.55 4.53 4.53 4.51 4.53 4.54 4.55 4.57 4.54 4.5 4.51 4.53 4.52 4.57 4.53 100.0 77.0 1e-07 0.01 512
3 1.0 4.83 4.86 4.72 4.72 4.74 4.7 4.77 4.76 4.74 4.71 4.78 4.71 4.73 4.74 4.77 4.73 4.77 4.73 4.78 4.76 100.0 75.63 1e-06 0.01 512
3 1.0 5.08 4.93 5.17 5.42 5.98 6.34 6.5 6.34 6.4 6.49 6.53 6.53 6.6 6.74 6.57 6.54 6.42 6.52 6.65 6.6 99.998 53.08 1e-05 0.001 1024
3 1.0 4.99 5.23 5.17 5.57 6.12 6.57 6.72 6.6 6.62 6.49 6.53 6.48 6.38 6.46 6.38 6.49 6.43 6.4 6.45 6.39 100.0 52.55 1e-06 0.001 1024
3 1.0 5.06 5.23 5.18 5.42 6.12 6.38 6.5 6.54 6.55 6.48 6.53 6.56 6.53 6.67 6.47 6.65 6.49 6.53 6.56 6.55 99.998 53.17 1e-07 0.001 1024
3 1.0 4.28 4.34 4.26 4.17 4.27 4.17 4.19 4.27 4.23 4.22 4.24 4.2 4.2 4.2 4.21 4.22 4.25 4.27 4.24 4.2 100.0 81.23 1e-05 0.01 256
3 1.0 4.42 4.38 4.14 4.09 4.12 4.07 4.07 4.14 4.08 4.07 4.07 4.07 4.08 4.11 4.08 4.08 4.08 4.09 4.1 4.08 100.0 81.5 1e-06 0.01 256
3 1.0 4.68 4.48 4.35 4.26 4.31 4.28 4.29 4.32 4.29 4.29 4.33 4.31 4.27 4.33 4.33 4.33 4.36 4.37 4.36 4.28 100.0 80.93 1e-07 0.01 256
3 1.0 4.93 5.04 5.76 5.99 6.17 6.1 5.99 6.04 6.0 6.13 6.21 5.97 6.02 6.02 6.08 6.02 6.12 6.1 6.03 6.02 100.0 58.99 1e-07 0.001 512
3 1.0 5.11 5.22 5.63 6.08 5.95 6.15 6.05 5.95 5.97 5.98 5.93 5.83 5.99 6.0 5.92 5.83 5.9 5.92 5.96 5.93 100.0 58.75 1e-06 0.001 512
3 1.0 4.92 5.23 5.54 6.2 6.15 6.1 5.97 6.06 5.97 6.08 6.09 5.89 6.01 6.0 5.95 5.93 6.04 6.05 6.04 5.98 100.0 58.94 1e-05 0.001 512
4 1.0 9.63 10.26 10.14 9.72 9.57 9.6 9.6 9.56 9.59 9.56 9.57 9.6 9.56 9.59 9.62 9.66 9.64 9.58 9.61 9.62 100.0 78.0 1e-05 0.1 1024
4 1.0 9.48 9.52 9.88 10.04 9.42 9.4 9.44 9.35 9.37 9.41 9.25 9.23 9.21 9.32 9.31 9.3 9.31 9.24 9.32 9.32 100.0 79.6 1e-06 0.1 1024
4 1.0 10.03 9.56 10.2 9.3 9.37 9.3 9.31 9.16 9.31 9.34 9.28 9.32 9.24 9.37 9.3 9.38 9.46 9.41 9.31 9.31 100.0 75.48 1e-07 0.1 1024
3 1.0 4.93 5.37 5.48 5.52 5.55 5.56 5.49 5.45 5.39 5.6 5.45 5.45 5.55 5.43 5.47 5.39 5.5 5.5 5.45 5.51 100.0 66.26 1e-06 0.001 256
4 1.0 10.01 9.42 8.82 9.04 8.63 8.63 8.58 8.49 8.53 8.58 8.53 8.58 8.56 8.57 8.53 8.51 8.54 8.56 8.46 8.57 100.0 80.55 1e-05 0.1 512
3 1.0 4.9 4.99 5.69 5.3 5.5 5.42 5.5 5.52 5.5 5.49 5.43 5.47 5.39 5.54 5.5 5.46 5.46 5.4 5.49 5.48 100.0 66.2 1e-05 0.001 256
3 1.0 5.2 5.07 5.59 5.58 5.5 5.4 5.44 5.38 5.42 5.46 5.41 5.4 5.36 5.35 5.33 5.42 5.53 5.39 5.38 5.34 100.0 66.02 1e-07 0.001 256
4 1.0 7.88 8.99 9.14 9.06 8.81 8.76 9.03 8.98 9.11 9.17 9.18 9.01 9.09 9.07 9.05 9.06 8.94 9.0 9.08 9.05 100.0 80.86 1e-07 0.1 512
4 1.0 9.31 10.09 9.43 9.09 8.63 8.63 8.61 8.62 8.68 8.75 8.64 8.62 8.58 8.67 8.6 8.5 8.68 8.57 8.64 8.61 100.0 80.38 1e-06 0.1 512
4 1.0 9.74 11.42 11.53 11.5 11.52 11.59 11.53 11.51 11.54 11.58 11.6 11.55 11.48 11.64 11.58 11.6 11.51 11.48 11.6 11.57 100.0 71.41 1e-05 0.01 1024
4 1.0 8.69 8.18 8.66 8.13 8.37 8.19 8.17 8.17 8.08 8.16 8.2 8.27 8.08 8.2 8.31 8.12 8.29 8.27 8.24 8.18 100.0 84.24 1e-06 0.1 256
4 1.0 8.69 9.77 9.09 9.7 9.08 9.11 9.1 9.08 9.15 9.13 9.03 9.13 9.28 9.23 9.34 9.2 9.12 9.21 9.15 9.31 100.0 80.39 1e-05 0.1 256
4 1.0 10.31 10.6 11.53 11.43 11.61 11.51 11.46 11.59 11.58 11.63 11.56 11.67 11.55 11.6 11.7 11.51 11.54 11.61 11.68 11.59 100.0 70.14 1e-06 0.01 1024
4 1.0 10.37 10.74 11.87 11.68 11.74 11.83 11.8 11.92 11.75 11.73 11.81 11.65 11.7 11.68 11.7 11.67 11.66 11.71 11.61 11.65 100.0 71.2 1e-07 0.01 1024
4 1.0 8.88 9.67 9.75 8.62 8.92 9.07 8.98 8.79 8.78 8.56 8.75 8.66 8.82 8.66 8.71 8.78 8.79 8.77 8.8 8.83 100.0 81.95 1e-07 0.1 256
4 1.0 10.05 8.42 9.57 9.39 9.51 9.58 9.51 9.52 9.42 9.5 9.63 9.57 9.52 9.55 9.5 9.48 9.55 9.5 9.46 9.44 100.0 76.97 1e-05 0.01 512
4 1.0 10.02 10.12 9.96 9.93 10.01 9.96 10.03 10.04 9.93 10.05 9.89 10.03 10.07 10.14 9.96 10.09 10.03 10.1 10.09 10.07 100.0 77.0 1e-07 0.01 512
4 1.0 10.82 10.57 11.48 12.53 14.65 15.03 15.76 15.42 15.43 15.58 15.49 15.68 15.64 16.0 15.6 15.7 15.38 15.69 15.88 15.8 99.998 53.08 1e-05 0.001 1024
4 1.0 10.69 11.55 11.49 12.44 14.58 15.67 15.93 15.65 16.1 15.61 15.54 15.72 15.67 15.59 15.54 15.83 15.61 15.62 15.83 15.51 100.0 52.55 1e-06 0.001 1024
4 1.0 10.15 10.22 10.12 10.09 10.13 10.26 10.15 10.19 10.21 10.15 10.16 10.04 10.08 10.06 10.1 9.97 10.03 10.14 10.19 10.04 100.0 75.63 1e-06 0.01 512
4 1.0 8.77 9.17 8.95 8.72 8.97 8.84 8.78 8.97 8.75 8.92 8.95 8.85 9.0 8.95 8.98 8.94 9.14 9.17 8.91 8.99 100.0 81.23 1e-05 0.01 256
4 1.0 10.94 11.25 11.84 12.71 14.92 15.63 15.38 15.09 15.48 15.37 15.44 15.46 15.45 15.83 15.64 15.67 15.56 15.58 15.53 15.54 99.998 53.17 1e-07 0.001 1024
4 1.0 9.13 9.33 9.06 8.79 8.97 8.88 8.94 8.96 8.89 8.98 8.99 8.75 8.87 8.94 9.06 8.83 8.97 9.01 9.0 8.98 100.0 81.5 1e-06 0.01 256
4 1.0 10.02 8.56 8.86 8.79 8.88 8.85 8.81 8.84 8.81 8.82 8.89 8.87 8.74 8.88 8.81 8.88 8.9 8.85 8.95 8.79 100.0 80.93 1e-07 0.01 256
4 1.0 10.73 11.37 12.68 14.64 15.25 14.94 14.31 14.36 14.46 14.59 14.7 14.32 14.48 14.47 14.35 14.25 14.64 14.57 14.44 14.56 100.0 58.94 1e-05 0.001 512
4 1.0 11.32 11.87 13.23 14.43 14.71 14.89 14.68 14.45 14.86 14.61 14.65 14.58 14.51 14.62 14.42 14.37 14.71 14.79 14.66 14.59 100.0 58.75 1e-06 0.001 512
5 1.0 15.76 17.22 16.56 16.29 16.01 15.84 15.78 15.87 15.98 15.81 15.89 15.98 16.07 16.05 16.05 16.01 16.02 15.92 15.93 16.03 100.0 78.0 1e-05 0.1 1024
4 1.0 11.02 11.24 13.36 14.44 14.58 14.76 14.51 14.37 14.31 14.77 14.59 14.32 14.35 14.29 14.4 14.43 14.42 14.46 14.5 14.32 100.0 58.99 1e-07 0.001 512
5 1.0 14.74 15.88 16.27 16.53 15.87 15.82 15.89 15.83 15.82 15.91 15.73 15.7 15.65 15.79 15.81 15.84 15.83 15.74 15.83 15.91 100.0 79.6 1e-06 0.1 1024
5 1.0 16.31 15.61 17.38 15.38 16.06 15.95 15.85 15.89 15.96 16.03 15.97 16.01 15.96 16.15 15.99 16.12 16.08 16.17 16.0 16.04 100.0 75.48 1e-07 0.1 1024
4 1.0 11.03 11.12 12.61 12.61 12.24 12.06 11.93 11.85 12.12 12.2 11.96 11.92 11.9 11.98 11.74 11.8 12.16 11.93 12.0 11.94 100.0 66.02 1e-07 0.001 256
4 1.0 10.65 11.69 12.99 11.82 12.39 12.57 12.38 12.79 12.59 12.72 12.63 12.62 12.44 12.3 12.5 12.62 12.55 12.44 12.49 12.46 100.0 66.2 1e-05 0.001 256
4 1.0 10.38 12.41 12.45 12.77 12.58 12.56 12.59 12.8 12.47 12.78 12.7 12.69 12.78 12.68 12.86 12.8 12.82 12.69 12.79 12.69 100.0 66.26 1e-06 0.001 256
5 1.0 16.78 15.89 15.27 15.54 14.86 14.79 14.8 14.81 14.67 14.7 14.81 14.74 14.76 14.84 14.79 14.84 14.77 14.83 14.68 14.83 100.0 80.55 1e-05 0.1 512
5 1.0 15.18 16.45 15.94 15.25 14.8 14.76 14.83 14.74 14.78 14.87 14.75 14.56 14.55 14.6 14.67 14.51 14.72 14.6 14.65 14.67 100.0 80.38 1e-06 0.1 512
5 1.0 14.54 15.97 15.19 16.14 15.53 15.67 15.33 15.63 15.59 15.45 15.45 15.42 15.49 15.57 15.67 15.86 15.44 15.59 15.41 15.73 100.0 80.39 1e-05 0.1 256
5 1.0 16.26 19.84 19.34 19.34 19.19 19.31 19.25 19.21 19.19 19.26 19.26 19.21 19.23 19.36 19.26 19.31 19.14 19.21 19.38 19.41 100.0 71.41 1e-05 0.01 1024
5 1.0 16.64 18.2 19.48 19.3 19.46 19.41 19.29 19.29 19.17 19.41 19.23 19.43 19.39 19.58 19.54 19.45 19.31 19.48 19.66 19.46 100.0 70.14 1e-06 0.01 1024
5 1.0 16.57 17.58 19.68 19.44 19.44 19.66 19.54 19.74 19.64 19.61 19.66 19.63 19.69 19.62 19.66 19.63 19.58 19.64 19.67 19.66 100.0 71.2 1e-07 0.01 1024
5 1.0 13.11 14.57 15.5 14.94 14.96 15.22 15.6 15.33 15.52 15.51 15.55 15.52 15.58 15.6 15.6 15.59 15.61 15.58 15.6 15.52 100.0 80.86 1e-07 0.1 512
5 1.0 14.21 13.48 14.27 14.43 14.09 14.0 13.93 13.99 13.74 13.85 13.78 13.66 13.56 13.91 13.92 13.71 13.91 13.84 13.79 13.71 100.0 84.24 1e-06 0.1 256
5 1.0 14.7 16.39 16.06 14.2 15.08 14.88 14.94 14.37 14.74 14.55 14.57 14.63 14.64 14.55 14.69 14.89 14.88 14.72 14.9 14.74 100.0 81.95 1e-07 0.1 256
5 1.0 16.49 14.03 16.42 16.28 16.52 16.58 16.49 16.4 16.35 16.61 16.56 16.61 16.55 16.55 16.44 16.4 16.57 16.71 16.48 16.33 100.0 76.97 1e-05 0.01 512
5 1.0 17.41 17.59 17.72 17.53 17.57 17.56 17.5 17.64 17.52 17.74 17.39 17.46 17.43 17.52 17.63 17.45 17.66 17.64 17.54 17.5 100.0 75.63 1e-06 0.01 512
5 1.0 17.87 17.75 19.09 21.84 25.95 26.19 28.15 27.14 27.57 27.37 26.99 27.68 27.72 27.69 27.49 27.68 27.16 27.71 27.86 27.62 99.998 53.08 1e-05 0.001 1024
5 1.0 16.37 17.29 17.14 17.19 17.04 16.84 16.93 16.99 17.0 17.08 16.83 16.9 17.16 17.13 16.86 17.08 16.85 16.95 17.08 17.1 100.0 77.0 1e-07 0.01 512
5 1.0 17.97 18.75 19.0 20.41 24.98 27.58 27.83 27.53 27.94 27.27 27.63 27.76 27.48 27.64 27.21 27.62 27.41 27.61 27.83 27.45 100.0 52.55 1e-06 0.001 1024
5 1.0 14.25 15.15 14.93 14.56 15.05 15.0 14.77 14.89 14.63 14.96 14.97 14.8 14.96 14.75 14.86 14.84 15.1 15.15 14.82 14.88 100.0 81.23 1e-05 0.01 256
5 1.0 17.89 17.93 19.52 21.31 25.62 27.52 26.78 26.76 27.29 27.05 27.18 27.55 27.51 27.81 27.59 27.69 27.67 27.58 27.58 27.5 99.998 53.17 1e-07 0.001 1024
5 1.0 15.0 16.08 15.56 15.15 15.37 15.13 15.42 15.34 14.9 15.27 15.39 14.99 15.22 15.14 15.4 15.05 15.36 15.33 15.25 15.29 100.0 81.5 1e-06 0.01 256
5 1.0 17.37 13.91 14.8 14.99 15.06 15.1 15.04 14.82 14.9 15.07 15.07 14.95 14.95 14.96 14.87 15.08 14.95 14.97 14.85 15.02 100.0 80.93 1e-07 0.01 256
5 1.0 17.5 18.54 22.17 25.68 26.78 26.16 25.05 25.22 25.17 25.48 25.34 25.11 25.3 25.28 25.16 25.08 25.72 25.5 25.37 25.42 100.0 58.94 1e-05 0.001 512
5 1.0 17.26 19.83 22.27 20.21 20.63 21.16 21.16 21.36 21.5 21.66 21.4 21.15 20.89 20.69 20.94 21.28 21.14 20.82 20.98 21.16 100.0 66.2 1e-05 0.001 256
6 1.0 24.35 27.56 26.34 26.74 26.06 26.13 25.93 26.0 26.15 25.91 26.05 26.13 26.25 26.21 26.26 26.17 26.05 26.07 26.02 26.28 100.0 78.0 1e-05 0.1 1024
6 1.0 22.85 25.77 26.01 27.01 25.12 25.36 25.33 25.38 25.38 25.46 25.15 25.21 25.24 25.31 25.38 25.21 25.32 25.32 25.38 25.48 100.0 79.6 1e-06 0.1 1024
5 1.0 17.07 20.81 22.0 21.91 21.58 21.49 21.5 21.51 21.51 21.54 21.25 21.46 21.41 21.03 21.45 21.6 21.61 21.44 21.5 21.58 100.0 66.26 1e-06 0.001 256
6 1.0 26.48 24.43 28.53 24.95 27.14 27.23 27.03 26.93 27.15 27.03 26.91 27.06 26.99 27.17 27.05 27.1 26.95 27.36 27.11 27.08 100.0 75.48 1e-07 0.1 1024
5 1.0 18.65 18.93 22.38 24.56 25.37 25.78 25.43 25.1 25.41 25.19 25.42 24.74 24.88 25.2 24.9 24.73 25.12 25.36 24.94 24.96 100.0 58.75 1e-06 0.001 512
5 1.0 17.71 19.18 22.04 21.54 21.23 20.88 20.97 20.58 20.92 21.25 20.74 20.88 20.56 20.65 20.48 20.45 21.08 20.67 20.65 20.85 100.0 66.02 1e-07 0.001 256
5 1.0 17.42 18.3 22.66 25.0 25.16 25.47 25.28 25.05 24.91 25.83 25.4 24.77 25.17 25.03 25.24 25.1 25.42 25.19 25.22 25.14 100.0 58.99 1e-07 0.001 512
6 1.0 26.97 25.73 25.36 25.48 24.58 24.43 24.32 24.54 24.29 24.17 24.52 24.2 24.38 24.41 24.34 24.48 24.5 24.36 24.39 24.38 100.0 80.55 1e-05 0.1 512
6 1.0 25.63 33.52 31.89 31.9 31.91 32.03 31.97 31.85 32.03 31.89 31.96 31.83 31.93 32.18 31.98 32.18 31.69 31.91 32.08 32.18 100.0 71.41 1e-05 0.01 1024
6 1.0 21.29 23.18 25.45 25.58 25.48 26.0 26.34 25.94 26.21 26.33 26.69 26.24 26.29 26.32 26.49 26.42 26.55 26.42 26.39 26.46 100.0 80.86 1e-07 0.1 512
6 1.0 23.95 25.86 25.84 25.56 24.62 24.72 24.76 24.8 24.72 24.96 24.67 24.45 24.34 24.55 24.82 24.39 24.56 24.52 24.67 24.74 100.0 80.38 1e-06 0.1 512
6 1.0 26.19 29.4 32.02 31.76 31.97 31.95 31.66 31.81 31.66 31.71 31.58 31.96 31.77 32.03 31.95 31.94 31.82 32.05 31.96 31.96 100.0 70.14 1e-06 0.01 1024
6 1.0 26.2 27.63 31.46 31.38 31.24 31.74 31.54 31.81 31.61 31.85 31.73 31.7 31.71 31.63 31.75 31.84 31.62 31.66 31.69 31.75 100.0 71.2 1e-07 0.01 1024
6 1.0 23.86 26.06 25.67 27.3 26.17 27.1 26.35 26.72 26.53 26.36 26.22 26.35 26.32 26.25 26.44 26.71 26.38 26.57 26.28 26.49 100.0 80.39 1e-05 0.1 256
6 1.0 23.34 22.15 23.88 23.8 23.72 23.59 23.47 23.58 23.15 23.24 23.07 22.77 22.63 23.16 23.2 22.91 23.23 23.11 23.2 22.91 100.0 84.24 1e-06 0.1 256
6 1.0 23.93 26.92 26.01 23.67 24.81 24.38 24.56 24.04 24.59 24.32 24.08 24.3 24.45 24.27 24.58 24.62 24.63 24.58 24.61 24.51 100.0 81.95 1e-07 0.1 256
6 1.0 26.94 22.85 26.39 26.17 26.36 26.57 26.51 26.37 26.37 26.69 26.63 26.6 26.6 26.5 26.43 26.5 26.54 26.75 26.52 26.36 100.0 76.97 1e-05 0.01 512
6 1.0 29.1 30.34 30.11 33.94 41.6 45.59 45.81 44.51 44.9 44.96 44.91 45.58 45.11 45.05 44.72 45.25 44.93 44.93 45.38 44.68 100.0 52.55 1e-06 0.001 1024
6 1.0 29.45 28.75 30.56 35.21 42.38 43.16 46.17 45.13 45.14 44.91 44.07 45.61 45.45 45.51 44.99 45.03 44.48 45.58 45.67 45.36 99.998 53.08 1e-05 0.001 1024
6 1.0 27.94 28.28 30.12 34.1 41.16 44.61 42.82 43.92 44.45 44.4 44.46 44.96 45.0 45.52 45.53 45.27 44.99 44.98 45.28 44.9 99.998 53.17 1e-07 0.001 1024
6 1.0 28.16 28.57 28.32 28.23 28.34 28.37 28.22 28.32 28.23 28.55 27.99 27.98 28.08 28.04 28.14 27.92 28.08 28.21 28.16 27.99 100.0 75.63 1e-06 0.01 512
6 1.0 27.29 29.16 28.48 28.25 27.96 27.97 28.03 28.09 28.16 28.17 28.14 27.93 28.32 28.51 28.03 28.21 28.07 28.04 28.22 28.24 100.0 77.0 1e-07 0.01 512
6 1.0 29.36 30.49 36.57 39.66 41.35 42.05 41.2 40.55 41.1 40.69 41.54 39.82 40.32 40.54 40.29 40.41 40.73 41.08 40.73 40.65 100.0 58.75 1e-06 0.001 512
6 1.0 23.16 25.25 25.06 24.71 25.16 25.33 24.97 25.05 24.66 24.71 25.01 24.64 24.97 24.61 24.9 24.9 25.0 25.08 24.85 24.82 100.0 81.23 1e-05 0.01 256
6 1.0 24.95 25.47 25.08 24.6 25.16 24.87 25.16 25.22 24.76 25.33 25.33 24.59 25.16 24.81 25.11 25.13 25.1 25.24 25.13 25.27 100.0 81.5 1e-06 0.01 256
6 1.0 28.11 23.22 24.02 24.22 24.38 24.62 24.54 24.28 24.45 24.54 24.77 24.49 24.73 24.5 24.44 24.9 24.36 24.35 24.44 24.47 100.0 80.93 1e-07 0.01 256
6 1.0 27.56 29.28 34.75 41.31 43.13 41.49 40.75 40.79 40.76 41.52 40.99 40.47 40.8 40.77 40.99 40.71 41.56 41.24 41.46 41.45 100.0 58.94 1e-05 0.001 512
6 1.0 27.26 28.95 35.95 40.02 42.46 41.76 41.48 40.72 41.02 41.91 41.56 40.55 41.72 41.19 41.55 41.07 41.49 41.12 41.42 41.05 100.0 58.99 1e-07 0.001 512
6 1.0 26.99 31.85 36.73 33.68 34.57 35.23 34.61 35.1 35.74 35.7 35.61 35.12 34.5 34.75 35.37 35.67 35.1 34.49 34.98 35.51 100.0 66.2 1e-05 0.001 256
6 1.0 26.43 34.84 35.91 36.16 35.48 34.86 35.04 35.27 35.15 34.99 34.65 35.72 34.94 34.44 35.15 35.9 35.5 35.16 35.39 35.59 100.0 66.26 1e-06 0.001 256
6 1.0 27.89 30.75 37.47 35.39 35.01 34.6 34.16 34.04 34.77 35.61 34.18 34.62 33.99 34.19 33.88 34.1 34.62 34.35 33.82 34.3 100.0 66.02 1e-07 0.001 256
