3 2.09 4.13 4.23 4.05 4.12 4.11 4.11 4.13 4.15 4.13 4.15 4.13 4.13 4.15 4.12 4.11 4.11 4.11 4.1 4.11 4.09 100.0 81.49 1e-05 0.1 1024
3 2.09 4.22 4.4 4.27 4.15 4.05 4.05 4.08 4.0 4.02 4.07 4.03 4.01 4.02 4.04 4.01 4.06 3.99 4.0 4.02 4.01 100.0 79.74 1e-06 0.1 1024
3 2.09 4.24 4.31 4.3 4.17 4.17 4.17 4.07 4.11 4.15 4.1 4.2 4.14 4.18 4.15 4.16 4.16 4.16 4.16 4.15 4.18 99.998 81.33 1e-07 0.1 1024
3 2.09 4.39 4.31 4.19 4.09 4.08 4.07 4.02 4.08 4.07 4.03 3.97 4.02 4.08 4.04 4.01 4.05 4.05 4.03 4.04 4.01 100.0 79.87 1e-05 0.1 512
3 2.09 4.13 4.2 4.22 4.15 4.02 4.08 4.1 4.11 4.09 4.08 4.1 4.1 4.09 4.09 4.07 4.08 4.07 4.07 4.06 4.09 100.0 80.66 1e-06 0.1 512
3 2.09 4.43 4.39 4.29 4.22 4.16 4.14 4.08 4.16 4.14 4.14 4.09 4.07 4.08 4.11 4.12 4.13 4.12 4.08 4.11 4.07 100.0 80.96 1e-07 0.1 512
3 2.09 4.21 4.15 4.08 4.03 3.97 4.05 3.95 3.98 3.93 3.9 3.91 3.88 3.89 3.94 3.91 3.95 3.87 3.91 3.89 3.93 100.0 81.32 1e-06 0.1 256
3 2.09 4.1 4.11 4.12 4.1 4.1 4.09 4.09 4.09 4.11 4.09 4.09 4.07 4.1 4.06 4.09 4.11 4.1 4.1 4.07 4.07 100.0 78.98 1e-05 0.01 1024
3 2.09 3.97 4.26 4.0 3.97 4.04 3.96 3.86 3.87 3.88 3.88 3.86 3.83 3.79 3.78 3.77 3.8 3.73 3.79 3.79 3.81 100.0 83.1 1e-05 0.1 256
3 2.09 4.25 4.18 4.17 4.18 4.16 4.16 4.18 4.16 4.15 4.19 4.16 4.16 4.16 4.18 4.16 4.17 4.16 4.16 4.15 4.17 100.0 79.02 1e-06 0.01 1024
3 2.09 4.28 3.91 3.91 3.95 3.96 3.95 3.95 3.96 3.96 3.95 3.94 3.95 3.97 3.95 3.96 3.97 3.97 3.95 3.95 3.95 100.0 78.08 1e-07 0.01 1024
3 2.09 4.65 4.32 4.16 4.11 4.0 4.02 4.0 4.03 4.09 4.09 3.98 3.98 3.98 4.07 4.02 4.03 4.04 4.01 4.0 3.99 100.0 81.19 1e-07 0.1 256
3 2.09 4.22 3.83 3.87 3.86 3.86 3.88 3.83 3.88 3.85 3.84 3.84 3.82 3.86 3.86 3.82 3.86 3.85 3.86 3.84 3.85 100.0 82.95 1e-06 0.01 512
3 2.09 4.04 3.93 3.95 3.93 3.94 3.94 3.93 3.95 3.98 3.95 3.92 3.97 3.99 3.99 3.98 3.95 3.96 3.96 3.96 3.98 100.0 82.31 1e-05 0.01 512
3 2.09 5.36 5.53 5.62 5.63 5.69 5.6 5.65 5.66 5.61 5.62 5.66 5.65 5.63 5.62 5.68 5.64 5.64 5.68 5.66 5.67 100.0 61.7 1e-05 0.001 1024
3 2.09 5.61 5.84 5.79 5.78 5.76 5.81 5.74 5.74 5.8 5.79 5.77 5.81 5.78 5.78 5.76 5.82 5.78 5.77 5.78 5.76 100.0 62.39 1e-06 0.001 1024
3 2.09 5.13 5.42 5.46 5.42 5.41 5.41 5.43 5.43 5.45 5.38 5.45 5.42 5.42 5.47 5.41 5.48 5.44 5.44 5.44 5.46 100.0 61.88 1e-07 0.001 1024
3 2.09 4.22 4.01 4.05 4.05 4.05 4.04 4.05 4.05 4.04 4.06 4.02 4.03 4.04 4.03 4.03 4.02 4.01 4.03 4.03 4.05 100.0 82.3 1e-07 0.01 512
3 2.09 4.13 3.75 3.68 3.75 3.75 3.72 3.71 3.7 3.73 3.77 3.72 3.71 3.73 3.73 3.76 3.67 3.74 3.75 3.75 3.76 100.0 84.56 1e-07 0.01 256
3 2.09 3.93 3.83 3.82 3.77 3.79 3.77 3.77 3.79 3.77 3.78 3.77 3.75 3.79 3.75 3.78 3.73 3.79 3.77 3.76 3.74 100.0 85.2 1e-05 0.01 256
3 2.09 5.43 5.1 5.11 5.1 5.14 5.14 5.1 5.15 5.14 5.16 5.19 5.12 5.11 5.13 5.16 5.14 5.11 5.1 5.16 5.13 100.0 68.01 1e-05 0.001 512
3 2.09 4.22 3.87 3.78 3.74 3.69 3.72 3.7 3.68 3.7 3.75 3.66 3.74 3.72 3.73 3.68 3.72 3.72 3.73 3.71 3.76 100.0 84.5 1e-06 0.01 256
4 3.82 8.02 8.52 8.36 8.49 8.38 8.54 8.33 8.32 8.29 8.72 8.38 8.39 8.44 8.41 8.38 8.43 8.4 8.36 8.35 8.41 100.0 81.49 1e-05 0.1 1024
4 3.82 8.47 8.48 8.83 8.19 8.03 7.99 8.14 7.97 8.07 8.14 8.16 8.01 8.18 8.19 8.07 8.12 8.02 8.05 8.05 8.09 100.0 79.74 1e-06 0.1 1024
3 2.09 5.12 4.96 5.0 4.95 4.99 4.95 4.9 4.96 4.96 4.98 4.96 4.94 4.95 4.96 4.95 4.91 4.97 4.96 5.01 4.92 100.0 69.21 1e-06 0.001 512
4 3.82 9.52 8.34 8.38 8.18 8.28 7.96 7.99 8.17 8.35 8.13 8.29 8.23 8.23 8.22 8.19 8.21 8.17 8.23 8.16 8.23 99.998 81.33 1e-07 0.1 1024
3 2.09 5.16 4.95 5.0 4.95 5.01 5.01 5.01 5.01 5.04 5.0 4.99 5.0 5.03 5.04 5.04 5.03 5.04 5.02 5.03 5.04 100.0 68.74 1e-07 0.001 512
3 2.09 4.6 4.27 4.25 4.26 4.28 4.39 4.38 4.38 4.37 4.35 4.32 4.27 4.31 4.33 4.29 4.33 4.29 4.31 4.3 4.38 100.0 75.59 1e-05 0.001 256
3 2.09 4.64 4.27 4.3 4.28 4.26 4.31 4.35 4.31 4.29 4.31 4.3 4.26 4.33 4.37 4.37 4.33 4.34 4.33 4.33 4.35 100.0 74.78 1e-06 0.001 256
4 3.82 8.43 7.99 8.07 8.01 8.01 8.01 7.98 7.98 8.02 7.95 8.0 7.92 8.03 7.92 7.98 8.0 7.92 8.02 7.98 7.97 100.0 78.98 1e-05 0.01 1024
4 3.82 8.69 8.79 8.78 8.75 8.8 8.81 8.75 8.76 8.73 8.76 8.75 8.77 8.77 8.81 8.76 8.73 8.79 8.71 8.72 8.77 100.0 79.02 1e-06 0.01 1024
3 2.09 4.54 4.32 4.43 4.43 4.4 4.39 4.33 4.34 4.35 4.42 4.37 4.39 4.39 4.39 4.41 4.41 4.38 4.4 4.38 4.42 100.0 74.65 1e-07 0.001 256
4 3.82 8.27 8.53 8.85 8.64 8.44 8.64 8.68 8.53 8.51 8.5 8.44 8.52 8.5 8.59 8.52 8.6 8.53 8.54 8.51 8.52 100.0 80.66 1e-06 0.1 512
4 3.82 8.59 7.94 7.95 7.98 8.04 7.96 7.93 7.99 7.97 8.0 7.99 7.96 8.0 8.03 7.98 8.07 8.0 7.94 7.97 7.96 100.0 78.08 1e-07 0.01 1024
4 3.82 8.82 8.57 8.5 8.29 8.13 8.18 8.05 8.15 8.07 8.18 8.07 8.11 7.98 7.95 7.83 8.0 7.96 7.92 8.04 7.95 100.0 79.87 1e-05 0.1 512
4 3.82 8.73 8.93 8.48 8.55 8.09 8.42 8.39 8.15 8.33 8.49 8.28 8.36 8.37 8.38 8.21 8.43 8.36 8.29 8.39 8.38 100.0 81.19 1e-07 0.1 256
4 3.82 9.07 8.98 8.45 8.56 8.3 8.18 8.12 8.07 8.26 8.47 8.22 8.27 8.2 8.24 8.2 8.22 8.24 8.14 8.25 8.29 100.0 80.96 1e-07 0.1 512
4 3.82 8.0 8.35 7.6 7.63 7.65 7.78 7.41 7.52 7.71 7.7 7.56 7.51 7.33 7.53 7.4 7.36 7.29 7.53 7.47 7.52 100.0 83.1 1e-05 0.1 256
4 3.82 8.07 8.21 7.84 8.1 7.57 8.07 7.73 8.01 7.67 7.67 7.55 7.47 7.49 7.51 7.5 7.53 7.31 7.56 7.5 7.52 100.0 81.32 1e-06 0.1 256
4 3.82 12.02 12.85 12.98 12.97 13.05 12.89 13.17 13.06 13.1 13.12 13.25 13.21 13.12 13.2 13.18 13.14 13.1 13.12 13.22 13.24 100.0 61.7 1e-05 0.001 1024
4 3.82 7.8 7.55 7.55 7.52 7.47 7.56 7.54 7.49 7.58 7.47 7.38 7.51 7.56 7.56 7.53 7.52 7.54 7.5 7.47 7.55 100.0 82.31 1e-05 0.01 512
4 3.82 8.02 7.34 7.27 7.34 7.21 7.24 7.24 7.21 7.18 7.17 7.19 7.14 7.26 7.34 7.25 7.25 7.18 7.26 7.17 7.32 100.0 84.56 1e-07 0.01 256
4 3.82 8.33 7.54 7.54 7.46 7.53 7.49 7.46 7.47 7.49 7.55 7.48 7.53 7.48 7.46 7.52 7.42 7.36 7.5 7.43 7.44 100.0 82.3 1e-07 0.01 512
4 3.82 11.08 10.99 11.07 10.88 10.89 10.84 10.86 10.78 10.98 10.89 10.94 11.06 11.12 11.06 10.96 10.97 10.91 10.9 10.87 10.96 100.0 68.01 1e-05 0.001 512
4 3.82 7.99 7.5 7.2 7.14 7.02 7.13 7.25 7.08 7.08 7.2 7.13 7.11 7.12 7.15 7.08 7.16 7.12 7.07 7.18 7.24 100.0 84.5 1e-06 0.01 256
4 3.82 8.46 7.4 7.45 7.38 7.45 7.47 7.29 7.38 7.38 7.35 7.23 7.38 7.46 7.47 7.24 7.44 7.38 7.37 7.34 7.4 100.0 82.95 1e-06 0.01 512
4 3.82 7.77 7.23 7.18 7.33 7.3 7.33 7.26 7.18 7.23 7.34 7.22 7.21 7.28 7.29 7.29 7.32 7.33 7.25 7.29 7.31 100.0 85.2 1e-05 0.01 256
4 3.82 11.67 12.32 12.35 12.43 12.34 12.38 12.44 12.4 12.39 12.31 12.39 12.39 12.34 12.44 12.3 12.59 12.48 12.41 12.49 12.53 100.0 61.88 1e-07 0.001 1024
4 3.82 12.02 11.17 11.16 11.09 11.2 11.04 10.95 11.03 11.01 11.09 10.95 11.09 10.91 11.04 11.06 11.04 11.04 11.04 11.12 11.08 100.0 69.21 1e-06 0.001 512
4 3.82 12.21 13.31 12.91 12.92 12.93 12.97 12.89 13.03 12.96 13.03 13.0 13.0 12.96 12.97 12.9 13.02 13.04 13.02 13.09 13.03 100.0 62.39 1e-06 0.001 1024
5 5.63 14.59 14.45 14.45 13.57 13.49 13.64 13.51 13.3 13.39 13.65 13.39 13.57 13.49 13.53 13.35 13.39 13.44 13.4 13.4 13.34 100.0 79.87 1e-05 0.1 512
5 5.63 13.69 14.37 14.29 13.48 13.18 13.08 13.38 12.9 13.19 13.38 13.28 13.1 13.37 13.37 13.16 13.22 13.08 13.09 13.1 13.11 100.0 79.74 1e-06 0.1 1024
4 3.82 9.77 9.32 9.29 9.15 9.14 9.3 9.41 9.14 9.16 9.26 9.45 9.36 9.25 9.26 9.26 9.27 9.31 9.22 9.14 9.28 100.0 74.78 1e-06 0.001 256
4 3.82 12.05 11.09 11.27 11.17 11.09 11.06 11.15 11.12 11.23 11.19 11.26 11.21 11.23 11.16 11.13 11.1 11.18 11.09 11.21 11.26 100.0 68.74 1e-07 0.001 512
4 3.82 9.73 8.97 8.95 9.08 9.1 9.28 9.25 9.19 9.29 9.35 9.13 8.99 9.11 9.2 9.1 9.3 9.08 9.1 9.2 9.31 100.0 75.59 1e-05 0.001 256
5 5.63 14.02 14.66 14.62 14.38 14.01 14.51 14.51 14.38 14.59 14.46 14.34 14.53 14.48 14.61 14.28 14.52 14.45 14.49 14.51 14.57 100.0 80.66 1e-06 0.1 512
5 5.63 15.26 14.67 14.26 14.72 13.88 13.66 13.57 13.47 13.72 14.03 13.67 13.84 13.88 13.81 13.76 13.76 13.79 13.67 13.82 13.75 100.0 80.96 1e-07 0.1 512
5 5.63 12.43 13.28 14.12 14.2 14.07 14.24 13.75 13.84 13.75 14.2 14.03 13.98 14.13 14.0 14.02 14.06 14.06 14.04 14.04 14.02 100.0 81.49 1e-05 0.1 1024
4 3.82 10.24 9.1 9.1 9.23 9.14 9.25 9.09 9.14 9.07 9.28 9.11 9.13 9.25 9.2 9.29 9.14 9.09 9.2 9.07 9.25 100.0 74.65 1e-07 0.001 256
5 5.63 13.8 13.5 12.61 12.51 12.86 12.62 12.46 12.52 12.83 12.94 12.71 12.66 12.26 12.56 12.29 12.22 12.3 12.58 12.54 12.41 100.0 83.1 1e-05 0.1 256
5 5.63 15.41 13.91 14.66 13.61 13.89 13.65 13.53 13.8 13.72 13.48 13.74 13.65 13.6 13.68 13.57 13.58 13.61 13.65 13.69 13.66 99.998 81.33 1e-07 0.1 1024
5 5.63 13.66 13.44 13.55 13.5 13.66 13.57 13.51 13.49 13.46 13.47 13.4 13.37 13.53 13.4 13.48 13.45 13.46 13.51 13.44 13.44 100.0 78.98 1e-05 0.01 1024
5 5.63 14.5 14.48 14.43 14.29 14.36 14.37 14.19 14.22 14.23 14.27 14.18 14.18 14.23 14.36 14.21 14.26 14.25 14.22 14.1 14.19 100.0 79.02 1e-06 0.01 1024
5 5.63 12.82 13.62 13.01 13.35 12.61 13.1 12.93 13.39 12.65 12.77 12.65 12.64 12.56 12.51 12.56 12.41 12.46 12.6 12.53 12.55 100.0 81.32 1e-06 0.1 256
5 5.63 14.12 14.51 13.59 14.11 13.51 13.63 13.64 13.77 13.87 13.93 13.84 14.0 13.94 13.79 13.67 14.01 13.67 13.73 13.92 13.88 100.0 81.19 1e-07 0.1 256
5 5.63 13.25 12.6 12.73 12.71 12.65 12.85 12.81 12.71 12.7 12.65 12.5 12.82 12.82 12.75 12.68 12.84 12.83 12.66 12.69 12.79 100.0 82.31 1e-05 0.01 512
5 5.63 14.29 13.72 13.74 13.57 13.76 13.67 13.47 13.67 13.53 13.67 13.48 13.53 13.69 13.61 13.55 13.73 13.65 13.57 13.47 13.49 100.0 78.08 1e-07 0.01 1024
5 5.63 13.97 12.2 12.12 12.15 12.1 12.11 11.91 12.07 12.07 12.01 11.79 11.95 12.19 12.18 11.75 12.03 12.04 11.98 11.9 12.1 100.0 82.95 1e-06 0.01 512
5 5.63 19.91 20.99 21.31 21.43 21.29 21.42 21.45 21.29 21.4 21.27 21.41 21.41 21.3 21.47 21.23 21.56 21.53 21.51 21.52 21.57 100.0 61.88 1e-07 0.001 1024
5 5.63 20.41 22.01 21.84 21.75 21.96 21.94 21.73 21.87 22.03 21.89 22.16 22.11 21.91 22.09 21.89 21.99 22.08 22.1 22.06 22.16 100.0 62.39 1e-06 0.001 1024
5 5.63 12.73 12.19 11.83 11.96 11.98 12.13 11.87 11.93 11.8 12.09 11.77 11.89 11.92 11.86 11.89 11.95 11.97 11.96 11.96 11.99 100.0 85.2 1e-05 0.01 256
5 5.63 13.42 12.24 12.22 12.13 12.28 12.17 12.0 12.08 12.13 12.17 11.97 12.19 12.05 12.01 11.95 12.01 11.84 12.02 11.96 12.14 100.0 82.3 1e-07 0.01 512
5 5.63 13.03 12.55 11.94 11.75 11.75 11.79 11.97 11.92 11.82 12.06 11.87 11.82 11.77 11.84 11.96 11.78 11.77 11.86 11.93 11.75 100.0 84.5 1e-06 0.01 256
5 5.63 20.35 18.35 18.42 18.4 18.12 18.05 18.29 18.2 18.59 18.4 18.64 18.5 18.42 18.37 18.43 18.12 18.41 18.42 18.38 18.72 100.0 68.74 1e-07 0.001 512
5 5.63 13.18 11.89 11.77 11.93 11.89 11.97 11.96 11.95 11.85 11.87 11.84 11.83 11.94 11.99 12.04 11.9 11.96 11.95 11.82 11.96 100.0 84.56 1e-07 0.01 256
5 5.63 16.9 15.6 15.63 15.6 15.55 15.49 15.73 15.29 15.46 15.46 15.58 15.57 15.51 15.53 15.66 15.77 15.5 15.45 15.34 15.56 100.0 74.78 1e-06 0.001 256
5 5.63 20.16 22.22 22.13 22.12 22.26 22.22 22.37 22.29 22.32 22.36 22.51 22.47 22.44 22.47 22.49 22.44 22.15 22.34 22.59 22.55 100.0 61.7 1e-05 0.001 1024
6 8.56 22.07 24.97 23.65 22.33 21.6 21.17 21.41 21.2 21.65 21.82 21.71 21.47 21.81 21.88 21.56 21.56 21.5 21.54 21.51 21.55 100.0 79.74 1e-06 0.1 1024
6 8.56 24.54 22.6 24.3 22.28 23.03 22.59 22.29 22.61 22.88 22.22 22.56 22.57 22.53 22.73 22.46 22.28 22.33 22.37 22.5 22.58 99.998 81.33 1e-07 0.1 1024
5 5.63 16.95 15.6 15.47 15.67 15.62 15.68 15.68 15.48 15.72 15.92 15.81 15.68 15.5 15.67 15.86 15.72 15.72 15.84 15.58 15.81 100.0 74.65 1e-07 0.001 256
6 8.56 19.23 21.16 23.34 22.74 22.66 22.66 22.27 22.37 22.01 22.36 22.19 22.18 22.38 22.25 22.31 22.23 22.4 22.4 22.33 22.45 100.0 81.49 1e-05 0.1 1024
5 5.63 18.83 18.44 18.56 18.27 18.36 18.25 18.35 18.25 18.36 18.27 18.41 18.53 18.74 18.56 18.35 18.5 18.46 18.35 18.27 18.4 100.0 68.01 1e-05 0.001 512
5 5.63 16.32 15.25 15.51 15.75 15.69 15.89 15.69 15.79 15.88 15.95 15.64 15.46 15.56 15.74 15.76 15.86 15.44 15.47 15.82 15.94 100.0 75.59 1e-05 0.001 256
5 5.63 19.96 18.58 18.57 18.43 18.56 18.47 18.34 18.38 18.59 18.69 18.29 18.67 18.59 18.61 18.49 18.56 18.57 18.55 18.55 18.57 100.0 69.21 1e-06 0.001 512
6 8.56 22.55 22.34 22.61 22.47 22.69 22.56 22.42 22.52 22.45 22.63 22.4 22.43 22.59 22.52 22.52 22.54 22.54 22.48 22.35 22.48 100.0 78.98 1e-05 0.01 1024
6 8.56 22.71 22.57 22.66 22.51 22.83 22.79 22.53 22.78 22.6 22.8 22.55 22.58 22.82 22.7 22.65 22.84 22.8 22.63 22.55 22.56 100.0 78.08 1e-07 0.01 1024
6 8.56 23.99 24.01 22.84 24.47 22.78 22.58 22.11 22.34 22.61 23.01 22.76 22.87 22.73 22.78 22.88 22.75 22.75 22.81 22.95 22.82 100.0 80.96 1e-07 0.1 512
6 8.56 22.94 24.09 23.33 23.98 22.83 23.07 22.77 22.75 22.95 23.07 22.9 22.88 22.81 22.74 22.77 23.17 22.83 22.69 23.13 22.89 100.0 81.19 1e-07 0.1 256
6 8.56 23.22 23.42 23.47 23.17 23.22 23.22 22.95 23.06 23.06 23.0 23.05 22.95 23.16 23.23 22.98 23.15 23.04 23.09 22.88 23.08 100.0 79.02 1e-06 0.01 1024
6 8.56 21.69 20.6 20.5 20.88 20.73 20.97 20.84 20.88 20.75 20.68 20.65 20.92 20.71 20.79 20.72 20.91 20.84 20.76 20.8 20.89 100.0 82.31 1e-05 0.01 512
6 8.56 21.28 22.45 22.0 22.51 20.94 21.75 21.57 22.47 21.25 21.31 21.64 21.51 21.35 21.2 21.34 21.08 21.22 21.37 21.22 21.2 100.0 81.32 1e-06 0.1 256
6 8.56 33.13 35.82 35.8 36.02 36.08 36.03 36.46 36.28 36.18 36.34 36.53 36.48 36.11 36.34 36.7 36.39 36.24 36.25 36.59 36.58 100.0 61.7 1e-05 0.001 1024
6 8.56 21.87 19.79 19.66 19.83 19.7 19.7 19.52 19.8 19.82 19.63 19.63 19.67 19.88 19.83 19.43 19.71 19.71 19.63 19.6 19.83 100.0 82.95 1e-06 0.01 512
6 8.56 23.78 23.11 24.18 21.67 22.27 22.28 22.2 21.77 21.98 22.49 22.14 22.25 21.96 21.89 21.85 21.74 21.82 21.76 22.04 21.84 100.0 79.87 1e-05 0.1 512
6 8.56 22.36 20.71 20.47 20.39 20.61 20.45 20.18 20.32 20.42 20.48 20.4 20.6 20.12 20.3 20.23 20.18 19.97 20.38 20.32 20.47 100.0 82.3 1e-07 0.01 512
6 8.56 22.53 21.95 20.97 21.14 21.38 21.71 21.46 21.01 21.85 21.8 21.63 21.57 20.93 20.95 20.85 20.93 20.9 21.18 21.17 21.03 100.0 83.1 1e-05 0.1 256
6 8.56 23.29 24.22 23.81 23.35 22.69 23.17 23.25 23.24 23.38 23.19 23.13 23.32 23.22 23.41 23.01 23.26 23.23 23.35 23.26 23.16 100.0 80.66 1e-06 0.1 512
6 8.56 20.7 20.27 19.71 19.99 19.88 20.2 19.82 19.78 19.71 20.11 19.71 19.58 19.77 19.78 19.76 19.9 19.92 20.0 19.93 19.93 100.0 85.2 1e-05 0.01 256
6 8.56 29.85 30.16 30.14 29.67 29.8 29.68 29.78 29.76 29.83 29.77 29.8 30.04 30.08 29.96 29.78 29.67 29.87 29.7 29.75 29.96 100.0 68.01 1e-05 0.001 512
6 8.56 33.3 30.7 30.68 30.3 30.59 30.58 30.47 30.33 30.94 30.66 30.39 30.87 30.97 31.01 30.92 30.8 30.78 30.81 30.69 30.9 100.0 69.21 1e-06 0.001 512
6 8.56 21.29 20.34 20.07 20.29 20.37 20.33 20.42 20.12 20.16 20.35 20.19 19.88 20.1 20.03 20.42 20.04 20.15 20.3 20.05 20.14 100.0 84.56 1e-07 0.01 256
6 8.56 33.35 35.75 35.53 35.47 36.15 35.81 35.68 35.73 35.96 35.93 36.09 36.08 35.81 36.24 36.07 36.09 36.12 36.07 36.08 36.18 100.0 62.39 1e-06 0.001 1024
6 8.56 33.16 29.96 30.32 30.17 29.75 29.86 30.21 30.08 30.5 30.27 30.6 30.67 30.42 30.32 30.65 30.1 30.5 30.35 30.43 30.79 100.0 68.74 1e-07 0.001 512
6 8.56 21.01 20.44 20.07 19.74 19.64 19.86 20.08 20.03 19.93 20.23 20.02 19.89 19.7 19.7 19.95 19.67 19.82 19.72 19.86 19.59 100.0 84.5 1e-06 0.01 256
6 8.56 32.78 34.28 34.68 35.04 34.75 34.97 35.09 34.63 35.07 34.67 34.93 34.94 34.86 34.85 34.65 35.21 34.98 34.78 35.09 35.07 100.0 61.88 1e-07 0.001 1024
6 8.56 27.24 25.36 25.46 25.92 25.91 25.86 25.52 25.98 25.84 26.12 25.54 25.45 25.57 25.5 25.77 25.85 25.48 25.54 25.91 25.87 100.0 75.59 1e-05 0.001 256
6 8.56 27.87 25.75 25.98 25.68 25.76 25.66 26.16 25.7 25.83 25.86 26.01 25.81 25.99 25.88 26.07 25.99 26.03 25.96 25.68 25.86 100.0 74.78 1e-06 0.001 256
6 8.56 28.22 26.09 26.12 26.62 26.54 26.6 26.65 26.51 26.4 26.86 26.92 26.42 26.47 26.59 26.6 26.37 26.82 26.59 26.23 26.45 100.0 74.65 1e-07 0.001 256
