3 2.36 4.37 4.5 4.28 4.22 4.24 4.24 4.24 4.2 4.21 4.25 4.24 4.21 4.2 4.2 4.23 4.21 4.21 4.25 4.21 4.2 100.0 79.89 1e-05 0.1 1024
3 2.36 4.46 4.4 4.37 4.22 4.21 4.2 4.2 4.2 4.15 4.2 4.21 4.18 4.2 4.18 4.19 4.17 4.16 4.18 4.21 4.19 100.0 79.98 1e-06 0.1 1024
3 2.36 4.12 4.28 4.11 4.09 4.16 4.14 4.13 4.14 4.12 4.14 4.14 4.15 4.15 4.15 4.16 4.15 4.15 4.12 4.13 4.15 100.0 78.95 1e-07 0.1 1024
3 2.36 4.24 4.1 4.04 4.01 4.07 3.99 4.02 3.94 4.0 4.01 4.0 4.03 4.0 4.0 4.01 3.99 3.96 3.99 4.01 4.01 100.0 81.3 1e-05 0.1 512
3 2.36 4.37 4.11 4.1 4.18 4.08 4.12 4.13 4.15 4.15 4.18 4.18 4.17 4.16 4.16 4.18 4.16 4.16 4.16 4.14 4.14 100.0 81.44 1e-06 0.1 512
3 2.36 4.28 4.36 4.18 4.22 4.18 4.17 4.12 4.11 4.15 4.15 4.13 4.14 4.14 4.12 4.12 4.13 4.14 4.16 4.18 4.15 100.0 80.77 1e-07 0.1 512
3 2.36 4.19 3.93 3.88 3.81 3.81 3.82 3.82 3.8 3.79 3.82 3.77 3.79 3.82 3.78 3.78 3.81 3.78 3.74 3.76 3.79 100.0 83.98 1e-05 0.1 256
3 2.36 4.31 4.13 3.91 3.96 3.94 3.9 3.92 3.95 3.88 3.94 3.94 3.93 3.88 3.91 3.91 3.93 3.92 3.92 3.93 3.95 100.0 82.99 1e-06 0.1 256
3 2.36 4.19 4.06 3.91 3.87 3.77 3.77 3.78 3.87 3.83 3.83 3.82 3.8 3.81 3.82 3.86 3.82 3.9 3.86 3.89 3.88 100.0 82.92 1e-07 0.1 256
3 2.36 4.12 3.95 3.95 3.97 3.98 4.0 3.99 4.0 3.99 4.03 4.02 4.0 3.99 4.01 4.02 4.0 4.0 4.02 3.99 4.01 100.0 77.11 1e-05 0.01 1024
3 2.36 4.11 4.01 3.98 4.02 4.01 4.02 4.01 4.0 3.97 4.04 4.03 4.03 4.0 4.0 4.0 4.01 4.01 4.02 3.99 4.02 100.0 76.65 1e-06 0.01 1024
3 2.36 4.17 4.14 4.17 4.18 4.16 4.17 4.15 4.15 4.15 4.14 4.15 4.15 4.14 4.14 4.12 4.12 4.12 4.12 4.16 4.16 100.0 76.33 1e-07 0.01 1024
3 2.36 3.95 3.88 3.9 3.88 3.87 3.86 3.86 3.92 3.85 3.93 3.88 3.87 3.89 3.86 3.89 3.89 3.9 3.9 3.9 3.88 100.0 81.01 1e-05 0.01 512
3 2.36 3.94 3.85 3.86 3.86 3.83 3.85 3.84 3.87 3.85 3.85 3.86 3.87 3.84 3.84 3.86 3.85 3.86 3.85 3.83 3.86 100.0 80.84 1e-06 0.01 512
3 2.36 3.9 3.89 3.91 3.92 3.93 3.95 3.93 3.9 3.88 3.91 3.91 3.88 3.93 3.92 3.94 3.9 3.93 3.91 3.9 3.9 100.0 81.54 1e-07 0.01 512
3 2.36 3.84 3.77 3.73 3.72 3.73 3.73 3.74 3.72 3.7 3.72 3.72 3.73 3.71 3.72 3.72 3.72 3.71 3.73 3.71 3.72 100.0 83.79 1e-05 0.01 256
3 2.36 3.76 3.74 3.7 3.64 3.66 3.63 3.64 3.65 3.65 3.68 3.66 3.68 3.64 3.66 3.65 3.65 3.68 3.65 3.68 3.66 100.0 83.59 1e-06 0.01 256
3 2.36 3.83 3.78 3.76 3.76 3.75 3.72 3.74 3.76 3.74 3.73 3.72 3.71 3.73 3.72 3.73 3.72 3.73 3.72 3.71 3.71 100.0 83.62 1e-07 0.01 256
3 2.36 4.54 5.32 5.27 5.21 5.21 5.25 5.25 5.19 5.25 5.28 5.28 5.27 5.27 5.3 5.25 5.27 5.28 5.23 5.26 5.24 100.0 63.64 1e-05 0.001 1024
3 2.36 4.58 5.23 5.3 5.31 5.37 5.33 5.33 5.36 5.37 5.38 5.38 5.37 5.36 5.38 5.39 5.37 5.39 5.38 5.38 5.39 100.0 63.54 1e-06 0.001 1024
3 2.36 4.7 5.4 5.42 5.38 5.39 5.37 5.41 5.37 5.4 5.36 5.39 5.42 5.37 5.38 5.36 5.4 5.38 5.4 5.39 5.4 100.0 63.4 1e-07 0.001 1024
3 2.36 4.72 4.99 5.03 4.93 5.02 4.9 4.92 4.95 4.94 4.98 4.92 4.94 4.99 4.96 4.94 4.97 4.94 5.0 5.01 4.96 100.0 66.52 1e-05 0.001 512
3 2.36 4.84 4.92 4.98 4.91 4.96 4.92 4.9 4.9 4.9 4.93 4.9 4.92 4.9 4.87 4.95 4.9 4.95 4.93 4.92 4.88 100.0 66.67 1e-06 0.001 512
3 2.36 4.86 5.05 5.01 4.97 4.97 5.05 5.01 5.0 4.98 5.02 5.03 5.01 5.0 4.98 4.99 5.0 5.03 5.03 4.96 5.03 100.0 66.46 1e-07 0.001 512
3 2.36 4.53 4.44 4.42 4.45 4.42 4.41 4.46 4.43 4.51 4.4 4.39 4.47 4.41 4.41 4.39 4.43 4.48 4.43 4.44 4.35 100.0 71.83 1e-05 0.001 256
3 2.36 4.55 4.45 4.41 4.45 4.46 4.42 4.45 4.47 4.45 4.43 4.48 4.47 4.48 4.43 4.43 4.4 4.47 4.45 4.43 4.45 100.0 72.47 1e-06 0.001 256
3 2.36 4.57 4.45 4.43 4.39 4.32 4.37 4.4 4.36 4.4 4.37 4.41 4.39 4.39 4.46 4.37 4.35 4.39 4.39 4.42 4.38 100.0 71.86 1e-07 0.001 256
4 3.74 8.68 9.23 8.77 8.77 8.76 8.69 8.74 8.68 8.93 8.71 8.75 8.75 8.79 8.78 8.78 8.79 8.8 8.78 8.81 8.75 100.0 79.89 1e-05 0.1 1024
4 3.74 9.33 9.12 8.83 8.35 8.34 8.37 8.35 8.32 8.3 8.36 8.37 8.25 8.34 8.34 8.35 8.29 8.32 8.25 8.37 8.34 100.0 79.98 1e-06 0.1 1024
4 3.74 8.48 8.73 8.29 8.28 8.49 8.43 8.35 8.4 8.39 8.36 8.38 8.4 8.4 8.42 8.39 8.43 8.42 8.33 8.37 8.38 100.0 78.95 1e-07 0.1 1024
4 3.74 9.06 8.54 8.24 8.18 8.24 8.01 8.03 8.01 8.25 8.12 8.2 8.2 8.16 8.12 8.08 8.11 8.27 8.13 8.16 8.17 100.0 81.3 1e-05 0.1 512
4 3.74 9.05 8.29 8.1 8.35 8.18 8.19 8.26 8.22 8.17 8.18 8.25 8.18 8.2 8.16 8.27 8.21 8.27 8.15 8.11 8.07 100.0 81.44 1e-06 0.1 512
4 3.74 8.41 9.0 8.3 8.04 8.1 8.03 8.09 8.11 8.11 8.12 8.2 8.14 8.11 8.09 8.1 8.19 8.17 8.14 8.13 8.16 100.0 80.77 1e-07 0.1 512
4 3.74 8.29 7.65 7.57 7.52 7.44 7.47 7.39 7.22 7.48 7.44 7.33 7.33 7.3 7.38 7.34 7.33 7.2 7.2 7.21 7.38 100.0 83.98 1e-05 0.1 256
4 3.74 8.48 8.44 8.07 7.76 7.82 7.75 7.92 7.83 7.7 7.92 7.79 7.89 7.96 7.92 7.93 7.98 7.94 7.88 7.85 7.9 100.0 82.99 1e-06 0.1 256
4 3.74 8.57 8.21 7.45 7.56 7.45 7.31 7.54 7.53 7.5 7.5 7.46 7.5 7.45 7.59 7.5 7.51 7.61 7.47 7.62 7.45 100.0 82.92 1e-07 0.1 256
4 3.74 8.49 8.07 8.05 8.07 8.13 8.16 8.06 8.15 8.09 8.14 8.13 8.12 8.1 8.12 8.15 8.13 8.16 8.13 8.13 8.12 100.0 77.11 1e-05 0.01 1024
4 3.74 8.62 8.45 8.32 8.49 8.47 8.46 8.46 8.47 8.44 8.47 8.42 8.41 8.44 8.44 8.43 8.38 8.45 8.44 8.35 8.37 100.0 76.65 1e-06 0.01 1024
4 3.74 8.03 7.91 7.85 7.93 7.89 7.9 7.88 7.88 7.96 7.94 7.88 7.93 7.95 7.94 7.87 7.93 7.91 7.88 7.95 7.94 100.0 76.33 1e-07 0.01 1024
4 3.74 7.46 7.38 7.45 7.4 7.35 7.35 7.31 7.31 7.29 7.28 7.29 7.28 7.29 7.28 7.29 7.28 7.34 7.38 7.32 7.27 100.0 81.01 1e-05 0.01 512
4 3.74 7.64 7.44 7.46 7.46 7.44 7.46 7.47 7.44 7.45 7.41 7.5 7.49 7.36 7.43 7.4 7.48 7.37 7.47 7.41 7.4 100.0 80.84 1e-06 0.01 512
4 3.74 7.69 7.49 7.7 7.73 7.67 7.65 7.71 7.61 7.6 7.64 7.67 7.67 7.67 7.6 7.7 7.6 7.67 7.69 7.59 7.6 100.0 81.54 1e-07 0.01 512
4 3.74 7.2 7.2 6.95 6.95 7.01 6.98 7.07 7.05 6.88 6.94 6.92 7.05 6.94 6.94 6.93 6.92 6.89 6.95 6.9 6.87 100.0 83.79 1e-05 0.01 256
4 3.74 7.12 7.05 7.03 6.89 6.94 6.91 6.96 6.97 6.95 7.02 6.96 7.0 6.93 6.92 6.94 6.94 6.93 6.89 6.96 6.93 100.0 83.59 1e-06 0.01 256
4 3.74 7.56 7.33 7.28 7.35 7.3 7.13 7.34 7.33 7.06 7.15 7.2 7.13 7.18 7.12 7.2 7.22 7.28 7.28 7.25 7.21 100.0 83.62 1e-07 0.01 256
4 3.74 9.73 11.55 11.54 11.61 11.92 11.89 11.93 11.73 12.01 11.84 11.86 11.85 11.93 11.96 11.98 11.99 11.91 11.89 11.89 11.87 100.0 63.64 1e-05 0.001 1024
4 3.74 9.74 11.93 11.87 11.9 12.2 12.06 12.19 12.1 12.04 12.13 12.18 12.12 12.15 12.1 12.1 12.1 12.14 12.19 12.06 12.21 100.0 63.54 1e-06 0.001 1024
4 3.74 9.68 11.62 11.77 11.85 12.01 11.85 11.95 11.98 11.98 11.91 11.9 11.96 11.98 11.97 11.96 11.96 12.0 11.99 11.95 11.89 100.0 63.4 1e-07 0.001 1024
4 3.74 9.71 10.68 10.64 10.55 10.73 10.71 10.78 10.63 10.55 10.7 10.63 10.58 10.8 10.67 10.77 10.63 10.68 10.81 10.74 10.67 100.0 66.52 1e-05 0.001 512
4 3.74 10.39 10.45 10.7 10.5 10.66 10.69 10.64 10.69 10.62 10.62 10.59 10.58 10.59 10.56 10.71 10.63 10.66 10.73 10.61 10.67 100.0 66.67 1e-06 0.001 512
4 3.74 9.9 11.13 11.04 11.04 11.04 11.02 11.02 11.02 10.96 10.98 10.99 11.01 10.98 11.09 11.08 11.09 11.03 11.04 10.94 11.08 100.0 66.46 1e-07 0.001 512
4 3.74 9.5 9.76 9.77 9.81 9.66 9.93 9.83 9.95 9.84 9.7 9.82 9.96 9.77 9.8 9.75 9.69 9.69 9.79 9.73 9.81 100.0 71.83 1e-05 0.001 256
4 3.74 9.88 9.77 9.68 9.56 9.82 9.69 9.79 9.95 9.8 9.66 9.79 9.71 9.81 9.76 9.62 9.73 9.87 9.81 9.79 9.75 100.0 72.47 1e-06 0.001 256
4 3.74 9.75 9.53 9.34 9.18 9.42 9.38 9.41 9.36 9.53 9.39 9.49 9.41 9.34 9.63 9.35 9.25 9.48 9.49 9.48 9.33 100.0 71.86 1e-07 0.001 256
5 5.15 14.09 15.5 14.86 14.99 14.77 14.85 14.8 14.74 15.04 14.68 14.74 14.68 14.87 14.89 14.76 14.88 14.88 14.83 14.93 14.83 100.0 79.89 1e-05 0.1 1024
5 5.15 15.03 15.29 14.93 14.31 14.34 14.39 14.34 14.38 14.37 14.42 14.39 14.3 14.43 14.39 14.49 14.33 14.32 14.29 14.37 14.27 100.0 79.98 1e-06 0.1 1024
5 5.15 14.12 14.57 13.84 13.86 14.13 14.11 13.94 14.0 13.9 14.11 14.01 13.98 14.04 14.03 14.08 14.01 14.12 14.02 13.99 14.1 100.0 78.95 1e-07 0.1 1024
5 5.15 14.62 14.12 13.9 13.68 13.81 13.59 13.46 13.43 13.83 13.68 13.58 13.68 13.86 13.58 13.68 13.76 13.9 13.65 13.73 13.69 100.0 81.3 1e-05 0.1 512
5 5.15 14.73 13.51 13.43 13.72 13.63 13.74 13.79 13.65 13.64 13.77 13.8 13.76 13.65 13.54 13.7 13.73 13.69 13.63 13.58 13.56 100.0 81.44 1e-06 0.1 512
5 5.15 13.44 14.84 13.85 13.37 13.53 13.36 13.5 13.33 13.4 13.41 13.59 13.35 13.35 13.19 13.34 13.41 13.53 13.49 13.42 13.49 100.0 80.77 1e-07 0.1 512
5 5.15 14.03 12.12 12.27 12.27 12.25 12.16 12.13 12.21 12.19 12.07 12.11 12.15 12.15 12.18 12.15 12.15 12.04 12.06 12.15 12.18 100.0 83.98 1e-05 0.1 256
5 5.15 14.05 13.63 13.28 12.7 12.87 12.69 12.95 12.82 12.58 12.69 12.58 12.96 12.86 12.71 12.73 12.95 13.04 13.0 12.72 12.7 100.0 82.99 1e-06 0.1 256
5 5.15 14.35 13.8 12.36 12.64 12.43 12.46 12.58 12.54 12.52 12.42 12.42 12.65 12.49 12.55 12.28 12.51 12.64 12.42 12.58 12.31 100.0 82.92 1e-07 0.1 256
5 5.15 14.7 13.11 13.2 13.26 13.31 13.33 13.3 13.38 13.31 13.51 13.48 13.35 13.37 13.31 13.38 13.4 13.37 13.5 13.41 13.37 100.0 77.11 1e-05 0.01 1024
5 5.15 14.61 14.13 13.92 14.19 14.2 14.15 14.25 14.14 14.2 14.11 14.08 14.04 14.14 14.19 14.2 14.07 14.14 14.09 13.95 14.07 100.0 76.65 1e-06 0.01 1024
5 5.15 13.77 13.55 13.58 13.63 13.65 13.7 13.64 13.63 13.69 13.65 13.58 13.62 13.74 13.54 13.64 13.63 13.62 13.71 13.63 13.65 100.0 76.33 1e-07 0.01 1024
5 5.15 12.48 12.27 12.31 12.16 12.13 12.13 12.09 12.11 12.17 12.1 12.13 12.04 12.08 11.99 12.14 12.03 12.14 12.24 12.08 12.07 100.0 81.01 1e-05 0.01 512
5 5.15 12.59 12.22 12.21 12.2 12.08 12.32 12.3 12.26 12.3 12.18 12.28 12.32 12.21 12.2 12.28 12.23 12.25 12.36 12.23 12.2 100.0 80.84 1e-06 0.01 512
5 5.15 12.73 12.42 12.71 12.69 12.7 12.73 12.79 12.7 12.63 12.74 12.7 12.76 12.68 12.81 12.71 12.66 12.71 12.74 12.59 12.7 100.0 81.54 1e-07 0.01 512
5 5.15 12.05 11.53 11.13 11.32 11.18 11.33 11.47 11.39 11.19 11.29 11.2 11.46 11.14 11.27 11.22 11.22 11.29 11.26 11.23 11.19 100.0 83.79 1e-05 0.01 256
5 5.15 12.07 12.11 12.07 11.87 11.96 11.95 12.06 12.1 11.94 11.96 12.02 12.1 11.94 11.76 11.93 12.03 11.9 12.01 11.87 11.87 100.0 83.59 1e-06 0.01 256
5 5.15 12.51 11.87 11.92 11.76 11.74 11.49 11.71 11.84 11.32 11.53 11.56 11.64 11.52 11.46 11.57 11.62 11.81 11.67 11.71 11.6 100.0 83.62 1e-07 0.01 256
5 5.15 15.72 18.95 19.28 19.27 19.72 19.84 19.96 19.77 20.03 19.69 19.83 19.94 19.85 20.06 19.91 19.94 19.89 19.96 20.05 19.84 100.0 63.64 1e-05 0.001 1024
5 5.15 15.78 19.59 19.68 19.89 20.13 20.06 20.17 19.99 20.02 20.06 20.11 20.01 20.1 19.95 20.06 20.01 19.86 20.08 20.11 20.16 100.0 63.54 1e-06 0.001 1024
5 5.15 15.85 19.41 19.54 19.63 20.08 19.91 20.17 19.92 20.09 20.06 20.02 20.12 20.19 20.13 20.12 20.2 20.15 20.05 20.14 20.04 100.0 63.4 1e-07 0.001 1024
5 5.15 16.78 17.92 18.36 18.07 18.38 18.21 18.47 18.25 18.25 18.16 18.32 18.1 18.56 18.32 18.45 18.12 18.44 18.44 18.38 18.17 100.0 66.52 1e-05 0.001 512
5 5.15 17.51 17.87 18.14 17.81 18.03 18.16 17.98 18.08 18.08 17.98 18.12 17.98 18.17 18.17 18.32 18.03 18.15 18.32 17.89 18.06 100.0 66.67 1e-06 0.001 512
5 5.15 16.3 18.8 18.49 18.6 18.81 18.85 18.87 18.79 18.58 18.77 18.72 18.57 18.84 18.72 18.77 18.73 18.8 18.58 18.51 18.63 100.0 66.46 1e-07 0.001 512
5 5.15 15.62 16.03 16.21 16.2 15.93 16.31 16.38 16.44 16.48 16.13 16.16 16.33 16.14 16.28 16.05 16.14 15.95 16.06 16.18 16.2 100.0 71.83 1e-05 0.001 256
5 5.15 17.1 16.13 16.11 16.02 16.11 16.16 16.33 16.37 16.4 16.09 16.22 16.3 16.34 16.16 16.02 16.3 16.43 16.4 16.26 16.14 100.0 72.47 1e-06 0.001 256
5 5.15 16.54 15.75 15.59 15.44 15.51 15.55 15.71 15.99 15.94 15.95 15.87 15.93 15.82 15.97 15.74 15.74 16.09 16.19 15.97 15.61 100.0 71.86 1e-07 0.001 256
6 7.41 22.95 26.18 24.53 24.78 24.4 24.24 24.13 24.18 24.44 24.03 24.14 24.03 24.25 24.26 24.09 24.27 24.24 24.22 24.4 24.14 100.0 79.89 1e-05 0.1 1024
6 7.41 23.86 24.42 23.95 23.67 23.51 23.66 23.48 23.63 23.63 23.74 23.66 23.46 23.81 23.72 23.78 23.58 23.56 23.6 23.65 23.51 100.0 79.98 1e-06 0.1 1024
6 7.41 22.59 24.3 23.16 22.81 23.25 23.16 22.87 23.11 22.77 23.08 23.31 23.06 23.19 23.06 23.25 23.08 23.21 23.11 22.93 23.16 100.0 78.95 1e-07 0.1 1024
6 7.41 23.38 23.17 22.94 22.61 22.9 22.73 22.38 22.38 23.05 22.64 22.58 22.46 22.73 22.46 22.52 22.46 22.63 22.39 22.56 22.47 100.0 81.3 1e-05 0.1 512
6 7.41 24.14 22.42 22.29 22.18 22.47 22.23 22.35 22.13 21.98 22.12 22.33 22.23 22.26 22.01 22.25 22.18 22.35 22.17 22.02 21.96 100.0 81.44 1e-06 0.1 512
6 7.41 21.78 24.44 22.8 22.35 22.47 22.37 22.62 22.09 22.53 22.31 22.43 22.11 22.21 22.0 22.02 22.22 22.46 22.31 22.29 22.33 100.0 80.77 1e-07 0.1 512
6 7.41 23.36 20.34 20.9 20.86 20.8 20.65 20.56 20.69 20.62 20.41 20.66 20.67 20.77 20.54 20.7 20.67 20.62 20.63 20.78 20.57 100.0 83.98 1e-05 0.1 256
6 7.41 22.84 22.35 21.46 20.68 20.79 20.64 21.08 20.65 20.31 20.45 20.44 20.91 20.91 20.81 20.54 21.06 21.2 21.16 20.84 20.65 100.0 82.99 1e-06 0.1 256
6 7.41 23.35 22.93 20.17 20.8 20.25 20.46 20.65 20.81 20.44 20.35 20.33 20.73 20.51 20.34 20.19 20.37 20.8 20.48 20.7 20.39 100.0 82.92 1e-07 0.1 256
6 7.41 23.96 21.48 21.57 21.86 21.73 21.79 21.76 21.77 21.86 21.81 21.86 21.86 21.75 21.62 21.69 21.78 21.69 21.96 21.82 21.75 100.0 77.11 1e-05 0.01 1024
6 7.41 24.54 23.01 22.96 23.22 23.22 23.27 23.39 23.4 23.41 23.39 23.35 23.43 23.35 23.32 23.41 23.26 23.3 23.32 23.23 23.32 100.0 76.65 1e-06 0.01 1024
6 7.41 22.37 21.52 21.69 21.86 21.84 21.89 21.85 21.81 21.87 21.85 21.81 21.83 21.86 21.75 21.86 21.7 21.74 22.04 21.77 21.83 100.0 76.33 1e-07 0.01 1024
6 7.41 20.18 19.79 19.79 19.6 19.62 19.72 19.6 19.59 19.73 19.69 19.64 19.55 19.6 19.4 19.63 19.55 19.62 19.66 19.62 19.54 100.0 81.01 1e-05 0.01 512
6 7.41 20.42 19.71 19.79 19.71 19.64 20.0 19.96 20.1 19.93 19.81 19.92 19.98 19.9 19.77 19.96 19.86 20.11 20.05 19.73 19.61 100.0 80.84 1e-06 0.01 512
6 7.41 20.37 20.2 20.51 20.59 20.51 20.4 20.64 20.52 20.33 20.66 20.46 20.54 20.47 20.72 20.46 20.41 20.58 20.53 20.51 20.36 100.0 81.54 1e-07 0.01 512
6 7.41 19.44 18.43 17.84 17.95 17.71 17.79 18.17 17.95 17.82 17.8 17.86 18.21 17.9 17.84 17.75 17.79 17.91 17.79 17.86 17.68 100.0 83.79 1e-05 0.01 256
6 7.41 20.12 20.12 20.01 19.94 20.09 19.93 20.26 20.34 19.86 20.14 20.08 20.3 19.99 19.58 20.19 20.22 20.1 20.19 20.01 19.93 100.0 83.59 1e-06 0.01 256
6 7.41 20.12 19.39 19.43 19.42 19.28 18.74 19.3 19.38 18.8 19.06 18.88 19.13 19.06 18.88 18.98 19.08 19.49 19.19 19.22 19.09 100.0 83.62 1e-07 0.01 256
6 7.41 24.83 30.17 30.92 31.01 31.83 31.96 32.03 31.66 32.02 31.57 31.89 31.96 31.84 32.15 32.13 32.07 32.01 32.07 32.09 31.93 100.0 63.64 1e-05 0.001 1024
6 7.41 24.53 31.24 31.37 31.86 32.37 32.28 32.46 32.29 32.49 32.44 32.52 32.28 32.49 32.17 32.37 32.36 32.17 32.37 32.48 32.53 100.0 63.54 1e-06 0.001 1024
6 7.41 25.11 30.77 31.83 31.9 32.9 32.66 33.18 32.68 32.94 33.05 32.78 32.97 33.09 33.0 32.95 33.08 33.13 32.88 33.02 32.85 100.0 63.4 1e-07 0.001 1024
6 7.41 26.72 28.93 29.38 29.35 29.52 29.61 29.88 29.53 29.71 29.36 29.75 29.58 30.07 29.84 29.84 29.44 30.06 29.97 29.46 29.56 100.0 66.52 1e-05 0.001 512
6 7.41 28.15 29.27 29.63 29.01 29.33 29.81 29.66 29.33 29.48 29.52 29.55 29.26 29.58 29.41 29.71 29.61 29.38 29.72 29.24 29.42 100.0 66.67 1e-06 0.001 512
6 7.41 25.3 29.83 29.57 29.77 30.16 30.48 30.56 30.1 29.83 30.08 30.16 30.1 30.34 30.11 30.17 30.08 30.34 30.0 29.77 30.04 100.0 66.46 1e-07 0.001 512
6 7.41 24.59 25.83 25.82 25.94 25.76 26.21 26.71 26.73 26.36 26.06 26.23 26.38 26.36 26.29 25.91 26.23 26.07 26.17 26.21 25.97 100.0 71.83 1e-05 0.001 256
6 7.41 27.47 25.89 25.9 26.05 26.04 25.97 26.12 26.32 26.42 26.13 26.12 26.35 26.06 25.94 26.11 26.25 26.52 26.39 26.5 26.13 100.0 72.47 1e-06 0.001 256
6 7.41 26.19 25.38 25.24 25.08 25.24 25.66 25.63 25.99 25.94 25.66 25.63 26.05 25.71 25.93 25.6 25.62 25.92 25.75 25.54 25.37 100.0 71.86 1e-07 0.001 256
