3 2.28 3.97 4.14 3.98 3.77 3.73 3.73 3.73 3.75 3.75 3.76 3.75 3.72 3.71 3.73 3.73 3.73 3.75 3.72 3.72 3.74 100.0 83.26 1e-05 0.1 1024
3 2.28 4.15 3.85 3.82 3.79 3.81 3.79 3.81 3.79 3.8 3.77 3.77 3.78 3.75 3.76 3.77 3.77 3.77 3.76 3.76 3.78 100.0 83.61 1e-06 0.1 1024
3 2.28 3.69 4.0 3.81 3.76 3.76 3.74 3.74 3.74 3.77 3.74 3.75 3.74 3.74 3.76 3.73 3.72 3.75 3.74 3.74 3.73 100.0 83.46 1e-07 0.1 1024
3 2.28 4.04 3.85 3.6 3.59 3.59 3.63 3.61 3.6 3.63 3.61 3.6 3.64 3.63 3.65 3.61 3.64 3.64 3.65 3.64 3.65 100.0 85.49 1e-05 0.1 512
3 2.28 3.99 4.03 3.84 3.86 3.82 3.84 3.86 3.87 3.83 3.84 3.84 3.84 3.84 3.84 3.83 3.82 3.85 3.84 3.84 3.85 100.0 85.29 1e-06 0.1 512
3 2.28 3.98 3.91 3.77 3.76 3.76 3.74 3.75 3.76 3.74 3.73 3.75 3.75 3.74 3.73 3.74 3.77 3.77 3.74 3.76 3.75 100.0 85.57 1e-07 0.1 512
3 2.28 4.1 4.04 3.86 3.81 3.74 3.74 3.7 3.73 3.8 3.81 3.74 3.76 3.78 3.75 3.82 3.76 3.74 3.74 3.76 3.75 100.0 86.11 1e-05 0.1 256
3 2.28 4.22 3.91 3.91 3.79 3.75 3.76 3.75 3.72 3.75 3.76 3.78 3.77 3.78 3.77 3.76 3.75 3.75 3.79 3.76 3.74 100.0 85.96 1e-06 0.1 256
3 2.28 3.96 3.92 3.86 3.88 3.84 3.83 3.84 3.84 3.83 3.82 3.83 3.84 3.83 3.83 3.84 3.83 3.82 3.83 3.84 3.86 100.0 85.17 1e-07 0.1 256
3 2.28 4.3 4.2 4.21 4.19 4.22 4.24 4.24 4.23 4.18 4.24 4.19 4.25 4.21 4.2 4.22 4.19 4.23 4.21 4.19 4.19 100.0 74.4 1e-05 0.01 1024
3 2.28 4.18 4.22 4.16 4.21 4.23 4.2 4.23 4.19 4.19 4.23 4.21 4.19 4.2 4.25 4.22 4.23 4.24 4.2 4.22 4.24 100.0 74.49 1e-06 0.01 1024
3 2.28 4.12 4.28 4.27 4.27 4.26 4.23 4.23 4.23 4.23 4.21 4.21 4.24 4.26 4.21 4.22 4.24 4.22 4.23 4.23 4.22 100.0 74.13 1e-07 0.01 1024
3 2.28 4.05 3.85 3.88 3.87 3.88 3.93 3.88 3.86 3.87 3.87 3.91 3.88 3.91 3.91 3.91 3.9 3.9 3.92 3.91 3.89 100.0 78.03 1e-05 0.01 512
3 2.28 4.3 4.07 3.89 3.84 3.88 3.87 3.89 3.87 3.87 3.85 3.84 3.87 3.89 3.89 3.83 3.89 3.89 3.87 3.89 3.87 100.0 78.88 1e-06 0.01 512
3 2.28 4.07 3.97 3.95 3.94 3.93 3.92 3.92 3.93 3.91 3.95 3.92 3.96 3.93 3.92 3.94 3.92 3.91 3.91 3.91 3.92 100.0 79.03 1e-07 0.01 512
3 2.28 4.21 3.9 3.84 3.79 3.79 3.81 3.8 3.8 3.79 3.75 3.78 3.77 3.78 3.79 3.8 3.79 3.78 3.76 3.79 3.81 100.0 81.99 1e-05 0.01 256
3 2.28 4.12 3.99 3.71 3.68 3.74 3.69 3.68 3.68 3.71 3.68 3.72 3.72 3.69 3.72 3.69 3.71 3.71 3.72 3.71 3.76 100.0 81.97 1e-06 0.01 256
3 2.28 4.21 3.93 3.76 3.73 3.74 3.7 3.71 3.71 3.68 3.72 3.68 3.71 3.73 3.74 3.72 3.74 3.72 3.68 3.72 3.72 100.0 81.77 1e-07 0.01 256
3 2.28 4.83 4.64 4.71 4.54 4.97 5.25 5.19 5.19 5.23 5.2 5.19 5.2 5.16 5.18 5.18 5.2 5.21 5.18 5.21 5.16 100.0 64.09 1e-05 0.001 1024
3 2.28 4.83 4.63 4.67 4.52 4.95 5.24 5.24 5.16 5.19 5.19 5.14 5.16 5.09 5.17 5.1 5.16 5.17 5.17 5.11 5.15 100.0 63.96 1e-06 0.001 1024
3 2.28 4.84 4.63 4.67 4.53 5.02 5.21 5.23 5.17 5.19 5.16 5.21 5.17 5.19 5.18 5.22 5.24 5.25 5.22 5.2 5.17 100.0 63.95 1e-07 0.001 1024
3 2.28 4.33 4.53 4.92 4.91 5.08 5.05 5.04 4.98 5.12 5.11 5.05 5.13 5.1 5.09 5.13 5.11 5.05 5.13 5.13 5.1 100.0 66.29 1e-05 0.001 512
3 2.28 4.36 4.63 4.91 4.91 5.01 5.02 5.02 4.99 5.0 5.02 5.0 5.03 5.01 5.0 5.05 5.02 4.96 5.0 5.03 4.99 100.0 66.15 1e-06 0.001 512
3 2.28 4.33 4.59 4.91 4.84 4.99 4.97 4.98 5.0 5.02 4.98 5.04 5.02 5.02 5.04 5.05 5.03 5.01 5.01 5.05 5.05 100.0 66.27 1e-07 0.001 512
3 2.28 4.44 4.84 4.65 4.63 4.61 4.7 4.75 4.76 4.69 4.72 4.75 4.72 4.68 4.74 4.68 4.72 4.73 4.73 4.77 4.68 100.0 69.87 1e-05 0.001 256
3 2.28 4.45 4.78 4.78 4.64 4.71 4.78 4.68 4.71 4.67 4.7 4.76 4.71 4.74 4.72 4.72 4.77 4.73 4.73 4.73 4.71 100.0 69.92 1e-06 0.001 256
3 2.28 4.47 4.85 4.72 4.72 4.74 4.79 4.72 4.77 4.75 4.71 4.79 4.71 4.81 4.69 4.81 4.8 4.73 4.81 4.76 4.8 100.0 69.68 1e-07 0.001 256
4 3.83 7.87 8.12 7.48 7.34 7.34 7.29 7.34 7.28 7.27 7.34 7.29 7.27 7.27 7.24 7.3 7.24 7.25 7.28 7.25 7.37 100.0 83.26 1e-05 0.1 1024
4 3.83 8.35 7.44 7.26 7.21 7.23 7.19 7.24 7.17 7.21 7.18 7.16 7.21 7.13 7.17 7.19 7.16 7.24 7.21 7.17 7.16 100.0 83.61 1e-06 0.1 1024
4 3.83 7.41 7.51 7.2 7.16 7.06 7.04 6.99 7.03 7.12 7.01 7.02 6.99 7.03 7.04 6.99 6.94 7.04 7.02 7.01 7.0 100.0 83.46 1e-07 0.1 1024
4 3.83 7.86 7.42 6.8 6.97 6.89 6.88 6.91 6.85 6.93 6.92 7.01 6.97 6.94 6.95 6.95 6.97 6.9 6.9 6.94 7.04 100.0 85.49 1e-05 0.1 512
4 3.83 7.79 7.76 7.26 7.35 7.29 7.3 7.32 7.32 7.28 7.27 7.31 7.34 7.31 7.23 7.38 7.26 7.3 7.24 7.3 7.31 100.0 85.29 1e-06 0.1 512
4 3.83 8.01 7.65 7.36 7.29 7.28 7.25 7.12 7.2 7.17 7.22 7.25 7.23 7.15 7.26 7.18 7.22 7.09 7.14 7.17 7.11 100.0 85.57 1e-07 0.1 512
4 3.83 8.44 7.91 7.66 7.47 7.18 7.31 7.18 7.25 7.4 7.26 7.2 7.22 7.22 7.34 7.36 7.33 7.28 7.23 7.36 7.29 100.0 86.11 1e-05 0.1 256
4 3.83 8.53 7.65 7.31 7.18 7.24 7.35 7.2 7.3 7.34 7.21 7.23 7.29 7.33 7.39 7.28 7.32 7.31 7.2 7.21 7.34 100.0 85.96 1e-06 0.1 256
4 3.83 8.12 8.01 7.16 7.49 7.31 7.35 7.26 7.44 7.4 7.24 7.35 7.3 7.18 7.36 7.25 7.39 7.38 7.37 7.42 7.4 100.0 85.17 1e-07 0.1 256
4 3.83 8.37 8.82 8.72 8.63 8.75 8.76 8.8 8.68 8.59 8.74 8.64 8.78 8.73 8.69 8.7 8.65 8.71 8.68 8.66 8.66 100.0 74.4 1e-05 0.01 1024
4 3.83 8.76 8.52 8.54 8.73 8.7 8.68 8.69 8.64 8.61 8.68 8.63 8.66 8.68 8.64 8.69 8.62 8.64 8.63 8.62 8.66 100.0 74.49 1e-06 0.01 1024
4 3.83 8.39 8.92 8.76 8.87 8.85 8.86 8.91 8.81 8.76 8.86 8.81 8.85 8.78 8.81 8.86 8.86 8.91 8.92 8.8 8.79 100.0 74.13 1e-07 0.01 1024
4 3.83 8.07 7.76 7.73 7.7 7.72 7.74 7.66 7.66 7.68 7.59 7.69 7.65 7.7 7.77 7.65 7.8 7.68 7.72 7.73 7.74 100.0 78.03 1e-05 0.01 512
4 3.83 8.49 8.38 7.99 7.95 8.02 7.92 7.88 7.93 8.03 8.09 8.0 8.01 8.02 8.06 7.84 7.96 7.99 7.95 7.95 8.05 100.0 78.88 1e-06 0.01 512
4 3.83 8.14 7.7 7.65 7.68 7.57 7.64 7.6 7.56 7.51 7.58 7.65 7.57 7.58 7.56 7.53 7.68 7.66 7.61 7.62 7.56 100.0 79.03 1e-07 0.01 512
4 3.83 7.96 7.56 7.45 7.3 7.3 7.43 7.27 7.24 7.29 7.15 7.17 7.15 7.25 7.39 7.24 7.29 7.17 7.09 7.25 7.24 100.0 81.99 1e-05 0.01 256
4 3.83 8.35 7.74 7.06 7.1 7.08 7.25 7.16 7.14 7.17 7.08 7.05 7.17 7.07 7.14 7.08 7.12 7.13 7.11 7.1 7.19 100.0 81.97 1e-06 0.01 256
4 3.83 8.18 7.83 7.11 7.07 7.05 7.17 7.15 7.16 7.16 7.08 7.09 7.11 7.09 7.11 7.16 7.23 7.24 7.15 7.23 7.11 100.0 81.77 1e-07 0.01 256
4 3.83 9.59 9.7 10.03 9.47 11.13 11.48 11.66 11.96 11.76 12.01 12.09 11.96 11.99 12.03 11.94 12.06 12.04 11.97 12.04 12.01 100.0 64.09 1e-05 0.001 1024
4 3.83 9.58 9.67 9.97 9.48 11.05 11.59 11.61 11.89 11.86 11.85 12.13 11.94 11.99 12.1 11.91 12.08 12.03 12.07 11.99 12.1 100.0 63.96 1e-06 0.001 1024
4 3.83 9.64 9.68 9.95 9.5 11.05 11.59 11.76 11.98 11.83 11.81 11.96 11.94 12.0 11.93 11.95 11.95 11.97 12.0 11.88 11.97 100.0 63.95 1e-07 0.001 1024
4 3.83 9.23 9.1 10.37 11.07 11.52 11.42 11.47 11.4 11.7 11.54 11.57 11.75 11.75 11.51 11.73 11.62 11.53 11.68 11.54 11.68 100.0 66.29 1e-05 0.001 512
4 3.83 9.24 9.15 10.67 11.17 11.39 11.37 11.46 11.33 11.46 11.35 11.43 11.53 11.48 11.48 11.61 11.35 11.31 11.42 11.46 11.4 100.0 66.15 1e-06 0.001 512
4 3.83 9.22 9.08 10.52 10.99 11.47 11.2 11.41 11.26 11.49 11.3 11.47 11.54 11.52 11.39 11.6 11.52 11.51 11.46 11.47 11.5 100.0 66.27 1e-07 0.001 512
4 3.83 9.5 10.29 9.96 10.1 9.95 10.16 10.12 10.31 10.21 10.16 10.3 10.25 10.2 10.19 10.25 10.37 10.16 10.32 10.36 10.24 100.0 69.87 1e-05 0.001 256
4 3.83 9.4 10.0 10.07 9.97 9.95 9.96 9.96 9.93 9.96 10.01 9.98 10.17 9.99 10.04 10.12 10.19 10.07 10.09 10.16 10.01 100.0 69.92 1e-06 0.001 256
4 3.83 9.53 10.18 9.89 10.08 10.07 10.14 9.93 10.01 10.01 10.07 10.01 10.08 10.16 9.98 10.0 10.19 9.89 10.08 10.2 10.02 100.0 69.68 1e-07 0.001 256
5 5.72 12.67 13.28 12.41 12.13 12.03 12.02 12.03 11.9 11.82 11.97 11.9 11.97 11.91 11.9 11.92 11.86 11.88 11.97 11.87 12.0 100.0 83.26 1e-05 0.1 1024
5 5.72 14.13 12.5 11.95 11.92 11.88 11.8 11.9 11.76 11.81 11.82 11.71 11.73 11.75 11.83 11.71 11.78 11.85 11.75 11.72 11.74 100.0 83.61 1e-06 0.1 1024
5 5.72 12.12 11.75 12.15 12.04 11.9 11.94 11.92 11.87 11.92 11.87 11.86 11.87 11.85 11.91 11.81 11.74 11.89 11.87 11.79 11.83 100.0 83.46 1e-07 0.1 1024
5 5.72 13.39 12.22 11.44 11.5 11.56 11.5 11.58 11.51 11.62 11.59 11.78 11.63 11.63 11.67 11.69 11.7 11.65 11.65 11.7 11.88 100.0 85.49 1e-05 0.1 512
5 5.72 13.18 12.6 12.0 12.01 12.01 12.03 11.95 12.05 11.94 11.94 12.0 12.09 11.97 11.96 12.13 12.11 12.0 11.97 12.03 12.01 100.0 85.29 1e-06 0.1 512
5 5.72 13.1 12.62 12.32 12.33 12.29 12.34 12.09 12.23 12.22 12.26 12.18 12.39 12.2 12.25 12.3 12.23 12.18 12.18 12.19 12.15 100.0 85.57 1e-07 0.1 512
5 5.72 13.97 13.03 12.12 12.12 11.82 11.98 11.71 11.72 11.82 11.71 11.6 11.61 11.53 11.74 11.8 11.64 11.7 11.62 11.77 11.78 100.0 86.11 1e-05 0.1 256
5 5.72 13.55 12.49 11.79 11.72 11.88 12.02 11.77 12.01 12.01 11.91 11.82 11.98 11.91 11.91 11.98 11.91 11.91 11.79 11.88 11.94 100.0 85.96 1e-06 0.1 256
5 5.72 13.67 13.26 11.88 12.12 11.83 11.89 11.85 12.03 11.94 11.71 11.96 11.78 11.74 11.91 11.89 12.05 12.03 12.01 12.02 11.95 100.0 85.17 1e-07 0.1 256
5 5.72 13.43 14.36 14.23 14.19 14.29 14.38 14.33 14.29 14.25 14.32 14.28 14.37 14.38 14.33 14.27 14.29 14.33 14.29 14.33 14.31 100.0 74.4 1e-05 0.01 1024
5 5.72 13.35 14.2 14.29 14.58 14.54 14.52 14.63 14.53 14.39 14.47 14.52 14.65 14.66 14.47 14.57 14.5 14.56 14.55 14.47 14.42 100.0 74.49 1e-06 0.01 1024
5 5.72 13.11 14.78 14.55 14.64 14.64 14.71 14.77 14.68 14.41 14.56 14.5 14.67 14.49 14.46 14.67 14.7 14.85 14.66 14.55 14.48 100.0 74.13 1e-07 0.01 1024
5 5.72 13.36 12.99 12.82 12.75 12.69 12.7 12.61 12.62 12.7 12.53 12.52 12.53 12.59 12.7 12.76 12.81 12.61 12.63 12.57 12.62 100.0 78.03 1e-05 0.01 512
5 5.72 14.16 13.69 13.31 13.28 13.37 13.14 13.13 13.27 13.33 13.33 13.26 13.29 13.31 13.4 13.22 13.27 13.36 13.25 13.2 13.44 100.0 78.88 1e-06 0.01 512
5 5.72 13.16 12.64 12.55 12.65 12.55 12.67 12.4 12.5 12.47 12.55 12.61 12.51 12.58 12.54 12.49 12.62 12.58 12.54 12.61 12.51 100.0 79.03 1e-07 0.01 512
5 5.72 13.0 12.56 12.21 12.05 12.15 12.08 12.05 12.11 12.18 11.9 12.0 11.9 12.03 12.2 12.04 12.04 11.96 11.82 12.09 12.0 100.0 81.99 1e-05 0.01 256
5 5.72 13.86 13.09 12.11 12.15 12.08 12.15 12.09 12.08 12.05 11.97 11.98 12.08 11.96 12.11 11.98 12.02 12.01 12.07 12.05 11.96 100.0 81.97 1e-06 0.01 256
5 5.72 13.69 12.83 11.72 11.69 11.55 11.75 11.59 11.72 11.78 11.59 11.64 11.66 11.68 11.72 11.64 11.83 11.84 11.68 11.8 11.74 100.0 81.77 1e-07 0.01 256
5 5.72 15.21 15.13 16.26 14.89 18.35 19.33 19.93 20.11 19.78 20.26 20.09 20.26 20.1 20.01 20.09 20.17 20.12 20.12 20.15 20.1 100.0 64.09 1e-05 0.001 1024
5 5.72 15.2 15.15 16.23 14.93 18.35 19.51 19.97 19.9 19.78 20.0 19.98 19.94 19.91 19.99 19.94 20.15 20.07 20.11 20.05 20.12 100.0 63.96 1e-06 0.001 1024
5 5.72 15.27 15.12 16.11 15.02 18.42 19.5 20.03 20.16 19.91 20.25 20.15 20.29 20.32 20.12 20.21 20.17 20.18 20.23 20.06 20.09 100.0 63.95 1e-07 0.001 1024
5 5.72 14.32 14.79 17.26 18.28 19.12 18.76 18.73 18.78 19.18 18.9 18.95 19.2 19.08 18.75 19.42 18.96 18.82 19.06 18.79 19.01 100.0 66.29 1e-05 0.001 512
5 5.72 14.34 14.73 17.86 18.62 19.07 18.94 18.94 18.83 19.22 18.9 18.99 19.2 19.04 19.21 19.36 18.95 18.88 19.02 18.99 18.96 100.0 66.15 1e-06 0.001 512
5 5.72 14.34 14.68 17.65 18.46 19.04 18.61 18.76 18.54 19.07 18.7 18.8 19.1 18.99 18.93 19.31 18.87 18.92 18.94 18.83 18.94 100.0 66.27 1e-07 0.001 512
5 5.72 15.49 16.72 16.4 16.68 16.49 16.84 16.72 17.16 16.99 16.9 16.97 16.75 16.82 16.9 16.99 17.2 16.84 16.83 17.19 16.89 100.0 69.87 1e-05 0.001 256
5 5.72 15.53 16.52 16.72 16.49 16.4 16.47 16.43 16.71 16.67 16.76 16.63 16.93 16.62 16.89 16.77 16.91 16.86 16.72 16.98 16.78 100.0 69.92 1e-06 0.001 256
5 5.72 15.68 16.78 16.21 16.59 16.56 16.7 16.81 16.67 16.92 16.64 16.75 16.82 16.73 16.87 16.52 16.97 16.64 16.72 16.83 16.77 100.0 69.68 1e-07 0.001 256
6 8.08 20.72 21.33 19.8 19.38 19.19 19.26 19.2 19.08 19.0 19.0 18.95 19.06 19.04 18.99 19.0 18.91 18.94 19.03 18.97 18.94 100.0 83.26 1e-05 0.1 1024
6 8.08 22.31 20.76 19.18 19.15 19.08 19.14 19.31 19.04 19.08 19.26 18.92 19.05 19.01 19.02 19.16 19.02 19.17 19.15 18.98 19.17 100.0 83.61 1e-06 0.1 1024
6 8.08 20.06 17.93 19.9 19.34 19.18 19.29 19.24 19.24 19.28 19.21 19.2 19.31 19.27 19.29 19.07 19.12 19.31 19.25 19.11 19.18 100.0 83.46 1e-07 0.1 1024
6 8.08 21.37 19.88 19.05 18.9 18.97 18.83 19.03 18.77 18.88 18.81 19.1 18.88 18.86 19.03 18.93 19.05 18.88 18.88 18.86 19.19 100.0 85.49 1e-05 0.1 512
6 8.08 22.16 20.95 19.18 19.13 19.23 19.42 19.02 19.34 19.29 19.35 19.36 19.29 19.31 19.42 19.25 19.35 19.29 19.37 19.27 19.34 100.0 85.29 1e-06 0.1 512
6 8.08 21.22 20.41 20.05 20.06 20.01 19.96 19.71 19.84 19.82 19.87 19.81 20.09 19.95 19.91 19.8 19.88 19.83 19.83 19.74 19.73 100.0 85.57 1e-07 0.1 512
6 8.08 22.67 20.84 19.78 19.8 19.43 19.5 19.38 19.49 19.33 19.22 19.2 19.15 18.91 19.23 19.3 19.29 19.38 19.24 19.26 19.32 100.0 86.11 1e-05 0.1 256
6 8.08 21.24 20.46 19.66 19.06 19.08 19.24 19.21 19.47 19.55 19.09 19.04 19.28 19.08 19.3 19.27 19.25 19.19 18.87 19.22 19.46 100.0 85.96 1e-06 0.1 256
6 8.08 22.93 21.85 19.6 20.49 20.02 20.19 19.91 20.24 20.21 19.75 19.95 19.79 19.78 19.89 19.89 20.03 20.12 20.02 20.0 20.08 100.0 85.17 1e-07 0.1 256
6 8.08 20.08 22.34 22.32 22.39 22.49 22.48 22.54 22.41 22.47 22.5 22.53 22.57 22.61 22.55 22.39 22.44 22.48 22.52 22.48 22.49 100.0 74.4 1e-05 0.01 1024
6 8.08 20.51 22.67 22.61 22.93 22.91 22.99 23.07 23.04 22.83 22.89 22.87 23.09 23.17 22.88 23.05 22.84 22.97 23.0 22.88 22.81 100.0 74.49 1e-06 0.01 1024
6 8.08 20.18 23.03 22.75 22.83 22.78 22.98 23.0 23.0 22.46 22.77 22.62 22.95 22.72 22.65 22.92 22.74 23.09 22.86 22.82 22.61 100.0 74.13 1e-07 0.01 1024
6 8.08 21.72 20.99 20.77 20.67 20.53 20.61 20.43 20.41 20.57 20.45 20.37 20.35 20.34 20.62 20.68 20.77 20.42 20.43 20.31 20.44 100.0 78.03 1e-05 0.01 512
6 8.08 22.37 21.66 21.76 21.62 21.78 21.44 21.44 21.52 21.61 21.8 21.49 21.9 21.73 21.71 21.68 21.36 21.47 21.5 21.3 21.76 100.0 78.88 1e-06 0.01 512
6 8.08 21.01 20.01 19.91 19.96 19.86 20.11 19.64 19.78 19.82 19.9 19.91 19.79 19.89 20.01 19.9 20.07 19.92 19.83 19.87 19.9 100.0 79.03 1e-07 0.01 512
6 8.08 20.33 20.01 19.77 19.4 19.58 19.65 19.5 19.53 19.61 19.35 19.25 19.2 19.32 19.69 19.4 19.52 19.45 19.09 19.54 19.55 100.0 81.99 1e-05 0.01 256
6 8.08 22.48 21.2 19.68 19.86 19.69 19.86 19.87 19.65 19.79 19.6 19.6 19.74 19.72 19.91 19.65 19.68 19.6 19.72 19.58 19.63 100.0 81.97 1e-06 0.01 256
6 8.08 21.59 21.63 18.91 18.88 18.6 18.88 18.84 18.87 19.02 18.89 18.8 19.09 18.9 19.05 18.75 19.16 19.17 18.83 19.22 18.94 100.0 81.77 1e-07 0.01 256
6 8.08 23.09 23.57 25.77 22.76 29.48 31.67 32.12 31.83 31.84 32.79 32.77 32.9 32.64 32.53 32.75 32.87 32.62 32.72 32.92 32.83 100.0 64.09 1e-05 0.001 1024
6 8.08 23.12 23.67 25.98 22.83 29.53 31.8 32.06 31.78 31.87 32.74 32.68 32.78 32.71 32.63 32.64 32.92 32.92 33.0 32.9 32.87 100.0 63.96 1e-06 0.001 1024
