3 1.0 4.31 4.22 4.11 4.07 4.06 4.08 4.06 4.06 4.05 4.05 4.08 4.06 4.1 4.09 4.1 4.07 4.06 4.07 4.08 4.04 100.0 82.63 1e-07 0.1 1024
3 1.0 4.1 3.94 3.86 3.88 3.83 3.85 3.83 3.83 3.87 3.87 3.84 3.85 3.82 3.85 3.83 3.86 3.84 3.84 3.87 3.84 100.0 84.3 1e-05 0.1 512
3 1.0 4.16 4.15 3.89 3.9 3.89 3.87 3.88 3.89 3.9 3.91 3.9 3.86 3.86 3.88 3.91 3.91 3.91 3.91 3.91 3.91 100.0 83.08 1e-05 0.1 1024
3 1.0 4.13 4.19 3.97 4.01 3.96 3.97 3.91 3.95 3.96 3.92 3.96 3.94 3.96 3.92 3.93 3.93 3.93 3.93 3.95 3.91 100.0 83.48 1e-06 0.1 512
3 1.0 4.25 4.16 4.12 4.05 4.08 4.03 4.04 4.01 4.03 4.07 4.05 4.08 4.04 4.04 4.03 4.03 4.06 4.03 4.05 4.03 100.0 83.27 1e-06 0.1 256
3 1.0 4.73 4.46 4.47 4.46 4.44 4.43 4.41 4.44 4.41 4.43 4.41 4.41 4.42 4.39 4.43 4.38 4.39 4.44 4.43 4.41 100.0 77.36 1e-06 0.01 1024
3 1.0 4.35 4.18 3.92 3.91 3.92 3.91 3.93 3.91 3.94 3.94 3.95 3.96 3.93 3.9 3.92 3.93 3.94 3.94 3.9 3.95 100.0 83.81 1e-07 0.1 512
3 1.0 4.27 4.04 3.88 3.86 3.83 3.92 3.87 3.82 3.85 3.82 3.86 3.83 3.84 3.84 3.82 3.87 3.81 3.82 3.83 3.84 100.0 84.38 1e-05 0.1 256
3 1.0 4.25 4.02 4.02 3.99 4.0 3.98 3.98 3.99 4.0 3.96 3.99 4.02 3.97 4.0 3.97 3.94 3.99 3.97 3.97 4.0 100.0 81.0 1e-07 0.01 512
3 1.0 4.21 4.11 3.97 3.9 3.92 3.89 3.92 3.91 3.92 3.91 3.89 3.91 3.87 3.88 3.89 3.87 3.89 3.89 3.9 3.91 100.0 84.21 1e-07 0.1 256
3 1.0 4.35 4.26 4.28 4.26 4.27 4.26 4.27 4.3 4.3 4.26 4.28 4.28 4.24 4.29 4.3 4.27 4.26 4.29 4.27 4.3 100.0 80.85 1e-06 0.01 512
3 1.0 4.29 4.14 4.0 4.01 4.02 4.0 3.99 3.95 4.0 4.01 4.01 3.99 3.97 4.01 4.01 3.99 3.97 4.0 4.0 3.99 100.0 82.19 1e-06 0.1 1024
3 1.0 4.61 4.48 4.47 4.47 4.43 4.43 4.41 4.45 4.43 4.44 4.43 4.39 4.37 4.4 4.4 4.42 4.39 4.41 4.38 4.44 100.0 77.11 1e-07 0.01 1024
3 1.0 4.93 5.97 6.01 6.19 6.24 6.29 6.22 6.3 6.32 6.34 6.29 6.36 6.37 6.37 6.36 6.3 6.28 6.29 6.28 6.24 100.0 55.62 1e-06 0.001 1024
3 1.0 5.07 5.68 6.09 6.17 6.11 6.09 6.06 6.01 5.99 6.06 6.0 6.03 6.07 6.02 6.02 5.95 6.0 6.02 6.02 6.04 100.0 54.89 1e-05 0.001 1024
3 1.0 4.3 4.1 4.05 4.06 4.03 4.05 4.04 4.07 4.07 4.02 4.06 4.06 4.06 4.01 4.05 4.05 4.05 4.07 4.03 4.07 100.0 81.71 1e-05 0.01 512
3 1.0 4.68 4.36 4.4 4.34 4.35 4.33 4.34 4.34 4.34 4.37 4.38 4.33 4.36 4.37 4.36 4.35 4.37 4.31 4.37 4.37 100.0 76.36 1e-05 0.01 1024
4 1.0 8.72 8.14 8.04 8.09 8.04 8.03 7.97 7.93 7.98 8.11 7.99 7.99 7.97 7.99 8.0 7.95 7.98 7.96 8.0 7.95 100.0 82.19 1e-06 0.1 1024
3 1.0 4.2 3.96 3.91 3.84 3.89 3.87 3.91 3.91 3.87 3.87 3.88 3.88 3.88 3.85 3.91 3.81 3.92 3.84 3.88 3.83 100.0 83.69 1e-07 0.01 256
3 1.0 4.15 3.93 3.88 3.91 3.89 3.87 3.94 3.93 3.94 3.89 3.86 3.91 3.88 3.85 3.87 3.92 3.89 3.89 3.86 3.85 100.0 83.35 1e-06 0.01 256
3 1.0 4.14 4.0 3.95 3.91 3.92 3.91 3.93 3.9 3.86 3.89 3.91 3.9 3.91 3.9 3.96 3.88 3.88 3.91 3.86 3.92 100.0 83.91 1e-05 0.01 256
3 1.0 5.18 5.58 6.19 6.03 6.12 6.16 6.19 6.21 6.2 6.19 6.19 6.2 6.14 6.17 6.24 6.25 6.22 6.29 6.25 6.21 100.0 54.86 1e-07 0.001 1024
3 1.0 4.78 5.01 4.8 4.74 4.72 4.75 4.82 4.72 4.74 4.64 4.79 4.64 4.73 4.72 4.73 4.68 4.7 4.62 4.74 4.66 100.0 71.6 1e-05 0.001 256
4 1.0 7.9 7.84 7.64 7.69 7.57 7.59 7.48 7.57 7.58 7.58 7.68 7.64 7.65 7.64 7.67 7.57 7.61 7.58 7.62 7.64 100.0 84.3 1e-05 0.1 512
3 1.0 4.68 4.85 4.91 4.9 4.94 4.94 4.77 4.88 4.95 4.9 4.8 4.92 4.95 4.9 4.97 4.92 4.87 4.89 4.9 4.88 100.0 71.72 1e-07 0.001 256
3 1.0 4.84 5.32 5.59 5.63 5.7 5.59 5.62 5.62 5.75 5.6 5.69 5.66 5.69 5.69 5.67 5.65 5.69 5.72 5.65 5.66 100.0 63.35 1e-06 0.001 512
3 1.0 4.66 5.08 5.02 4.96 5.02 5.0 5.08 4.97 4.96 4.99 5.01 5.05 5.14 5.01 5.04 4.98 5.01 4.99 5.03 5.01 100.0 72.56 1e-06 0.001 256
3 1.0 5.12 5.65 5.53 5.48 5.48 5.42 5.39 5.49 5.53 5.48 5.49 5.53 5.49 5.47 5.51 5.43 5.49 5.49 5.53 5.59 100.0 64.88 1e-05 0.001 512
4 1.0 9.09 8.62 8.11 8.07 8.1 8.05 8.08 8.05 8.07 8.0 8.04 8.08 8.04 8.06 8.07 8.02 7.91 8.07 7.95 7.99 100.0 82.63 1e-07 0.1 1024
4 1.0 9.02 8.34 8.1 8.09 8.08 7.96 8.06 7.94 7.89 8.03 7.96 7.93 7.89 7.94 7.92 7.92 7.96 7.87 7.89 7.88 100.0 83.27 1e-06 0.1 256
4 1.0 8.61 8.62 8.2 8.23 8.02 7.95 8.01 8.1 8.05 8.15 8.06 8.02 7.95 8.02 8.09 7.98 8.01 8.14 8.0 8.02 100.0 83.08 1e-05 0.1 1024
4 1.0 9.95 9.11 9.07 9.05 9.02 9.06 9.03 9.1 9.07 9.1 9.01 9.1 9.06 9.0 9.04 9.06 9.06 9.16 9.1 9.06 100.0 77.36 1e-06 0.01 1024
4 1.0 8.98 8.75 8.73 8.73 8.62 8.62 8.66 8.65 8.71 8.66 8.68 8.62 8.69 8.53 8.66 8.75 8.56 8.79 8.66 8.62 100.0 81.0 1e-07 0.01 512
3 1.0 5.03 5.54 5.69 5.6 5.56 5.65 5.59 5.66 5.79 5.61 5.71 5.59 5.66 5.69 5.58 5.6 5.58 5.65 5.61 5.67 100.0 63.5 1e-07 0.001 512
4 1.0 9.97 9.41 9.3 9.31 9.28 9.35 9.35 9.38 9.32 9.41 9.37 9.39 9.27 9.32 9.35 9.4 9.29 9.39 9.33 9.34 100.0 77.11 1e-07 0.01 1024
4 1.0 10.02 9.19 9.18 9.18 9.11 9.18 9.22 9.18 9.2 9.21 9.13 9.23 9.21 9.15 9.18 9.19 9.15 9.21 9.16 9.2 100.0 76.36 1e-05 0.01 1024
4 1.0 8.09 8.69 8.21 8.25 8.11 8.14 8.08 8.05 8.11 8.06 8.05 8.0 8.17 8.08 8.09 8.11 8.06 8.12 8.16 8.06 100.0 83.48 1e-06 0.1 512
4 1.0 9.08 8.7 7.83 8.04 7.99 7.99 8.07 7.95 8.03 7.93 8.07 8.08 8.05 8.08 8.03 8.0 8.1 8.16 8.08 8.03 100.0 83.81 1e-07 0.1 512
4 1.0 8.51 7.88 7.99 7.94 8.0 7.9 8.04 7.72 7.86 7.81 7.73 7.82 7.84 7.75 7.83 7.71 8.03 7.68 7.91 7.67 100.0 83.35 1e-06 0.01 256
4 1.0 8.53 8.41 8.41 8.44 8.32 8.4 8.35 8.35 8.33 8.41 8.44 8.33 8.45 8.37 8.44 8.37 8.29 8.35 8.37 8.4 100.0 80.85 1e-06 0.01 512
4 1.0 8.99 7.64 7.7 7.52 7.59 7.59 7.62 7.44 7.52 7.55 7.62 7.57 7.67 7.36 7.72 7.41 7.64 7.41 7.69 7.39 100.0 83.69 1e-07 0.01 256
4 1.0 10.88 13.89 14.53 14.33 14.43 14.56 14.44 14.59 14.62 14.91 14.5 14.54 14.61 14.57 14.7 14.62 14.53 14.53 14.65 14.52 100.0 55.62 1e-06 0.001 1024
4 1.0 8.65 8.32 8.02 7.82 7.75 7.84 7.71 7.76 7.86 7.78 7.82 7.69 7.78 7.63 7.91 7.82 7.85 7.73 7.77 7.76 100.0 84.38 1e-05 0.1 256
4 1.0 11.29 13.69 14.28 14.89 14.64 14.8 14.53 14.65 14.63 14.76 14.54 14.58 14.67 14.67 14.64 14.66 14.59 14.52 14.43 14.67 100.0 54.89 1e-05 0.001 1024
4 1.0 8.57 8.35 8.1 7.94 7.97 8.05 7.98 8.07 8.01 7.95 8.09 8.01 7.86 7.94 8.06 7.89 7.91 7.97 8.14 8.07 100.0 84.21 1e-07 0.1 256
4 1.0 11.04 12.93 14.69 14.74 14.59 14.68 14.84 14.88 14.99 14.74 14.74 14.76 14.78 14.75 14.82 14.88 14.76 14.9 14.87 14.9 100.0 54.86 1e-07 0.001 1024
4 1.0 11.26 12.13 12.89 12.71 13.02 12.95 12.89 13.06 13.22 12.75 13.03 13.05 12.96 12.91 12.87 12.97 13.09 12.96 12.84 12.93 100.0 63.35 1e-06 0.001 512
4 1.0 11.27 12.86 12.95 12.92 12.95 12.9 12.85 12.93 13.02 13.0 13.02 12.86 12.91 12.8 12.69 12.82 12.83 12.9 12.72 12.96 100.0 64.88 1e-05 0.001 512
4 1.0 11.69 12.41 13.13 13.11 12.76 13.01 13.02 12.94 13.24 12.99 13.27 12.93 13.15 13.06 12.94 12.97 12.91 13.03 13.07 13.09 100.0 63.5 1e-07 0.001 512
4 1.0 9.0 7.89 7.77 7.65 7.79 7.69 7.73 7.59 7.57 7.65 7.71 7.6 7.71 7.79 7.79 7.64 7.8 7.69 7.57 7.68 100.0 83.91 1e-05 0.01 256
5 1.0 13.8 14.33 13.71 13.7 13.34 13.39 13.47 13.5 13.43 13.4 13.41 13.46 13.26 13.21 13.41 13.38 13.25 13.53 13.25 13.29 100.0 83.08 1e-05 0.1 1024
4 1.0 8.88 8.23 8.13 8.23 8.19 8.16 8.27 8.26 8.26 8.1 8.35 8.26 8.32 8.04 8.25 8.2 8.2 8.17 8.09 8.25 100.0 81.71 1e-05 0.01 512
5 1.0 16.76 15.37 15.12 15.28 15.2 15.31 15.25 15.26 15.27 15.27 15.14 15.28 15.2 15.16 15.25 15.34 15.24 15.34 15.22 15.25 100.0 77.36 1e-06 0.01 1024
4 1.0 10.16 10.95 10.99 11.01 11.03 11.03 11.29 10.98 10.93 11.02 11.14 11.2 11.19 11.18 11.18 11.0 11.15 10.98 11.22 11.15 100.0 72.56 1e-06 0.001 256
4 1.0 10.84 10.55 10.84 10.55 10.73 10.59 10.61 10.76 10.53 10.7 10.71 10.56 10.74 10.56 10.76 10.6 10.68 10.6 10.72 10.69 100.0 71.72 1e-07 0.001 256
5 1.0 16.7 15.6 15.43 15.33 15.24 15.4 15.43 15.46 15.35 15.32 15.38 15.4 15.27 15.35 15.35 15.45 15.29 15.42 15.4 15.44 100.0 77.11 1e-07 0.01 1024
4 1.0 10.8 11.74 10.88 10.73 10.72 10.68 10.76 10.81 10.62 10.45 10.85 10.65 10.79 10.8 10.67 10.6 10.66 10.38 10.74 10.57 100.0 71.6 1e-05 0.001 256
5 1.0 15.2 14.33 13.94 13.83 13.65 13.73 13.77 13.74 13.81 13.76 13.7 13.74 13.74 13.75 13.74 13.66 13.57 13.81 13.6 13.65 100.0 82.63 1e-07 0.1 1024
5 1.0 14.59 13.52 13.54 13.56 13.39 13.45 13.37 13.32 13.37 13.48 13.35 13.36 13.33 13.25 13.38 13.38 13.3 13.29 13.35 13.27 100.0 82.19 1e-06 0.1 1024
5 1.0 14.44 13.62 13.47 13.32 13.22 13.23 13.15 13.0 13.24 13.09 13.23 13.01 13.17 12.72 13.39 13.05 13.26 12.87 13.12 12.97 100.0 84.38 1e-05 0.1 256
5 1.0 13.16 13.09 12.9 12.9 12.63 12.64 12.58 12.74 12.58 12.65 12.68 12.61 12.72 12.81 12.72 12.57 12.71 12.57 12.66 12.66 100.0 84.3 1e-05 0.1 512
5 1.0 16.01 16.15 15.84 15.93 15.71 15.82 15.74 15.8 15.71 15.93 15.63 15.86 15.74 15.58 15.75 15.81 15.67 15.79 15.69 15.71 100.0 76.36 1e-05 0.01 1024
5 1.0 15.14 14.1 12.93 13.14 13.02 13.12 13.26 13.0 13.14 13.12 13.22 13.26 13.28 13.25 13.2 13.21 13.17 13.33 13.28 13.22 100.0 83.81 1e-07 0.1 512
5 1.0 14.48 13.7 13.45 13.27 13.31 13.53 13.49 13.53 13.42 13.35 13.48 13.52 13.18 13.24 13.44 13.23 13.26 13.29 13.64 13.48 100.0 84.21 1e-07 0.1 256
5 1.0 14.32 12.92 12.93 12.94 12.81 13.02 12.98 12.66 13.02 12.82 12.97 13.11 13.23 12.8 13.31 12.83 13.0 12.76 13.07 12.78 100.0 83.69 1e-07 0.01 256
5 1.0 17.85 23.18 25.29 24.93 25.15 25.27 25.34 25.47 25.43 25.5 25.44 25.49 25.54 25.69 25.34 25.56 25.48 25.45 25.61 25.39 100.0 55.62 1e-06 0.001 1024
5 1.0 13.95 13.72 14.0 13.71 13.75 13.63 13.64 13.35 13.67 13.34 13.48 13.43 13.63 13.55 13.52 13.45 13.87 13.37 13.61 13.39 100.0 83.35 1e-06 0.01 256
5 1.0 13.38 14.13 13.56 13.45 13.22 13.34 13.27 13.15 13.23 13.24 13.23 13.1 13.36 13.24 13.19 13.17 13.24 13.33 13.23 13.25 100.0 83.48 1e-06 0.1 512
5 1.0 15.76 14.05 13.78 14.01 13.98 13.89 14.1 14.17 14.19 13.78 14.02 14.04 14.05 13.59 14.01 13.94 13.86 13.96 13.74 14.04 100.0 81.71 1e-05 0.01 512
5 1.0 15.3 13.96 13.08 12.92 12.95 12.83 12.99 12.73 12.75 12.78 12.83 12.75 12.88 12.78 12.71 12.69 12.74 12.62 12.66 12.64 100.0 83.27 1e-06 0.1 256
5 1.0 18.96 23.74 25.22 25.68 25.29 25.48 25.22 25.37 25.16 25.42 25.22 25.23 25.42 25.13 25.47 25.35 25.3 25.29 25.11 25.37 100.0 54.89 1e-05 0.001 1024
5 1.0 18.05 22.3 25.39 25.15 25.33 25.53 25.69 25.76 25.93 25.77 25.62 25.73 25.74 25.76 25.79 25.84 25.76 25.71 25.86 25.79 100.0 54.86 1e-07 0.001 1024
5 1.0 15.14 14.8 14.83 14.78 14.7 14.79 14.86 14.68 14.9 14.83 14.66 14.75 14.82 14.71 14.88 15.0 14.48 14.92 14.84 14.86 100.0 81.0 1e-07 0.01 512
5 1.0 15.11 13.24 12.91 12.77 12.89 12.74 12.84 12.84 12.79 12.65 12.77 12.69 12.86 12.96 13.05 12.69 13.01 12.72 12.78 12.81 100.0 83.91 1e-05 0.01 256
5 1.0 14.66 14.68 14.84 14.86 14.68 14.76 14.71 14.76 14.74 14.81 14.93 14.65 14.95 14.67 14.73 14.72 14.68 14.82 14.63 14.82 100.0 80.85 1e-06 0.01 512
5 1.0 18.03 17.92 18.44 18.15 18.22 18.33 18.16 18.45 17.95 18.07 18.24 18.11 18.25 17.84 18.16 18.03 18.15 17.99 18.12 18.18 100.0 71.72 1e-07 0.001 256
5 1.0 18.8 21.92 22.3 22.4 22.59 22.51 22.39 22.66 22.71 22.5 22.52 22.38 22.4 22.53 22.46 22.36 22.71 22.57 22.34 22.37 100.0 63.35 1e-06 0.001 512
5 1.0 18.33 21.79 21.78 21.91 21.66 21.83 21.73 21.65 21.91 22.12 21.62 21.84 21.73 21.59 21.61 21.67 21.41 21.82 21.69 21.83 100.0 64.88 1e-05 0.001 512
6 1.0 25.69 22.85 22.68 22.66 22.57 22.7 22.68 22.6 22.68 22.7 22.61 22.68 22.7 22.6 22.61 22.58 22.49 22.64 22.46 22.66 100.0 82.63 1e-07 0.1 1024
5 1.0 16.98 18.98 18.63 18.63 18.87 18.76 18.97 18.76 18.44 18.51 19.12 18.8 18.79 18.9 18.93 18.49 18.63 18.29 18.8 18.48 100.0 72.56 1e-06 0.001 256
6 1.0 22.55 23.37 22.8 22.82 22.45 22.51 22.61 22.64 22.56 22.46 22.4 22.49 22.3 22.13 22.36 22.46 22.37 22.56 22.3 22.32 100.0 83.08 1e-05 0.1 1024
5 1.0 19.44 21.8 21.85 22.28 21.83 22.16 22.36 22.03 22.45 22.18 22.53 22.14 22.35 22.24 22.14 22.26 22.12 22.24 22.4 22.23 100.0 63.5 1e-07 0.001 512
6 1.0 26.3 26.67 26.5 26.4 26.15 26.32 26.14 26.11 26.16 26.16 25.96 26.36 26.09 25.95 26.17 26.27 26.14 25.91 25.96 26.07 100.0 76.36 1e-05 0.01 1024
5 1.0 17.34 19.95 18.55 18.06 18.12 18.17 18.15 18.42 18.1 17.88 18.18 18.06 18.41 18.18 17.98 18.07 18.02 17.64 18.15 17.74 100.0 71.6 1e-05 0.001 256
6 1.0 24.58 22.59 22.44 22.59 22.3 22.26 22.2 22.19 22.27 22.31 22.23 22.28 22.21 22.01 22.26 22.19 22.17 22.2 22.2 22.01 100.0 82.19 1e-06 0.1 1024
6 1.0 24.92 23.0 21.33 21.4 21.65 21.46 21.76 21.21 21.58 21.46 21.26 21.51 21.39 21.26 21.25 21.52 21.32 21.38 21.2 21.22 100.0 83.27 1e-06 0.1 256
6 1.0 24.49 23.21 22.35 22.59 22.31 22.46 22.59 22.26 22.41 22.45 22.79 22.57 22.64 22.62 22.37 22.34 22.47 22.67 22.42 22.47 100.0 83.81 1e-07 0.1 512
6 1.0 23.61 21.98 22.26 22.38 22.06 21.92 21.98 21.63 22.05 21.71 21.94 21.6 21.83 21.32 22.05 21.75 21.94 21.62 21.72 21.62 100.0 84.38 1e-05 0.1 256
6 1.0 20.97 22.1 21.58 21.59 21.3 21.24 21.03 21.22 21.13 21.01 21.23 21.01 21.26 21.16 21.15 21.04 21.03 20.89 20.96 21.04 100.0 84.3 1e-05 0.1 512
6 1.0 22.14 23.05 22.35 22.04 21.82 21.98 21.94 21.77 21.93 21.77 21.62 21.63 21.79 21.72 21.52 21.65 21.76 21.93 21.75 21.88 100.0 83.48 1e-06 0.1 512
6 1.0 22.94 22.89 22.76 22.57 22.47 22.92 22.93 23.0 23.0 22.52 22.83 22.77 22.41 22.62 22.55 22.64 22.33 22.6 23.06 22.81 100.0 84.21 1e-07 0.1 256
6 1.0 24.27 24.13 24.44 24.25 23.84 24.1 24.08 23.99 24.19 24.23 24.32 23.96 24.21 24.13 24.16 24.19 23.92 24.25 24.24 24.25 100.0 80.85 1e-06 0.01 512
6 1.0 26.89 26.19 25.78 25.76 25.74 25.87 25.96 25.84 25.7 25.85 25.76 25.98 25.76 25.82 25.77 26.06 25.71 25.9 25.68 25.95 100.0 77.11 1e-07 0.01 1024
6 1.0 30.07 39.54 42.48 41.93 41.68 41.88 41.54 41.65 41.76 41.63 41.96 41.97 42.1 41.72 42.11 42.12 41.75 41.97 41.86 42.15 100.0 54.89 1e-05 0.001 1024
6 1.0 26.21 22.47 22.19 22.5 22.26 22.37 22.55 22.61 22.61 22.02 22.42 22.53 22.36 21.95 22.43 22.29 22.19 22.41 22.23 22.37 100.0 81.71 1e-05 0.01 512
6 1.0 25.55 23.5 23.62 23.52 23.21 23.42 23.47 23.43 23.55 23.52 23.51 23.41 23.61 23.42 23.39 23.56 23.17 23.58 23.22 23.6 100.0 81.0 1e-07 0.01 512
6 1.0 27.25 25.28 24.91 25.28 25.28 25.24 25.21 25.26 25.44 25.22 25.12 25.53 25.45 25.14 25.4 25.53 25.41 25.45 25.28 25.42 100.0 77.36 1e-06 0.01 1024
6 1.0 28.05 36.97 41.37 41.34 41.7 41.83 41.73 42.06 42.18 42.08 41.96 42.11 42.25 42.21 41.96 42.33 41.84 42.11 42.17 42.05 100.0 55.62 1e-06 0.001 1024
6 1.0 29.04 35.56 35.96 35.8 36.23 36.39 36.08 36.28 36.67 36.39 35.98 36.02 36.02 36.51 36.2 36.19 36.49 36.25 36.16 36.16 100.0 63.35 1e-06 0.001 512
6 1.0 25.17 22.16 21.24 21.07 20.94 20.9 21.21 21.15 20.88 20.76 20.87 20.93 20.91 21.15 21.34 20.65 21.21 20.74 21.06 20.92 100.0 83.91 1e-05 0.01 256
6 1.0 23.7 21.41 21.43 21.23 21.16 21.19 21.4 21.33 21.47 21.29 21.55 21.47 21.36 20.91 21.54 20.97 21.15 21.05 21.63 21.01 100.0 83.69 1e-07 0.01 256
6 1.0 27.52 30.53 30.09 30.03 30.21 29.8 30.33 30.45 30.11 29.84 30.93 30.22 30.17 30.47 30.11 29.97 29.74 29.45 30.52 29.69 100.0 72.56 1e-06 0.001 256
6 1.0 22.95 23.09 23.61 23.26 23.18 22.96 23.27 23.18 23.4 22.71 22.81 23.04 23.08 23.1 22.96 22.95 23.44 22.7 23.09 22.85 100.0 83.35 1e-06 0.01 256
6 1.0 29.12 34.86 41.27 40.43 41.43 41.39 41.62 41.92 41.97 41.69 41.81 41.94 42.07 42.07 42.11 42.22 41.8 42.0 42.13 42.0 100.0 54.86 1e-07 0.001 1024
6 1.0 29.95 37.06 36.12 36.37 35.91 36.42 36.7 36.41 36.91 36.59 37.0 36.49 36.71 36.55 36.54 36.58 36.42 36.43 36.65 36.49 100.0 63.5 1e-07 0.001 512
6 1.0 28.05 33.09 30.49 29.85 29.78 29.75 30.12 30.42 30.3 29.77 30.23 29.93 29.78 30.09 29.92 29.99 29.72 29.61 30.17 29.47 100.0 71.6 1e-05 0.001 256
6 1.0 28.79 35.36 35.93 35.54 35.14 35.42 35.44 35.13 35.38 35.82 35.14 35.25 35.3 35.2 35.42 35.09 35.01 35.53 35.09 35.42 100.0 64.88 1e-05 0.001 512
6 1.0 29.45 29.61 30.53 30.35 29.96 30.17 30.0 30.53 30.11 29.88 30.32 30.11 29.82 29.57 29.52 30.07 29.75 29.81 29.96 29.68 100.0 71.72 1e-07 0.001 256
