3 1.0 3.88 4.78 4.43 4.09 4.09 4.49 4.55 4.44 4.23 4.31 4.31 4.31 4.25 4.3 4.3 4.33 4.3 4.28 4.33 4.3 99.996 82.52 1e-05 0.1 1024
3 1.0 4.94 4.69 4.32 4.39 4.36 4.45 4.22 4.13 4.08 4.11 4.08 4.08 4.1 4.1 4.09 4.08 4.09 4.09 4.06 4.09 100.0 84.82 1e-05 0.1 512
3 1.0 3.21 5.6 4.23 4.56 4.45 4.47 4.41 4.45 4.29 4.47 4.36 4.37 4.44 4.37 4.36 4.38 4.41 4.38 4.39 4.37 99.998 82.32 1e-06 0.1 1024
3 1.0 4.62 4.27 4.27 4.39 4.29 4.38 4.28 4.26 4.34 4.35 4.33 4.33 4.32 4.28 4.27 4.25 4.26 4.27 4.26 4.32 100.0 83.87 1e-06 0.1 512
3 1.0 4.17 4.04 3.76 3.72 3.75 3.74 3.75 3.75 3.71 3.74 3.71 3.72 3.71 3.7 3.71 3.72 3.72 3.71 3.73 3.7 100.0 81.84 1e-05 0.01 1024
3 1.0 1.37 4.05 4.84 4.33 4.14 4.32 4.31 4.24 4.33 4.21 4.2 4.12 4.21 4.15 4.15 4.2 4.19 4.14 4.16 4.11 100.0 83.39 1e-07 0.1 1024
3 1.0 4.28 4.01 3.93 3.9 3.91 3.9 3.91 3.91 3.87 3.89 3.9 3.87 3.89 3.89 3.87 3.9 3.91 3.86 3.89 3.9 100.0 82.43 1e-07 0.01 1024
3 1.0 4.08 4.08 3.75 3.75 3.74 3.77 3.75 3.75 3.7 3.75 3.74 3.71 3.7 3.74 3.71 3.72 3.73 3.75 3.74 3.7 100.0 84.81 1e-05 0.01 512
3 1.0 5.1 4.67 4.36 4.26 4.36 4.39 4.26 4.31 4.36 4.28 4.2 4.28 4.27 4.22 4.24 4.27 4.25 4.22 4.26 4.23 100.0 84.37 1e-07 0.1 512
3 1.0 4.0 3.8 3.71 3.72 3.76 3.74 3.74 3.75 3.76 3.75 3.73 3.73 3.74 3.73 3.73 3.73 3.72 3.73 3.73 3.74 100.0 85.18 1e-06 0.01 512
3 1.0 3.98 4.0 3.87 3.68 3.68 3.64 3.67 3.67 3.64 3.66 3.65 3.64 3.64 3.65 3.65 3.64 3.64 3.65 3.65 3.62 100.0 85.29 1e-07 0.01 512
3 1.0 4.04 3.99 3.86 3.61 3.68 3.71 3.67 3.64 3.68 3.67 3.66 3.67 3.65 3.63 3.69 3.69 3.7 3.69 3.7 3.7 100.0 86.31 1e-05 0.01 256
3 1.0 3.99 3.99 4.05 3.79 3.72 3.72 3.72 3.73 3.72 3.75 3.73 3.75 3.71 3.73 3.73 3.72 3.74 3.72 3.75 3.73 100.0 86.79 1e-06 0.01 256
3 1.0 4.87 4.41 4.38 4.55 4.39 4.29 4.34 4.24 4.23 4.19 4.23 4.3 4.13 4.19 4.22 4.2 4.19 4.18 4.24 4.19 100.0 85.97 1e-05 0.1 256
3 1.0 3.97 3.84 3.81 3.79 3.79 3.76 3.72 3.73 3.69 3.72 3.71 3.67 3.67 3.7 3.71 3.71 3.69 3.7 3.72 3.7 100.0 86.11 1e-07 0.01 256
3 1.0 5.18 5.17 5.14 5.17 5.16 5.14 5.14 5.12 5.11 5.12 5.1 5.12 5.07 5.1 5.14 5.11 5.11 5.06 5.13 5.12 100.0 66.1 1e-05 0.001 1024
3 1.0 4.55 4.23 4.0 4.32 4.19 4.14 4.18 4.17 4.02 4.03 4.0 4.05 4.05 4.05 4.1 4.06 4.11 4.07 4.07 4.07 100.0 84.88 1e-06 0.1 256
3 1.0 5.27 5.24 5.22 5.25 5.2 5.23 5.19 5.2 5.21 5.22 5.2 5.19 5.22 5.2 5.17 5.24 5.25 5.21 5.21 5.21 100.0 66.4 1e-06 0.001 1024
3 1.0 4.68 4.11 4.08 4.32 4.15 4.1 4.0 3.89 3.92 3.85 3.84 3.95 3.88 3.87 3.84 3.84 3.88 3.82 3.87 3.82 100.0 85.74 1e-07 0.1 256
3 1.0 4.21 4.09 4.02 4.04 4.02 4.0 4.01 4.03 4.02 4.01 3.99 4.0 3.98 3.97 3.99 4.02 3.98 3.99 4.0 3.96 100.0 81.87 1e-06 0.01 1024
3 1.0 5.24 5.08 5.15 5.15 5.09 5.15 5.12 5.11 5.14 5.11 5.14 5.12 5.14 5.1 5.13 5.11 5.16 5.17 5.16 5.11 100.0 65.93 1e-07 0.001 1024
3 1.0 4.7 4.42 4.43 4.37 4.44 4.41 4.42 4.43 4.41 4.42 4.38 4.37 4.38 4.35 4.42 4.39 4.39 4.41 4.38 4.42 100.0 73.76 1e-05 0.001 512
3 1.0 4.87 4.61 4.64 4.61 4.62 4.61 4.6 4.63 4.59 4.59 4.59 4.59 4.67 4.6 4.63 4.64 4.62 4.63 4.65 4.66 100.0 72.31 1e-06 0.001 512
3 1.0 4.89 4.59 4.6 4.54 4.57 4.52 4.53 4.57 4.57 4.57 4.53 4.47 4.48 4.57 4.5 4.51 4.5 4.55 4.53 4.53 100.0 72.83 1e-07 0.001 512
3 1.0 4.43 4.16 4.08 4.11 4.07 4.12 4.05 4.08 4.09 4.11 4.05 4.09 4.04 4.03 4.05 4.04 4.08 4.03 4.06 4.09 100.0 78.4 1e-05 0.001 256
3 1.0 4.35 3.95 3.96 3.95 3.96 4.03 3.95 3.96 3.98 3.94 3.93 3.92 3.94 3.96 3.95 3.98 3.99 3.99 3.95 3.98 100.0 78.08 1e-06 0.001 256
3 1.0 4.37 4.21 4.18 4.12 4.22 4.19 4.15 4.1 4.12 4.17 4.15 4.11 4.15 4.13 4.09 4.1 4.1 4.13 4.05 4.08 100.0 78.08 1e-07 0.001 256
4 1.0 8.37 10.98 9.17 7.84 7.83 9.04 9.24 8.82 8.38 8.67 8.54 8.64 8.61 8.64 8.59 8.68 8.64 8.66 8.63 8.56 99.996 82.52 1e-05 0.1 1024
4 1.0 6.85 13.23 9.4 9.05 8.77 9.05 9.28 8.95 9.13 8.93 8.82 8.95 9.15 9.05 8.91 8.94 8.95 8.96 8.93 8.93 99.998 82.32 1e-06 0.1 1024
4 1.0 2.01 8.77 10.12 8.47 8.04 8.61 9.12 8.44 9.16 8.82 8.76 8.67 8.85 8.76 8.77 8.8 8.83 8.77 8.73 8.75 100.0 83.39 1e-07 0.1 1024
4 1.0 11.43 9.79 9.05 9.12 9.31 9.47 8.62 8.48 8.36 8.35 8.15 8.3 8.2 8.25 8.2 8.27 8.25 8.29 8.22 8.23 100.0 84.82 1e-05 0.1 512
4 1.0 10.35 8.7 9.19 8.89 8.76 8.87 9.07 8.66 8.75 8.9 8.89 8.85 8.69 8.76 8.61 8.65 8.69 8.7 8.65 8.72 100.0 83.87 1e-06 0.1 512
4 1.0 11.4 10.05 9.17 8.76 9.11 9.33 8.59 9.29 9.34 9.02 8.81 9.05 8.95 8.92 8.83 8.96 8.83 8.92 8.95 8.87 100.0 84.37 1e-07 0.1 512
4 1.0 10.03 8.85 9.26 9.57 8.77 8.74 8.84 8.49 8.46 8.4 8.58 8.7 8.41 8.8 8.49 8.62 8.68 8.53 8.65 8.58 100.0 85.97 1e-05 0.1 256
4 1.0 9.49 8.88 8.55 8.77 8.86 8.82 8.78 8.57 8.4 8.4 8.3 8.34 8.45 8.35 8.46 8.43 8.46 8.46 8.53 8.47 100.0 84.88 1e-06 0.1 256
4 1.0 9.8 8.26 8.58 9.18 8.27 8.64 8.23 7.9 7.94 7.86 7.92 7.98 7.85 7.87 7.92 7.84 7.87 7.95 7.83 7.81 100.0 85.74 1e-07 0.1 256
4 1.0 7.83 7.68 7.1 7.15 7.25 7.26 7.23 7.3 7.23 7.32 7.23 7.22 7.25 7.16 7.25 7.31 7.27 7.22 7.28 7.19 100.0 81.84 1e-05 0.01 1024
4 1.0 8.44 7.8 7.85 7.79 7.72 7.7 7.64 7.7 7.72 7.67 7.64 7.64 7.68 7.65 7.66 7.72 7.61 7.64 7.64 7.56 100.0 81.87 1e-06 0.01 1024
4 1.0 8.57 7.75 7.25 7.25 7.25 7.19 7.15 7.18 7.12 7.12 7.15 7.11 7.11 7.13 7.06 7.12 7.16 7.07 7.17 7.17 100.0 82.43 1e-07 0.01 1024
4 1.0 7.96 7.77 7.28 7.31 7.36 7.27 7.27 7.39 7.27 7.32 7.35 7.22 7.24 7.25 7.16 7.3 7.28 7.35 7.25 7.18 100.0 84.81 1e-05 0.01 512
4 1.0 8.14 7.09 7.16 7.23 7.2 7.24 7.18 7.15 7.13 7.19 7.14 7.1 7.14 7.1 7.18 7.19 7.08 7.17 7.18 7.16 100.0 85.18 1e-06 0.01 512
4 1.0 7.35 7.81 7.65 7.3 7.36 7.31 7.27 7.3 7.29 7.26 7.26 7.24 7.2 7.31 7.27 7.28 7.27 7.22 7.25 7.23 100.0 85.29 1e-07 0.01 512
4 1.0 7.67 7.54 7.31 6.99 6.88 6.88 6.85 6.95 6.91 6.78 6.93 6.87 6.85 6.82 7.06 6.95 6.97 6.82 7.03 6.98 100.0 86.31 1e-05 0.01 256
4 1.0 7.66 7.77 7.48 6.99 7.18 6.92 6.86 6.9 6.84 7.0 6.93 6.87 6.8 6.83 6.92 6.81 7.0 6.83 6.94 6.95 100.0 86.79 1e-06 0.01 256
4 1.0 7.91 7.06 7.27 7.28 7.22 7.17 7.06 7.05 7.14 7.13 7.0 7.01 6.78 6.84 7.01 7.07 7.13 7.06 7.07 7.07 100.0 86.11 1e-07 0.01 256
4 1.0 11.45 11.29 11.14 11.19 11.25 11.19 11.19 11.06 11.11 11.17 11.11 11.18 11.07 11.16 11.13 11.17 11.1 11.14 11.19 11.15 100.0 66.1 1e-05 0.001 1024
4 1.0 12.08 11.86 11.82 11.89 11.66 11.85 11.69 11.74 11.79 11.71 11.8 11.69 11.69 11.78 11.68 11.68 11.74 11.77 11.76 11.68 100.0 66.4 1e-06 0.001 1024
4 1.0 11.69 11.69 11.67 11.77 11.67 11.73 11.74 11.7 11.74 11.75 11.73 11.74 11.74 11.61 11.71 11.86 11.79 11.79 11.76 11.79 100.0 65.93 1e-07 0.001 1024
4 1.0 10.47 9.41 9.38 9.43 9.4 9.48 9.4 9.36 9.42 9.43 9.4 9.35 9.37 9.38 9.44 9.42 9.37 9.37 9.37 9.48 100.0 73.76 1e-05 0.001 512
4 1.0 10.43 10.3 10.39 10.32 10.37 10.47 10.36 10.43 10.33 10.42 10.41 10.37 10.42 10.36 10.42 10.37 10.34 10.44 10.41 10.43 100.0 72.31 1e-06 0.001 512
4 1.0 10.06 10.24 10.14 10.08 10.01 10.09 10.11 9.99 10.1 10.05 10.09 9.9 9.97 10.07 10.05 10.1 9.92 10.16 10.06 9.97 100.0 72.83 1e-07 0.001 512
4 1.0 9.01 7.85 7.9 7.92 7.77 7.8 7.89 7.8 7.79 7.93 7.77 7.88 7.84 7.79 7.73 7.72 7.8 7.72 7.84 7.71 100.0 78.4 1e-05 0.001 256
4 1.0 8.81 7.9 7.72 7.91 7.94 7.92 7.86 7.76 7.8 7.79 7.81 7.79 7.67 7.74 7.79 7.76 7.83 7.73 7.77 7.74 100.0 78.08 1e-06 0.001 256
4 1.0 8.93 8.72 8.36 8.35 8.63 8.45 8.35 8.44 8.35 8.42 8.48 8.4 8.41 8.19 8.17 8.35 8.23 8.34 8.2 8.18 100.0 78.08 1e-07 0.001 256
5 1.0 13.03 17.79 14.99 12.72 13.11 14.9 15.45 14.59 13.89 14.76 14.54 14.7 14.66 14.48 14.69 14.54 14.67 14.54 14.58 14.49 99.996 82.52 1e-05 0.1 1024
5 1.0 11.11 22.19 15.33 15.25 14.64 15.67 15.99 15.78 16.25 15.96 15.5 16.17 16.19 16.04 15.95 15.98 16.05 15.95 15.99 16.07 99.998 82.32 1e-06 0.1 1024
5 1.0 2.91 13.79 17.29 13.42 13.36 13.83 15.63 13.29 15.3 14.88 14.7 14.7 15.04 14.86 14.78 15.02 14.94 14.83 14.86 14.62 100.0 83.39 1e-07 0.1 1024
5 1.0 19.34 16.12 14.45 14.59 15.44 15.27 14.09 14.1 13.54 13.57 13.48 13.76 13.69 13.72 13.72 13.73 13.84 13.62 13.63 13.79 100.0 84.82 1e-05 0.1 512
5 1.0 17.53 13.76 15.09 15.07 14.12 14.69 15.36 14.77 14.91 15.25 15.15 14.94 14.68 14.96 14.61 14.61 14.7 14.56 14.58 14.67 100.0 83.87 1e-06 0.1 512
5 1.0 19.38 16.06 15.72 14.88 15.45 15.94 14.46 15.7 16.31 15.49 15.3 15.52 15.22 15.42 15.06 15.26 15.2 15.33 15.27 15.37 100.0 84.37 1e-07 0.1 512
5 1.0 16.45 15.12 15.59 16.01 14.97 14.82 14.73 14.55 14.31 14.52 14.47 14.56 14.05 14.77 14.48 14.56 14.62 14.61 14.75 14.45 100.0 85.97 1e-05 0.1 256
5 1.0 15.79 15.07 14.16 14.79 15.1 14.7 15.02 14.44 14.13 14.67 14.52 14.52 14.6 14.4 14.62 14.65 14.52 14.58 14.8 14.57 100.0 84.88 1e-06 0.1 256
5 1.0 15.58 13.71 14.05 15.28 13.25 14.32 13.43 13.09 13.37 13.35 13.18 13.32 13.18 13.1 13.23 12.99 12.85 13.19 12.85 12.92 100.0 85.74 1e-07 0.1 256
5 1.0 13.15 12.03 11.79 11.78 11.85 11.89 11.91 11.99 11.89 11.92 11.83 11.94 11.85 11.78 11.93 11.93 11.93 11.81 11.92 11.78 100.0 81.84 1e-05 0.01 1024
5 1.0 13.65 12.7 12.81 12.71 12.59 12.49 12.42 12.54 12.5 12.5 12.39 12.49 12.46 12.45 12.44 12.54 12.41 12.46 12.42 12.35 100.0 81.87 1e-06 0.01 1024
5 1.0 14.11 12.62 11.97 11.86 11.85 11.83 11.82 11.77 11.73 11.74 11.72 11.71 11.76 11.69 11.62 11.77 11.71 11.77 11.82 11.7 100.0 82.43 1e-07 0.01 1024
5 1.0 13.15 12.84 11.72 11.7 11.69 11.68 11.66 11.79 11.62 11.75 11.74 11.67 11.48 11.62 11.41 11.6 11.73 11.74 11.62 11.53 100.0 84.81 1e-05 0.01 512
5 1.0 13.16 11.83 11.81 11.56 11.47 11.54 11.54 11.42 11.35 11.5 11.49 11.44 11.38 11.41 11.49 11.48 11.5 11.43 11.45 11.41 100.0 85.18 1e-06 0.01 512
5 1.0 11.64 12.64 12.79 12.08 12.03 12.04 11.96 12.13 12.08 12.06 12.09 12.02 12.06 12.06 11.98 12.09 12.16 12.0 12.09 11.99 100.0 85.29 1e-07 0.01 512
5 1.0 12.37 11.76 11.95 11.35 11.37 11.23 11.29 11.4 11.26 11.21 11.21 11.32 11.26 11.08 11.34 11.44 11.43 11.13 11.49 11.34 100.0 86.31 1e-05 0.01 256
5 1.0 12.71 12.5 12.1 11.45 11.9 11.48 11.44 11.38 11.28 11.58 11.44 11.38 11.3 11.34 11.4 11.26 11.43 11.29 11.4 11.45 100.0 86.79 1e-06 0.01 256
5 1.0 12.6 11.56 12.04 11.98 11.9 11.7 11.74 11.71 11.7 11.76 11.75 11.61 11.34 11.35 11.61 11.73 11.69 11.75 11.71 11.73 100.0 86.11 1e-07 0.01 256
5 1.0 18.84 18.65 18.46 18.57 18.68 18.49 18.4 18.47 18.38 18.57 18.49 18.52 18.44 18.52 18.5 18.67 18.47 18.58 18.66 18.45 100.0 66.1 1e-05 0.001 1024
5 1.0 20.51 19.9 19.91 19.87 19.63 19.83 19.45 19.74 19.73 19.79 19.74 19.46 19.64 19.69 19.45 19.61 19.75 19.72 19.79 19.58 100.0 66.4 1e-06 0.001 1024
5 1.0 19.65 19.54 19.61 19.72 19.7 19.75 19.74 19.8 19.82 19.77 19.74 19.88 19.84 19.65 19.76 20.08 19.95 20.01 19.81 19.88 100.0 65.93 1e-07 0.001 1024
5 1.0 16.99 15.84 16.05 16.01 15.96 16.12 16.04 15.97 15.94 16.06 16.02 15.91 15.83 16.0 16.1 16.02 16.01 15.79 15.94 16.15 100.0 73.76 1e-05 0.001 512
5 1.0 16.78 16.76 16.71 16.82 16.79 16.86 16.73 16.81 16.67 16.65 16.74 16.94 16.69 16.83 16.88 16.87 17.06 16.82 16.89 16.92 100.0 72.31 1e-06 0.001 512
5 1.0 16.55 16.66 16.65 16.49 16.37 16.53 16.53 16.35 16.44 16.43 16.52 16.17 16.3 16.53 16.38 16.43 16.41 16.66 16.43 16.41 100.0 72.83 1e-07 0.001 512
5 1.0 14.77 13.22 13.11 13.01 12.93 12.87 12.92 12.91 12.9 13.08 12.77 13.1 12.82 12.85 12.8 12.86 12.96 12.81 12.83 12.85 100.0 78.4 1e-05 0.001 256
5 1.0 14.44 12.84 12.82 12.95 13.06 13.0 12.83 12.74 12.74 12.83 12.92 12.68 12.69 12.78 12.79 12.65 12.64 12.77 12.77 12.73 100.0 78.08 1e-06 0.001 256
5 1.0 14.63 14.0 13.67 13.56 13.89 13.66 13.5 13.61 13.58 13.58 13.63 13.63 13.52 13.18 13.22 13.51 13.38 13.46 13.44 13.19 100.0 78.08 1e-07 0.001 256
6 1.0 19.23 28.26 23.52 19.93 22.3 24.18 24.2 23.47 22.69 24.15 23.64 23.97 23.86 23.78 23.93 23.82 23.84 23.59 23.7 23.45 99.996 82.52 1e-05 0.1 1024
6 1.0 17.53 36.43 24.66 23.86 24.39 25.53 25.78 25.89 26.36 25.91 25.15 25.98 25.88 25.64 25.53 25.63 25.6 25.51 25.58 25.66 99.998 82.32 1e-06 0.1 1024
6 1.0 3.84 22.11 25.99 20.83 21.93 22.14 26.12 21.64 25.63 24.83 24.24 24.31 24.83 24.54 24.33 24.53 24.48 24.5 24.41 24.2 100.0 83.39 1e-07 0.1 1024
6 1.0 31.2 25.67 23.07 23.89 24.93 25.59 22.72 22.61 21.89 21.94 22.0 21.94 21.78 22.23 21.81 21.99 22.08 22.0 21.98 22.05 100.0 84.82 1e-05 0.1 512
6 1.0 27.68 21.27 24.05 24.25 23.17 24.7 24.69 24.16 23.86 24.57 24.49 24.21 23.97 24.31 23.82 23.98 24.06 23.77 23.9 24.18 100.0 83.87 1e-06 0.1 512
6 1.0 30.47 25.17 25.27 24.24 25.75 26.02 24.1 25.83 26.88 25.64 25.67 25.89 25.32 25.6 25.23 25.32 25.46 25.31 25.52 25.46 100.0 84.37 1e-07 0.1 512
6 1.0 26.2 25.66 26.44 26.32 24.63 24.3 24.33 23.97 24.34 24.02 24.32 23.94 23.65 24.37 24.13 23.99 24.09 24.13 24.34 23.95 100.0 85.97 1e-05 0.1 256
6 1.0 25.68 25.53 23.63 24.66 24.57 24.91 24.86 23.68 23.83 24.71 24.61 24.35 24.38 24.38 24.39 24.51 24.16 24.23 24.49 24.13 100.0 84.88 1e-06 0.1 256
6 1.0 24.34 22.45 22.31 24.56 21.37 23.3 21.47 21.61 22.72 22.45 22.21 22.24 22.09 21.97 22.23 21.94 21.72 22.01 21.63 21.73 100.0 85.74 1e-07 0.1 256
6 1.0 20.97 20.56 19.62 19.61 19.78 19.8 19.7 19.76 19.72 19.79 19.73 19.8 19.59 19.63 19.9 19.78 19.77 19.56 19.82 19.55 100.0 81.84 1e-05 0.01 1024
6 1.0 22.18 20.51 20.17 20.12 20.06 19.85 19.81 19.82 19.92 19.86 19.78 19.84 19.77 19.7 19.79 19.92 19.84 19.76 19.68 19.7 100.0 81.87 1e-06 0.01 1024
6 1.0 23.41 19.93 19.57 19.64 19.37 19.48 19.55 19.38 19.35 19.46 19.3 19.38 19.47 19.36 19.19 19.43 19.38 19.42 19.54 19.17 100.0 82.43 1e-07 0.01 1024
6 1.0 21.54 20.88 18.87 19.06 18.86 18.84 18.8 19.1 18.92 19.01 18.97 18.98 18.76 18.84 18.75 18.87 18.97 18.96 18.87 18.66 100.0 84.81 1e-05 0.01 512
6 1.0 21.3 20.11 19.12 19.67 19.47 19.7 19.57 19.49 19.36 19.6 19.59 19.68 19.5 19.52 19.48 19.72 19.75 19.42 19.56 19.58 100.0 85.18 1e-06 0.01 512
6 1.0 18.45 21.31 20.9 19.83 19.81 19.94 19.74 19.99 20.04 19.84 19.85 19.89 19.89 19.91 19.86 19.92 19.97 19.72 19.86 19.68 100.0 85.29 1e-07 0.01 512
6 1.0 19.85 19.38 19.03 19.17 19.25 19.1 19.14 19.08 18.86 18.81 18.73 18.84 18.84 18.74 19.11 19.12 19.14 18.72 19.16 19.01 100.0 86.31 1e-05 0.01 256
6 1.0 20.71 20.8 19.87 18.63 18.81 18.39 18.48 18.56 18.2 18.46 18.38 18.4 18.47 18.24 18.46 18.29 18.3 18.39 18.39 18.39 100.0 86.79 1e-06 0.01 256
6 1.0 20.51 18.83 20.27 19.06 19.44 19.29 19.11 19.28 19.26 19.31 19.26 19.08 18.97 18.84 19.15 19.23 18.98 19.2 19.06 19.02 100.0 86.11 1e-07 0.01 256
6 1.0 31.5 31.03 30.81 30.99 31.16 31.03 30.75 31.02 30.64 30.97 30.95 31.09 31.01 30.93 30.94 31.18 30.96 31.16 31.31 30.93 100.0 66.1 1e-05 0.001 1024
6 1.0 32.74 31.8 31.65 31.58 31.49 31.62 31.18 31.69 31.62 31.7 31.49 31.21 31.51 31.32 31.39 31.63 31.49 31.57 31.44 31.39 100.0 66.4 1e-06 0.001 1024
6 1.0 31.97 31.74 32.04 32.07 31.91 32.01 32.14 32.29 32.23 32.01 32.08 32.3 32.09 31.98 32.21 32.43 32.41 32.35 32.16 32.2 100.0 65.93 1e-07 0.001 1024
6 1.0 26.88 25.61 25.84 25.75 25.85 25.95 26.01 25.72 25.76 25.95 26.02 25.78 25.74 26.05 26.07 25.96 26.02 25.83 25.92 26.2 100.0 73.76 1e-05 0.001 512
6 1.0 27.03 26.83 26.89 27.0 27.07 27.14 26.98 27.01 26.85 26.68 26.95 26.95 26.91 26.76 27.12 26.97 27.14 27.01 26.83 27.13 100.0 72.31 1e-06 0.001 512
6 1.0 26.68 26.55 26.71 26.55 26.44 26.68 26.79 26.55 26.41 26.46 26.83 26.35 26.44 26.65 26.62 26.69 26.51 26.89 26.58 26.55 100.0 72.83 1e-07 0.001 512
6 1.0 23.88 21.47 21.77 21.7 21.51 21.41 21.62 21.37 21.45 21.59 21.31 21.46 21.61 21.48 21.22 21.36 21.44 21.47 21.05 21.15 100.0 78.4 1e-05 0.001 256
6 1.0 23.23 21.11 20.99 21.41 21.39 21.33 21.13 21.01 21.14 21.0 21.23 21.03 21.21 21.02 21.2 21.08 20.86 21.05 20.91 20.99 100.0 78.08 1e-06 0.001 256
6 1.0 23.34 23.14 22.75 22.79 22.96 22.64 22.59 22.77 22.83 22.81 22.43 22.79 22.59 22.05 22.23 22.28 22.24 22.45 22.6 22.15 100.0 78.08 1e-07 0.001 256
