1.15 1.7 1.76 1.67 1.69 1.7 1.72 1.7 1.72 1.7 1.69 1.72 1.72 1.71 1.72 1.72 1.72 1.72 1.71 1.72 1.73 100.0 83.78 1e-06 0.1 1024
1.15 1.6 1.68 1.6 1.59 1.61 1.6 1.59 1.61 1.6 1.58 1.58 1.59 1.59 1.58 1.57 1.57 1.59 1.55 1.58 1.57 100.0 84.03 1e-07 0.1 1024
1.15 1.89 1.68 1.73 1.71 1.72 1.74 1.71 1.73 1.73 1.69 1.73 1.75 1.73 1.7 1.71 1.76 1.69 1.72 1.7 1.74 100.0 85.67 1e-05 0.1 512
1.15 1.8 1.68 1.68 1.67 1.71 1.73 1.68 1.71 1.69 1.71 1.71 1.7 1.66 1.66 1.7 1.7 1.7 1.72 1.69 1.69 100.0 85.23 1e-07 0.1 512
1.15 1.69 1.92 1.98 1.98 1.99 1.98 2.0 1.96 1.99 1.94 1.97 1.91 1.97 1.94 1.93 1.94 1.95 1.99 1.96 1.95 100.0 78.51 1e-07 0.01 512
1.15 1.69 1.7 1.68 1.69 1.69 1.67 1.7 1.66 1.63 1.66 1.63 1.64 1.64 1.66 1.62 1.67 1.61 1.63 1.63 1.63 100.0 85.39 1e-06 0.1 512
1.15 1.85 1.93 1.88 1.86 1.89 1.92 1.87 1.88 1.89 1.9 1.89 1.89 1.86 1.89 1.85 1.92 1.85 1.88 1.91 1.92 100.0 77.86 1e-05 0.01 512
1.15 1.91 1.76 1.88 1.86 1.9 1.92 1.86 1.88 1.89 1.9 1.89 1.88 1.88 1.91 1.89 1.86 1.88 1.9 1.92 1.89 100.0 78.57 1e-06 0.01 512
1.15 1.73 1.8 1.63 1.63 1.61 1.64 1.61 1.59 1.59 1.57 1.61 1.64 1.63 1.62 1.61 1.64 1.64 1.59 1.65 1.59 100.0 85.88 1e-06 0.1 256
1.15 1.72 1.65 1.64 1.63 1.68 1.62 1.65 1.6 1.59 1.59 1.61 1.62 1.58 1.63 1.63 1.62 1.65 1.66 1.58 1.71 100.0 86.24 1e-05 0.1 256
1.15 1.68 1.73 1.8 1.75 1.76 1.74 1.77 1.75 1.72 1.7 1.71 1.71 1.74 1.76 1.74 1.77 1.73 1.7 1.76 1.74 100.0 86.07 1e-07 0.1 256
1.15 1.69 1.82 1.82 1.81 1.83 1.79 1.77 1.8 1.79 1.78 1.79 1.78 1.81 1.8 1.84 1.82 1.84 1.77 1.84 1.75 100.0 81.8 1e-05 0.01 256
1.15 1.81 1.92 1.82 1.81 1.76 1.78 1.82 1.8 1.78 1.77 1.82 1.79 1.78 1.8 1.8 1.8 1.83 1.81 1.74 1.8 100.0 81.77 1e-06 0.01 256
1.3 1.6 1.74 1.62 1.59 1.62 1.61 1.61 1.6 1.59 1.6 1.58 1.58 1.58 1.61 1.61 1.59 1.59 1.6 1.57 1.61 100.0 83.82 1e-06 0.1 1024
1.3 1.58 1.6 1.51 1.58 1.57 1.57 1.57 1.6 1.55 1.57 1.59 1.64 1.63 1.61 1.57 1.59 1.58 1.62 1.61 1.61 100.0 85.44 1e-06 0.1 512
1.15 2.01 2.23 2.34 2.24 2.19 2.19 2.18 2.24 2.26 2.18 2.21 2.29 2.24 2.26 2.19 2.23 2.23 2.24 2.25 2.27 100.0 70.0 1e-05 0.001 256
1.15 1.74 1.75 1.79 1.73 1.8 1.75 1.82 1.82 1.79 1.81 1.74 1.77 1.77 1.78 1.71 1.78 1.72 1.78 1.76 1.8 100.0 81.53 1e-07 0.01 256
1.3 1.88 1.87 1.85 1.88 1.92 1.93 1.95 1.91 1.92 1.89 1.93 1.93 1.9 1.92 1.93 1.93 1.94 1.9 1.93 1.9 100.0 75.73 1e-05 0.01 1024
1.15 2.02 2.07 2.24 2.3 2.25 2.3 2.22 2.29 2.32 2.18 2.24 2.27 2.28 2.23 2.25 2.25 2.23 2.34 2.32 2.34 100.0 69.8 1e-06 0.001 256
1.3 1.71 1.54 1.59 1.63 1.62 1.63 1.6 1.64 1.57 1.62 1.61 1.63 1.62 1.61 1.63 1.57 1.64 1.62 1.61 1.57 100.0 86.04 1e-07 0.1 256
1.3 1.65 1.65 1.5 1.59 1.59 1.6 1.55 1.56 1.57 1.57 1.57 1.56 1.59 1.59 1.55 1.58 1.59 1.57 1.58 1.57 100.0 85.54 1e-05 0.1 512
1.3 1.84 1.9 1.87 1.86 1.89 1.85 1.86 1.83 1.91 1.8 1.86 1.91 1.85 1.85 1.88 1.91 1.83 1.87 1.85 1.86 100.0 79.43 1e-05 0.01 512
1.3 1.71 1.55 1.58 1.5 1.54 1.52 1.52 1.52 1.52 1.52 1.53 1.52 1.52 1.52 1.52 1.52 1.52 1.51 1.52 1.49 100.0 85.16 1e-07 0.1 512
1.3 1.75 1.69 1.7 1.74 1.7 1.63 1.66 1.65 1.71 1.71 1.67 1.66 1.66 1.66 1.72 1.67 1.68 1.69 1.72 1.74 100.0 79.6 1e-06 0.01 512
1.3 1.72 1.87 1.82 1.8 1.8 1.81 1.78 1.79 1.8 1.78 1.82 1.8 1.81 1.77 1.79 1.77 1.83 1.81 1.81 1.78 100.0 79.32 1e-07 0.01 512
1.3 1.77 1.7 1.68 1.7 1.67 1.67 1.69 1.69 1.64 1.7 1.69 1.69 1.66 1.65 1.66 1.65 1.67 1.67 1.66 1.66 100.0 82.53 1e-05 0.01 256
1.3 1.78 1.63 1.65 1.63 1.67 1.66 1.68 1.65 1.7 1.7 1.69 1.7 1.66 1.66 1.68 1.71 1.69 1.7 1.69 1.68 100.0 82.19 1e-07 0.01 256
1.3 1.89 2.06 2.22 2.39 2.22 2.24 2.28 2.3 2.24 2.28 2.3 2.38 2.36 2.35 2.37 2.31 2.34 2.4 2.35 2.35 100.0 67.36 1e-05 0.001 512
1.3 1.62 1.67 1.55 1.62 1.6 1.58 1.56 1.56 1.56 1.6 1.56 1.61 1.58 1.59 1.59 1.6 1.59 1.6 1.56 1.59 100.0 85.89 1e-05 0.1 256
1.3 1.59 1.74 1.61 1.55 1.61 1.57 1.53 1.63 1.58 1.62 1.57 1.63 1.61 1.59 1.59 1.61 1.58 1.6 1.64 1.62 100.0 85.76 1e-06 0.1 256
1.0 1.79 1.62 1.62 1.61 1.61 1.63 1.63 1.62 1.63 1.62 1.61 1.63 1.64 1.63 1.65 1.63 1.62 1.64 1.66 1.67 100.0 83.85 1e-05 0.1 1024
1.3 1.79 1.66 1.63 1.67 1.68 1.76 1.63 1.67 1.63 1.7 1.63 1.63 1.65 1.68 1.64 1.65 1.65 1.65 1.64 1.64 100.0 82.39 1e-06 0.01 256
1.0 1.6 1.71 1.64 1.6 1.58 1.62 1.58 1.61 1.59 1.61 1.58 1.59 1.6 1.58 1.59 1.59 1.65 1.59 1.59 1.64 100.0 83.99 1e-06 0.1 1024
1.3 1.87 2.03 2.18 2.58 2.34 2.3 2.39 2.39 2.41 2.33 2.38 2.31 2.36 2.47 2.35 2.39 2.34 2.34 2.36 2.42 100.0 67.56 1e-06 0.001 512
1.3 1.89 2.02 2.26 2.23 2.27 2.24 2.24 2.22 2.28 2.18 2.2 2.15 2.2 2.25 2.24 2.24 2.26 2.27 2.26 2.23 100.0 70.99 1e-06 0.001 256
1.0 1.52 1.65 1.71 1.65 1.7 1.68 1.67 1.69 1.69 1.67 1.67 1.64 1.67 1.69 1.67 1.67 1.67 1.64 1.67 1.66 100.0 85.15 1e-07 0.1 512
1.0 1.86 2.06 2.11 2.08 2.1 2.11 2.11 2.1 2.1 2.13 2.09 2.07 2.1 2.14 2.09 2.13 2.11 2.09 2.1 2.11 100.0 74.42 1e-05 0.01 1024
1.0 1.66 1.7 1.73 1.68 1.7 1.69 1.74 1.7 1.71 1.71 1.69 1.72 1.69 1.72 1.69 1.71 1.73 1.7 1.7 1.69 100.0 85.5 1e-06 0.1 512
1.0 1.6 1.55 1.64 1.65 1.65 1.66 1.64 1.63 1.66 1.62 1.67 1.62 1.64 1.67 1.66 1.65 1.65 1.63 1.65 1.65 100.0 85.23 1e-05 0.1 512
1.3 1.91 2.03 2.25 2.18 2.12 2.11 2.14 2.22 2.19 2.1 2.25 2.26 2.17 2.22 2.21 2.21 2.17 2.18 2.15 2.16 100.0 70.64 1e-07 0.001 256
1.0 1.61 1.58 1.78 1.66 1.67 1.68 1.67 1.67 1.68 1.65 1.68 1.66 1.68 1.68 1.72 1.7 1.68 1.67 1.68 1.68 100.0 86.13 1e-06 0.1 256
1.3 1.91 2.06 2.23 2.26 2.17 2.2 2.24 2.12 2.24 2.18 2.14 2.16 2.18 2.23 2.17 2.17 2.17 2.23 2.13 2.15 100.0 70.55 1e-05 0.001 256
1.0 1.64 1.74 1.65 1.7 1.66 1.66 1.65 1.65 1.65 1.63 1.63 1.64 1.63 1.63 1.63 1.62 1.61 1.65 1.64 1.62 100.0 86.16 1e-05 0.1 256
1.0 1.9 1.96 2.03 2.06 2.08 2.09 2.1 2.08 2.07 2.08 2.11 2.11 2.12 2.06 2.09 2.11 2.07 2.13 2.05 2.12 100.0 74.33 1e-06 0.01 1024
1.0 2.2 2.01 2.19 2.23 2.54 2.38 2.67 2.5 2.56 2.57 2.55 2.51 2.56 2.59 2.54 2.6 2.56 2.58 2.58 2.57 100.0 64.86 1e-05 0.001 1024
1.0 1.55 1.53 1.64 1.65 1.68 1.66 1.67 1.62 1.67 1.65 1.65 1.66 1.64 1.69 1.65 1.68 1.65 1.68 1.67 1.67 100.0 85.84 1e-07 0.1 256
1.0 1.88 1.74 1.75 1.82 1.82 1.83 1.79 1.81 1.81 1.79 1.78 1.78 1.84 1.83 1.83 1.8 1.8 1.76 1.79 1.78 100.0 78.79 1e-06 0.01 512
1.0 1.92 1.89 1.88 1.87 1.84 1.86 1.82 1.82 1.83 1.82 1.81 1.86 1.84 1.82 1.83 1.85 1.83 1.81 1.79 1.84 100.0 78.72 1e-05 0.01 512
1.0 2.04 2.16 2.46 2.47 2.63 2.52 2.62 2.53 2.61 2.59 2.52 2.56 2.58 2.59 2.58 2.58 2.67 2.51 2.53 2.52 100.0 66.98 1e-06 0.001 512
1.0 1.88 1.76 1.78 1.76 1.78 1.77 1.77 1.79 1.79 1.78 1.78 1.76 1.8 1.76 1.75 1.77 1.77 1.79 1.76 1.76 100.0 78.68 1e-07 0.01 512
1.0 2.2 2.02 2.16 2.21 2.48 2.56 2.71 2.53 2.7 2.53 2.57 2.57 2.63 2.65 2.56 2.58 2.66 2.59 2.6 2.63 100.0 64.78 1e-07 0.001 1024
1.0 2.03 2.17 2.42 2.52 2.5 2.61 2.53 2.53 2.53 2.54 2.53 2.51 2.56 2.52 2.52 2.53 2.49 2.5 2.47 2.46 100.0 67.1 1e-07 0.001 512
1.0 1.77 1.72 1.74 1.7 1.75 1.71 1.75 1.8 1.73 1.76 1.7 1.75 1.73 1.7 1.69 1.74 1.73 1.73 1.72 1.7 100.0 82.73 1e-05 0.01 256
