1.0 1.59 1.67 1.5 1.64 1.65 1.55 1.57 1.54 1.63 1.53 1.57 1.6 1.56 1.61 1.55 1.56 1.53 1.57 1.57 1.56 100.0 75.66 1e-06 0.1 1024
1.0 1.5 1.29 1.41 1.4 1.42 1.44 1.43 1.44 1.4 1.4 1.42 1.41 1.43 1.42 1.47 1.4 1.42 1.42 1.41 1.4 100.0 75.95 1e-05 0.1 512
1.0 1.58 1.49 1.5 1.47 1.46 1.5 1.49 1.46 1.49 1.47 1.49 1.48 1.5 1.46 1.53 1.52 1.52 1.47 1.48 1.48 100.0 78.73 1e-06 0.1 512
1.0 2.08 2.18 2.37 2.07 2.08 2.12 2.12 2.16 2.17 2.1 2.1 2.05 2.13 2.21 2.08 2.08 2.08 2.16 2.04 2.17 100.0 62.2 1e-07 0.01 1024
1.0 1.47 1.51 1.61 1.55 1.55 1.56 1.55 1.53 1.54 1.59 1.57 1.51 1.55 1.58 1.62 1.55 1.57 1.57 1.61 1.55 100.0 78.91 1e-07 0.1 512
1.0 1.46 1.46 1.42 1.5 1.51 1.53 1.52 1.46 1.43 1.49 1.47 1.5 1.51 1.45 1.47 1.48 1.45 1.49 1.5 1.47 100.0 79.79 1e-06 0.1 256
1.0 2.38 2.31 2.12 2.15 2.04 2.0 1.84 1.92 1.88 1.96 1.82 1.9 1.93 1.96 1.94 1.91 1.96 1.91 1.9 1.93 100.0 63.73 1e-05 0.01 1024
1.0 2.18 2.2 2.09 2.12 1.97 1.95 2.0 2.06 2.07 2.11 2.03 2.02 2.06 2.1 2.06 2.02 2.09 2.06 2.12 2.15 100.0 63.3 1e-06 0.01 1024
1.0 8.42 4.97 5.84 5.89 6.99 6.95 7.79 8.11 8.35 7.12 7.83 7.85 7.7 7.19 7.5 7.27 7.49 7.55 7.53 7.61 99.94 39.42 1e-05 0.001 1024
1.0 1.45 1.48 1.57 1.64 1.5 1.53 1.59 1.6 1.67 1.55 1.6 1.58 1.55 1.6 1.62 1.52 1.56 1.66 1.6 1.6 100.0 82.37 1e-05 0.1 256
1.0 5.08 3.73 4.33 4.32 4.28 4.29 4.04 4.52 4.54 4.65 4.68 4.78 4.41 4.85 4.42 4.69 4.68 4.79 4.85 4.42 99.962 49.41 1e-05 0.001 512
1.0 9.01 4.56 5.39 6.04 7.36 7.82 8.15 7.81 8.37 8.37 8.32 7.92 8.05 8.07 8.16 8.05 7.78 7.96 8.23 8.08 99.902 38.86 1e-06 0.001 1024
1.0 1.91 2.1 1.92 1.84 1.75 1.96 1.85 1.86 1.84 1.92 1.94 1.86 1.85 1.97 1.93 1.85 1.83 1.92 1.84 1.77 100.0 69.37 1e-06 0.01 512
1.0 5.05 4.13 3.9 4.41 4.51 4.54 4.28 4.56 4.42 4.48 4.33 4.08 4.37 4.57 4.55 4.58 4.55 4.76 4.68 4.49 99.964 49.0 1e-06 0.001 512
1.0 1.5 1.45 1.61 1.48 1.51 1.51 1.49 1.56 1.52 1.55 1.56 1.51 1.51 1.51 1.53 1.55 1.55 1.54 1.5 1.48 100.0 80.55 1e-07 0.1 256
1.0 1.86 1.51 1.66 1.56 1.62 1.57 1.66 1.6 1.59 1.59 1.68 1.65 1.68 1.68 1.62 1.63 1.68 1.61 1.6 1.63 100.0 72.62 1e-05 0.01 256
1.0 1.88 1.89 1.97 1.7 1.8 1.78 1.74 1.77 1.81 1.74 1.77 1.84 1.84 1.82 1.81 1.83 1.85 1.81 1.85 1.82 100.0 68.7 1e-05 0.01 512
1.0 1.91 1.95 1.75 1.85 1.69 1.72 1.71 1.81 1.85 1.75 1.82 1.81 1.77 1.78 1.79 1.74 1.81 1.74 1.89 1.72 100.0 68.68 1e-07 0.01 512
1.0 5.07 3.32 4.01 4.25 4.35 4.36 4.18 4.94 4.24 4.63 4.15 4.02 4.09 3.98 4.06 4.26 4.19 4.26 4.29 4.27 99.94 50.34 1e-07 0.001 512
1.0 3.7 2.67 2.85 2.76 3.22 2.99 2.84 2.65 2.91 2.89 2.85 2.57 2.71 2.8 2.71 2.83 2.81 2.87 2.99 3.06 99.994 57.76 1e-05 0.001 256
1.0 1.57 1.55 1.46 1.51 1.51 1.51 1.49 1.46 1.45 1.5 1.49 1.44 1.46 1.52 1.45 1.48 1.52 1.48 1.51 1.5 100.0 73.64 1e-06 0.1 1024
1.0 1.7 1.72 1.61 1.7 1.79 1.77 1.75 1.69 1.85 1.77 1.78 1.69 1.67 1.76 1.65 1.66 1.65 1.73 1.76 1.68 100.0 74.1 1e-07 0.01 256
1.0 1.45 1.75 1.57 1.66 1.68 1.65 1.56 1.61 1.77 1.58 1.64 1.62 1.71 1.62 1.64 1.6 1.62 1.62 1.54 1.61 100.0 73.35 1e-06 0.01 256
1.0 3.51 2.87 3.14 2.89 3.03 3.02 2.79 2.79 2.84 2.56 2.76 3.0 2.97 2.91 2.89 2.81 2.69 2.74 2.72 2.74 99.994 59.2 1e-07 0.001 256
1.0 8.17 4.9 4.82 5.84 7.16 6.9 7.39 8.1 7.72 7.9 7.5 8.37 7.95 8.38 8.13 8.21 7.98 8.23 7.65 7.73 99.918 39.29 1e-07 0.001 1024
1.0 1.42 1.52 1.4 1.35 1.47 1.39 1.43 1.43 1.42 1.41 1.4 1.47 1.49 1.48 1.43 1.42 1.44 1.43 1.46 1.45 100.0 74.16 1e-05 0.1 1024
1.0 1.54 1.4 1.49 1.59 1.54 1.51 1.52 1.56 1.53 1.49 1.5 1.51 1.49 1.5 1.49 1.49 1.51 1.54 1.49 1.49 100.0 75.74 1e-07 0.1 1024
1.0 1.46 1.54 1.54 1.41 1.38 1.41 1.39 1.41 1.43 1.4 1.39 1.42 1.46 1.43 1.47 1.4 1.4 1.41 1.41 1.45 100.0 78.92 1e-05 0.1 512
1.0 3.5 2.8 3.33 3.05 2.95 3.04 3.37 3.11 3.15 3.17 3.05 2.89 3.04 3.07 3.15 2.85 2.79 2.85 2.95 2.78 99.994 58.11 1e-06 0.001 256
1.0 1.38 1.41 1.51 1.42 1.42 1.41 1.39 1.42 1.4 1.4 1.39 1.44 1.41 1.43 1.43 1.45 1.41 1.45 1.42 1.39 100.0 78.13 1e-06 0.1 512
1.0 1.46 1.5 1.5 1.51 1.44 1.44 1.42 1.43 1.42 1.44 1.43 1.44 1.44 1.48 1.43 1.44 1.51 1.43 1.43 1.4 100.0 78.18 1e-07 0.1 512
1.0 1.64 1.55 1.57 1.57 1.58 1.57 1.61 1.58 1.62 1.59 1.61 1.58 1.58 1.61 1.57 1.59 1.58 1.62 1.58 1.63 100.0 81.11 1e-05 0.1 256
1.0 1.71 1.62 1.67 1.65 1.68 1.59 1.58 1.62 1.64 1.6 1.56 1.62 1.6 1.6 1.6 1.59 1.61 1.66 1.64 1.62 100.0 81.71 1e-06 0.1 256
1.0 1.54 1.57 1.57 1.46 1.5 1.47 1.49 1.5 1.47 1.51 1.5 1.49 1.55 1.48 1.48 1.51 1.49 1.49 1.48 1.49 100.0 81.3 1e-07 0.1 256
1.0 2.32 2.66 2.23 2.17 2.14 2.19 2.21 2.2 2.19 2.26 2.19 2.22 2.09 2.24 2.24 2.41 2.39 2.17 2.23 2.2 100.0 62.91 1e-05 0.01 1024
1.0 2.11 1.99 2.11 2.08 1.96 2.06 1.98 1.99 1.98 1.95 1.91 1.98 2.03 1.99 1.88 1.99 1.94 1.97 1.95 1.86 100.0 64.18 1e-06 0.01 1024
1.0 2.01 2.27 2.21 2.03 1.96 1.89 1.91 1.92 1.94 1.92 1.96 1.92 1.98 1.95 1.85 1.93 2.13 2.03 2.05 1.99 100.0 63.36 1e-07 0.01 1024
1.0 1.64 1.74 1.59 1.68 1.6 1.65 1.72 1.71 1.67 1.64 1.6 1.71 1.65 1.77 1.66 1.7 1.66 1.73 1.78 1.65 100.0 69.39 1e-05 0.01 512
1.0 1.98 1.88 1.56 1.84 1.91 1.84 1.78 1.82 1.75 1.8 1.78 1.9 1.92 1.82 1.85 1.71 1.87 1.78 1.8 1.77 100.0 69.51 1e-06 0.01 512
1.0 1.79 1.82 1.84 1.74 1.7 1.67 1.74 1.65 1.7 1.69 1.72 1.68 1.74 1.77 1.72 1.75 1.77 1.78 1.78 1.66 100.0 68.05 1e-07 0.01 512
1.0 1.73 1.51 1.55 1.49 1.45 1.44 1.4 1.49 1.41 1.42 1.45 1.43 1.47 1.38 1.45 1.43 1.47 1.44 1.42 1.47 100.0 74.12 1e-05 0.01 256
1.0 1.53 1.71 1.56 1.55 1.61 1.51 1.54 1.49 1.68 1.64 1.58 1.61 1.61 1.58 1.61 1.65 1.59 1.66 1.61 1.55 100.0 71.83 1e-06 0.01 256
1.0 1.58 1.66 1.62 1.61 1.6 1.74 1.71 1.7 1.62 1.67 1.74 1.66 1.71 1.67 1.62 1.66 1.61 1.63 1.7 1.63 100.0 72.11 1e-07 0.01 256
1.0 9.6 5.55 5.7 6.49 7.36 7.47 8.0 8.02 7.38 7.67 8.32 7.83 7.54 7.66 7.41 7.38 7.7 7.52 7.61 7.69 99.936 40.15 1e-05 0.001 1024
1.0 9.24 5.58 5.63 6.22 6.7 7.56 8.21 8.08 7.76 7.74 8.09 8.14 7.79 8.07 7.73 7.98 7.88 8.14 7.97 8.11 99.96 39.78 1e-06 0.001 1024
1.0 9.76 5.92 6.08 6.57 7.2 6.92 7.11 7.01 7.54 7.34 7.52 7.67 7.38 7.68 7.49 7.52 7.66 7.67 7.49 7.65 99.922 39.4 1e-07 0.001 1024
1.0 4.57 3.38 4.08 4.36 4.29 4.24 4.0 3.98 4.16 4.01 4.3 4.02 3.88 3.94 3.85 4.05 3.94 3.98 4.22 4.17 99.998 50.16 1e-05 0.001 512
1.0 5.04 4.11 4.53 4.81 4.94 4.54 4.89 4.29 4.39 4.3 4.42 4.35 4.54 4.41 4.17 4.28 4.36 4.41 4.47 4.45 99.99 49.65 1e-06 0.001 512
1.0 4.61 3.86 3.93 4.31 4.44 3.75 3.71 3.8 4.03 4.15 3.89 4.04 3.92 3.76 3.5 3.6 3.66 3.7 3.85 3.88 99.988 50.3 1e-07 0.001 512
1.0 3.19 3.13 3.07 3.15 2.78 2.78 2.98 2.88 2.75 2.73 2.91 2.73 2.72 2.98 2.9 2.67 2.79 2.7 2.81 2.67 99.998 58.35 1e-05 0.001 256
1.0 3.29 2.6 3.01 2.83 2.97 2.61 2.87 2.59 2.48 2.76 2.8 2.56 2.72 2.69 2.98 2.68 2.82 2.86 2.83 2.94 99.99 58.35 1e-06 0.001 256
1.0 3.53 2.85 2.96 3.11 3.07 3.0 3.09 2.97 2.95 2.84 3.19 2.99 3.02 2.92 2.91 2.69 2.74 2.92 2.82 2.7 99.99 58.33 1e-07 0.001 256
1.0 1.56 1.7 1.52 1.52 1.51 1.55 1.56 1.56 1.54 1.53 1.58 1.63 1.58 1.55 1.62 1.53 1.56 1.54 1.58 1.6 100.0 74.41 1e-05 0.1 1024
1.0 1.53 1.58 1.36 1.39 1.42 1.43 1.46 1.46 1.43 1.45 1.46 1.43 1.42 1.45 1.43 1.42 1.43 1.41 1.43 1.41 100.0 73.4 1e-06 0.1 1024
1.0 1.42 1.47 1.51 1.4 1.38 1.39 1.4 1.4 1.4 1.39 1.36 1.37 1.38 1.38 1.36 1.43 1.4 1.45 1.4 1.38 100.0 74.09 1e-07 0.1 1024
1.0 1.48 1.66 1.45 1.46 1.41 1.41 1.41 1.4 1.41 1.41 1.43 1.46 1.42 1.42 1.41 1.42 1.43 1.41 1.41 1.41 100.0 77.62 1e-05 0.1 512
1.0 1.53 1.64 1.54 1.53 1.57 1.58 1.57 1.58 1.58 1.55 1.55 1.55 1.56 1.55 1.56 1.54 1.57 1.57 1.56 1.58 100.0 78.46 1e-06 0.1 512
1.0 1.46 1.58 1.48 1.47 1.5 1.42 1.45 1.46 1.45 1.45 1.47 1.48 1.45 1.49 1.45 1.46 1.45 1.45 1.47 1.46 100.0 78.81 1e-07 0.1 512
1.0 1.61 1.48 1.44 1.41 1.38 1.43 1.39 1.37 1.4 1.36 1.39 1.43 1.42 1.39 1.38 1.4 1.41 1.41 1.41 1.42 100.0 80.42 1e-05 0.1 256
1.0 1.56 1.63 1.5 1.53 1.51 1.58 1.56 1.49 1.49 1.53 1.54 1.57 1.54 1.49 1.52 1.55 1.49 1.46 1.5 1.58 100.0 79.4 1e-06 0.1 256
1.0 1.37 1.46 1.53 1.45 1.4 1.4 1.42 1.43 1.43 1.39 1.41 1.41 1.44 1.42 1.44 1.44 1.44 1.42 1.46 1.41 100.0 79.49 1e-07 0.1 256
1.0 2.71 2.42 2.34 2.36 2.16 2.15 2.22 2.2 2.21 2.18 2.25 2.31 2.22 2.19 2.27 2.16 2.29 2.27 2.28 2.27 100.0 64.0 1e-05 0.01 1024
1.0 2.29 2.37 2.17 2.11 2.27 2.23 2.28 2.21 2.18 2.24 2.28 2.22 2.23 2.14 2.18 2.17 2.25 2.24 2.16 2.15 100.0 64.12 1e-06 0.01 1024
1.0 2.45 2.5 2.2 2.24 2.31 2.29 2.18 2.12 2.18 2.22 2.25 2.2 2.1 2.15 2.14 2.24 2.15 2.11 2.19 2.11 100.0 63.97 1e-07 0.01 1024
1.0 1.8 1.91 1.61 1.67 1.61 1.61 1.6 1.58 1.59 1.59 1.61 1.6 1.67 1.65 1.62 1.57 1.65 1.63 1.7 1.6 100.0 70.18 1e-05 0.01 512
1.0 1.91 1.81 1.81 1.77 1.77 1.75 1.81 1.75 1.8 1.75 1.71 1.83 1.73 1.73 1.86 1.75 1.76 1.82 1.79 1.71 100.0 68.2 1e-06 0.01 512
1.0 2.23 1.8 1.78 2.05 2.05 1.85 1.89 1.97 1.97 1.96 1.87 1.92 2.1 1.98 2.01 2.08 2.04 2.14 2.02 2.01 100.0 68.57 1e-07 0.01 512
1.0 1.67 1.56 1.68 1.48 1.53 1.57 1.58 1.58 1.51 1.48 1.49 1.52 1.61 1.61 1.61 1.57 1.56 1.52 1.57 1.48 100.0 72.73 1e-05 0.01 256
1.0 1.48 1.59 1.57 1.61 1.63 1.63 1.63 1.51 1.45 1.49 1.63 1.55 1.55 1.52 1.59 1.61 1.58 1.54 1.49 1.61 100.0 72.76 1e-06 0.01 256
1.0 1.53 1.5 1.48 1.5 1.47 1.54 1.54 1.52 1.44 1.53 1.59 1.52 1.53 1.51 1.47 1.57 1.63 1.59 1.46 1.48 100.0 74.35 1e-07 0.01 256
1.0 10.58 6.97 6.49 6.37 8.17 8.31 8.23 8.62 8.63 8.28 8.03 8.62 8.77 8.31 8.08 8.33 8.08 8.43 8.37 8.27 99.984 41.92 1e-05 0.001 1024
1.0 11.16 6.46 6.45 6.16 7.16 7.48 7.75 8.08 8.41 8.22 8.38 8.58 7.93 8.33 8.26 7.95 8.2 8.36 8.08 8.41 99.972 42.74 1e-06 0.001 1024
1.0 12.45 7.25 5.78 6.56 7.56 7.81 7.8 8.16 8.26 8.55 8.47 8.23 8.2 7.87 8.49 8.4 8.27 8.53 8.18 8.04 99.984 41.9 1e-07 0.001 1024
1.0 5.77 4.37 4.36 4.99 4.74 5.23 5.11 4.89 4.6 4.78 4.72 4.92 4.83 4.71 4.94 5.06 4.75 5.19 5.11 4.9 99.992 50.86 1e-05 0.001 512
1.0 5.12 4.37 4.25 4.33 4.45 4.6 4.3 4.85 4.71 4.88 4.48 4.69 4.53 4.66 4.93 4.45 4.69 4.65 4.66 4.62 99.994 50.84 1e-06 0.001 512
1.0 3.4 3.04 3.16 2.88 2.98 2.86 2.83 2.78 2.78 2.7 2.68 2.67 2.43 2.66 2.63 2.83 2.96 2.93 2.74 2.82 99.998 59.71 1e-05 0.001 256
1.0 3.83 3.73 3.51 3.64 3.34 3.38 3.52 3.03 3.33 3.28 3.19 3.44 3.5 3.37 3.33 3.25 3.32 3.33 3.25 3.42 100.0 59.84 1e-06 0.001 256
1.0 3.61 3.21 3.15 3.07 2.77 2.93 2.84 2.67 2.77 2.81 2.9 2.83 2.92 2.89 2.99 2.75 2.81 2.88 2.79 2.85 99.992 59.2 1e-07 0.001 256
