1.0 4.46 4.38 4.55 4.61 4.55 4.6 4.63 4.66 4.55 4.47 4.48 4.61 4.55 4.57 4.5 4.55 4.45 4.41 4.46 4.43 99.898 62.14 1e-07 0.1 512
1.0 4.36 4.67 4.59 4.56 4.79 4.62 4.79 4.63 4.56 4.64 4.7 4.62 4.63 4.61 4.59 4.61 4.72 4.62 4.7 4.71 99.966 62.67 1e-06 0.1 512
1.0 4.53 4.61 4.78 4.84 4.96 4.52 4.69 4.74 4.77 4.64 4.58 4.57 4.59 4.49 4.53 4.55 4.61 4.54 4.65 4.6 99.978 60.09 1e-07 0.1 1024
1.0 4.65 4.72 4.65 4.71 4.82 4.97 4.68 4.79 4.65 4.43 4.74 4.68 4.61 4.72 4.65 4.62 4.6 4.68 4.61 4.58 99.972 59.69 1e-05 0.1 1024
1.0 4.48 4.29 4.41 4.71 4.52 4.6 4.59 4.58 4.52 4.52 4.54 4.55 4.44 4.33 4.29 4.4 4.4 4.38 4.35 4.4 99.962 64.83 1e-05 0.1 256
1.0 4.52 4.37 4.12 4.67 4.62 4.6 4.89 4.69 4.79 4.73 4.87 4.63 4.57 4.62 4.8 4.67 4.7 4.75 4.78 4.78 99.964 63.31 1e-05 0.1 512
1.0 4.34 4.44 4.7 4.67 4.71 4.8 4.86 4.75 4.7 4.68 4.71 4.63 4.68 4.61 4.52 4.67 4.7 4.7 4.68 4.59 99.972 59.86 1e-06 0.1 256
1.0 4.41 4.42 4.59 4.79 4.99 4.53 4.71 4.69 4.54 4.67 4.35 4.61 4.69 4.5 4.65 4.67 4.55 4.6 4.53 4.6 99.968 65.08 1e-07 0.1 256
1.0 4.84 4.56 4.88 4.95 5.34 5.5 5.28 5.43 5.39 5.53 5.4 5.62 5.59 5.52 5.64 5.46 5.45 5.6 5.5 5.54 99.94 49.17 1e-05 0.01 1024
1.0 5.16 4.69 5.04 5.13 5.46 5.89 5.74 5.52 5.57 5.72 5.57 5.48 5.81 5.83 5.71 5.64 5.67 5.69 5.71 5.78 99.94 48.34 1e-06 0.01 1024
1.0 4.77 4.82 4.97 5.14 5.47 5.39 5.43 5.65 5.74 5.91 5.77 5.56 5.71 5.79 5.78 5.78 5.92 5.96 5.98 5.87 99.952 47.47 1e-07 0.01 1024
1.0 4.75 4.63 4.87 5.23 5.19 5.38 5.37 5.22 5.54 5.34 5.18 5.34 5.35 5.23 5.18 5.29 5.29 5.39 5.34 5.33 99.97 52.31 1e-05 0.01 512
1.0 4.82 4.76 4.7 5.28 4.93 5.31 5.45 5.24 5.11 5.25 5.18 5.16 4.93 5.08 5.18 5.11 5.13 5.13 5.18 5.21 99.972 51.68 1e-06 0.01 512
1.0 4.89 4.79 4.98 5.27 5.41 5.29 5.64 5.35 5.11 5.42 5.35 5.45 5.35 5.31 5.27 5.37 5.24 5.29 5.24 5.26 99.97 51.45 1e-07 0.01 512
1.0 4.67 4.7 4.87 4.95 4.85 4.92 5.04 5.06 4.8 4.97 5.11 5.03 5.0 4.87 5.06 5.05 5.1 5.09 5.11 4.97 99.972 56.69 1e-05 0.01 256
1.0 4.57 4.71 4.81 4.81 4.79 4.96 4.97 4.98 5.07 4.95 5.05 5.05 5.02 5.1 5.07 4.95 4.93 4.87 4.94 4.93 99.962 56.52 1e-06 0.01 256
1.0 4.57 4.73 4.91 4.83 4.92 4.97 5.01 4.99 4.9 4.75 4.79 4.82 4.82 4.84 4.86 4.78 4.9 4.99 4.93 4.76 99.966 56.21 1e-07 0.01 256
1.0 6.12 6.05 5.69 5.48 5.16 5.03 4.98 4.97 5.11 5.01 5.22 5.24 5.2 5.2 5.3 5.14 5.13 5.23 5.13 5.08 41.754 37.92 1e-05 0.001 1024
1.0 5.68 5.76 5.39 5.17 4.82 5.18 5.04 4.96 5.09 5.07 5.21 5.33 5.24 5.15 5.18 5.21 5.22 5.29 5.2 5.34 41.976 37.64 1e-06 0.001 1024
1.0 6.18 5.69 5.25 5.32 5.32 4.83 5.01 4.95 5.0 4.89 4.97 4.96 5.1 5.07 5.04 5.01 4.99 4.99 5.0 4.96 42.186 38.04 1e-07 0.001 1024
1.0 5.79 5.04 5.17 4.96 4.91 4.93 4.95 4.97 5.21 5.35 5.38 5.41 5.32 5.54 5.67 5.66 5.69 5.68 5.62 5.84 74.722 43.87 1e-05 0.001 512
1.0 5.92 5.38 4.95 4.95 4.85 4.91 5.03 5.14 5.4 5.23 5.59 5.67 5.62 5.73 5.77 5.73 5.82 5.84 5.8 5.9 73.418 42.41 1e-06 0.001 512
1.0 6.12 4.99 4.91 5.16 4.94 4.99 5.24 5.04 5.21 5.1 5.15 5.42 5.33 5.34 5.41 5.5 5.63 5.67 5.68 5.71 73.156 43.04 1e-07 0.001 512
1.0 5.1 4.97 5.02 4.8 5.2 5.36 5.62 5.48 5.55 5.96 5.76 6.05 5.98 6.02 5.92 5.97 6.13 5.93 5.85 5.79 97.494 46.02 1e-05 0.001 256
1.0 5.24 4.96 4.87 5.03 5.01 5.07 5.58 5.83 5.81 5.92 5.96 6.18 6.2 6.31 6.43 6.45 6.37 6.29 6.2 6.21 97.506 45.8 1e-06 0.001 256
1.0 5.3 4.91 4.85 5.08 4.91 4.91 5.38 5.31 5.63 5.78 5.81 5.83 5.87 6.01 6.02 5.95 6.11 6.04 5.95 6.09 97.554 44.64 1e-07 0.001 256
1.0 4.67 4.81 4.59 4.87 4.73 4.63 4.77 4.72 4.73 4.77 4.95 5.0 4.87 5.05 4.98 4.95 4.9 4.98 4.97 4.94 99.978 59.85 1e-05 0.1 1024
1.0 4.43 4.57 4.83 4.93 4.93 4.82 4.58 4.67 4.64 4.79 4.56 4.77 4.75 4.62 4.66 4.66 4.68 4.75 4.7 4.72 99.916 59.12 1e-06 0.1 1024
1.0 4.33 4.66 4.96 4.67 4.68 4.69 4.71 4.62 4.67 4.66 4.54 4.43 4.29 4.4 4.29 4.45 4.34 4.35 4.35 4.35 99.932 59.78 1e-07 0.1 1024
1.0 4.47 4.61 4.58 4.83 4.41 4.71 4.68 4.59 4.59 4.5 4.71 4.66 4.63 4.62 4.63 4.67 4.6 4.65 4.63 4.61 99.97 63.84 1e-05 0.1 512
1.0 4.6 4.54 4.72 4.68 4.36 4.77 4.74 4.54 4.68 4.68 4.68 4.64 4.5 4.52 4.54 4.4 4.54 4.44 4.46 4.53 99.97 62.86 1e-06 0.1 512
1.0 4.63 4.43 4.79 4.64 4.86 4.58 4.86 4.79 4.78 4.76 4.67 4.75 4.65 4.73 4.66 4.74 4.74 4.72 4.69 4.72 99.978 61.42 1e-07 0.1 512
1.0 4.67 4.38 4.43 4.46 4.62 4.6 4.72 4.65 4.58 4.73 4.59 4.52 4.61 4.52 4.6 4.58 4.54 4.52 4.48 4.5 99.974 63.13 1e-05 0.1 256
1.0 4.46 4.38 4.52 4.68 4.71 4.92 4.59 4.64 4.67 4.6 4.73 4.72 4.58 4.57 4.62 4.57 4.68 4.66 4.66 4.64 99.972 63.79 1e-06 0.1 256
1.0 4.33 4.4 4.51 4.69 4.48 4.44 4.45 4.58 4.5 4.62 4.67 4.57 4.38 4.61 4.63 4.61 4.5 4.56 4.62 4.63 99.956 63.99 1e-07 0.1 256
1.0 4.71 4.72 4.83 4.89 4.92 5.13 5.53 5.28 5.01 5.15 5.26 5.22 5.35 5.36 5.33 5.33 5.28 5.3 5.33 5.22 99.966 51.63 1e-05 0.01 512
1.0 4.84 4.86 5.39 5.36 5.28 5.48 5.47 5.3 5.32 5.42 5.36 5.49 5.45 5.22 5.41 5.39 5.37 5.45 5.45 5.43 99.972 51.82 1e-06 0.01 512
1.0 6.27 5.7 5.32 5.11 5.0 5.06 5.09 5.05 5.12 5.05 4.9 4.82 4.9 4.85 4.92 4.77 4.81 4.85 4.87 4.85 41.874 37.28 1e-07 0.001 1024
1.0 4.5 4.77 4.66 4.78 4.71 4.96 4.93 4.76 4.82 4.97 4.92 4.88 4.81 4.93 4.87 4.93 4.81 4.84 4.81 4.87 99.962 57.4 1e-07 0.01 256
1.0 4.76 4.77 4.77 4.93 4.61 4.72 4.7 4.77 4.71 4.9 4.92 4.68 4.85 4.76 4.75 4.76 4.77 4.8 4.86 4.76 99.968 56.96 1e-05 0.01 256
1.0 4.48 4.64 5.0 5.11 5.03 5.13 4.92 5.03 4.92 4.99 5.0 4.93 4.74 4.88 4.95 5.05 4.8 4.95 4.77 4.88 99.958 56.28 1e-06 0.01 256
1.0 6.18 5.65 5.4 5.29 5.16 4.89 5.07 5.04 4.97 5.08 5.07 5.07 5.0 4.99 4.94 4.97 5.04 4.96 4.97 4.97 41.64 36.39 1e-06 0.001 1024
1.0 5.55 5.21 5.1 5.14 4.95 5.28 5.19 5.16 5.42 5.34 5.38 5.69 5.61 5.58 5.76 5.86 5.79 5.87 5.63 5.79 74.31 43.68 1e-05 0.001 512
1.0 5.55 5.2 4.61 4.92 4.93 5.13 5.15 5.07 5.09 5.21 5.27 5.25 5.18 5.21 5.58 5.4 5.48 5.6 5.46 5.52 72.014 42.43 1e-07 0.001 512
1.0 5.76 5.21 5.13 4.96 4.9 5.04 4.99 5.09 5.21 5.27 5.19 5.56 5.48 5.43 5.52 5.41 5.61 5.58 5.5 5.48 73.898 44.09 1e-06 0.001 512
1.0 5.45 4.89 5.0 4.89 5.08 5.25 5.56 5.44 5.52 5.81 5.7 5.87 5.83 6.03 5.82 6.06 6.08 5.91 5.95 5.99 97.256 45.06 1e-05 0.001 256
1.0 5.4 4.83 4.88 4.81 4.96 5.15 5.58 5.37 5.64 5.88 5.76 5.83 5.72 5.96 5.98 5.98 6.0 5.95 5.97 5.96 96.94 45.37 1e-06 0.001 256
1.0 5.22 4.95 4.86 4.91 4.94 5.09 5.15 5.4 5.49 5.53 5.73 5.95 5.98 6.02 5.97 5.98 6.11 6.29 6.17 6.06 97.46 44.5 1e-07 0.001 256
1.0 4.52 4.35 4.74 4.46 4.6 4.68 4.76 4.65 4.86 4.82 4.92 4.96 4.82 4.74 4.82 4.83 4.74 4.75 4.76 4.83 99.984 61.42 1e-05 0.1 1024
1.0 4.66 4.64 4.8 4.68 4.82 4.88 4.79 4.83 4.71 4.86 4.84 4.74 4.7 4.8 4.67 4.67 4.77 4.7 4.76 4.69 99.974 60.3 1e-06 0.1 1024
1.0 4.41 4.4 4.64 4.75 4.71 4.68 4.67 4.4 4.69 4.65 4.45 4.68 4.56 4.53 4.52 4.51 4.59 4.49 4.5 4.51 99.978 60.44 1e-07 0.1 1024
1.0 4.57 4.35 4.32 4.55 4.82 4.81 4.64 4.61 4.78 4.58 4.77 4.64 4.77 4.52 4.6 4.65 4.61 4.7 4.58 4.58 99.974 61.51 1e-05 0.1 512
1.0 4.73 4.57 4.6 4.72 4.82 4.86 4.82 4.81 4.74 4.71 4.94 4.72 4.81 5.02 4.88 4.82 4.78 4.92 4.9 4.85 99.966 62.5 1e-06 0.1 512
1.0 4.32 4.64 4.74 4.73 4.86 4.5 4.81 4.8 4.89 4.69 4.66 4.64 4.72 4.62 4.67 4.64 4.76 4.61 4.61 4.67 99.966 61.51 1e-07 0.1 512
1.0 4.67 4.52 4.85 4.69 4.78 4.91 5.06 4.81 4.85 4.65 4.76 4.71 4.67 4.67 4.75 4.71 4.68 4.67 4.74 4.79 99.97 61.27 1e-05 0.1 256
1.0 4.45 4.45 4.59 4.84 4.82 4.74 4.86 4.81 4.66 4.91 4.59 4.74 4.7 4.57 4.74 4.8 4.74 4.7 4.79 4.69 99.972 64.12 1e-06 0.1 256
1.0 4.51 4.74 4.52 4.96 4.86 4.68 4.81 4.46 4.63 4.61 4.71 4.74 4.71 4.86 4.73 4.64 4.72 4.62 4.7 4.74 99.972 64.27 1e-07 0.1 256
1.0 5.19 5.13 5.32 5.38 5.71 5.81 5.82 5.78 5.84 5.71 5.76 5.81 5.69 6.02 5.85 5.78 5.78 5.83 5.97 5.8 99.946 46.38 1e-05 0.01 1024
1.0 5.23 5.02 4.99 5.14 5.48 5.81 5.87 5.74 5.94 5.79 6.1 6.05 6.05 5.84 6.07 5.96 6.02 5.93 6.0 6.04 99.962 47.5 1e-06 0.01 1024
1.0 4.88 5.1 4.98 5.4 5.43 5.78 5.71 6.12 6.19 6.09 6.28 6.08 6.06 6.1 6.01 6.11 6.14 6.16 6.19 6.07 99.938 48.06 1e-07 0.01 1024
1.0 4.67 4.96 5.1 5.15 5.12 5.4 5.38 5.46 5.47 5.51 5.45 5.52 5.49 5.52 5.55 5.64 5.58 5.52 5.58 5.6 99.962 51.8 1e-05 0.01 512
1.0 4.89 4.96 5.15 5.31 5.24 5.41 5.54 5.47 5.24 5.52 5.35 5.38 5.5 5.29 5.34 5.44 5.32 5.4 5.43 5.41 99.982 52.09 1e-06 0.01 512
1.0 4.93 5.03 5.13 5.43 5.39 5.63 5.66 5.75 5.62 5.61 5.61 5.75 5.72 5.67 5.67 5.67 5.63 5.57 5.66 5.64 99.964 52.69 1e-07 0.01 512
1.0 4.77 4.87 4.91 5.0 4.92 5.02 4.95 5.01 5.09 5.29 5.1 5.04 4.89 5.01 4.88 5.03 4.96 4.98 4.91 5.08 99.97 56.36 1e-05 0.01 256
1.0 4.72 4.65 4.97 4.88 4.97 5.07 4.79 5.19 4.94 5.0 4.9 4.92 5.02 5.11 4.96 5.03 5.08 4.95 4.92 4.93 99.972 56.49 1e-06 0.01 256
1.0 4.6 4.66 5.0 4.79 4.8 5.16 5.1 4.84 4.95 5.1 5.0 4.96 4.97 5.04 4.93 4.84 5.06 4.97 4.92 5.01 99.956 56.88 1e-07 0.01 256
1.0 6.38 5.49 5.51 5.0 5.13 4.96 5.12 5.13 5.18 5.23 5.28 5.03 5.04 5.14 5.08 5.17 5.14 5.15 5.09 5.14 41.968 37.39 1e-05 0.001 1024
1.0 6.08 5.56 5.23 5.1 4.87 4.93 4.69 5.01 5.11 5.1 5.13 5.15 5.32 5.25 5.25 5.2 5.24 5.27 5.3 5.25 41.744 37.34 1e-06 0.001 1024
1.0 6.78 5.87 5.48 5.13 5.01 4.97 4.87 5.17 5.17 5.11 5.22 5.15 4.97 5.11 5.04 5.12 5.05 5.08 5.08 5.07 41.538 37.18 1e-07 0.001 1024
1.0 5.5 5.23 5.09 5.21 5.09 4.85 5.13 5.26 5.17 5.41 5.5 5.59 5.64 5.66 5.7 5.83 5.76 5.79 5.86 5.91 73.236 42.92 1e-05 0.001 512
1.0 5.93 5.08 5.04 5.42 5.08 5.22 5.17 5.41 5.57 5.45 5.29 5.43 5.52 5.59 5.69 5.62 5.58 5.55 5.57 5.63 72.11 44.17 1e-06 0.001 512
1.0 5.66 5.13 5.1 5.19 5.19 5.04 5.24 5.24 5.33 5.4 5.58 5.39 5.75 5.81 5.89 5.9 6.03 5.92 6.05 5.97 73.418 43.24 1e-07 0.001 512
1.0 5.18 5.04 5.19 5.23 5.24 5.53 5.73 5.69 5.88 5.91 6.02 6.15 6.06 6.08 6.14 6.12 6.11 6.02 6.08 6.12 97.34 45.37 1e-05 0.001 256
1.0 5.19 5.07 4.91 5.06 5.23 5.09 5.3 5.62 5.82 5.83 5.88 6.05 5.87 6.02 5.98 6.23 6.1 6.08 6.39 6.23 97.29 45.55 1e-06 0.001 256
1.0 5.33 5.28 4.9 4.86 5.24 5.15 5.56 5.72 5.89 5.94 5.98 6.09 6.06 6.25 6.15 6.16 6.08 6.14 6.2 6.23 97.476 45.93 1e-07 0.001 256
1.0 4.52 4.35 4.74 4.46 4.6 4.68 4.76 4.65 4.86 4.82 4.92 4.96 4.82 4.74 4.82 4.83 4.74 4.75 4.76 4.83 99.984 61.42 1e-05 0.1 1024
1.0 4.66 4.64 4.8 4.68 4.82 4.88 4.79 4.83 4.71 4.86 4.84 4.74 4.7 4.8 4.67 4.67 4.77 4.7 4.76 4.69 99.974 60.3 1e-06 0.1 1024
1.0 4.41 4.4 4.64 4.75 4.71 4.68 4.67 4.4 4.69 4.65 4.45 4.68 4.56 4.53 4.52 4.51 4.59 4.49 4.5 4.51 99.978 60.44 1e-07 0.1 1024
1.0 4.57 4.35 4.32 4.55 4.82 4.81 4.64 4.61 4.78 4.58 4.77 4.64 4.77 4.52 4.6 4.65 4.61 4.7 4.58 4.58 99.974 61.51 1e-05 0.1 512
1.0 4.73 4.57 4.6 4.72 4.82 4.86 4.82 4.81 4.74 4.71 4.94 4.72 4.81 5.02 4.88 4.82 4.78 4.92 4.9 4.85 99.966 62.5 1e-06 0.1 512
1.0 4.32 4.64 4.74 4.73 4.86 4.5 4.81 4.8 4.89 4.69 4.66 4.64 4.72 4.62 4.67 4.64 4.76 4.61 4.61 4.67 99.966 61.51 1e-07 0.1 512
1.0 4.67 4.52 4.85 4.69 4.78 4.91 5.06 4.81 4.85 4.65 4.76 4.71 4.67 4.67 4.75 4.71 4.68 4.67 4.74 4.79 99.97 61.27 1e-05 0.1 256
1.0 4.45 4.45 4.59 4.84 4.82 4.74 4.86 4.81 4.66 4.91 4.59 4.74 4.7 4.57 4.74 4.8 4.74 4.7 4.79 4.69 99.972 64.12 1e-06 0.1 256
1.0 5.19 5.13 5.32 5.38 5.71 5.81 5.82 5.78 5.84 5.71 5.76 5.81 5.69 6.02 5.85 5.78 5.78 5.83 5.97 5.8 99.946 46.38 1e-05 0.01 1024
1.0 5.23 5.02 4.99 5.14 5.48 5.81 5.87 5.74 5.94 5.79 6.1 6.05 6.05 5.84 6.07 5.96 6.02 5.93 6.0 6.04 99.962 47.5 1e-06 0.01 1024
1.0 4.51 4.74 4.52 4.96 4.86 4.68 4.81 4.46 4.63 4.61 4.71 4.74 4.71 4.86 4.73 4.64 4.72 4.62 4.7 4.74 99.972 64.27 1e-07 0.1 256
1.0 4.67 4.96 5.1 5.15 5.12 5.4 5.38 5.46 5.47 5.51 5.45 5.52 5.49 5.52 5.55 5.64 5.58 5.52 5.58 5.6 99.962 51.8 1e-05 0.01 512
1.0 4.88 5.1 4.98 5.4 5.43 5.78 5.71 6.12 6.19 6.09 6.28 6.08 6.06 6.1 6.01 6.11 6.14 6.16 6.19 6.07 99.938 48.06 1e-07 0.01 1024
1.0 4.89 4.96 5.15 5.31 5.24 5.41 5.54 5.47 5.24 5.52 5.35 5.38 5.5 5.29 5.34 5.44 5.32 5.4 5.43 5.41 99.982 52.09 1e-06 0.01 512
1.0 4.93 5.03 5.13 5.43 5.39 5.63 5.66 5.75 5.62 5.61 5.61 5.75 5.72 5.67 5.67 5.67 5.63 5.57 5.66 5.64 99.964 52.69 1e-07 0.01 512
1.0 6.38 5.49 5.51 5.0 5.13 4.96 5.12 5.13 5.18 5.23 5.28 5.03 5.04 5.14 5.08 5.17 5.14 5.15 5.09 5.14 41.968 37.39 1e-05 0.001 1024
1.0 6.08 5.56 5.23 5.1 4.87 4.93 4.69 5.01 5.11 5.1 5.13 5.15 5.32 5.25 5.25 5.2 5.24 5.27 5.3 5.25 41.744 37.34 1e-06 0.001 1024
1.0 4.77 4.87 4.91 5.0 4.92 5.02 4.95 5.01 5.09 5.29 5.1 5.04 4.89 5.01 4.88 5.03 4.96 4.98 4.91 5.08 99.97 56.36 1e-05 0.01 256
1.0 4.72 4.65 4.97 4.88 4.97 5.07 4.79 5.19 4.94 5.0 4.9 4.92 5.02 5.11 4.96 5.03 5.08 4.95 4.92 4.93 99.972 56.49 1e-06 0.01 256
1.0 6.78 5.87 5.48 5.13 5.01 4.97 4.87 5.17 5.17 5.11 5.22 5.15 4.97 5.11 5.04 5.12 5.05 5.08 5.08 5.07 41.538 37.18 1e-07 0.001 1024
1.0 4.6 4.66 5.0 4.79 4.8 5.16 5.1 4.84 4.95 5.1 5.0 4.96 4.97 5.04 4.93 4.84 5.06 4.97 4.92 5.01 99.956 56.88 1e-07 0.01 256
1.0 5.66 5.13 5.1 5.19 5.19 5.04 5.24 5.24 5.33 5.4 5.58 5.39 5.75 5.81 5.89 5.9 6.03 5.92 6.05 5.97 73.418 43.24 1e-07 0.001 512
1.0 5.18 5.04 5.19 5.23 5.24 5.53 5.73 5.69 5.88 5.91 6.02 6.15 6.06 6.08 6.14 6.12 6.11 6.02 6.08 6.12 97.34 45.37 1e-05 0.001 256
1.0 5.93 5.08 5.04 5.42 5.08 5.22 5.17 5.41 5.57 5.45 5.29 5.43 5.52 5.59 5.69 5.62 5.58 5.55 5.57 5.63 72.11 44.17 1e-06 0.001 512
1.0 5.19 5.07 4.91 5.06 5.23 5.09 5.3 5.62 5.82 5.83 5.88 6.05 5.87 6.02 5.98 6.23 6.1 6.08 6.39 6.23 97.29 45.55 1e-06 0.001 256
1.0 5.5 5.23 5.09 5.21 5.09 4.85 5.13 5.26 5.17 5.41 5.5 5.59 5.64 5.66 5.7 5.83 5.76 5.79 5.86 5.91 73.236 42.92 1e-05 0.001 512
1.0 5.33 5.28 4.9 4.86 5.24 5.15 5.56 5.72 5.89 5.94 5.98 6.09 6.06 6.25 6.15 6.16 6.08 6.14 6.2 6.23 97.476 45.93 1e-07 0.001 256
