1.0 5.15 5.09 5.35 5.67 5.79 5.48 5.67 5.48 5.49 5.42 5.64 5.65 5.66 5.73 5.68 5.8 5.78 5.81 5.83 5.74 99.976 55.12 1e-05 0.1 1024
1.0 5.44 5.24 5.22 5.92 5.7 5.59 6.08 5.74 5.87 5.76 5.62 5.57 5.92 5.78 5.75 5.86 5.94 5.88 5.76 5.68 99.976 53.17 1e-06 0.1 1024
1.0 5.04 5.11 4.91 4.93 5.29 5.75 5.31 5.82 5.49 5.28 5.26 5.36 5.37 5.18 5.3 5.37 5.38 5.34 5.4 5.36 99.96 58.69 1e-06 0.1 512
1.0 5.31 5.34 5.3 5.58 5.69 5.74 5.55 5.43 5.63 5.46 5.66 5.8 5.72 5.62 5.65 5.75 5.7 5.75 5.62 5.7 99.968 53.94 1e-07 0.1 1024
1.0 4.83 4.73 4.79 5.44 5.36 5.46 5.28 5.24 5.18 5.39 5.3 5.36 5.25 5.21 5.25 5.32 5.31 5.26 5.18 5.2 99.97 58.86 1e-05 0.1 512
1.0 4.7 5.0 5.1 4.92 5.08 5.0 5.7 5.36 5.43 5.18 5.13 5.29 5.45 5.12 5.33 5.37 5.23 5.33 5.39 5.28 99.974 58.14 1e-07 0.1 512
1.0 4.8 4.89 5.31 5.05 4.94 4.98 5.24 5.07 4.98 5.16 5.25 5.2 5.17 5.3 5.08 5.07 5.19 5.16 5.26 5.35 99.972 59.63 1e-05 0.1 256
1.0 10.63 7.26 6.04 5.73 6.3 6.55 6.73 7.26 7.13 7.15 7.16 7.16 7.92 7.5 7.71 7.62 7.61 7.7 7.72 7.7 99.326 44.59 1e-06 0.01 1024
1.0 9.75 6.69 6.08 5.87 6.34 5.92 6.58 6.73 6.9 7.36 6.93 7.02 7.17 7.21 7.02 7.01 7.08 7.02 7.02 7.11 99.436 45.14 1e-05 0.01 1024
1.0 4.35 4.82 4.81 5.1 5.12 5.09 5.17 5.08 4.84 5.04 5.01 5.11 4.98 5.17 5.02 5.18 5.06 5.05 4.89 5.02 99.964 60.09 1e-07 0.1 256
1.0 4.89 4.82 4.8 5.19 4.86 4.87 5.18 4.99 5.53 5.28 5.33 5.09 4.98 5.22 5.14 5.33 5.18 5.23 5.1 5.13 99.956 60.46 1e-06 0.1 256
1.0 6.55 5.71 5.44 5.93 6.22 6.6 6.62 6.89 7.06 7.14 6.79 7.0 6.67 6.63 6.61 6.91 6.73 6.63 6.88 6.64 99.874 50.34 1e-06 0.01 512
1.0 10.4 7.01 6.38 5.88 5.85 6.83 6.36 7.06 6.59 7.26 6.85 7.01 7.57 7.15 7.35 7.08 6.91 7.11 6.89 7.01 99.396 46.62 1e-07 0.01 1024
1.0 6.95 5.81 5.51 5.85 6.6 6.3 6.67 6.66 6.48 6.21 6.52 6.35 6.38 6.42 6.34 6.42 6.4 6.44 6.38 6.32 99.864 50.39 1e-07 0.01 512
1.0 100.61 72.17 49.51 36.46 23.39 19.17 16.57 15.3 13.68 12.67 12.28 10.83 10.7 10.72 10.61 10.26 10.09 10.46 10.23 10.5 21.784 21.79 1e-06 0.001 1024
1.0 5.51 5.02 5.36 5.73 5.88 6.07 6.33 5.78 5.76 6.03 5.92 6.39 6.45 6.18 6.07 5.65 5.73 5.87 5.82 5.83 99.938 53.14 1e-05 0.01 256
1.0 5.41 5.24 5.3 6.0 5.74 6.08 5.78 5.89 5.61 5.71 5.78 6.09 6.12 6.02 5.81 5.84 5.91 5.74 5.76 5.61 99.924 53.31 1e-07 0.01 256
1.0 6.65 5.87 5.45 5.97 5.9 6.47 6.38 6.55 6.36 6.37 6.58 6.93 6.46 6.48 6.58 6.61 6.75 6.52 6.74 6.49 99.874 50.36 1e-05 0.01 512
1.0 5.53 5.09 5.44 5.58 5.54 5.79 6.05 6.06 6.33 5.72 5.88 5.75 5.96 5.68 5.87 5.98 5.99 5.8 5.85 5.99 99.922 54.41 1e-06 0.01 256
1.0 57.45 28.05 16.55 12.76 9.72 8.94 8.05 7.64 7.19 7.42 7.31 7.22 6.82 7.0 6.89 6.76 6.77 6.8 6.92 7.06 40.552 36.08 1e-05 0.001 512
1.0 97.14 55.94 31.93 24.45 19.69 16.03 14.13 13.15 11.84 11.5 10.69 10.28 9.85 9.94 9.84 9.4 8.87 9.45 9.3 9.13 22.4 22.69 1e-05 0.001 1024
1.0 94.43 66.17 38.98 27.92 21.06 15.47 14.41 13.83 12.47 12.09 10.88 10.52 10.34 10.54 10.16 10.3 9.81 10.38 9.79 9.92 23.228 22.58 1e-07 0.001 1024
1.0 71.73 37.08 16.53 13.4 11.33 9.27 8.2 7.38 7.36 6.95 7.13 6.77 6.98 6.96 6.61 6.75 6.78 6.97 7.22 6.85 39.046 35.73 1e-07 0.001 512
1.0 20.77 11.77 9.35 7.23 6.61 6.9 6.38 6.5 6.49 6.37 6.82 6.46 6.8 6.72 7.3 7.24 7.07 7.05 6.91 7.28 71.174 44.57 1e-05 0.001 256
1.0 4.82 4.71 4.82 5.37 5.01 5.2 4.94 5.35 5.29 5.45 5.55 5.24 5.33 5.48 5.43 5.52 5.33 5.38 5.4 5.3 99.958 58.6 1e-06 0.1 512
1.0 35.47 14.7 9.5 7.43 6.45 6.6 6.64 6.49 6.83 6.67 6.95 6.74 7.13 7.29 7.23 7.26 7.42 7.35 7.31 7.37 68.59 43.64 1e-06 0.001 256
1.0 4.97 4.74 4.77 5.05 5.21 5.09 5.14 4.95 5.14 5.22 5.14 4.97 5.35 5.14 5.37 5.25 5.19 5.24 5.21 5.17 99.96 59.74 1e-07 0.1 256
1.0 6.65 6.09 5.67 5.52 5.93 5.97 6.15 6.19 6.48 6.13 6.65 6.37 6.68 6.29 6.76 6.54 6.44 6.59 6.32 6.31 99.856 50.67 1e-05 0.01 512
1.0 10.19 7.15 6.17 6.16 6.29 6.41 6.41 7.02 7.07 7.27 7.41 7.39 7.49 7.32 7.76 7.78 7.53 7.39 7.46 7.42 99.29 45.87 1e-07 0.01 1024
1.0 6.22 5.96 6.04 6.01 6.31 5.92 6.41 6.43 6.73 6.61 6.89 6.73 6.63 6.36 6.54 6.66 6.75 6.47 6.52 6.64 99.848 49.73 1e-06 0.01 512
1.0 4.73 4.83 5.11 4.94 4.95 5.41 5.06 5.51 4.98 5.29 5.15 5.12 5.31 5.2 5.13 5.43 5.34 5.29 5.32 5.48 99.942 59.24 1e-06 0.1 256
1.0 9.41 6.99 5.75 6.23 6.26 6.52 6.67 7.0 7.0 7.7 7.23 7.62 7.44 7.7 7.49 7.78 7.54 7.73 7.47 7.51 99.32 47.83 1e-06 0.01 1024
1.0 5.0 4.58 4.94 5.14 5.2 5.27 5.16 5.1 4.91 5.1 5.12 5.01 5.03 4.94 4.87 4.91 4.91 4.95 4.96 4.98 99.972 61.75 1e-05 0.1 256
1.0 6.76 5.66 5.49 5.6 6.12 6.18 6.76 6.37 6.54 6.45 6.34 6.46 6.38 6.56 6.32 6.24 6.25 6.38 6.51 6.38 99.884 50.44 1e-07 0.01 512
1.0 98.53 75.44 61.45 40.49 25.32 19.6 18.27 15.33 13.72 12.66 12.22 11.21 11.48 10.53 10.06 10.64 10.52 10.85 10.75 10.64 22.382 22.76 1e-05 0.001 1024
1.0 5.69 4.9 5.32 5.57 5.57 5.63 5.51 5.61 5.75 5.78 5.86 5.81 5.75 5.73 5.75 5.58 5.89 5.71 5.58 5.8 99.93 53.23 1e-05 0.01 256
1.0 94.78 76.49 59.97 36.35 22.91 19.56 17.65 14.51 13.37 13.03 12.11 12.32 11.09 10.57 10.52 10.41 10.27 9.79 10.04 10.08 22.328 22.34 1e-06 0.001 1024
1.0 5.69 5.4 5.45 5.25 5.55 5.58 5.81 5.83 5.75 5.8 5.59 5.8 5.65 5.65 5.73 5.91 5.67 5.76 5.77 5.58 99.908 54.37 1e-06 0.01 256
1.0 77.23 38.2 19.34 14.07 11.85 10.2 9.32 7.9 7.35 7.23 7.58 7.42 7.65 7.21 7.18 7.45 7.42 7.38 7.22 7.16 38.72 35.3 1e-05 0.001 512
1.0 75.27 35.11 17.29 14.91 11.28 9.14 7.8 7.82 7.1 7.11 7.02 6.58 6.85 6.7 6.6 6.6 6.84 6.66 6.77 6.54 40.328 36.66 1e-06 0.001 512
1.0 31.06 13.28 8.43 7.5 6.95 6.78 6.8 6.19 6.92 6.61 6.58 6.53 6.85 6.75 7.02 6.84 6.82 6.93 6.99 6.83 69.388 46.09 1e-05 0.001 256
1.0 64.59 28.22 16.41 13.09 10.09 8.79 9.18 8.26 8.13 7.36 7.56 7.64 7.62 7.48 7.69 7.53 7.12 7.58 7.46 7.38 40.628 37.32 1e-07 0.001 512
1.0 30.11 13.2 7.97 7.47 6.74 6.74 6.58 6.82 6.92 6.51 6.71 6.57 6.75 7.12 6.89 7.06 7.08 7.16 7.45 7.3 70.04 45.02 1e-07 0.001 256
1.0 5.75 5.17 5.75 5.52 5.62 5.9 6.1 6.17 5.86 5.82 5.68 5.94 5.76 5.73 5.8 5.74 5.8 5.78 5.77 6.01 99.96 52.41 1e-05 0.1 1024
1.0 5.32 5.15 5.77 5.69 5.69 5.72 5.7 6.19 5.72 5.84 5.8 5.86 5.71 5.79 5.7 5.68 5.81 5.68 5.67 5.75 99.976 55.66 1e-06 0.1 1024
1.0 5.77 5.36 5.53 5.87 5.8 5.92 5.99 5.76 5.74 5.69 5.95 5.56 5.53 5.67 5.81 5.77 5.71 5.61 5.59 5.71 99.964 54.51 1e-07 0.1 1024
1.0 4.96 5.02 5.31 5.59 5.54 5.62 5.71 5.52 5.43 5.45 5.73 5.61 5.54 5.71 5.36 5.58 5.56 5.39 5.43 5.37 99.966 57.13 1e-05 0.1 512
1.0 5.03 5.17 5.33 5.4 5.48 5.73 5.77 5.64 5.44 5.63 5.69 5.51 5.77 5.91 5.82 5.84 5.61 5.62 5.58 5.49 99.962 56.7 1e-06 0.1 512
1.0 4.92 5.36 5.14 5.68 5.75 5.49 5.85 5.74 5.78 5.61 5.7 5.49 5.53 5.46 5.54 5.42 5.49 5.48 5.74 5.51 99.974 57.19 1e-07 0.1 512
1.0 4.79 5.13 5.02 5.29 5.2 5.16 5.18 5.62 5.74 5.22 5.33 5.37 5.3 5.36 5.27 5.19 5.17 5.22 5.18 5.47 99.974 60.78 1e-05 0.1 256
1.0 5.05 5.15 5.02 5.25 5.27 5.39 5.38 5.59 5.36 5.33 5.49 5.16 5.16 5.17 5.24 5.14 5.13 5.17 5.09 5.17 99.962 60.2 1e-06 0.1 256
1.0 4.68 5.09 4.98 5.37 5.41 5.52 5.07 5.12 5.43 5.33 5.18 5.28 5.34 5.48 5.13 5.32 5.27 5.23 5.33 5.25 99.958 60.82 1e-07 0.1 256
1.0 11.06 7.06 6.05 6.32 6.3 6.62 7.26 7.34 7.06 7.64 7.28 7.21 7.87 7.71 7.41 7.18 7.58 7.59 7.44 7.41 99.286 47.55 1e-05 0.01 1024
1.0 10.89 7.09 6.33 6.03 6.05 6.45 6.95 7.23 7.32 7.34 7.29 7.38 7.35 7.04 7.11 7.26 7.58 7.36 7.28 7.3 99.35 47.61 1e-06 0.01 1024
1.0 11.41 6.83 6.43 6.13 6.09 6.85 6.91 7.01 7.12 7.38 7.1 7.43 7.38 7.15 7.35 7.18 7.44 7.38 7.14 7.36 99.346 47.02 1e-07 0.01 1024
1.0 6.61 5.89 6.04 6.05 6.52 6.23 6.88 6.97 6.82 6.95 7.01 7.08 7.02 6.84 6.77 6.76 6.73 6.58 6.79 6.56 99.872 49.51 1e-05 0.01 512
1.0 6.71 6.01 6.08 6.08 6.23 6.51 6.73 7.09 6.68 6.86 7.21 7.36 6.93 6.81 6.83 7.01 7.37 7.2 7.14 7.08 99.866 50.41 1e-06 0.01 512
1.0 6.73 5.78 6.07 5.84 6.01 6.58 6.5 6.64 6.5 6.48 6.58 6.77 6.85 6.77 6.78 6.77 6.64 6.62 6.6 6.75 99.832 51.18 1e-07 0.01 512
1.0 5.41 5.17 5.64 5.51 5.89 5.7 6.12 6.15 6.08 5.78 6.07 6.17 6.13 6.1 5.93 6.14 6.08 6.18 6.08 6.13 99.912 56.0 1e-05 0.01 256
1.0 5.85 5.61 5.54 5.81 5.92 6.27 6.22 6.24 6.2 6.1 5.92 6.27 6.33 6.15 6.12 6.4 6.17 6.11 6.18 6.28 99.92 54.1 1e-06 0.01 256
1.0 5.71 5.47 5.42 5.61 6.05 6.07 6.08 6.05 5.92 5.85 6.13 6.0 5.62 5.84 5.81 5.92 5.72 5.87 5.73 5.86 99.91 54.45 1e-07 0.01 256
1.0 99.13 69.35 56.56 36.89 25.37 20.03 16.81 15.07 14.25 13.31 11.9 11.31 11.41 10.31 10.63 10.91 11.03 11.01 11.05 10.98 21.77 21.46 1e-05 0.001 1024
1.0 101.26 66.51 63.34 42.0 28.06 21.37 18.26 16.8 14.7 13.48 13.14 12.79 12.25 12.11 12.08 11.71 11.58 11.76 11.78 12.05 20.466 20.37 1e-06 0.001 1024
1.0 98.73 71.6 59.72 35.57 24.18 20.13 15.95 14.47 13.65 12.56 12.62 12.04 11.4 10.51 10.24 10.65 10.83 10.67 11.06 10.68 21.344 21.8 1e-07 0.001 1024
1.0 61.94 32.72 17.81 14.03 11.4 9.84 8.54 7.99 7.8 7.68 7.56 7.27 6.94 7.02 6.86 6.91 6.84 6.86 6.86 6.74 39.392 35.88 1e-05 0.001 512
1.0 67.52 31.39 17.28 13.64 11.36 10.1 8.88 8.24 7.91 7.83 7.61 7.25 7.34 7.49 7.31 7.24 7.29 7.33 7.24 7.48 39.256 35.9 1e-06 0.001 512
1.0 64.56 34.37 20.14 13.94 10.37 9.15 8.34 8.29 7.75 7.83 7.6 7.27 6.91 6.96 7.04 7.02 7.46 7.18 7.29 6.95 40.2 36.56 1e-07 0.001 512
1.0 28.16 13.04 8.96 7.48 7.35 6.73 6.75 6.47 6.39 6.39 6.92 6.96 6.91 6.86 7.38 7.24 7.37 7.58 7.42 7.24 68.786 45.79 1e-05 0.001 256
1.0 32.71 13.78 9.59 8.0 7.28 6.7 6.89 6.87 6.8 6.72 7.03 7.29 6.95 7.15 7.17 7.07 7.41 7.5 7.57 7.66 68.672 45.68 1e-06 0.001 256
1.0 33.63 11.47 8.66 7.63 7.02 6.66 6.31 6.66 6.26 6.46 6.89 6.57 6.71 7.08 7.15 7.51 6.9 6.86 6.9 7.33 69.336 44.25 1e-07 0.001 256
