1.48 4.49 4.6 4.7 4.57 4.77 4.65 4.82 4.64 4.61 4.64 4.71 4.66 4.63 4.83 4.72 4.64 4.64 4.74 4.71 4.64 99.97 70.01 1e-05 0.1 1024
1.48 4.77 4.47 4.85 4.48 4.71 4.61 4.97 4.78 4.79 4.91 4.67 4.79 4.71 4.65 4.79 4.81 4.81 4.89 4.86 4.81 99.974 69.1 1e-06 0.1 1024
1.48 4.61 4.79 4.56 4.81 4.75 4.71 4.76 4.94 4.84 4.78 4.8 4.81 4.79 4.73 4.81 4.82 4.71 4.69 4.66 4.66 99.968 69.13 1e-07 0.1 1024
1.48 4.48 4.42 4.72 4.6 4.83 4.61 4.65 4.65 4.72 4.67 4.65 4.81 4.78 4.77 4.75 4.67 4.72 4.78 4.71 4.76 99.974 70.33 1e-05 0.1 512
1.48 4.85 4.38 4.66 4.76 4.79 4.8 4.9 4.77 4.9 4.74 4.63 4.87 4.73 4.72 4.74 4.77 4.8 4.81 4.79 4.77 99.978 70.13 1e-06 0.1 512
1.48 4.51 4.44 4.68 4.8 4.87 4.83 4.86 5.01 4.68 4.77 4.9 5.01 4.92 5.0 4.99 4.98 5.02 5.03 5.02 5.01 99.974 70.04 1e-07 0.1 512
1.48 4.36 4.27 4.45 4.68 4.62 4.52 4.57 4.53 4.6 4.64 4.54 4.61 4.76 4.65 4.59 4.54 4.63 4.71 4.67 4.71 99.978 71.49 1e-05 0.1 256
1.48 4.52 4.7 4.35 4.54 4.6 4.63 4.48 4.67 4.63 4.47 4.42 4.71 4.54 4.62 4.68 4.66 4.65 4.64 4.51 4.73 99.974 70.53 1e-06 0.1 256
1.48 6.02 5.64 5.16 5.2 5.38 5.62 6.07 5.64 5.99 5.77 6.13 6.12 6.31 6.29 6.04 6.3 6.23 6.11 6.32 6.36 99.914 56.59 1e-06 0.01 1024
1.48 4.76 4.61 4.74 4.38 4.69 4.62 4.75 4.57 4.52 4.54 4.6 4.54 4.5 4.55 4.56 4.67 4.58 4.7 4.54 4.68 99.976 72.45 1e-07 0.1 256
1.48 5.21 4.82 4.85 5.51 5.15 5.38 5.3 5.25 5.54 5.34 5.64 5.52 5.54 5.63 5.56 5.49 5.6 5.57 5.59 5.55 99.966 61.71 1e-06 0.01 512
1.48 5.36 5.26 5.04 5.25 5.27 5.23 5.37 5.27 5.65 5.42 5.34 5.68 5.44 5.61 5.54 5.52 5.59 5.64 5.59 5.56 99.96 62.88 1e-05 0.01 512
1.48 4.84 4.87 4.86 4.79 5.07 4.88 5.12 5.23 4.99 5.09 4.98 5.03 5.05 5.01 5.05 5.09 5.01 5.22 5.21 4.93 99.982 66.2 1e-06 0.01 256
1.48 11.88 7.53 6.61 7.05 6.79 6.32 6.2 5.98 5.87 6.13 6.03 6.19 6.01 6.07 6.13 6.02 5.94 6.05 5.89 5.96 38.032 34.12 1e-06 0.001 1024
1.48 4.76 5.05 4.9 4.93 5.11 4.88 4.68 4.96 4.95 5.14 5.02 5.16 4.92 4.98 5.07 4.85 4.96 5.01 4.95 4.97 99.978 67.04 1e-05 0.01 256
1.48 4.94 4.8 5.06 4.73 4.93 4.9 4.94 5.17 4.98 4.91 4.95 4.88 5.09 5.06 4.95 5.21 5.08 5.22 5.15 5.14 99.972 67.21 1e-07 0.01 256
1.48 8.07 6.78 6.21 5.76 6.17 5.99 5.61 5.83 5.94 5.99 6.04 6.09 6.21 6.24 6.31 6.59 6.31 6.46 6.53 6.67 58.398 46.34 1e-05 0.001 512
1.48 7.77 6.6 6.22 6.39 6.03 5.83 5.74 5.96 5.5 6.0 5.92 5.94 6.27 5.98 6.01 6.34 6.29 6.23 6.11 6.16 58.64 46.52 1e-07 0.001 512
1.48 6.8 5.71 5.92 5.42 5.47 5.58 5.44 5.73 6.21 6.17 6.09 6.17 6.43 6.12 6.1 6.37 6.21 6.33 6.41 6.26 86.91 53.33 1e-05 0.001 256
1.48 7.5 6.66 6.67 6.06 5.89 5.67 5.67 5.8 6.19 6.02 6.02 5.82 6.11 6.0 5.85 6.19 5.98 5.99 6.15 6.15 57.306 46.47 1e-06 0.001 512
1.48 6.75 5.94 5.37 5.13 5.34 5.42 5.52 5.6 5.72 5.52 5.8 5.79 5.85 5.96 6.27 6.1 6.23 6.29 6.02 6.09 87.206 53.67 1e-07 0.001 256
2.21 4.98 4.55 4.37 4.25 4.69 4.85 4.74 4.5 4.57 4.49 4.52 4.52 4.58 4.51 4.47 4.59 4.57 4.61 4.58 4.58 99.982 69.9 1e-05 0.1 1024
2.21 4.34 4.12 4.58 4.59 4.82 4.83 4.6 4.54 4.77 4.76 4.83 4.74 4.79 4.7 4.7 4.77 4.79 4.73 4.73 4.81 99.98 68.82 1e-06 0.1 1024
1.48 6.49 5.78 5.74 5.59 5.43 5.47 5.36 5.65 5.77 5.65 5.8 6.19 6.2 6.05 6.01 6.44 6.26 6.4 6.42 6.4 87.578 53.09 1e-06 0.001 256
2.21 4.26 4.33 4.55 4.73 4.47 4.57 4.52 4.69 4.53 4.56 4.5 4.63 4.69 4.63 4.64 4.65 4.64 4.6 4.61 4.5 99.98 70.56 1e-06 0.1 512
2.21 4.36 4.32 4.44 4.59 4.52 4.45 4.39 4.64 4.31 4.45 4.45 4.37 4.66 4.58 4.51 4.53 4.52 4.52 4.53 4.55 99.978 72.03 1e-05 0.1 256
2.21 4.52 4.3 4.7 4.54 4.65 4.51 4.76 4.62 4.56 4.49 4.41 4.56 4.37 4.4 4.41 4.43 4.4 4.45 4.34 4.34 99.984 71.64 1e-05 0.1 512
2.21 5.91 5.42 5.28 5.24 5.37 5.34 5.61 5.62 5.61 6.06 5.7 6.05 5.7 5.76 5.78 5.67 5.85 5.83 5.83 5.97 99.922 56.77 1e-06 0.01 1024
2.21 4.59 4.38 4.64 4.7 4.77 4.75 4.52 4.57 4.8 4.6 4.72 4.89 4.79 4.74 4.78 4.68 4.65 4.74 4.7 4.71 99.978 71.6 1e-06 0.1 256
2.21 4.48 4.17 4.39 4.64 4.61 4.6 4.34 4.59 4.47 4.51 4.49 4.46 4.61 4.55 4.57 4.6 4.57 4.53 4.6 4.54 99.98 71.31 1e-07 0.1 256
2.21 4.86 4.76 5.04 5.05 5.11 5.05 5.42 5.78 5.41 5.52 5.46 5.33 5.51 5.44 5.43 5.36 5.51 5.42 5.55 5.45 99.968 62.15 1e-07 0.01 512
2.21 5.03 4.72 4.85 5.16 5.44 5.14 5.2 5.29 5.5 5.3 5.28 5.39 5.5 5.41 5.65 5.48 5.53 5.52 5.51 5.45 99.972 62.14 1e-06 0.01 512
2.21 13.35 7.68 6.9 6.32 5.77 6.48 6.28 6.21 5.78 5.81 6.09 6.18 6.06 5.69 5.84 5.9 5.94 5.97 5.93 5.89 39.048 35.32 1e-07 0.001 1024
2.21 12.73 7.36 7.19 6.24 6.31 6.04 6.11 6.27 5.93 5.76 6.0 5.89 5.78 5.93 6.0 6.2 6.03 6.18 6.3 6.05 39.26 34.98 1e-06 0.001 1024
2.21 15.77 8.0 7.16 6.58 6.47 6.29 5.99 6.29 6.17 5.98 6.16 5.94 5.64 5.76 5.91 5.9 5.67 5.71 5.71 5.74 38.902 34.77 1e-05 0.001 1024
2.21 8.78 6.72 6.38 5.95 5.78 5.84 6.01 5.77 6.57 5.99 6.16 5.99 6.49 6.24 6.47 6.49 6.53 6.7 6.65 6.73 58.442 45.69 1e-05 0.001 512
2.21 4.67 4.66 4.73 4.76 5.02 4.7 4.77 4.91 4.63 4.55 4.82 4.84 4.71 4.81 4.92 4.87 4.86 4.89 4.97 4.85 99.972 67.21 1e-05 0.01 256
2.21 8.48 6.08 6.12 5.93 5.49 5.51 5.9 5.7 5.87 5.98 5.71 5.74 5.93 5.82 6.01 5.95 6.12 5.93 6.09 5.98 58.656 46.62 1e-06 0.001 512
2.21 4.88 4.96 4.65 4.5 4.82 4.72 4.67 4.96 4.78 4.9 4.73 4.78 4.78 4.88 4.85 4.68 4.7 4.75 4.66 4.84 99.974 66.62 1e-07 0.01 256
2.21 7.96 6.14 6.04 5.98 5.73 5.58 5.48 5.73 5.53 5.75 5.38 5.54 5.7 5.78 5.78 5.87 5.86 5.98 6.21 5.92 58.578 46.38 1e-07 0.001 512
1.45 4.63 4.61 4.53 4.6 4.87 5.06 4.83 4.61 4.6 4.64 4.76 4.61 4.68 4.79 4.65 4.69 4.63 4.62 4.54 4.62 99.994 70.18 1e-05 0.1 1024
1.45 4.86 4.65 4.77 4.72 4.79 4.96 4.92 4.78 4.78 4.77 4.82 4.72 4.92 4.68 4.79 4.85 4.79 4.79 4.75 4.86 99.984 69.85 1e-06 0.1 1024
1.45 4.68 4.35 4.56 4.49 4.33 4.58 4.54 4.77 4.71 4.57 4.54 4.61 4.5 4.63 4.54 4.56 4.5 4.55 4.55 4.57 99.984 70.81 1e-07 0.1 1024
1.45 4.8 4.43 4.68 4.45 4.51 4.73 4.46 4.48 4.42 4.59 4.49 4.48 4.46 4.47 4.42 4.55 4.44 4.35 4.45 4.37 99.976 71.04 1e-05 0.1 512
1.45 4.52 4.59 4.94 4.84 4.75 4.89 4.87 4.9 4.88 4.8 4.71 4.72 4.64 4.59 4.62 4.58 4.66 4.59 4.6 4.58 99.976 70.93 1e-06 0.1 512
1.45 4.65 4.73 4.61 4.92 4.81 4.67 4.39 4.52 4.58 4.49 4.56 4.65 4.62 4.53 4.62 4.51 4.61 4.53 4.55 4.44 99.978 71.26 1e-07 0.1 512
1.45 4.39 4.54 4.34 4.61 4.43 4.61 4.57 4.51 4.52 4.57 4.54 4.59 4.44 4.46 4.5 4.53 4.58 4.5 4.59 4.56 99.978 70.78 1e-06 0.1 256
1.45 5.77 5.55 5.53 5.45 5.71 5.98 6.09 6.06 5.99 6.27 5.92 6.05 6.21 6.44 6.22 6.55 6.52 6.39 6.45 6.4 99.926 57.07 1e-05 0.01 1024
1.45 5.85 5.49 5.26 5.19 5.61 5.72 5.8 5.96 5.98 6.47 6.47 6.14 6.49 6.47 6.41 6.55 6.75 6.55 6.49 6.67 99.924 56.4 1e-06 0.01 1024
1.45 5.87 5.38 5.09 5.45 5.53 5.78 5.61 6.05 5.96 6.11 6.04 5.85 6.53 6.15 6.31 6.07 6.2 6.12 6.09 6.14 99.918 57.29 1e-07 0.01 1024
1.45 4.33 4.45 4.51 4.62 4.38 4.48 4.47 4.31 4.26 4.16 4.31 4.3 4.18 4.24 4.23 4.31 4.25 4.18 4.16 4.17 99.984 72.05 1e-05 0.1 256
1.45 4.99 4.98 4.96 5.24 5.16 5.15 5.39 5.24 5.33 5.32 5.37 5.29 5.39 5.3 5.16 5.17 5.2 5.28 5.23 5.32 99.964 63.06 1e-06 0.01 512
1.45 5.36 5.05 5.47 5.24 5.49 5.42 5.41 5.45 5.56 5.46 5.78 5.66 5.46 5.47 5.51 5.51 5.58 5.49 5.56 5.53 99.968 62.86 1e-07 0.01 512
1.45 4.97 4.93 4.79 5.17 5.43 5.14 5.3 5.31 5.17 5.25 5.4 4.99 5.25 5.07 5.19 5.12 5.21 5.2 5.13 5.2 99.958 63.07 1e-05 0.01 512
1.45 4.51 4.59 4.46 4.83 4.47 4.39 4.44 4.42 4.51 4.4 4.42 4.52 4.37 4.49 4.44 4.42 4.52 4.51 4.42 4.52 99.982 72.58 1e-07 0.1 256
1.45 13.77 7.81 6.67 6.97 6.59 6.4 6.46 6.49 6.27 6.43 6.38 6.45 6.03 6.23 6.5 6.26 6.18 6.23 6.23 6.29 39.186 35.76 1e-05 0.001 1024
1.45 10.63 7.47 7.09 7.09 6.55 6.52 6.78 6.28 6.46 6.44 6.43 6.35 6.29 6.13 6.36 6.08 6.18 5.96 6.18 6.08 39.588 35.63 1e-06 0.001 1024
1.45 11.69 7.42 7.59 6.74 7.02 6.63 6.49 6.4 6.56 6.01 5.98 6.13 6.34 6.03 6.01 6.17 5.93 5.94 6.08 6.08 39.532 36.03 1e-07 0.001 1024
1.45 5.07 4.71 5.0 5.27 4.83 5.02 5.14 4.97 5.35 5.29 5.06 5.19 5.17 5.13 5.13 5.1 5.29 5.29 5.2 5.15 99.974 66.49 1e-05 0.01 256
1.45 4.7 4.64 5.07 5.08 4.87 4.91 4.95 5.21 5.22 5.06 4.84 5.05 4.98 5.09 5.03 5.13 5.0 5.04 5.0 4.96 99.972 66.83 1e-06 0.01 256
1.45 7.9 6.57 6.66 6.34 6.08 5.95 5.79 5.8 5.92 5.71 5.86 5.78 6.21 6.09 6.02 6.37 6.3 6.33 6.27 6.16 59.192 47.13 1e-06 0.001 512
1.45 4.99 4.71 4.91 4.79 4.78 5.0 4.99 4.99 5.09 5.08 5.02 5.21 5.11 5.0 5.03 4.97 4.83 4.82 4.69 4.91 99.984 66.78 1e-07 0.01 256
1.45 7.74 6.56 6.39 6.07 5.83 5.86 5.77 5.86 5.95 6.04 6.03 6.26 6.0 5.93 6.13 6.19 6.02 6.13 6.13 6.19 59.568 47.48 1e-05 0.001 512
1.45 8.32 6.79 6.47 6.08 6.36 6.08 5.76 5.96 5.83 6.14 5.91 5.8 6.2 6.28 6.3 6.32 6.04 6.01 5.98 6.17 58.532 47.33 1e-07 0.001 512
1.45 6.88 6.52 5.78 5.64 5.87 5.8 6.04 6.08 6.32 5.98 5.88 6.02 6.03 6.23 5.99 6.24 6.36 6.17 6.16 6.33 87.366 53.33 1e-05 0.001 256
1.45 6.56 6.09 5.75 5.31 5.72 5.51 5.76 5.61 5.78 5.95 6.17 6.13 6.18 6.58 6.18 6.59 6.4 6.44 6.55 6.56 87.722 53.69 1e-06 0.001 256
1.45 6.25 6.19 5.76 5.55 5.42 5.35 5.59 5.75 5.8 5.59 6.28 6.09 6.22 6.69 6.24 6.44 6.42 6.44 6.37 6.56 87.696 53.38 1e-07 0.001 256
