2.32 4.5 4.45 4.34 4.63 4.69 4.47 4.63 4.61 4.47 4.57 4.53 4.49 4.38 4.45 4.45 4.44 4.4 4.45 4.4 4.46 99.976 68.49 1e-05 0.01 1024
2.32 5.51 5.2 5.11 4.96 5.24 4.96 5.5 5.45 5.46 5.59 5.67 5.94 5.83 5.91 6.08 6.08 5.94 5.82 5.84 5.84 97.25 56.32 1e-05 0.001 1024
2.32 4.47 4.58 4.44 4.79 4.83 4.58 4.63 4.58 4.75 4.77 4.67 4.69 4.71 4.71 4.87 4.81 4.85 4.75 4.81 4.8 99.978 69.32 1e-06 0.01 1024
2.32 4.13 4.13 4.46 4.05 4.42 4.38 4.38 4.44 4.4 4.35 4.52 4.49 4.44 4.51 4.44 4.52 4.5 4.56 4.5 4.62 99.982 70.72 1e-05 0.1 1024
2.32 4.38 4.27 4.48 4.37 4.54 4.47 4.26 4.29 4.28 4.3 4.29 4.33 4.25 4.21 4.26 4.32 4.39 4.35 4.39 4.37 99.976 68.42 1e-05 0.1 512
2.32 4.35 4.19 4.5 4.49 4.52 4.57 4.55 4.57 4.59 4.43 4.37 4.47 4.6 4.46 4.48 4.51 4.59 4.63 4.57 4.45 99.98 67.96 1e-06 0.1 512
2.32 4.34 4.29 4.41 4.38 4.42 4.71 4.65 4.6 4.76 4.43 4.55 4.56 4.56 4.56 4.61 4.66 4.66 4.69 4.71 4.64 99.984 71.44 1e-07 0.01 512
2.32 5.47 5.23 5.08 5.02 5.45 5.57 5.33 5.48 5.64 5.75 5.92 5.72 5.68 6.2 5.69 6.07 5.93 5.91 6.0 5.86 97.43 54.59 1e-06 0.001 1024
2.32 4.43 4.58 4.38 4.67 4.52 4.39 4.51 4.49 4.7 4.41 4.48 4.44 4.43 4.49 4.43 4.4 4.39 4.46 4.45 4.5 99.982 69.03 1e-07 0.01 1024
2.32 4.18 4.23 4.47 4.37 4.29 4.47 4.38 4.39 4.3 4.46 4.28 4.34 4.33 4.33 4.22 4.32 4.34 4.24 4.27 4.27 99.98 70.52 1e-05 0.1 256
2.32 4.36 4.41 4.09 4.52 4.56 4.66 4.57 4.57 4.53 4.44 4.43 4.7 4.69 4.46 4.54 4.53 4.6 4.63 4.53 4.53 99.976 69.68 1e-07 0.1 256
2.32 5.11 4.96 4.67 4.55 5.02 5.18 5.04 4.97 5.07 4.88 5.06 5.17 4.91 5.04 5.16 5.21 5.13 5.05 5.24 5.14 99.91 60.72 1e-06 0.001 512
2.32 5.71 5.42 5.14 5.13 5.09 5.2 5.18 5.33 5.57 5.59 5.59 5.66 5.93 5.79 6.25 6.05 5.89 5.79 5.79 5.91 97.338 55.26 1e-07 0.001 1024
2.32 4.08 4.07 4.32 4.41 4.41 4.41 4.28 4.29 4.25 4.4 4.32 4.42 4.35 4.3 4.45 4.37 4.44 4.48 4.43 4.46 99.984 72.88 1e-07 0.01 256
1.94 4.39 4.24 4.19 4.6 4.47 4.26 4.81 4.6 4.61 4.42 4.34 4.41 4.56 4.42 4.49 4.48 4.44 4.46 4.39 4.46 99.984 65.42 1e-07 0.1 1024
2.32 4.94 4.67 4.8 4.73 4.83 4.97 4.81 5.15 4.91 4.87 4.85 4.81 4.81 4.74 4.7 4.86 4.86 4.94 4.79 4.88 99.972 65.37 1e-05 0.001 256
2.32 4.63 4.86 4.96 4.67 4.94 4.99 4.88 4.98 4.78 4.8 4.84 5.01 4.88 5.05 5.16 4.9 4.86 4.8 4.71 4.75 99.958 65.43 1e-06 0.001 256
2.32 4.96 4.83 4.82 4.79 5.06 5.31 5.3 5.5 5.33 5.41 5.59 5.43 5.58 5.5 5.67 5.8 5.68 5.62 5.65 5.61 99.906 61.01 1e-07 0.001 512
1.94 4.61 4.41 4.34 4.41 4.46 4.19 4.33 4.23 4.24 4.37 4.4 4.33 4.3 4.29 4.25 4.3 4.31 4.3 4.3 4.31 99.982 71.07 1e-05 0.1 1024
1.94 4.37 4.17 4.35 4.36 4.15 4.15 4.17 4.2 4.31 4.24 4.2 4.16 4.33 4.21 4.3 4.31 4.17 4.22 4.23 4.21 99.984 70.8 1e-06 0.1 1024
1.94 4.34 4.19 4.34 4.33 4.3 4.2 4.44 4.37 4.42 4.28 4.28 4.28 4.26 4.28 4.22 4.36 4.32 4.27 4.3 4.25 99.982 72.25 1e-06 0.1 512
2.32 4.41 4.33 4.28 4.46 4.32 4.18 4.01 4.16 4.12 4.04 4.22 4.19 3.98 4.14 4.13 4.1 4.12 4.1 4.03 4.12 99.98 72.35 1e-06 0.01 256
2.32 4.68 4.8 4.74 4.63 4.85 4.79 4.68 4.94 4.63 5.18 5.11 4.94 4.87 4.94 4.79 4.77 4.99 4.99 4.74 4.9 99.958 65.53 1e-07 0.001 256
1.94 4.36 4.28 4.2 4.13 4.25 4.29 4.31 4.31 4.3 4.24 4.25 4.18 4.25 4.16 4.24 4.31 4.25 4.26 4.24 4.26 99.982 72.14 1e-07 0.1 512
1.94 4.41 4.52 4.26 4.4 4.47 4.48 4.46 4.51 4.33 4.56 4.55 4.39 4.56 4.49 4.47 4.52 4.49 4.43 4.43 4.51 99.986 68.98 1e-06 0.01 1024
2.32 4.28 4.3 4.38 4.48 4.56 4.43 4.33 4.2 4.34 4.36 4.35 4.31 4.3 4.23 4.24 4.31 4.29 4.24 4.38 4.27 99.982 72.57 1e-05 0.01 256
2.32 4.24 4.49 4.49 4.41 4.44 4.46 4.22 4.44 4.47 4.39 4.32 4.43 4.4 4.44 4.46 4.45 4.47 4.44 4.44 4.46 99.98 71.5 1e-05 0.01 512
2.32 4.31 4.26 4.48 4.32 4.28 4.28 4.21 4.47 4.3 4.35 4.32 4.28 4.28 4.3 4.31 4.23 4.31 4.29 4.2 4.27 99.976 70.93 1e-06 0.1 256
2.32 4.21 4.32 4.23 4.47 4.39 4.46 4.46 4.31 4.44 4.34 4.35 4.42 4.45 4.36 4.47 4.51 4.41 4.4 4.46 4.4 99.98 70.85 1e-06 0.01 512
2.32 4.91 4.83 4.73 4.78 4.87 5.23 5.11 5.29 5.52 5.3 5.21 5.36 5.15 5.25 5.41 5.39 5.35 5.15 5.3 5.28 99.914 61.13 1e-05 0.001 512
1.94 4.3 4.22 4.17 4.11 4.16 4.55 4.14 4.31 4.22 4.34 4.12 4.29 4.18 4.2 4.19 4.21 4.33 4.23 4.22 4.17 99.974 71.46 1e-07 0.1 256
1.94 4.32 4.05 4.14 4.37 4.24 4.3 4.41 4.32 4.23 4.23 4.24 4.36 4.24 4.27 4.33 4.27 4.28 4.26 4.29 4.27 99.982 71.86 1e-05 0.1 512
1.94 4.43 4.29 4.4 4.34 4.56 4.5 4.48 4.28 4.52 4.22 4.4 4.36 4.4 4.32 4.34 4.4 4.31 4.3 4.36 4.3 99.97 70.86 1e-05 0.1 256
1.94 4.41 4.32 4.61 4.63 4.38 4.5 4.6 4.61 4.53 4.33 4.34 4.41 4.26 4.28 4.18 4.23 4.16 4.24 4.24 4.29 99.976 68.77 1e-06 0.1 256
1.94 4.21 4.15 4.57 4.25 4.61 4.15 4.35 4.3 4.24 4.25 4.34 4.29 4.33 4.36 4.43 4.3 4.25 4.29 4.29 4.3 99.986 71.37 1e-05 0.01 512
1.94 4.39 4.38 4.5 4.53 4.37 4.28 4.47 4.53 4.37 4.42 4.4 4.37 4.41 4.38 4.44 4.35 4.43 4.43 4.31 4.41 99.984 71.16 1e-07 0.01 512
1.94 4.97 4.94 4.85 5.03 4.74 4.91 4.99 5.31 5.43 5.36 5.28 5.3 5.59 5.5 5.33 5.35 5.26 5.2 5.27 5.36 99.888 60.84 1e-06 0.001 512
1.94 5.03 5.17 4.91 5.1 4.91 5.35 5.2 5.0 5.4 5.21 5.38 5.31 5.05 5.22 5.44 5.42 5.28 5.28 5.42 5.32 99.9 60.39 1e-05 0.001 512
1.94 4.38 4.41 4.38 4.24 4.2 4.22 4.33 4.17 4.34 4.22 4.14 4.17 4.32 4.19 4.2 4.17 4.3 4.2 4.26 4.26 99.98 72.65 1e-05 0.01 256
1.94 4.34 4.23 4.16 4.17 4.29 3.99 3.92 3.98 3.99 4.08 3.97 3.83 3.82 3.97 3.92 3.89 3.92 3.85 3.86 3.82 99.98 72.44 1e-06 0.01 256
1.94 4.33 4.22 4.37 4.37 3.98 4.08 4.21 4.02 4.13 4.27 4.24 4.18 4.22 4.31 4.28 4.29 4.26 4.26 4.23 4.26 99.974 72.88 1e-07 0.01 256
1.94 4.91 4.72 4.56 4.78 4.92 4.96 4.89 4.83 4.67 4.8 4.78 4.89 4.76 4.63 4.71 4.65 4.62 4.88 4.68 4.73 99.964 66.13 1e-05 0.001 256
1.94 4.78 4.81 4.86 4.85 4.8 4.6 4.86 4.84 5.15 5.07 5.12 5.12 5.02 5.03 5.12 5.16 5.12 4.99 5.1 5.02 99.972 65.12 1e-06 0.001 256
1.94 4.72 4.81 4.96 4.66 4.73 4.75 4.6 4.84 4.75 4.77 4.75 4.89 4.62 4.69 4.83 4.67 4.72 4.79 4.82 4.84 99.972 65.79 1e-07 0.001 256
1.49 4.22 4.66 4.59 4.2 4.58 4.55 4.5 4.6 4.42 4.52 4.39 4.51 4.48 4.54 4.58 4.44 4.51 4.55 4.43 4.46 99.986 70.55 1e-05 0.1 1024
1.49 4.55 4.59 4.59 4.35 4.64 4.53 4.51 4.56 4.67 4.62 4.61 4.67 4.65 4.67 4.64 4.69 4.7 4.66 4.68 4.65 99.984 69.0 1e-06 0.1 1024
1.49 4.52 4.46 4.49 4.47 4.39 4.21 4.54 4.5 4.47 4.59 4.51 4.56 4.59 4.59 4.62 4.69 4.63 4.62 4.65 4.68 99.984 70.49 1e-07 0.1 1024
1.49 4.76 4.45 4.74 4.66 4.64 4.45 4.5 4.37 4.58 4.49 4.5 4.37 4.41 4.48 4.48 4.41 4.43 4.4 4.39 4.47 99.976 67.58 1e-05 0.1 512
1.49 4.63 4.25 4.52 4.62 4.41 4.77 4.43 4.62 4.56 4.54 4.42 4.39 4.45 4.48 4.45 4.51 4.5 4.55 4.56 4.52 99.982 67.87 1e-06 0.1 512
1.49 4.34 4.32 4.51 4.49 4.81 4.51 4.45 4.64 4.48 4.45 4.62 4.5 4.62 4.61 4.66 4.68 4.66 4.64 4.66 4.65 99.98 68.84 1e-07 0.1 512
1.49 4.33 4.23 4.68 4.25 4.45 4.33 4.45 4.37 4.57 4.49 4.51 4.47 4.49 4.44 4.47 4.49 4.49 4.53 4.56 4.5 99.974 68.3 1e-05 0.1 256
1.49 4.47 4.72 4.34 4.61 4.81 4.55 4.56 4.22 4.5 4.53 4.56 4.63 4.51 4.56 4.65 4.46 4.5 4.48 4.47 4.55 99.984 67.7 1e-06 0.1 256
1.49 4.7 4.34 4.54 4.55 4.7 4.4 4.6 4.55 4.58 4.5 4.46 4.42 4.47 4.44 4.5 4.41 4.42 4.51 4.46 4.42 99.978 68.05 1e-05 0.01 1024
1.49 4.65 4.43 4.86 4.58 4.48 4.54 4.61 4.69 4.57 4.54 4.53 4.53 4.55 4.59 4.55 4.53 4.67 4.54 4.54 4.62 99.986 68.6 1e-06 0.01 1024
1.49 4.53 4.34 4.54 4.35 5.09 4.53 4.62 4.66 4.6 4.7 4.51 4.59 4.59 4.66 4.64 4.61 4.67 4.66 4.69 4.72 99.98 68.2 1e-07 0.01 1024
1.49 4.79 4.62 4.84 4.65 4.78 4.4 4.59 4.5 4.49 4.54 4.54 4.49 4.43 4.52 4.45 4.43 4.55 4.5 4.56 4.51 99.984 64.27 1e-07 0.1 256
1.49 4.7 4.22 4.29 4.36 4.37 4.51 4.4 4.32 4.39 4.29 4.27 4.39 4.34 4.34 4.4 4.37 4.41 4.33 4.33 4.37 99.986 70.84 1e-05 0.01 512
1.49 4.58 4.18 4.06 4.3 4.32 4.35 4.24 4.17 4.29 4.34 4.29 4.13 4.23 4.24 4.24 4.26 4.17 4.22 4.3 4.24 99.982 71.11 1e-06 0.01 512
1.49 4.34 4.27 4.62 4.27 4.24 4.14 4.03 4.11 4.2 4.22 4.23 4.1 4.14 4.06 4.15 4.09 4.24 4.14 4.11 4.11 99.984 72.61 1e-05 0.01 256
1.49 4.24 4.15 4.44 4.24 4.12 4.11 4.41 4.07 4.26 4.12 4.24 4.12 4.26 4.13 4.24 4.24 4.29 4.21 4.18 4.14 99.98 72.29 1e-06 0.01 256
1.49 4.71 4.22 4.4 4.61 4.6 4.41 4.51 4.35 4.42 4.4 4.59 4.37 4.39 4.49 4.34 4.44 4.46 4.36 4.4 4.37 99.984 70.74 1e-07 0.01 512
1.49 5.58 5.38 5.49 5.04 5.58 5.52 5.57 5.41 5.68 5.82 5.92 5.92 5.88 6.07 5.93 5.91 5.93 6.0 5.98 5.99 97.77 55.42 1e-05 0.001 1024
1.49 5.69 5.51 5.39 5.26 5.51 5.51 5.5 5.57 5.81 5.71 5.92 5.98 6.09 6.27 6.08 5.88 6.26 6.08 6.21 6.2 97.558 54.85 1e-06 0.001 1024
1.49 6.02 5.59 5.59 5.23 5.55 5.51 5.3 5.62 5.74 6.06 5.92 6.45 6.2 6.06 6.08 6.26 6.11 6.17 6.23 6.3 97.404 55.54 1e-07 0.001 1024
1.49 5.15 4.92 4.99 5.1 4.87 5.13 5.42 5.42 5.56 5.32 5.27 5.58 5.39 5.48 5.48 5.48 5.45 5.5 5.34 5.38 99.916 60.29 1e-05 0.001 512
1.49 4.51 4.18 4.44 4.41 4.3 4.32 4.29 4.45 4.39 4.36 4.38 4.4 4.38 4.34 4.46 4.45 4.34 4.4 4.4 4.44 99.982 72.39 1e-07 0.01 256
1.49 5.4 5.17 5.07 5.0 5.12 5.26 5.21 5.25 5.27 5.23 5.25 5.59 5.51 5.26 5.41 5.45 5.28 5.34 5.41 5.4 99.906 59.85 1e-07 0.001 512
1.49 4.89 4.84 4.88 4.68 4.92 4.61 4.85 4.88 4.76 4.71 4.81 5.01 4.81 4.76 4.86 4.95 4.8 4.81 4.68 4.66 99.96 64.42 1e-05 0.001 256
1.49 5.25 5.27 5.08 5.18 4.83 5.26 5.1 5.23 5.72 5.31 5.25 5.42 5.29 5.53 5.31 5.57 5.24 5.34 5.16 5.18 99.902 60.07 1e-06 0.001 512
1.49 5.06 4.7 4.98 4.85 4.73 4.92 4.82 5.0 5.04 4.99 4.91 4.97 4.94 5.18 5.13 4.93 4.96 5.01 4.91 4.96 99.968 64.73 1e-06 0.001 256
1.49 4.78 4.6 4.89 4.67 4.72 4.81 5.25 5.09 5.11 4.95 4.94 4.92 4.7 5.01 5.08 4.83 4.95 4.84 4.8 4.95 99.958 65.12 1e-07 0.001 256
