1.5 4.03 4.4 4.3 4.37 4.32 4.25 4.3 4.23 4.19 4.31 4.33 4.25 4.32 4.23 4.3 4.24 4.2 4.27 4.28 4.24 99.98 72.07 1e-05 0.1 1024
1.5 4.28 4.27 4.13 4.44 4.26 4.29 4.38 4.17 4.33 4.27 4.27 4.31 4.33 4.34 4.33 4.34 4.34 4.33 4.31 4.35 99.984 72.22 1e-06 0.1 1024
1.5 3.99 4.08 4.27 4.36 4.31 4.21 4.18 4.24 4.32 4.29 4.2 4.1 4.06 4.14 4.17 4.17 4.18 4.15 4.16 4.22 99.98 71.67 1e-07 0.1 1024
1.5 4.23 4.02 4.62 4.41 4.5 4.35 4.41 4.5 4.45 4.32 4.31 4.47 4.31 4.43 4.42 4.41 4.39 4.4 4.43 4.38 99.982 72.38 1e-06 0.1 512
1.5 4.31 4.18 4.19 4.32 4.54 4.52 4.41 4.36 4.34 4.29 4.36 4.32 4.32 4.28 4.22 4.27 4.32 4.25 4.29 4.29 99.978 71.97 1e-07 0.1 512
1.5 4.32 4.5 4.18 4.38 4.46 4.47 4.34 4.31 4.22 4.35 4.3 4.29 4.23 4.18 4.14 4.14 4.13 4.11 4.18 4.23 99.986 72.13 1e-05 0.1 512
1.5 4.57 4.38 4.48 4.37 4.49 4.4 4.38 4.32 4.31 4.41 4.34 4.28 4.32 4.3 4.32 4.29 4.31 4.4 4.33 4.42 99.984 72.37 1e-05 0.1 256
1.5 4.3 4.35 4.3 4.51 4.72 4.46 4.41 4.7 4.46 4.68 4.68 4.72 4.7 4.71 4.76 4.75 4.68 4.71 4.68 4.67 99.98 68.73 1e-07 0.01 1024
1.5 4.61 4.39 4.27 4.35 4.31 4.35 4.31 4.29 4.25 4.27 4.33 4.17 4.31 4.27 4.24 4.3 4.24 4.34 4.24 4.25 99.982 72.13 1e-07 0.1 256
1.5 4.33 4.69 4.29 4.38 4.34 4.39 4.5 4.27 4.37 4.53 4.54 4.35 4.4 4.49 4.38 4.5 4.43 4.59 4.5 4.47 99.98 72.03 1e-06 0.1 256
1.5 4.36 4.6 4.57 4.47 4.6 4.68 4.58 4.51 4.28 4.37 4.39 4.44 4.33 4.39 4.43 4.49 4.48 4.4 4.35 4.4 99.968 68.75 1e-06 0.01 1024
1.5 4.41 4.37 4.2 4.53 4.66 4.49 4.53 4.45 4.37 4.53 4.5 4.3 4.46 4.44 4.39 4.43 4.45 4.43 4.38 4.43 99.978 68.98 1e-05 0.01 1024
1.5 4.21 4.02 4.16 4.42 4.2 4.4 4.44 4.3 4.34 4.38 4.49 4.34 4.4 4.48 4.36 4.49 4.43 4.41 4.32 4.32 99.99 71.13 1e-06 0.01 512
1.5 4.21 4.55 4.36 4.42 4.28 4.29 4.21 4.33 4.22 4.22 4.32 4.14 4.19 4.35 4.21 4.11 4.21 4.15 4.09 4.14 99.984 72.2 1e-05 0.01 256
1.5 5.36 4.88 4.8 4.98 4.71 4.82 4.86 4.85 4.77 4.87 4.86 4.92 5.01 5.11 5.33 5.15 5.11 4.96 5.2 5.08 77.378 58.03 1e-05 0.001 1024
1.5 4.35 4.12 4.39 4.2 4.31 4.37 4.26 4.21 4.44 4.4 4.31 4.32 4.25 4.29 4.3 4.28 4.25 4.28 4.29 4.25 99.986 71.07 1e-05 0.01 512
1.5 5.14 4.83 4.71 5.09 4.72 4.76 5.07 4.91 4.78 4.94 4.57 4.96 5.06 5.26 5.33 5.29 5.25 5.21 5.26 5.23 77.158 58.12 1e-06 0.001 1024
1.5 4.34 4.27 4.25 4.09 4.26 4.04 4.2 4.09 3.94 3.99 3.97 3.93 4.05 4.05 4.01 4.04 4.03 4.04 4.02 4.03 99.986 72.9 1e-07 0.01 256
1.5 4.25 4.23 4.5 4.38 4.31 4.47 4.19 4.29 4.38 4.31 4.31 4.45 4.3 4.37 4.34 4.44 4.42 4.42 4.43 4.33 99.984 70.37 1e-07 0.01 512
1.5 4.23 4.31 4.16 4.21 4.43 4.41 4.36 4.29 4.25 4.43 4.26 4.4 4.35 4.37 4.37 4.47 4.38 4.39 4.35 4.35 99.984 72.47 1e-06 0.01 256
1.5 4.93 4.76 4.58 4.44 4.61 4.65 4.73 4.83 5.03 4.76 4.78 4.93 4.9 4.9 4.93 5.11 4.97 4.98 5.04 4.99 97.35 62.27 1e-07 0.001 512
1.5 5.23 4.89 4.63 5.06 4.88 4.74 4.8 4.95 4.91 4.76 4.91 5.13 4.96 5.26 5.24 5.2 5.1 5.06 5.05 5.14 77.648 58.31 1e-07 0.001 1024
1.73 4.32 4.04 4.19 4.54 4.14 4.21 4.21 4.21 4.22 4.1 4.23 4.11 4.15 4.19 4.21 4.22 4.2 4.13 4.14 4.14 99.976 72.1 1e-05 0.1 1024
1.5 4.98 4.77 4.79 4.68 4.61 4.69 4.84 4.8 5.01 4.81 5.0 4.82 5.2 5.08 5.1 5.17 5.24 5.24 5.29 5.29 97.396 62.08 1e-06 0.001 512
1.73 4.16 4.2 4.35 4.2 4.17 4.2 4.14 4.22 4.28 4.21 4.31 4.22 4.28 4.35 4.29 4.38 4.33 4.31 4.31 4.4 99.974 72.41 1e-06 0.1 1024
1.5 4.93 4.54 4.96 4.63 4.57 4.94 4.75 4.89 5.01 5.14 5.05 5.08 5.01 4.85 4.99 5.05 5.07 4.95 4.97 5.0 97.384 61.85 1e-05 0.001 512
1.5 4.57 4.63 4.73 4.49 4.6 4.77 4.8 4.85 4.75 4.93 4.92 4.99 4.81 5.11 4.94 4.98 4.88 4.93 4.89 5.01 99.9 65.87 1e-05 0.001 256
1.5 4.77 4.56 4.34 4.61 4.88 4.72 4.69 4.67 4.67 4.79 4.8 4.66 4.92 4.8 4.66 4.67 4.73 4.73 4.81 4.84 99.87 65.86 1e-06 0.001 256
1.73 4.04 4.33 4.1 4.38 4.38 4.16 4.26 4.28 4.15 4.14 4.22 4.14 4.21 4.16 4.2 4.13 4.13 4.22 4.17 4.18 99.976 71.89 1e-07 0.1 1024
1.73 4.34 3.99 4.06 4.08 4.27 4.33 4.15 4.06 3.97 4.02 4.11 4.08 4.08 4.07 4.05 4.1 4.05 4.1 4.03 4.04 99.98 72.91 1e-05 0.1 512
1.5 4.59 4.6 4.77 4.41 4.52 4.5 4.61 4.7 4.66 4.74 4.79 4.49 4.92 4.92 4.68 4.84 4.72 4.75 4.72 4.72 99.892 65.03 1e-07 0.001 256
1.73 4.37 4.15 4.2 4.21 4.06 4.26 4.25 4.14 4.22 4.1 4.2 4.19 4.19 4.3 4.21 4.17 4.18 4.2 4.19 4.18 99.98 72.69 1e-07 0.1 512
1.73 4.45 4.34 4.06 4.33 4.19 4.14 4.26 4.23 4.23 4.23 4.24 4.2 4.16 4.12 4.21 4.14 4.12 4.12 4.11 4.2 99.972 72.67 1e-06 0.1 512
1.73 4.23 4.52 4.42 4.24 4.35 4.47 4.26 4.18 4.26 4.4 4.39 4.3 4.4 4.39 4.37 4.33 4.35 4.27 4.34 4.35 99.978 68.0 1e-06 0.01 1024
1.73 4.24 4.24 4.32 4.13 4.35 4.45 4.45 4.44 4.25 4.28 4.2 4.22 4.25 4.3 4.18 4.15 4.26 4.24 4.21 4.15 99.976 71.4 1e-05 0.1 256
1.73 4.19 4.11 4.18 4.09 4.0 4.33 4.18 4.16 4.16 4.08 3.98 4.06 4.08 4.02 4.07 4.11 3.99 4.01 4.07 4.16 99.974 72.53 1e-06 0.1 256
1.73 4.32 4.27 4.42 4.24 4.16 4.43 4.27 4.25 4.24 4.38 4.26 4.33 4.35 4.33 4.3 4.52 4.33 4.41 4.37 4.44 99.974 71.02 1e-05 0.01 512
1.73 4.33 4.35 4.31 4.41 4.26 4.36 4.31 4.32 4.44 4.25 4.34 4.33 4.44 4.4 4.39 4.39 4.37 4.34 4.41 4.34 99.974 68.27 1e-05 0.01 1024
1.73 4.37 4.52 4.3 4.73 4.39 4.34 4.42 4.44 4.64 4.22 4.45 4.5 4.48 4.62 4.49 4.56 4.57 4.54 4.59 4.54 99.974 68.88 1e-07 0.01 1024
1.73 4.37 4.18 4.27 4.52 4.41 4.36 4.36 4.46 4.29 4.34 4.36 4.36 4.33 4.28 4.34 4.33 4.45 4.36 4.45 4.45 99.974 72.59 1e-07 0.1 256
1.73 5.26 4.75 5.14 4.82 4.81 4.74 4.97 4.92 5.0 5.01 5.02 4.99 5.0 5.16 4.93 5.08 5.15 5.23 5.15 5.08 76.104 57.44 1e-07 0.001 1024
1.73 4.32 4.27 4.26 4.28 4.13 4.02 4.22 4.16 4.2 4.37 4.14 4.23 4.42 4.23 4.24 4.26 4.29 4.2 4.12 4.28 99.972 71.11 1e-07 0.01 512
1.73 4.28 4.28 3.97 4.33 4.41 4.44 4.32 4.33 4.18 4.34 4.39 4.35 4.37 4.31 4.35 4.27 4.3 4.32 4.33 4.35 99.976 71.0 1e-06 0.01 512
1.73 4.94 4.72 4.83 4.39 4.66 4.67 4.82 4.75 4.92 4.91 4.89 4.81 4.88 5.07 5.04 5.06 5.07 4.95 4.99 5.04 97.178 61.38 1e-05 0.001 512
1.73 4.5 4.68 4.33 4.53 4.62 4.63 4.75 4.55 4.9 4.61 4.7 4.89 4.83 4.74 4.78 4.71 4.74 4.78 4.69 4.81 99.868 65.36 1e-05 0.001 256
1.73 5.31 4.79 4.88 4.98 4.98 4.89 4.76 4.7 4.68 4.96 4.86 4.96 5.01 4.89 4.88 4.92 5.15 4.89 5.0 5.01 76.126 57.18 1e-05 0.001 1024
1.73 4.91 4.73 4.6 4.52 4.37 4.71 4.33 4.91 4.68 4.74 4.82 4.92 4.85 4.94 4.73 4.89 4.94 4.74 4.89 4.89 97.12 61.47 1e-06 0.001 512
1.73 4.09 4.22 4.36 4.13 4.37 4.26 4.4 4.26 4.27 4.13 4.25 4.29 4.31 4.24 4.26 4.3 4.36 4.32 4.37 4.31 99.972 72.76 1e-07 0.01 256
1.73 5.1 4.75 4.86 4.51 4.74 4.73 4.69 4.73 4.64 5.01 4.87 4.95 4.85 4.98 4.9 4.84 5.04 4.91 4.98 4.89 97.286 61.1 1e-07 0.001 512
1.73 5.45 4.9 4.99 4.75 4.82 4.87 4.96 4.94 5.04 5.07 4.83 4.76 5.06 5.13 4.97 4.96 5.11 4.94 4.97 4.97 75.832 57.39 1e-06 0.001 1024
1.73 4.09 4.4 4.27 4.26 4.25 4.26 4.17 4.22 4.3 4.23 4.2 4.24 4.27 4.27 4.17 4.22 4.29 4.28 4.22 4.22 99.982 73.0 1e-05 0.01 256
1.73 4.11 4.32 4.33 4.27 4.27 4.26 4.34 4.27 4.25 4.31 4.31 4.32 4.25 4.21 4.29 4.34 4.28 4.27 4.33 4.27 99.976 72.53 1e-06 0.01 256
1.73 4.52 4.62 4.43 4.5 4.74 4.86 4.7 4.85 4.72 4.66 4.72 4.81 4.74 4.77 5.03 4.98 4.85 4.67 4.72 4.89 99.878 65.14 1e-06 0.001 256
1.73 4.7 4.76 4.58 4.29 4.49 4.66 4.64 4.82 4.61 4.61 4.57 4.55 4.7 4.74 4.54 4.58 4.56 4.57 4.53 4.48 99.898 65.7 1e-07 0.001 256
1.73 4.39 4.05 4.35 4.07 4.31 4.23 4.19 4.08 4.1 4.09 4.03 4.22 4.23 4.09 4.03 4.12 4.13 4.12 4.13 4.07 99.99 72.1 1e-05 0.1 1024
1.73 4.14 4.13 4.39 4.29 4.25 4.39 4.49 4.26 4.33 4.4 4.49 4.45 4.38 4.43 4.39 4.38 4.3 4.33 4.3 4.38 99.98 71.24 1e-06 0.1 1024
1.73 4.18 4.09 4.33 4.29 4.37 4.07 4.23 4.24 4.2 4.2 4.14 4.17 4.13 4.09 4.08 4.19 4.12 4.18 4.14 4.17 99.984 72.39 1e-07 0.1 1024
1.73 4.33 4.35 4.12 4.24 4.28 4.46 4.43 4.35 4.28 4.45 4.28 4.37 4.32 4.3 4.39 4.35 4.34 4.37 4.39 4.39 99.984 72.1 1e-05 0.1 512
1.73 4.44 4.27 4.16 4.09 4.2 4.4 4.29 4.12 4.15 4.24 4.21 4.24 4.26 4.28 4.14 4.23 4.26 4.11 4.15 4.2 99.984 72.07 1e-06 0.1 512
1.73 4.33 4.13 4.15 4.42 4.39 4.27 4.24 4.1 4.26 4.08 4.06 4.16 4.05 4.16 4.06 4.04 4.09 4.05 4.06 4.14 99.982 72.0 1e-07 0.1 512
1.73 4.39 4.28 4.28 4.29 4.34 4.16 4.31 4.41 4.22 4.26 4.21 4.31 4.16 4.15 4.19 4.18 4.17 4.15 4.15 4.19 99.98 72.74 1e-05 0.1 256
1.73 4.15 4.35 4.36 4.44 4.48 4.48 4.34 4.47 4.49 4.51 4.46 4.46 4.44 4.28 4.3 4.3 4.47 4.26 4.31 4.33 99.978 71.44 1e-06 0.1 256
1.73 4.3 4.4 4.36 4.39 4.45 4.25 4.26 4.47 4.44 4.35 4.42 4.36 4.38 4.24 4.34 4.39 4.32 4.31 4.3 4.32 99.972 71.39 1e-07 0.1 256
1.73 4.54 4.44 4.18 4.68 4.87 4.61 4.74 4.83 4.53 4.7 4.7 4.58 4.7 4.62 4.72 4.68 4.65 4.65 4.66 4.58 99.98 68.74 1e-05 0.01 1024
1.73 4.63 4.44 4.36 4.57 4.54 4.62 4.51 4.33 4.54 4.59 4.57 4.54 4.51 4.59 4.55 4.52 4.64 4.62 4.6 4.58 99.98 69.21 1e-06 0.01 1024
1.73 4.33 4.51 4.36 4.69 4.75 4.65 4.59 4.54 4.75 4.54 4.54 4.48 4.62 4.44 4.49 4.53 4.48 4.54 4.55 4.57 99.978 68.82 1e-07 0.01 1024
1.73 4.31 4.26 4.04 4.46 4.53 4.39 4.26 4.26 4.21 4.36 4.32 4.38 4.15 4.29 4.22 4.25 4.26 4.29 4.28 4.19 99.98 70.76 1e-05 0.01 512
1.73 4.11 4.27 4.37 4.31 4.4 4.51 4.4 4.52 4.43 4.43 4.57 4.41 4.43 4.44 4.34 4.37 4.39 4.44 4.47 4.43 99.984 70.95 1e-06 0.01 512
1.73 4.49 4.36 4.15 4.37 4.25 4.3 4.13 4.12 4.22 4.19 4.21 4.24 4.32 4.18 4.17 4.11 4.25 4.16 4.19 4.21 99.984 70.98 1e-07 0.01 512
1.73 4.15 4.04 4.4 3.93 4.3 4.2 4.37 4.13 4.28 4.19 4.27 4.36 4.13 4.12 4.19 4.23 4.14 4.18 4.27 4.17 99.976 72.53 1e-05 0.01 256
1.73 4.02 4.29 4.2 4.25 4.12 4.45 4.31 4.24 4.35 4.2 4.16 4.23 4.17 4.14 4.27 4.2 4.17 4.22 4.14 4.22 99.976 72.38 1e-06 0.01 256
1.73 4.08 4.27 4.27 4.3 4.26 4.41 4.37 4.39 4.26 4.38 4.27 4.32 4.37 4.32 4.41 4.32 4.38 4.28 4.36 4.34 99.982 72.44 1e-07 0.01 256
1.73 5.2 5.39 5.23 5.19 4.94 4.71 4.87 5.02 5.02 5.07 5.0 5.29 5.02 5.03 5.11 5.23 5.15 5.05 5.05 5.1 77.222 57.64 1e-05 0.001 1024
1.73 5.27 5.36 5.16 5.23 5.02 4.65 4.97 5.06 4.65 4.88 5.01 4.88 4.81 4.85 5.16 4.96 5.12 5.05 5.11 4.97 77.236 57.89 1e-06 0.001 1024
1.73 5.16 5.25 5.26 5.21 5.02 4.79 5.01 4.96 4.92 5.22 5.12 5.17 5.17 5.07 5.29 5.18 5.27 5.23 5.26 5.11 77.288 57.27 1e-07 0.001 1024
1.73 5.07 4.79 4.71 4.94 4.73 4.81 4.97 4.93 4.71 5.06 4.83 4.97 4.87 5.04 5.24 5.15 5.17 5.02 4.91 5.06 97.296 61.17 1e-05 0.001 512
1.73 4.39 4.05 4.35 4.07 4.31 4.23 4.19 4.08 4.1 4.09 4.03 4.22 4.23 4.09 4.03 4.12 4.13 4.12 4.13 4.07 99.99 72.1 1e-05 0.1 1024
1.73 4.14 4.13 4.39 4.29 4.25 4.39 4.49 4.26 4.33 4.4 4.49 4.45 4.38 4.43 4.39 4.38 4.3 4.33 4.3 4.38 99.98 71.24 1e-06 0.1 1024
1.73 4.18 4.09 4.33 4.29 4.37 4.07 4.23 4.24 4.2 4.2 4.14 4.17 4.13 4.09 4.08 4.19 4.12 4.18 4.14 4.17 99.984 72.39 1e-07 0.1 1024
1.73 4.33 4.35 4.12 4.24 4.28 4.46 4.43 4.35 4.28 4.45 4.28 4.37 4.32 4.3 4.39 4.35 4.34 4.37 4.39 4.39 99.984 72.1 1e-05 0.1 512
1.73 4.44 4.27 4.16 4.09 4.2 4.4 4.29 4.12 4.15 4.24 4.21 4.24 4.26 4.28 4.14 4.23 4.26 4.11 4.15 4.2 99.984 72.07 1e-06 0.1 512
1.73 4.33 4.13 4.15 4.42 4.39 4.27 4.24 4.1 4.26 4.08 4.06 4.16 4.05 4.16 4.06 4.04 4.09 4.05 4.06 4.14 99.982 72.0 1e-07 0.1 512
1.73 4.39 4.28 4.28 4.29 4.34 4.16 4.31 4.41 4.22 4.26 4.21 4.31 4.16 4.15 4.19 4.18 4.17 4.15 4.15 4.19 99.98 72.74 1e-05 0.1 256
1.73 4.15 4.35 4.36 4.44 4.48 4.48 4.34 4.47 4.49 4.51 4.46 4.46 4.44 4.28 4.3 4.3 4.47 4.26 4.31 4.33 99.978 71.44 1e-06 0.1 256
1.73 4.3 4.4 4.36 4.39 4.45 4.25 4.26 4.47 4.44 4.35 4.42 4.36 4.38 4.24 4.34 4.39 4.32 4.31 4.3 4.32 99.972 71.39 1e-07 0.1 256
1.73 4.54 4.44 4.18 4.68 4.87 4.61 4.74 4.83 4.53 4.7 4.7 4.58 4.7 4.62 4.72 4.68 4.65 4.65 4.66 4.58 99.98 68.74 1e-05 0.01 1024
1.73 4.63 4.44 4.36 4.57 4.54 4.62 4.51 4.33 4.54 4.59 4.57 4.54 4.51 4.59 4.55 4.52 4.64 4.62 4.6 4.58 99.98 69.21 1e-06 0.01 1024
1.73 4.33 4.51 4.36 4.69 4.75 4.65 4.59 4.54 4.75 4.54 4.54 4.48 4.62 4.44 4.49 4.53 4.48 4.54 4.55 4.57 99.978 68.82 1e-07 0.01 1024
1.73 4.31 4.26 4.04 4.46 4.53 4.39 4.26 4.26 4.21 4.36 4.32 4.38 4.15 4.29 4.22 4.25 4.26 4.29 4.28 4.19 99.98 70.76 1e-05 0.01 512
1.73 4.11 4.27 4.37 4.31 4.4 4.51 4.4 4.52 4.43 4.43 4.57 4.41 4.43 4.44 4.34 4.37 4.39 4.44 4.47 4.43 99.984 70.95 1e-06 0.01 512
1.73 4.49 4.36 4.15 4.37 4.25 4.3 4.13 4.12 4.22 4.19 4.21 4.24 4.32 4.18 4.17 4.11 4.25 4.16 4.19 4.21 99.984 70.98 1e-07 0.01 512
1.73 4.15 4.04 4.4 3.93 4.3 4.2 4.37 4.13 4.28 4.19 4.27 4.36 4.13 4.12 4.19 4.23 4.14 4.18 4.27 4.17 99.976 72.53 1e-05 0.01 256
1.73 4.02 4.29 4.2 4.25 4.12 4.45 4.31 4.24 4.35 4.2 4.16 4.23 4.17 4.14 4.27 4.2 4.17 4.22 4.14 4.22 99.976 72.38 1e-06 0.01 256
1.73 4.08 4.27 4.27 4.3 4.26 4.41 4.37 4.39 4.26 4.38 4.27 4.32 4.37 4.32 4.41 4.32 4.38 4.28 4.36 4.34 99.982 72.44 1e-07 0.01 256
1.73 5.2 5.39 5.23 5.19 4.94 4.71 4.87 5.02 5.02 5.07 5.0 5.29 5.02 5.03 5.11 5.23 5.15 5.05 5.05 5.1 77.222 57.64 1e-05 0.001 1024
1.73 5.27 5.36 5.16 5.23 5.02 4.65 4.97 5.06 4.65 4.88 5.01 4.88 4.81 4.85 5.16 4.96 5.12 5.05 5.11 4.97 77.236 57.89 1e-06 0.001 1024
1.73 5.16 5.25 5.26 5.21 5.02 4.79 5.01 4.96 4.92 5.22 5.12 5.17 5.17 5.07 5.29 5.18 5.27 5.23 5.26 5.11 77.288 57.27 1e-07 0.001 1024
1.73 5.07 4.79 4.71 4.94 4.73 4.81 4.97 4.93 4.71 5.06 4.83 4.97 4.87 5.04 5.24 5.15 5.17 5.02 4.91 5.06 97.296 61.17 1e-05 0.001 512
1.73 5.19 5.06 4.65 4.78 4.45 5.07 4.8 4.84 4.87 4.79 5.05 5.3 5.16 5.17 5.21 5.25 5.05 4.85 4.94 4.98 97.23 61.85 1e-06 0.001 512
1.73 4.82 4.85 4.95 4.73 4.54 4.76 4.85 4.93 5.02 5.26 4.99 4.9 5.08 5.14 5.24 5.4 5.21 5.25 5.29 5.23 97.266 61.02 1e-07 0.001 512
1.73 4.71 4.69 4.54 4.66 4.59 4.61 4.58 4.72 4.88 4.67 4.86 4.86 4.64 4.76 4.84 4.89 4.76 4.86 4.83 4.8 99.88 65.53 1e-05 0.001 256
1.73 4.85 4.58 4.56 4.44 4.53 4.72 4.59 4.62 4.78 4.87 4.78 4.76 4.8 5.1 4.93 4.82 4.8 4.85 4.85 4.75 99.868 65.43 1e-06 0.001 256
1.73 4.72 4.48 4.72 4.65 4.7 4.88 4.69 4.76 4.84 5.0 4.99 5.15 4.95 4.95 4.93 4.92 4.92 5.05 4.95 5.03 99.88 65.29 1e-07 0.001 256
