2.58 4.19 4.37 4.58 4.36 4.52 4.32 4.24 4.25 4.25 4.36 4.28 4.43 4.24 4.26 4.1 4.16 4.24 4.18 4.14 4.15 99.976 72.83 1e-06 0.1 512
2.58 4.38 4.46 4.46 4.52 4.58 4.54 4.44 4.42 4.46 4.34 4.41 4.47 4.5 4.59 4.44 4.51 4.5 4.52 4.49 4.57 99.976 73.02 1e-07 0.1 512
2.58 4.16 4.58 4.62 4.65 4.51 4.65 4.78 4.59 4.57 4.71 4.57 4.34 4.53 4.46 4.47 4.44 4.34 4.39 4.38 4.42 99.982 73.12 1e-05 0.1 256
2.58 4.11 4.24 4.49 4.39 4.76 4.6 4.54 4.65 4.54 4.48 4.54 4.6 4.67 4.58 4.55 4.62 4.67 4.67 4.61 4.67 99.974 69.91 1e-07 0.01 512
2.58 5.1 5.1 4.87 4.77 4.62 4.89 4.78 4.61 4.75 5.07 4.91 4.88 5.19 5.1 5.11 5.24 5.3 5.03 5.31 5.14 76.152 55.84 1e-07 0.001 512
2.58 4.49 5.04 5.09 5.08 5.36 4.94 5.01 4.9 4.82 4.85 4.85 4.99 4.89 4.95 4.99 5.06 5.13 5.16 5.16 5.08 47.178 42.58 1e-07 0.001 1024
2.58 4.24 4.48 4.41 4.55 4.2 4.56 4.41 4.38 4.29 4.37 4.27 4.52 4.32 4.28 4.34 4.41 4.34 4.33 4.24 4.38 99.982 72.33 1e-06 0.01 256
2.58 4.84 4.69 4.58 4.57 4.82 4.83 4.74 4.58 4.75 5.07 4.65 5.05 4.8 5.17 5.09 4.96 5.16 5.23 4.97 5.02 98.084 61.58 1e-06 0.001 256
1.6 4.38 4.27 4.27 4.44 4.45 4.43 4.29 4.33 4.46 4.53 4.39 4.35 4.31 4.28 4.31 4.39 4.41 4.42 4.39 4.37 99.98 71.85 1e-05 0.1 1024
1.6 4.9 4.67 4.16 4.34 4.37 4.6 4.48 4.51 4.54 4.56 4.55 4.35 4.53 4.57 4.6 4.52 4.49 4.64 4.55 4.5 99.974 67.47 1e-05 0.01 1024
2.58 4.82 4.75 4.53 4.54 4.77 4.76 4.7 4.46 4.81 4.96 4.79 4.9 4.83 4.85 4.88 4.88 4.85 4.94 4.96 4.97 98.186 61.51 1e-05 0.001 256
2.58 4.3 4.37 4.51 4.45 4.56 4.51 4.41 4.37 4.32 4.37 4.47 4.41 4.39 4.47 4.44 4.55 4.44 4.39 4.36 4.44 99.984 72.12 1e-07 0.01 256
2.58 4.84 4.67 4.61 4.49 4.76 4.88 4.71 4.75 4.78 4.8 4.78 5.09 4.95 5.0 4.86 5.0 4.93 4.94 4.96 4.99 98.224 61.68 1e-07 0.001 256
1.6 4.12 4.17 4.37 4.36 4.32 4.37 4.47 4.49 4.57 4.55 4.46 4.49 4.51 4.43 4.42 4.4 4.39 4.39 4.45 4.41 99.984 73.04 1e-05 0.1 512
1.6 4.52 4.31 4.24 4.35 4.31 4.35 4.37 4.49 4.39 4.48 4.46 4.51 4.43 4.51 4.5 4.43 4.33 4.41 4.36 4.46 99.978 70.9 1e-06 0.01 512
1.6 4.09 4.31 4.39 4.42 4.49 4.38 4.54 4.34 4.42 4.46 4.52 4.55 4.52 4.46 4.59 4.67 4.49 4.55 4.57 4.65 99.978 73.31 1e-05 0.1 256
1.6 4.48 4.08 4.55 4.5 4.26 4.51 4.28 4.25 4.32 4.34 4.38 4.38 4.28 4.35 4.44 4.38 4.48 4.5 4.49 4.47 99.976 70.74 1e-05 0.01 512
1.6 4.45 4.54 4.37 4.56 4.46 4.35 4.17 4.19 4.28 4.22 4.28 4.33 4.22 4.28 4.26 4.28 4.12 4.28 4.14 4.16 99.974 72.79 1e-05 0.01 256
1.6 4.43 4.57 4.52 4.65 4.32 4.41 4.33 4.37 4.29 4.25 4.27 4.26 4.24 4.14 4.22 4.33 4.21 4.2 4.26 4.25 99.974 72.87 1e-07 0.01 256
1.6 5.44 5.01 5.1 4.7 4.46 4.53 4.74 4.58 4.56 4.67 4.74 4.86 4.98 5.1 4.99 5.06 5.11 5.12 5.12 5.11 98.356 62.38 1e-05 0.001 256
1.6 5.43 5.06 4.92 4.78 4.43 4.49 4.73 4.64 4.65 4.74 4.8 4.72 4.82 5.12 4.86 4.89 4.82 4.99 4.84 4.87 98.356 61.99 1e-06 0.001 256
2.44 4.23 4.3 4.41 4.52 4.61 4.39 4.4 4.39 4.31 4.47 4.33 4.35 4.35 4.42 4.43 4.41 4.39 4.38 4.43 4.39 99.98 72.67 1e-05 0.1 1024
2.44 4.46 4.32 4.02 4.4 4.4 4.5 4.46 4.28 4.49 4.44 4.61 4.58 4.45 4.56 4.54 4.52 4.49 4.56 4.59 4.52 99.976 72.49 1e-06 0.1 1024
2.44 4.31 4.21 4.12 4.33 4.49 4.4 4.48 4.53 4.33 4.39 4.47 4.43 4.34 4.24 4.39 4.24 4.32 4.38 4.36 4.34 99.974 72.05 1e-07 0.1 1024
2.44 4.24 3.92 4.31 4.41 4.24 4.38 4.31 4.24 4.5 4.49 4.34 4.42 4.24 4.41 4.39 4.39 4.39 4.39 4.4 4.37 99.982 72.72 1e-05 0.1 512
2.44 4.35 4.52 4.41 4.39 4.28 4.47 4.28 4.43 4.53 4.34 4.43 4.42 4.33 4.2 4.26 4.3 4.2 4.3 4.33 4.31 99.982 72.77 1e-06 0.1 512
2.44 4.29 4.44 4.33 4.52 4.41 4.28 4.29 4.24 4.34 4.31 4.23 4.36 4.26 4.23 4.31 4.42 4.37 4.36 4.33 4.36 99.986 72.37 1e-07 0.1 512
2.44 4.08 4.48 4.51 4.36 4.49 4.36 4.47 4.48 4.17 4.45 4.36 4.4 4.44 4.46 4.35 4.44 4.37 4.32 4.45 4.39 99.982 72.84 1e-05 0.1 256
2.44 4.12 4.31 4.62 4.62 4.45 4.56 4.65 4.51 4.53 4.55 4.58 4.72 4.43 4.53 4.53 4.36 4.39 4.4 4.35 4.37 99.98 73.29 1e-06 0.1 256
2.44 4.02 4.08 4.49 4.39 4.43 4.4 4.39 4.49 4.42 4.58 4.41 4.41 4.38 4.24 4.46 4.43 4.39 4.33 4.38 4.32 99.984 72.76 1e-07 0.1 256
2.44 4.64 4.62 4.4 4.54 4.63 4.72 4.63 4.76 4.79 5.05 4.96 4.97 4.71 4.95 4.93 4.93 4.85 4.86 5.08 4.88 99.952 66.85 1e-05 0.01 1024
2.44 4.64 4.53 4.4 4.54 4.59 4.58 4.76 4.77 4.9 4.73 4.69 4.96 4.96 4.98 4.79 4.93 4.77 4.69 4.7 4.73 99.968 66.24 1e-06 0.01 1024
2.44 4.5 4.58 4.44 4.49 4.8 4.88 4.56 4.34 4.86 4.87 4.91 4.97 4.87 4.96 4.88 4.85 5.0 4.91 4.96 4.91 99.976 66.86 1e-07 0.01 1024
2.44 4.6 4.24 4.2 4.23 4.56 4.5 4.67 4.56 4.6 4.52 4.47 4.37 4.53 4.43 4.48 4.44 4.47 4.52 4.5 4.52 99.97 69.44 1e-05 0.01 512
2.44 4.63 4.48 4.36 4.57 4.45 4.41 4.48 4.45 4.32 4.47 4.59 4.56 4.63 4.58 4.59 4.59 4.54 4.61 4.59 4.61 99.972 70.06 1e-06 0.01 512
2.44 4.48 4.4 4.26 4.33 4.67 4.56 4.6 4.72 4.51 4.67 4.66 4.61 4.69 4.51 4.61 4.62 4.6 4.61 4.63 4.6 99.974 69.94 1e-07 0.01 512
2.44 4.23 4.25 4.43 4.56 4.54 4.44 4.45 4.2 4.36 4.32 4.3 4.37 4.26 4.23 4.33 4.38 4.28 4.31 4.31 4.32 99.988 72.26 1e-05 0.01 256
2.44 4.31 4.33 4.27 4.3 4.37 4.37 4.32 4.38 4.42 4.24 4.44 4.31 4.4 4.35 4.46 4.41 4.43 4.41 4.52 4.4 99.988 72.62 1e-06 0.01 256
2.44 4.35 4.39 4.29 4.57 4.52 4.22 4.48 4.38 4.32 4.24 4.32 4.19 4.3 4.27 4.35 4.27 4.23 4.26 4.23 4.23 99.976 72.61 1e-07 0.01 256
2.44 4.88 5.31 5.62 5.27 5.12 5.63 5.27 5.17 5.04 5.13 5.26 4.99 5.02 5.29 5.13 4.99 4.94 5.19 5.17 5.18 48.99 43.26 1e-05 0.001 1024
2.44 4.88 5.28 5.61 5.27 5.15 5.67 5.18 5.2 5.0 5.09 5.13 5.05 5.04 5.25 5.13 5.01 4.96 5.12 5.21 5.2 48.964 43.33 1e-06 0.001 1024
2.44 4.88 5.31 5.59 5.26 5.16 5.61 5.21 5.28 5.01 5.02 5.1 5.03 5.04 5.24 5.12 5.01 5.0 5.14 5.11 5.18 48.956 43.28 1e-07 0.001 1024
2.44 5.2 5.4 5.16 4.95 4.81 4.9 4.9 4.86 4.91 4.94 4.95 5.16 5.0 5.09 5.15 5.23 5.35 5.51 5.52 5.6 78.08 55.75 1e-05 0.001 512
2.44 5.2 5.41 5.32 4.94 4.75 4.88 4.88 4.86 4.89 4.97 5.01 5.12 5.05 5.2 5.29 5.23 5.39 5.64 5.51 5.44 78.124 55.78 1e-06 0.001 512
2.44 5.18 5.37 5.17 4.99 4.85 4.92 4.82 4.88 4.84 5.08 4.89 5.14 5.09 5.2 5.23 5.26 5.39 5.57 5.51 5.47 78.136 55.69 1e-07 0.001 512
2.44 5.22 4.87 4.59 4.53 4.53 4.94 5.03 4.99 4.87 5.1 5.2 5.26 4.99 5.11 5.1 5.2 5.1 5.07 5.07 5.07 98.588 61.05 1e-05 0.001 256
2.44 5.21 4.92 4.65 4.5 4.53 4.83 4.77 5.03 4.83 4.91 5.09 5.02 5.02 5.12 4.98 5.01 5.09 5.13 4.96 5.1 98.55 60.95 1e-06 0.001 256
2.44 5.14 4.94 4.68 4.57 4.48 4.98 4.89 4.75 4.98 5.26 4.93 5.03 5.08 5.3 5.05 5.04 5.18 5.13 4.93 5.01 98.54 61.02 1e-07 0.001 256
