1.0 4.57 4.56 4.64 4.66 4.66 4.87 4.76 4.92 4.9 4.77 4.82 4.88 4.78 4.8 4.94 4.81 4.86 4.91 4.87 4.93 99.964 65.76 1e-05 0.1 512
1.0 4.59 4.5 4.43 4.79 4.67 4.49 4.55 4.79 4.75 4.56 4.69 4.61 4.74 4.79 4.75 4.66 4.78 4.64 4.64 4.69 99.968 65.48 1e-07 0.1 512
1.0 4.39 4.64 4.67 4.76 4.75 4.72 4.62 4.88 4.71 4.64 4.75 4.75 4.87 4.73 4.82 4.77 4.78 4.88 4.91 4.7 99.972 66.3 1e-06 0.1 512
1.0 4.32 4.45 4.62 4.61 4.7 4.8 4.72 4.59 4.7 4.72 4.54 4.51 4.6 4.64 4.61 4.67 4.58 4.53 4.48 4.58 99.962 67.33 1e-06 0.1 256
1.0 4.24 4.54 4.75 4.46 4.69 4.51 4.52 4.65 4.32 4.52 4.42 4.52 4.54 4.76 4.68 4.72 4.67 4.84 4.7 4.76 99.97 68.03 1e-05 0.1 256
1.0 6.29 5.19 5.17 5.16 5.22 5.29 5.22 5.25 5.11 5.28 5.18 4.99 5.23 5.51 5.34 5.43 5.5 5.41 5.46 5.38 99.132 57.78 1e-07 0.01 512
1.0 54.71 42.29 47.05 31.92 21.28 17.61 15.34 12.31 10.8 10.46 9.48 8.68 8.22 8.68 8.79 8.59 8.67 8.68 8.73 8.77 15.698 15.43 1e-05 0.001 1024
1.0 59.84 43.93 48.96 30.88 22.22 17.64 15.33 13.1 12.15 11.17 10.11 9.05 9.6 8.87 8.69 8.34 8.49 8.45 8.38 8.43 15.262 14.67 1e-07 0.001 1024
1.0 5.07 4.75 4.8 4.82 4.87 5.01 5.18 4.96 4.98 5.22 5.18 5.19 5.14 4.99 5.27 4.93 5.11 4.86 4.95 4.9 99.8 61.78 1e-05 0.01 256
1.0 60.71 44.74 48.31 31.76 23.16 19.01 16.01 13.87 12.37 11.12 9.74 9.81 9.41 9.63 9.6 9.28 9.39 9.15 9.32 9.37 15.762 15.32 1e-06 0.001 1024
1.0 5.36 4.54 4.8 5.11 4.93 4.89 4.93 5.25 5.16 5.42 5.31 5.24 5.13 5.23 5.54 5.16 5.3 5.42 5.26 5.32 99.804 61.88 1e-07 0.01 256
1.0 5.19 5.08 4.68 4.82 4.72 4.86 5.16 4.96 5.07 5.26 4.96 5.06 5.03 5.13 4.98 5.04 5.1 4.97 4.98 5.08 99.834 62.37 1e-06 0.01 256
1.0 40.77 33.72 17.42 13.06 9.15 8.4 7.81 7.27 6.88 6.96 6.92 6.98 7.07 6.92 6.63 6.63 6.77 6.79 6.74 6.69 27.81 26.53 1e-06 0.001 512
1.0 39.66 27.52 16.15 11.62 9.03 8.25 7.83 7.27 7.21 6.67 6.68 6.46 6.36 6.59 6.73 6.46 6.61 6.7 6.53 6.57 29.216 28.03 1e-05 0.001 512
1.0 4.78 4.64 4.6 4.77 4.74 4.86 4.96 4.82 4.57 4.84 4.82 4.59 4.59 4.62 4.66 4.81 4.91 4.84 4.82 4.87 99.964 62.75 1e-06 0.1 1024
1.0 37.04 27.86 15.86 11.95 8.96 8.21 7.3 7.04 6.91 6.8 6.44 6.4 6.57 6.39 6.5 6.33 6.36 6.21 6.31 6.08 28.234 27.01 1e-07 0.001 512
1.0 29.34 11.39 7.79 7.03 6.38 5.79 6.0 5.97 5.8 5.76 5.62 5.61 5.97 6.03 5.9 5.79 6.1 5.73 5.86 5.64 50.384 44.65 1e-05 0.001 256
1.0 30.8 11.0 7.94 6.3 6.0 5.81 5.93 5.75 5.83 5.56 5.41 5.68 5.41 5.44 5.58 5.54 5.64 5.63 5.53 5.48 50.884 44.64 1e-06 0.001 256
1.0 4.98 4.77 4.72 4.99 4.97 4.78 5.01 4.97 4.98 5.04 4.73 4.95 4.89 4.94 4.88 4.95 4.9 4.79 4.9 4.98 99.974 62.22 1e-05 0.1 1024
1.0 4.75 4.68 4.31 4.79 4.71 4.66 4.95 4.74 4.95 4.79 4.98 4.85 4.98 4.87 4.82 4.92 4.87 4.9 4.86 4.95 99.962 62.89 1e-07 0.1 1024
1.0 25.18 10.93 8.19 7.52 6.63 6.22 5.88 5.69 5.81 5.86 5.66 5.85 5.99 5.56 5.53 5.62 5.57 5.75 5.64 5.51 50.414 44.22 1e-07 0.001 256
1.0 4.63 4.77 4.56 4.75 4.65 4.88 4.62 4.6 4.63 4.77 4.72 4.68 4.74 4.7 4.72 4.73 4.76 4.8 4.78 4.79 99.984 64.63 1e-05 0.1 512
1.0 4.53 4.75 4.4 4.4 4.52 4.5 4.63 4.46 4.64 4.58 4.52 4.73 4.57 4.53 4.66 4.63 4.71 4.6 4.65 4.58 99.974 65.49 1e-06 0.1 512
1.0 4.45 4.58 4.74 4.54 4.68 4.74 4.35 4.64 4.78 4.62 4.53 4.72 4.64 4.51 4.57 4.56 4.51 4.58 4.5 4.54 99.968 67.22 1e-05 0.1 256
1.0 4.65 4.52 4.62 4.44 4.97 4.73 4.89 4.75 4.79 4.9 4.91 4.67 4.76 4.69 4.85 4.9 4.8 4.88 4.8 4.76 99.972 65.25 1e-07 0.1 512
1.0 9.59 6.9 6.12 5.66 5.18 5.17 5.44 5.29 5.36 5.86 5.54 6.03 6.28 6.07 6.02 6.16 6.21 6.23 6.28 6.1 90.85 52.46 1e-05 0.01 1024
1.0 4.31 4.36 4.65 4.52 4.77 4.54 4.42 4.82 4.62 4.46 4.53 4.43 4.53 4.65 4.62 4.56 4.62 4.58 4.54 4.5 99.964 67.4 1e-06 0.1 256
1.0 9.33 6.57 5.79 5.57 5.51 5.31 5.32 5.35 5.57 5.89 6.0 6.04 6.04 5.96 6.25 6.24 6.37 6.57 6.54 6.41 91.754 52.41 1e-07 0.01 1024
1.0 8.96 6.07 5.82 5.57 5.55 5.03 5.4 5.61 5.71 5.72 5.84 5.78 5.87 5.84 5.91 6.12 5.88 5.83 6.06 6.0 89.876 51.99 1e-06 0.01 1024
1.0 6.18 5.34 5.15 5.08 5.13 5.19 5.01 5.29 5.54 5.25 5.56 5.55 5.56 5.58 5.64 5.75 5.6 5.72 5.48 5.56 99.364 56.86 1e-05 0.01 512
1.0 4.26 4.38 4.55 4.34 4.5 4.49 4.49 4.36 4.46 4.52 4.4 4.26 4.52 4.37 4.31 4.38 4.48 4.38 4.36 4.28 99.958 66.8 1e-07 0.1 256
1.0 6.33 5.16 5.2 5.11 5.24 4.99 4.87 5.25 5.54 5.29 5.62 5.74 5.69 5.59 5.61 5.75 5.51 5.56 5.43 5.4 99.394 57.96 1e-07 0.01 512
1.0 6.23 5.12 5.25 4.95 5.08 5.19 5.12 5.48 5.38 5.22 5.59 5.48 5.68 5.85 5.53 5.6 5.76 5.65 5.8 5.72 99.36 57.01 1e-06 0.01 512
1.0 45.86 43.9 47.21 28.16 17.99 14.64 13.22 12.08 11.36 10.33 10.03 10.3 10.4 9.69 9.44 9.98 9.89 10.07 9.77 10.1 17.316 17.52 1e-05 0.001 1024
1.0 44.03 42.83 45.89 27.38 17.86 14.75 13.89 12.14 11.58 10.16 10.23 9.74 9.72 8.97 9.56 8.89 8.68 8.9 8.84 9.29 17.618 17.56 1e-06 0.001 1024
1.0 5.3 4.69 4.85 4.88 5.12 4.94 4.99 5.31 5.2 5.35 5.09 5.19 5.26 5.21 5.08 5.16 4.97 5.07 4.96 5.05 99.842 61.92 1e-05 0.01 256
1.0 5.23 4.56 4.63 4.61 4.7 4.98 4.98 4.89 4.97 4.99 5.02 5.09 5.0 5.0 4.82 4.99 4.79 5.02 4.98 4.98 99.836 61.47 1e-06 0.01 256
1.0 44.03 43.14 43.7 27.37 18.55 16.13 12.75 11.55 11.14 10.73 10.24 10.32 9.68 9.12 9.24 9.43 9.23 9.13 9.47 9.28 17.138 16.93 1e-07 0.001 1024
1.0 5.63 4.79 4.86 4.75 5.13 4.82 5.13 5.38 5.26 5.33 5.21 5.32 5.04 5.18 5.26 5.04 5.25 5.32 5.31 5.26 99.868 62.01 1e-07 0.01 256
1.0 41.56 24.84 12.68 10.74 9.81 8.42 8.09 7.52 7.47 6.98 6.68 6.96 6.89 6.63 6.57 6.41 6.7 6.69 6.84 6.62 30.138 28.45 1e-05 0.001 512
1.0 42.4 28.67 13.3 10.74 8.86 8.98 7.85 7.6 7.46 6.98 6.62 6.58 6.59 6.77 6.74 6.92 6.73 6.8 6.85 6.88 29.876 28.0 1e-06 0.001 512
1.0 24.08 9.87 8.17 7.54 6.63 6.17 6.04 6.08 5.83 5.88 5.78 5.86 5.87 5.7 5.7 5.6 5.73 5.6 5.67 5.65 52.22 44.35 1e-05 0.001 256
1.0 25.44 10.08 7.85 7.0 6.41 6.23 5.81 5.95 5.66 6.01 5.79 5.74 5.68 5.95 5.52 5.46 5.75 5.7 5.67 5.49 51.238 43.76 1e-06 0.001 256
1.0 30.07 10.87 7.97 6.82 6.72 6.2 5.95 6.02 5.95 5.89 5.78 5.93 5.89 5.65 5.93 5.82 5.92 6.02 5.91 5.71 51.39 43.81 1e-07 0.001 256
1.0 47.27 29.36 12.51 11.45 9.6 8.64 7.89 7.6 7.53 7.05 7.15 6.58 6.99 6.81 6.68 6.5 6.63 6.82 6.66 6.66 29.714 27.97 1e-07 0.001 512
