1.0 4.45 4.32 4.54 4.67 4.54 4.38 4.76 4.76 4.78 4.57 4.77 4.64 4.72 4.65 4.64 4.64 4.75 4.7 4.65 4.75 99.976 68.78 1e-06 0.1 512
1.0 4.42 4.38 4.62 4.45 4.71 4.69 4.37 4.46 4.41 4.51 4.47 4.52 4.49 4.43 4.44 4.47 4.5 4.46 4.53 4.44 99.978 69.87 1e-07 0.1 512
1.0 4.19 4.23 4.55 4.51 4.63 4.61 4.38 4.28 4.55 4.51 4.28 4.32 4.28 4.29 4.29 4.4 4.39 4.35 4.39 4.34 99.984 71.73 1e-06 0.1 1024
1.0 4.43 4.52 4.45 4.46 4.61 4.33 4.6 4.32 4.43 4.44 4.44 4.46 4.49 4.49 4.42 4.48 4.43 4.42 4.4 4.41 99.986 71.87 1e-05 0.1 1024
1.0 4.21 4.33 4.44 4.32 4.3 4.22 4.17 4.37 4.27 4.31 4.36 4.28 4.19 4.29 4.31 4.38 4.31 4.32 4.31 4.26 99.976 71.75 1e-05 0.1 512
1.0 8.12 7.24 6.41 6.16 6.12 6.01 6.13 6.2 6.2 5.97 5.96 6.17 6.24 6.47 6.08 6.39 6.29 6.36 6.43 6.36 62.368 46.1 1e-05 0.001 1024
1.0 4.74 4.9 4.92 4.89 4.96 5.1 4.84 5.1 5.13 5.06 5.11 5.13 5.23 5.1 5.04 4.94 5.01 5.07 5.06 5.05 99.984 67.96 1e-05 0.01 1024
1.0 4.2 4.34 4.37 4.54 4.44 4.65 4.38 4.41 4.47 4.33 4.5 4.37 4.43 4.34 4.33 4.3 4.37 4.45 4.26 4.41 99.978 69.23 1e-06 0.1 256
1.0 4.21 4.33 4.44 4.32 4.3 4.22 4.17 4.37 4.27 4.31 4.36 4.28 4.19 4.29 4.31 4.38 4.31 4.32 4.31 4.26 99.976 71.75 1e-05 0.1 512
1.0 7.0 6.01 5.71 5.75 5.47 5.27 5.56 5.94 5.69 6.06 6.51 6.22 6.74 6.45 6.68 6.6 7.03 6.7 6.9 6.93 96.458 56.18 1e-05 0.001 512
1.0 4.86 4.62 4.6 4.74 4.65 4.85 4.45 4.55 4.62 4.78 4.84 4.68 4.69 4.67 4.66 4.64 4.66 4.78 4.68 4.65 99.984 70.55 1e-05 0.01 512
1.0 4.0 4.39 4.3 4.48 4.43 4.56 4.42 4.57 4.48 4.58 4.39 4.37 4.48 4.49 4.48 4.49 4.5 4.43 4.39 4.42 99.978 70.41 1e-05 0.1 256
1.0 4.37 4.19 4.72 4.29 4.43 4.47 4.44 4.33 4.56 4.41 4.36 4.4 4.39 4.29 4.29 4.3 4.36 4.27 4.3 4.36 99.98 70.7 1e-07 0.1 256
1.0 4.66 4.74 4.63 4.56 4.87 4.56 4.77 4.74 4.53 4.59 4.63 4.61 4.6 4.57 4.59 4.65 4.59 4.64 4.58 4.62 99.98 71.29 1e-06 0.01 512
1.0 4.45 4.32 4.54 4.67 4.54 4.38 4.76 4.76 4.78 4.57 4.77 4.64 4.72 4.65 4.64 4.64 4.75 4.7 4.65 4.75 99.976 68.78 1e-06 0.1 512
1.0 4.42 4.38 4.62 4.45 4.71 4.69 4.37 4.46 4.41 4.51 4.47 4.52 4.49 4.43 4.44 4.47 4.5 4.46 4.53 4.44 99.978 69.87 1e-07 0.1 512
1.0 7.19 6.24 6.43 6.25 6.1 5.69 6.2 6.12 5.94 6.37 6.22 6.52 6.41 6.1 6.48 6.55 6.31 6.42 6.48 6.37 63.824 47.32 1e-07 0.001 1024
1.0 4.46 4.61 4.54 4.54 4.68 4.6 4.36 4.57 4.48 4.52 4.62 4.41 4.52 4.49 4.52 4.56 4.55 4.46 4.56 4.61 99.984 72.19 1e-05 0.01 256
1.0 6.42 6.17 5.79 5.95 5.76 5.59 5.57 5.54 5.73 6.12 5.85 6.01 6.32 6.16 6.42 6.38 6.19 6.36 6.3 6.38 96.602 56.14 1e-06 0.001 512
1.0 5.54 5.17 5.22 5.44 5.11 5.33 5.48 5.47 5.29 5.5 5.71 5.8 5.77 5.73 5.95 5.75 5.8 5.57 5.74 5.76 99.876 62.65 1e-05 0.001 256
1.0 4.33 4.5 4.33 4.59 4.58 4.53 4.59 4.51 4.61 4.48 4.63 4.62 4.63 4.57 4.49 4.45 4.48 4.5 4.51 4.55 99.98 72.44 1e-06 0.01 256
1.0 4.31 4.4 4.69 4.34 4.53 4.34 4.54 4.39 4.5 4.47 4.39 4.34 4.39 4.34 4.48 4.55 4.56 4.41 4.43 4.44 99.98 72.32 1e-07 0.01 256
1.0 4.0 4.39 4.3 4.48 4.43 4.56 4.42 4.57 4.48 4.58 4.39 4.37 4.48 4.49 4.48 4.49 4.5 4.43 4.39 4.42 99.978 70.41 1e-05 0.1 256
1.0 4.44 4.28 4.39 4.56 4.36 4.35 4.47 4.34 4.55 4.39 4.29 4.14 4.31 4.37 4.34 4.45 4.38 4.38 4.37 4.38 99.976 71.63 1e-06 0.1 1024
1.0 4.82 4.67 5.07 4.71 4.66 4.85 4.9 4.76 4.81 4.71 4.62 4.53 4.61 4.61 4.66 4.73 4.71 4.59 4.8 4.7 99.98 70.76 1e-07 0.01 512
1.0 4.3 4.26 4.57 4.43 4.54 4.31 4.36 4.55 4.56 4.61 4.37 4.45 4.42 4.43 4.55 4.53 4.5 4.45 4.5 4.45 99.976 72.14 1e-05 0.1 1024
1.0 6.37 5.85 5.9 5.8 5.52 5.73 5.95 5.82 6.23 6.23 6.38 6.34 6.42 6.42 6.99 6.84 6.85 7.06 6.89 7.16 97.1 54.17 1e-06 0.001 512
1.0 5.6 5.34 5.38 5.44 5.48 5.73 5.66 5.76 5.95 5.8 5.99 5.52 5.85 5.69 6.07 5.74 5.73 5.84 5.69 5.79 99.888 62.33 1e-07 0.001 256
1.0 4.5 4.34 4.55 4.38 4.6 4.5 4.42 4.48 4.37 4.49 4.36 4.47 4.37 4.51 4.45 4.39 4.51 4.41 4.44 4.4 99.97 69.87 1e-06 0.1 512
1.0 4.46 4.61 4.54 4.54 4.68 4.6 4.36 4.57 4.48 4.52 4.62 4.41 4.52 4.49 4.52 4.56 4.55 4.46 4.56 4.61 99.984 72.19 1e-05 0.01 256
1.0 4.38 4.37 4.24 4.38 4.58 4.49 4.49 4.58 4.33 4.45 4.37 4.47 4.34 4.37 4.34 4.34 4.33 4.4 4.4 4.37 99.976 67.53 1e-05 0.1 256
1.0 4.31 4.4 4.69 4.34 4.53 4.34 4.54 4.39 4.5 4.47 4.39 4.34 4.39 4.34 4.48 4.55 4.56 4.41 4.43 4.44 99.98 72.32 1e-07 0.01 256
1.0 6.45 5.75 5.49 5.36 5.66 5.7 5.53 5.87 5.79 6.2 6.14 6.34 6.46 6.21 6.5 6.46 6.57 6.67 6.79 6.65 96.922 55.5 1e-07 0.001 512
1.0 4.86 4.47 4.6 4.81 4.72 4.6 4.63 4.6 4.76 4.63 4.47 4.57 4.79 4.68 4.6 4.82 4.68 4.81 4.7 4.67 99.98 70.39 1e-07 0.01 512
1.0 4.46 4.26 4.47 4.6 4.67 4.57 4.56 4.52 4.67 4.81 4.69 4.62 4.77 4.78 4.74 4.9 4.74 4.7 4.78 4.79 99.982 72.78 1e-05 0.01 256
1.0 8.12 7.24 6.41 6.16 6.12 6.01 6.13 6.2 6.2 5.97 5.96 6.17 6.24 6.47 6.08 6.39 6.29 6.36 6.43 6.36 62.368 46.1 1e-05 0.001 1024
1.0 6.17 6.04 5.96 5.89 5.56 5.6 5.55 5.73 5.69 5.96 5.92 6.13 5.99 6.53 6.42 6.51 6.3 6.49 6.44 6.37 97.12 54.6 1e-05 0.001 512
1.0 5.59 5.58 5.36 5.07 5.01 5.33 5.53 5.47 5.6 5.55 5.71 5.61 5.82 5.68 5.63 5.73 5.62 5.82 5.81 5.91 99.894 61.56 1e-07 0.001 256
1.0 4.2 4.34 4.37 4.54 4.44 4.65 4.38 4.41 4.47 4.33 4.5 4.37 4.43 4.34 4.33 4.3 4.37 4.45 4.26 4.41 99.978 69.23 1e-06 0.1 256
1.0 5.51 5.43 5.49 5.54 5.42 5.27 5.72 5.56 5.49 5.71 5.76 5.7 5.84 5.78 5.77 5.63 5.85 5.8 5.83 5.81 99.874 62.33 1e-06 0.001 256
1.0 4.86 4.62 4.6 4.74 4.65 4.85 4.45 4.55 4.62 4.78 4.84 4.68 4.69 4.67 4.66 4.64 4.66 4.78 4.68 4.65 99.984 70.55 1e-05 0.01 512
1.0 4.37 4.19 4.72 4.29 4.43 4.47 4.44 4.33 4.56 4.41 4.36 4.4 4.39 4.29 4.29 4.3 4.36 4.27 4.3 4.36 99.98 70.7 1e-07 0.1 256
1.0 4.69 4.76 4.47 4.47 4.65 4.54 4.35 4.31 4.33 4.58 4.44 4.38 4.27 4.52 4.36 4.28 4.3 4.37 4.39 4.29 99.98 72.54 1e-06 0.01 256
1.0 4.62 4.43 4.62 4.55 4.5 4.43 4.36 4.28 4.4 4.32 4.37 4.17 4.21 4.26 4.33 4.32 4.32 4.42 4.35 4.47 99.982 72.55 1e-07 0.01 256
1.0 8.35 6.7 6.27 6.03 6.07 6.46 5.89 6.2 5.74 6.11 5.97 5.93 6.19 6.28 6.21 6.4 6.52 6.43 6.48 6.4 63.11 47.03 1e-06 0.001 1024
1.0 8.56 7.05 6.43 6.15 5.88 6.15 6.08 5.97 6.36 6.24 6.23 6.2 6.32 6.33 6.38 6.56 6.25 6.56 6.63 6.44 63.34 46.1 1e-06 0.001 1024
1.0 4.33 4.5 4.33 4.59 4.58 4.53 4.59 4.51 4.61 4.48 4.63 4.62 4.63 4.57 4.49 4.45 4.48 4.5 4.51 4.55 99.98 72.44 1e-06 0.01 256
1.0 7.19 6.24 6.43 6.25 6.1 5.69 6.2 6.12 5.94 6.37 6.22 6.52 6.41 6.1 6.48 6.55 6.31 6.42 6.48 6.37 63.824 47.32 1e-07 0.001 1024
1.0 7.0 6.01 5.71 5.75 5.47 5.27 5.56 5.94 5.69 6.06 6.51 6.22 6.74 6.45 6.68 6.6 7.03 6.7 6.9 6.93 96.458 56.18 1e-05 0.001 512
1.0 6.42 6.17 5.79 5.95 5.76 5.59 5.57 5.54 5.73 6.12 5.85 6.01 6.32 6.16 6.42 6.38 6.19 6.36 6.3 6.38 96.602 56.14 1e-06 0.001 512
1.0 4.28 4.47 4.32 4.51 4.38 4.4 4.6 4.51 4.43 4.56 4.5 4.5 4.49 4.64 4.51 4.52 4.56 4.64 4.55 4.6 99.976 67.18 1e-07 0.1 256
1.0 4.48 4.14 4.37 4.43 4.74 4.46 4.37 4.33 4.41 4.35 4.52 4.38 4.37 4.4 4.4 4.41 4.39 4.34 4.34 4.29 99.98 69.09 1e-06 0.1 256
1.0 6.45 5.75 5.49 5.36 5.66 5.7 5.53 5.87 5.79 6.2 6.14 6.34 6.46 6.21 6.5 6.46 6.57 6.67 6.79 6.65 96.922 55.5 1e-07 0.001 512
1.0 5.54 5.17 5.22 5.44 5.11 5.33 5.48 5.47 5.29 5.5 5.71 5.8 5.77 5.73 5.95 5.75 5.8 5.57 5.74 5.76 99.876 62.65 1e-05 0.001 256
1.0 4.66 4.74 4.63 4.56 4.87 4.56 4.77 4.74 4.53 4.59 4.63 4.61 4.6 4.57 4.59 4.65 4.59 4.64 4.58 4.62 99.98 71.29 1e-06 0.01 512
1.0 6.29 6.12 5.74 5.67 5.62 6.1 5.87 5.68 5.86 5.93 6.2 6.07 6.05 6.53 6.37 6.36 6.6 6.53 6.49 6.4 96.942 54.67 1e-07 0.001 512
1.0 5.51 5.43 5.49 5.54 5.42 5.27 5.72 5.56 5.49 5.71 5.76 5.7 5.84 5.78 5.77 5.63 5.85 5.8 5.83 5.81 99.874 62.33 1e-06 0.001 256
1.0 5.9 5.51 5.36 5.35 5.15 5.32 5.39 5.42 5.44 5.52 5.37 5.53 5.45 5.34 5.17 5.44 5.64 5.4 5.32 5.43 99.882 61.71 1e-05 0.001 256
1.0 4.82 4.67 5.07 4.71 4.66 4.85 4.9 4.76 4.81 4.71 4.62 4.53 4.61 4.61 4.66 4.73 4.71 4.59 4.8 4.7 99.98 70.76 1e-07 0.01 512
1.0 5.94 5.57 5.25 5.51 5.52 5.46 5.38 5.59 5.93 5.71 5.71 5.85 5.54 5.7 5.79 5.83 5.99 5.98 5.91 5.78 99.87 60.6 1e-06 0.001 256
1.0 5.6 5.34 5.38 5.44 5.48 5.73 5.66 5.76 5.95 5.8 5.99 5.52 5.85 5.69 6.07 5.74 5.73 5.84 5.69 5.79 99.888 62.33 1e-07 0.001 256
1.0 4.3 4.26 4.57 4.43 4.54 4.31 4.36 4.55 4.56 4.61 4.37 4.45 4.42 4.43 4.55 4.53 4.5 4.45 4.5 4.45 99.976 72.14 1e-05 0.1 1024
1.0 4.44 4.28 4.39 4.56 4.36 4.35 4.47 4.34 4.55 4.39 4.29 4.14 4.31 4.37 4.34 4.45 4.38 4.38 4.37 4.38 99.976 71.63 1e-06 0.1 1024
1.0 4.43 4.4 4.43 4.28 4.43 4.52 4.21 4.57 4.36 4.37 4.36 4.35 4.41 4.28 4.27 4.38 4.37 4.4 4.32 4.31 99.976 71.28 1e-07 0.1 1024
1.0 4.62 4.26 4.62 4.29 4.17 4.31 4.42 4.2 4.21 4.2 4.37 4.2 4.19 4.28 4.24 4.33 4.29 4.28 4.29 4.3 99.974 71.09 1e-05 0.1 512
1.0 4.5 4.34 4.55 4.38 4.6 4.5 4.42 4.48 4.37 4.49 4.36 4.47 4.37 4.51 4.45 4.39 4.51 4.41 4.44 4.4 99.97 69.87 1e-06 0.1 512
1.0 4.35 4.19 4.43 4.74 4.39 4.64 4.47 4.39 4.21 4.3 4.37 4.33 4.21 4.3 4.26 4.39 4.3 4.35 4.25 4.36 99.972 70.85 1e-07 0.1 512
1.0 4.38 4.37 4.24 4.38 4.58 4.49 4.49 4.58 4.33 4.45 4.37 4.47 4.34 4.37 4.34 4.34 4.33 4.4 4.4 4.37 99.976 67.53 1e-05 0.1 256
1.0 4.48 4.5 4.6 4.64 4.57 4.8 4.73 4.68 4.74 4.71 4.6 4.67 4.72 4.83 4.59 4.8 4.67 4.75 4.74 4.75 99.976 68.94 1e-05 0.1 1024
1.0 4.5 4.68 4.56 4.6 4.57 4.54 4.69 4.39 4.52 4.35 4.45 4.37 4.42 4.39 4.3 4.4 4.47 4.42 4.37 4.45 99.982 71.35 1e-06 0.1 1024
1.0 4.51 4.66 4.37 4.92 4.46 4.52 4.55 4.53 4.57 4.5 4.44 4.54 4.63 4.63 4.63 4.65 4.6 4.69 4.62 4.67 99.974 70.55 1e-07 0.1 1024
1.0 4.57 4.27 4.64 4.43 4.55 4.42 4.47 4.46 4.43 4.46 4.6 4.54 4.54 4.52 4.52 4.51 4.59 4.53 4.57 4.47 99.984 70.52 1e-07 0.1 512
1.0 4.39 4.34 4.69 4.63 4.49 4.36 4.45 4.55 4.49 4.36 4.39 4.31 4.26 4.47 4.41 4.37 4.36 4.42 4.42 4.33 99.986 71.11 1e-05 0.1 512
1.0 5.16 4.91 5.0 4.93 4.97 5.27 5.22 4.95 4.92 5.13 4.97 5.0 4.95 5.14 5.06 5.16 5.08 5.08 5.1 5.11 99.982 66.89 1e-05 0.01 1024
1.0 4.48 4.28 4.43 4.52 4.54 4.41 4.55 4.39 4.29 4.44 4.42 4.33 4.43 4.34 4.4 4.4 4.34 4.39 4.31 4.41 99.98 71.25 1e-06 0.1 512
1.0 5.33 4.68 4.92 4.95 5.19 4.94 5.33 4.95 4.97 4.94 5.0 5.07 5.19 4.97 5.05 4.99 5.09 5.0 5.04 4.99 99.978 67.61 1e-06 0.01 1024
1.0 5.17 4.79 4.96 4.67 4.87 5.1 4.87 4.93 5.03 5.11 4.89 4.92 4.95 5.0 5.19 4.99 5.12 5.0 5.06 5.11 99.988 67.15 1e-07 0.01 1024
1.0 4.72 4.95 4.63 4.88 5.08 4.82 4.89 4.47 5.04 4.75 4.98 4.89 4.84 4.88 4.94 4.94 5.01 4.91 4.85 4.93 99.978 70.32 1e-06 0.01 512
1.0 4.48 4.33 4.48 4.62 4.75 4.6 4.61 4.47 4.54 4.6 4.53 4.55 4.58 4.66 4.69 4.69 4.58 4.65 4.62 4.59 99.968 70.45 1e-07 0.1 256
1.0 4.38 4.33 4.52 4.74 4.64 4.66 4.69 4.62 4.75 4.71 4.69 4.6 4.59 4.5 4.59 4.55 4.51 4.57 4.62 4.62 99.97 68.22 1e-05 0.1 256
1.0 4.71 4.52 4.57 4.59 4.4 4.71 4.57 4.48 4.6 4.41 4.53 4.33 4.43 4.39 4.43 4.43 4.5 4.53 4.44 4.44 99.968 69.51 1e-06 0.1 256
1.0 4.31 4.74 4.8 4.68 4.58 4.51 4.58 4.54 4.39 4.4 4.18 4.35 4.33 4.47 4.33 4.37 4.39 4.31 4.34 4.33 99.984 70.03 1e-05 0.01 512
1.0 10.88 6.25 6.08 6.37 6.64 5.91 5.82 6.46 6.54 6.41 6.51 6.61 6.67 6.92 6.93 6.64 6.86 6.81 6.57 6.62 62.828 46.53 1e-05 0.001 1024
1.0 4.3 4.7 4.69 4.78 4.82 4.87 4.6 4.67 4.48 4.67 4.59 4.54 4.72 4.64 4.64 4.65 4.69 4.7 4.62 4.52 99.97 72.38 1e-05 0.01 256
1.0 9.16 6.02 6.33 5.96 6.17 6.06 6.4 6.29 6.23 6.1 6.03 6.61 6.53 6.59 6.73 6.82 6.8 6.58 6.74 6.8 63.5 47.03 1e-06 0.001 1024
1.0 4.38 4.42 4.58 4.3 4.47 4.55 4.51 4.68 4.53 4.48 4.5 4.37 4.47 4.43 4.53 4.52 4.52 4.53 4.47 4.58 99.966 71.97 1e-07 0.01 256
1.0 6.27 6.09 5.83 5.72 5.57 5.73 5.95 5.88 6.04 6.09 6.49 6.66 6.7 6.34 6.68 6.68 6.81 6.85 7.06 6.91 96.516 55.42 1e-07 0.001 512
1.0 4.77 4.82 4.77 4.95 4.8 4.65 4.78 4.57 4.59 4.58 4.54 4.72 4.64 4.66 4.58 4.58 4.58 4.54 4.66 4.59 99.98 70.16 1e-07 0.01 512
1.0 6.35 5.78 6.29 5.34 5.47 5.67 5.74 6.1 6.17 6.34 6.33 6.27 6.49 6.54 6.64 6.55 6.44 6.28 6.33 6.27 96.472 55.25 1e-06 0.001 512
1.0 4.53 4.32 4.66 4.55 4.5 4.59 4.5 4.5 4.58 4.53 4.51 4.51 4.66 4.64 4.59 4.66 4.66 4.59 4.63 4.55 99.974 72.34 1e-06 0.01 256
1.0 11.99 6.37 6.48 6.31 6.51 6.2 5.91 6.3 6.6 6.37 6.31 6.45 6.49 6.71 6.71 6.93 6.68 6.5 6.77 6.63 63.774 48.0 1e-07 0.001 1024
1.0 6.35 6.04 6.36 5.73 5.56 5.59 5.82 5.86 6.03 5.81 6.29 5.81 6.32 6.3 6.42 6.36 6.24 6.24 6.17 6.15 95.93 55.28 1e-05 0.001 512
1.0 6.02 5.72 5.27 5.23 5.14 5.05 5.2 5.45 5.25 5.47 5.46 5.69 5.33 5.45 5.41 5.53 5.43 5.65 5.39 5.48 99.858 62.84 1e-05 0.001 256
1.0 5.92 6.02 5.35 5.39 5.27 5.39 5.6 5.54 5.67 5.72 5.72 5.74 5.89 6.02 5.84 5.86 5.64 5.55 5.59 5.6 99.888 61.9 1e-07 0.001 256
1.0 5.79 5.55 5.64 5.53 5.31 5.17 5.63 5.42 5.42 5.9 5.76 5.77 5.54 5.73 5.61 5.89 5.77 5.72 5.59 5.91 99.864 63.0 1e-06 0.001 256
