1.0 6.82 6.19 5.87 5.41 5.5 5.21 5.17 5.42 5.43 5.33 5.77 5.66 5.86 5.72 5.74 5.8 5.85 5.75 5.81 5.92 98.94 60.11 1e-05 0.1 1024
1.0 6.12 6.07 5.43 5.17 5.09 5.62 5.54 5.5 5.87 5.83 5.71 5.7 5.67 5.64 5.77 5.66 5.63 5.73 5.64 5.64 99.796 62.39 1e-06 0.1 1024
1.0 6.15 6.08 5.7 5.27 5.32 5.67 5.72 5.6 5.9 6.02 5.86 5.83 5.93 6.12 5.95 5.81 5.94 5.93 6.0 5.94 99.64 62.13 1e-07 0.1 1024
1.0 6.2 5.1 5.35 5.45 5.66 5.74 5.89 5.8 5.78 5.84 5.81 5.71 5.68 5.58 5.67 5.57 5.79 5.71 5.65 5.66 99.926 65.56 1e-05 0.1 512
1.0 5.97 5.7 5.36 5.51 5.84 5.35 5.94 5.56 5.72 6.0 5.81 5.85 5.72 5.74 5.78 5.95 5.75 5.98 5.77 5.87 99.906 64.97 1e-06 0.1 512
1.0 6.21 5.79 5.43 5.39 5.6 5.76 5.84 5.98 5.86 5.71 5.93 5.86 5.82 5.96 5.93 5.85 5.99 5.97 5.85 6.03 99.878 63.89 1e-07 0.1 512
1.0 6.08 5.25 5.98 5.87 6.09 5.79 5.68 5.93 5.71 6.02 6.02 5.85 5.59 5.87 5.69 5.72 5.85 5.69 5.66 5.78 99.852 64.97 1e-05 0.1 256
1.0 6.16 5.5 5.45 5.45 5.53 5.59 5.77 5.74 5.92 5.67 5.91 5.79 5.67 5.44 5.5 5.47 5.55 5.55 5.57 5.63 99.784 63.5 1e-06 0.1 256
1.0 5.92 5.67 5.85 6.03 5.63 5.57 5.88 5.96 5.73 5.95 5.97 5.86 5.86 6.03 5.67 5.77 5.76 5.83 5.81 5.84 99.686 63.31 1e-07 0.1 256
1.0 4.92 4.59 4.66 4.68 4.59 4.53 4.58 4.77 4.84 4.65 4.65 4.65 4.65 4.69 4.74 4.82 4.79 4.82 4.84 4.78 99.976 65.97 1e-05 0.01 1024
1.0 4.54 4.35 4.69 4.71 4.49 4.75 4.5 4.63 4.52 4.5 4.7 4.58 4.59 4.68 4.55 4.51 4.59 4.54 4.61 4.61 99.972 65.59 1e-06 0.01 1024
1.0 4.6 4.88 4.43 4.64 4.67 4.63 4.63 4.63 4.43 4.49 4.56 4.45 4.66 4.38 4.54 4.51 4.47 4.51 4.51 4.47 99.978 65.31 1e-07 0.01 1024
1.0 4.57 4.55 4.27 4.69 4.51 4.27 4.44 4.66 4.42 4.44 4.49 4.46 4.42 4.39 4.5 4.42 4.53 4.54 4.43 4.35 99.97 67.34 1e-05 0.01 512
1.0 4.55 4.52 4.62 4.68 4.32 4.41 4.44 4.35 4.28 4.32 4.2 4.16 4.21 4.19 4.13 4.15 4.17 4.17 4.14 4.15 99.97 67.27 1e-06 0.01 512
1.0 4.4 4.44 4.81 4.53 4.42 4.39 4.49 4.47 4.46 4.45 4.62 4.46 4.4 4.4 4.5 4.43 4.41 4.45 4.42 4.46 99.984 67.68 1e-07 0.01 512
1.0 4.46 4.46 4.25 4.53 4.72 4.46 4.44 4.47 4.45 4.51 4.65 4.55 4.52 4.52 4.54 4.59 4.49 4.54 4.52 4.39 99.976 69.54 1e-05 0.01 256
1.0 4.49 4.52 4.57 4.38 4.54 4.42 4.57 4.45 4.49 4.47 4.57 4.59 4.62 4.57 4.52 4.57 4.57 4.6 4.6 4.64 99.974 69.02 1e-06 0.01 256
1.0 5.41 4.86 5.24 5.42 5.6 5.65 5.89 6.06 5.93 6.0 6.1 5.96 5.94 6.08 6.01 6.1 6.19 6.13 6.03 5.92 99.944 54.11 1e-05 0.001 1024
1.0 4.58 4.6 4.63 4.34 4.28 4.49 4.49 4.41 4.5 4.38 4.36 4.26 4.22 4.23 4.29 4.35 4.31 4.32 4.44 4.34 99.986 68.78 1e-07 0.01 256
1.0 5.55 5.26 5.28 5.04 5.1 5.62 5.56 5.67 5.77 5.96 5.49 5.9 5.76 5.7 5.63 5.48 5.47 5.61 5.58 5.57 99.91 54.68 1e-06 0.001 1024
1.0 5.38 5.2 5.2 5.24 5.35 5.9 5.7 5.52 5.84 5.7 6.11 5.97 6.09 5.93 5.95 5.84 5.91 6.0 6.08 6.02 99.93 54.33 1e-07 0.001 1024
1.0 4.72 5.21 4.93 5.29 5.4 5.13 5.39 5.43 5.25 5.3 5.41 5.38 5.33 5.38 5.33 5.47 5.36 5.35 5.34 5.44 99.958 57.35 1e-05 0.001 512
1.0 4.74 5.14 5.14 5.37 5.48 5.52 5.42 5.39 5.42 5.48 5.31 5.62 5.61 5.5 5.6 5.56 5.53 5.4 5.42 5.51 99.958 57.61 1e-06 0.001 512
1.0 4.93 4.98 4.88 5.24 5.4 5.26 5.53 5.41 5.5 5.41 5.52 5.33 5.47 5.26 5.31 5.5 5.34 5.29 5.38 5.29 99.958 58.6 1e-07 0.001 512
1.0 4.68 4.7 5.02 5.14 5.12 4.76 5.0 4.84 5.03 5.08 4.97 4.92 5.02 4.87 5.11 4.83 5.07 5.07 4.85 4.79 99.978 61.4 1e-05 0.001 256
1.0 4.64 4.75 4.83 5.0 4.79 5.06 5.08 5.17 5.08 5.17 5.01 5.0 5.08 4.96 5.02 5.04 5.08 5.19 5.06 5.0 99.974 62.1 1e-06 0.001 256
1.0 6.84 6.33 5.64 5.62 5.2 5.6 5.37 5.54 5.67 5.6 5.36 5.5 6.06 5.48 5.58 5.6 5.7 5.76 5.72 5.66 99.75 62.14 1e-05 0.1 1024
1.0 4.94 4.73 4.81 4.92 4.87 4.94 5.08 5.2 4.76 4.97 5.15 4.93 5.14 5.19 5.15 5.23 5.26 5.11 5.12 5.08 99.968 61.32 1e-07 0.001 256
1.0 3.88 5.68 6.06 5.28 5.7 5.96 5.74 5.62 5.61 5.99 5.66 5.76 5.7 6.02 5.92 5.94 5.78 5.9 6.1 5.86 98.654 58.81 1e-07 0.1 1024
1.0 7.4 6.57 5.52 5.59 5.31 5.58 5.78 5.72 5.91 5.83 5.76 5.84 5.64 5.85 5.66 5.52 5.58 5.5 5.6 5.59 99.856 63.89 1e-05 0.1 512
1.0 6.9 6.16 5.77 5.53 5.46 5.73 5.92 6.16 5.83 5.9 5.81 5.99 5.96 6.06 5.81 5.98 5.88 6.07 5.86 5.88 99.312 61.21 1e-06 0.1 512
1.0 5.98 5.51 5.42 5.39 5.27 5.6 5.94 5.94 6.01 6.12 6.1 5.59 5.96 5.93 5.9 5.92 6.15 5.83 5.86 5.88 99.796 63.7 1e-07 0.1 512
1.0 6.66 5.49 5.74 5.48 5.68 5.37 5.8 5.4 5.77 5.67 5.85 5.69 5.68 5.46 5.9 5.92 5.62 5.69 5.85 5.74 99.872 66.06 1e-05 0.1 256
1.0 5.86 5.98 5.53 5.61 5.67 5.8 5.88 5.73 5.74 5.96 6.05 5.76 6.05 6.05 5.98 5.8 5.95 5.91 5.9 5.9 99.808 64.89 1e-06 0.1 256
1.0 5.84 5.6 5.58 5.28 5.12 5.31 5.53 5.62 5.43 5.68 5.36 5.6 5.54 5.45 5.5 5.23 5.47 5.52 5.53 5.35 99.862 64.48 1e-07 0.1 256
1.0 4.35 4.42 4.46 4.56 4.53 4.56 4.49 4.55 4.39 4.69 4.52 4.44 4.48 4.54 4.55 4.6 4.49 4.58 4.51 4.45 99.98 64.98 1e-06 0.01 1024
1.0 4.53 4.54 4.46 4.42 4.44 4.59 4.66 4.56 4.53 4.55 4.5 4.6 4.57 4.52 4.67 4.57 4.58 4.54 4.59 4.57 99.978 65.17 1e-05 0.01 1024
1.0 4.38 4.54 4.62 4.65 4.63 4.72 4.76 4.74 4.72 4.53 4.76 4.64 4.68 4.72 4.67 4.68 4.66 4.71 4.67 4.76 99.982 64.51 1e-07 0.01 1024
1.0 4.47 4.36 4.49 4.46 4.29 4.39 4.26 4.26 4.21 4.32 4.17 4.35 4.31 4.46 4.41 4.27 4.34 4.41 4.35 4.37 99.984 66.96 1e-05 0.01 512
1.0 4.51 4.41 4.37 4.48 4.35 4.34 4.46 4.39 4.31 4.37 4.32 4.38 4.43 4.39 4.42 4.38 4.37 4.37 4.35 4.29 99.978 67.58 1e-07 0.01 512
1.0 4.46 4.4 4.56 4.42 4.55 4.26 4.62 4.71 4.61 4.35 4.4 4.6 4.51 4.38 4.37 4.43 4.38 4.42 4.43 4.44 99.98 69.37 1e-06 0.01 256
1.0 4.45 4.48 4.28 4.55 4.54 4.48 4.56 4.56 4.55 4.41 4.26 4.17 4.3 4.18 4.32 4.4 4.33 4.24 4.3 4.25 99.98 69.55 1e-05 0.01 256
1.0 5.39 5.17 5.25 5.31 5.76 5.56 5.55 5.74 6.12 6.06 5.92 5.81 6.09 5.93 6.08 6.01 6.01 5.93 5.95 6.08 99.922 54.21 1e-05 0.001 1024
1.0 4.2 4.45 4.36 4.15 4.22 4.27 4.21 4.02 4.25 4.3 4.12 4.25 4.14 4.12 4.18 4.18 4.16 4.09 4.16 4.25 99.982 69.48 1e-07 0.01 256
1.0 5.52 5.33 5.32 5.18 5.52 5.62 6.12 5.95 5.83 6.47 6.14 6.05 6.08 6.02 6.04 6.21 6.14 5.99 6.25 6.03 99.908 53.18 1e-06 0.001 1024
1.0 5.28 5.34 5.16 5.09 5.65 5.76 5.83 5.62 5.9 6.14 5.91 5.95 5.88 5.95 5.83 5.85 5.94 5.87 5.99 5.82 99.93 53.91 1e-07 0.001 1024
1.0 4.8 5.01 5.38 5.23 5.47 5.51 5.62 5.52 5.71 5.41 5.59 5.48 5.9 5.67 5.49 5.77 5.69 5.69 5.72 5.75 99.976 58.05 1e-05 0.001 512
1.0 5.3 4.88 5.01 5.05 5.18 4.93 5.25 5.13 5.17 5.01 5.06 5.2 5.28 5.17 5.25 5.27 5.3 5.33 5.25 5.19 99.97 57.83 1e-07 0.001 512
1.0 4.84 4.88 5.01 5.37 5.2 5.33 5.08 5.41 5.24 5.48 5.3 5.44 5.17 5.28 5.4 5.46 5.52 5.35 5.4 5.49 99.958 57.53 1e-06 0.001 512
1.0 4.56 4.65 4.88 4.74 4.8 4.86 4.87 5.18 4.76 4.64 4.71 4.68 4.77 4.66 4.48 4.82 4.71 4.61 4.58 4.63 99.978 61.01 1e-05 0.001 256
1.0 4.55 4.42 5.21 4.95 4.73 4.72 4.85 4.85 4.87 4.91 5.02 4.9 4.88 4.93 4.97 4.79 4.99 4.81 5.01 4.88 99.976 61.61 1e-06 0.001 256
1.0 4.57 4.75 4.84 4.81 4.89 4.95 4.78 4.85 4.79 5.06 5.08 4.83 4.79 4.88 5.03 4.82 4.75 4.8 4.84 4.73 99.976 61.58 1e-07 0.001 256
1.0 5.62 5.45 5.51 5.31 5.41 5.54 5.51 5.81 5.52 5.83 5.75 5.68 5.85 5.76 5.73 5.99 5.87 5.91 5.94 5.87 99.864 61.97 1e-05 0.1 1024
1.0 6.08 5.45 5.26 5.5 5.61 5.49 5.56 5.59 5.62 5.74 5.6 5.97 5.68 5.59 5.81 5.8 5.78 5.57 5.72 5.65 99.896 63.95 1e-05 0.1 512
1.0 6.05 5.22 5.58 5.76 5.72 5.76 5.74 5.69 5.9 5.4 5.8 5.61 5.76 5.46 5.73 5.59 5.75 5.64 5.64 5.86 99.902 65.39 1e-06 0.1 512
1.0 5.88 6.28 5.57 5.68 5.34 5.77 5.57 5.86 5.75 5.49 5.82 5.8 5.78 5.89 5.81 5.89 5.87 5.97 5.84 6.02 99.904 63.05 1e-06 0.1 1024
1.0 6.22 5.97 5.33 5.15 5.16 5.34 5.38 5.52 5.9 5.81 5.77 5.48 5.71 5.71 5.77 5.75 5.61 5.65 5.67 5.65 99.892 61.78 1e-07 0.1 1024
1.0 6.09 5.36 5.49 5.57 5.61 5.8 5.97 5.79 6.24 5.96 5.74 5.68 5.85 5.91 5.84 5.91 5.99 5.93 5.95 5.97 99.848 64.14 1e-07 0.1 512
1.0 5.77 5.56 5.44 5.44 5.61 5.88 5.91 6.12 6.19 5.96 5.91 5.73 5.66 5.71 5.8 5.86 5.91 5.88 5.9 5.93 99.884 65.29 1e-05 0.1 256
1.0 5.69 5.57 5.85 5.78 6.42 6.16 5.87 5.92 6.08 5.99 6.19 6.39 6.4 6.37 6.09 6.17 6.2 6.2 6.16 6.24 99.86 65.49 1e-06 0.1 256
1.0 6.58 5.96 5.89 5.96 6.26 6.13 5.72 6.06 6.35 6.04 6.17 6.15 6.09 6.21 6.17 6.04 6.27 6.31 6.14 6.18 99.788 64.83 1e-07 0.1 256
1.0 4.63 4.44 4.41 4.6 4.55 4.55 4.6 4.47 4.72 4.66 4.63 4.7 4.74 4.77 4.6 4.76 4.72 4.74 4.73 4.69 99.978 65.61 1e-05 0.01 1024
1.0 4.68 4.75 4.57 4.67 4.66 4.58 4.6 4.57 4.63 4.47 4.57 4.63 4.58 4.57 4.66 4.65 4.64 4.66 4.54 4.66 99.972 65.08 1e-06 0.01 1024
1.0 4.73 4.75 4.45 4.84 4.82 4.65 4.75 4.57 4.6 4.53 4.57 4.62 4.45 4.51 4.5 4.61 4.58 4.58 4.53 4.51 99.974 64.59 1e-07 0.01 1024
1.0 4.65 4.33 4.7 4.46 4.74 4.58 4.27 4.34 4.41 4.45 4.42 4.34 4.4 4.4 4.45 4.33 4.35 4.43 4.36 4.4 99.968 67.31 1e-05 0.01 512
1.0 4.61 4.31 4.4 4.72 4.64 4.57 4.48 4.54 4.56 4.62 4.43 4.43 4.59 4.64 4.56 4.59 4.53 4.58 4.54 4.51 99.972 67.86 1e-06 0.01 512
1.0 4.39 4.56 4.42 4.41 4.35 4.49 4.37 4.51 4.28 4.47 4.32 4.27 4.45 4.49 4.45 4.43 4.29 4.37 4.34 4.3 99.974 67.14 1e-07 0.01 512
1.0 4.48 4.46 4.46 4.64 4.24 4.45 4.26 4.44 4.45 4.36 4.42 4.44 4.28 4.33 4.26 4.39 4.28 4.4 4.4 4.43 99.978 69.38 1e-05 0.01 256
1.0 4.75 4.45 4.4 4.21 4.44 4.54 4.54 4.42 4.47 4.37 4.32 4.48 4.19 4.57 4.36 4.53 4.47 4.54 4.39 4.51 99.976 69.93 1e-06 0.01 256
1.0 4.57 4.46 4.29 4.55 4.4 4.63 4.52 4.43 4.41 4.57 4.51 4.46 4.51 4.61 4.41 4.54 4.57 4.54 4.58 4.56 99.974 69.2 1e-07 0.01 256
1.0 5.47 5.19 5.26 5.14 5.33 5.69 5.7 5.86 5.95 5.82 5.8 5.95 6.1 6.09 5.82 6.01 5.77 5.98 5.83 5.86 99.916 54.35 1e-05 0.001 1024
1.0 5.52 5.21 5.2 5.66 5.49 5.66 5.99 5.74 6.44 6.08 5.95 6.0 5.95 5.92 5.87 5.9 5.75 5.87 5.84 5.96 99.904 54.13 1e-06 0.001 1024
1.0 5.43 5.14 5.46 5.46 5.76 6.02 6.05 6.17 5.7 5.97 5.92 5.96 5.84 5.96 5.97 5.95 6.09 6.0 6.0 5.98 99.934 53.53 1e-07 0.001 1024
1.0 4.82 5.04 5.25 5.1 5.67 5.35 5.25 5.03 5.53 5.36 5.39 5.29 5.31 5.19 5.26 5.32 5.38 5.19 5.2 5.24 99.954 57.63 1e-05 0.001 512
1.0 4.96 4.75 5.03 5.49 5.44 5.63 5.48 5.24 5.18 5.41 5.51 5.49 5.37 5.29 5.54 5.38 5.49 5.27 5.38 5.44 99.958 57.84 1e-06 0.001 512
1.0 4.81 5.0 5.39 5.84 5.62 5.94 5.4 5.39 5.28 5.33 5.61 5.23 5.57 5.36 5.39 5.52 5.44 5.42 5.32 5.2 99.96 58.21 1e-07 0.001 512
1.0 5.0 4.79 5.01 5.21 4.89 4.98 5.05 5.08 4.94 5.26 5.03 4.98 5.12 4.98 5.06 4.84 4.99 4.9 4.9 4.83 99.974 61.83 1e-05 0.001 256
1.0 4.97 4.78 5.02 4.78 5.15 4.75 5.13 5.01 5.34 4.96 4.86 5.02 4.84 4.97 4.95 4.83 5.03 4.94 5.11 4.91 99.972 61.85 1e-06 0.001 256
1.0 4.89 4.8 4.6 4.61 5.22 4.61 5.06 4.85 5.2 5.01 5.16 5.12 5.18 5.02 5.05 4.99 4.89 4.97 5.03 4.99 99.964 62.22 1e-07 0.001 256
