1.89 3.02 2.94 3.0 2.98 3.18 3.12 3.09 2.48 3.08 3.03 3.0 2.92 2.91 3.01 2.87 2.87 2.83 2.9 2.85 2.88 100.0 82.66 1e-05 0.1 1024
1.89 3.28 2.88 3.41 3.15 3.12 3.4 3.13 3.29 3.03 2.92 3.12 3.27 3.05 3.09 3.11 3.09 3.07 3.08 3.09 3.09 100.0 78.36 1e-06 0.1 1024
1.89 2.79 3.27 3.31 3.34 3.33 2.98 3.37 3.22 3.14 3.12 3.19 3.15 3.11 3.18 3.17 3.11 3.12 3.09 3.14 3.1 100.0 75.96 1e-07 0.1 1024
1.89 2.89 2.83 2.73 3.09 2.89 2.63 2.63 2.74 2.82 3.06 3.07 3.17 2.86 3.05 3.07 3.1 3.08 3.13 3.11 3.12 100.0 81.45 1e-05 0.1 512
1.89 2.76 2.86 2.9 2.81 3.1 3.04 3.31 3.01 2.97 3.05 2.85 2.69 3.03 2.93 3.03 3.03 3.0 2.92 2.97 2.92 100.0 82.29 1e-06 0.1 512
1.89 3.02 2.96 3.29 2.97 3.08 3.12 2.91 3.05 2.97 3.05 3.26 3.17 3.13 3.19 3.01 2.99 3.04 3.03 3.03 3.07 100.0 78.86 1e-07 0.1 512
1.89 2.69 2.95 2.88 2.91 2.63 1.18 3.03 1.85 2.97 1.0 2.82 2.95 2.08 3.22 3.01 3.23 3.42 3.57 3.44 3.47 99.764 77.34 1e-05 0.1 256
1.89 1.88 2.87 2.91 3.1 2.99 3.0 1.14 3.02 2.9 3.02 3.08 3.08 3.13 3.07 2.96 3.02 2.87 2.95 2.88 2.93 100.0 82.33 1e-06 0.1 256
1.89 2.93 2.94 2.93 3.12 3.08 3.3 2.98 3.08 3.1 2.93 3.09 2.93 3.04 2.84 2.93 2.93 2.92 3.01 2.95 2.95 100.0 81.51 1e-07 0.1 256
1.89 2.82 3.16 3.09 2.99 2.87 2.91 3.0 2.9 3.11 3.02 2.85 2.95 2.92 2.88 2.8 2.88 2.81 2.85 2.94 2.93 100.0 83.0 1e-05 0.01 1024
1.89 2.99 3.02 2.95 3.04 2.92 2.97 2.86 2.89 2.97 2.92 2.96 3.08 2.75 2.9 2.96 2.86 2.86 2.88 2.88 2.9 100.0 82.9 1e-06 0.01 1024
1.89 2.88 2.92 2.84 3.0 2.94 2.87 2.79 2.78 2.81 2.8 2.74 2.78 2.76 2.76 2.79 2.76 2.79 2.77 2.79 2.78 100.0 82.13 1e-07 0.01 1024
1.89 2.87 2.89 2.9 3.08 2.88 2.71 3.02 2.84 2.84 2.77 2.81 2.68 2.77 2.87 2.96 2.9 2.87 2.87 2.74 2.78 100.0 84.22 1e-05 0.01 512
