2.27 0.23762 0.2394
2.28 0.2322 0.2407
2.32 0.23426 0.2335
2.28 0.2323 0.2427
2.48 0.25714 0.2527
2.48 0.25388 0.2544
2.58 0.24824 0.2491
2.52 0.25428 0.256
2.87 0.26764 0.2669
2.82 0.26474 0.2638
2.79 0.26762 0.2649
2.91 0.26462 0.2627
3.08 0.29588 0.2812
2.98 0.28596 0.278
3.13 0.28756 0.2763
3.06 0.2839 0.2784
3.37 0.32234 0.2929
3.31 0.30498 0.2913
3.47 0.30722 0.2831
3.11 0.296 0.2771
3.7 0.34962 0.3024
3.75 0.33156 0.3007
3.67 0.33372 0.2948
3.95 0.32234 0.296
3.97 0.38276 0.3043
4.14 0.36338 0.2995
4.08 0.36974 0.2975
3.87 0.3513 0.2956
4.35 0.42642 0.3051
4.29 0.4041 0.3057
4.52 0.41752 0.296
4.53 0.39308 0.2994
4.61 0.4791 0.3021
4.83 0.45906 0.3057
4.82 0.47812 0.2957
5.06 0.44826 0.2952
5.02 0.53706 0.3029
5.17 0.51294 0.3045
5.33 0.5607 0.2913
5.24 0.52082 0.2869
5.43 0.60116 0.2957
5.45 0.58926 0.2906
6.06 0.64876 0.2869
5.43 0.6013 0.2863
5.8 0.66396 0.2928
5.6 0.64006 0.2998
6.34 0.73086 0.2784
6.34 0.69638 0.2781
6.03 0.72734 0.2873
6.45 0.7095 0.285
6.8 0.80618 0.2762
6.95 0.78188 0.2758
6.59 0.7861 0.2864
6.69 0.77728 0.2886
7.16 0.86534 0.2761
6.9 0.8308 0.2768
6.64 0.8369 0.2815
6.73 0.8176 0.2737
