5.56 0.57874 0.3302
4.87 1.0 0.357
6.71 0.60232 0.3623
6.27 0.54178 0.3396
5.74 1.0 0.3545
6.17 1.0 0.3941
7.73 0.56468 0.3676
6.49 0.50526 0.3392
6.6 1.0 0.3935
5.77 1.0 0.3562
8.68 0.53526 0.3771
7.11 0.481 0.3405
6.88 1.0 0.3952
5.92 1.0 0.3566
8.59 0.51248 0.3724
7.18 0.4644 0.3363
7.26 1.0 0.3948
6.2 1.0 0.35
8.75 0.4973 0.3763
7.55 0.45272 0.341
7.87 1.0 0.3942
6.79 1.0 0.3525
8.91 0.48372 0.3757
7.69 0.44256 0.3397
7.69 1.0 0.3927
6.67 1.0 0.3528
9.06 0.47494 0.38
7.67 0.43246 0.3389
7.69 1.0 0.3952
6.71 1.0 0.3511
9.55 0.464 0.3807
7.76 0.42436 0.3414
7.89 1.0 0.3927
7.22 1.0 0.3516
9.54 0.45654 0.3766
8.19 0.41686 0.3425
7.46 1.0 0.3529
8.31 1.0 0.3919
9.36 0.44978 0.3744
7.92 0.41034 0.3421
8.14 1.0 0.3893
7.29 1.0 0.3508
9.91 0.44354 0.3717
7.82 0.40498 0.3417
6.93 1.0 0.3511
8.44 1.0 0.3877
9.32 0.43818 0.3749
8.4 0.3983 0.3397
8.06 1.0 0.3882
7.53 1.0 0.351
9.62 0.43412 0.373
8.43 0.3936 0.3408
8.06 1.0 0.3854
7.42 1.0 0.3494
9.69 0.43122 0.3729
8.04 0.39118 0.3404
8.36 1.0 0.385
7.4 1.0 0.3496
9.55 0.42568 0.3751
7.96 0.3868 0.3393
8.73 1.0 0.3857
7.31 1.0 0.3507
9.24 0.42128 0.3759
8.6 1.0 0.3862
