3.6 0.29034 0.2933
3.6 0.29034 0.2933
3.67 0.28718 0.288
3.67 0.28718 0.288
3.57 0.31314 0.3151
3.57 0.31314 0.3151
3.43 0.30744 0.311
3.43 0.30744 0.311
4.35 0.34588 0.3434
4.35 0.34588 0.3434
4.35 0.33352 0.3306
4.35 0.33352 0.3306
4.26 0.37188 0.3583
4.26 0.37188 0.3583
3.86 0.35994 0.3492
3.86 0.35994 0.3492
4.48 0.4118 0.3779
4.48 0.4118 0.3779
4.5 0.39746 0.3673
4.5 0.39746 0.3673
5.08 0.4658 0.395
5.08 0.4658 0.395
5.29 0.44884 0.3877
5.29 0.44884 0.3877
5.7 0.54016 0.4125
5.7 0.54016 0.4125
5.84 0.537 0.4036
5.84 0.537 0.4036
6.32 0.6361 0.4274
6.32 0.6361 0.4274
6.7 0.65932 0.4206
6.7 0.65932 0.4206
6.72 0.73726 0.4379
6.72 0.73726 0.4379
8.32 0.7831 0.4364
8.32 0.7831 0.4364
7.32 0.82348 0.4502
7.32 0.82348 0.4502
8.47 0.87628 0.4436
8.47 0.87628 0.4436
8.07 0.89124 0.4532
8.07 0.89124 0.4532
8.97 0.92856 0.4509
8.97 0.92856 0.4509
8.86 0.93248 0.4562
8.86 0.93248 0.4562
9.51 0.95902 0.4595
9.51 0.95902 0.4595
8.62 0.95942 0.4614
8.62 0.95942 0.4614
10.24 0.97756 0.4611
10.24 0.97756 0.4611
9.62 0.97606 0.4632
9.62 0.97606 0.4632
10.85 0.98832 0.4641
10.85 0.98832 0.4641
9.52 0.98728 0.4704
9.52 0.98728 0.4704
10.6 0.99496 0.4633
10.6 0.99496 0.4633
