1.81 2.86 3.32 2.94 3.14 2.96 2.93 2.97 3.06 2.99 2.92 2.97 3.06 3.05 3.03 3.06 3.03 3.08 3.06 3.03 3.08 100.0 82.4 1e-05 0.1 256
1.81 2.93 2.97 2.77 3.03 2.86 3.0 2.94 2.78 3.12 2.83 2.9 2.92 2.93 2.85 2.98 2.92 2.89 3.06 3.02 2.98 100.0 83.19 1e-06 0.1 256
1.81 3.13 3.27 3.22 2.99 2.91 2.88 3.06 2.91 3.03 3.16 2.91 2.93 3.07 2.98 2.98 2.96 3.0 2.9 2.92 2.97 100.0 80.09 1e-07 0.1 256
1.81 3.6 3.38 3.26 3.24 3.36 3.29 3.33 3.27 3.28 3.21 3.2 3.2 3.26 3.26 3.27 3.24 3.23 3.22 3.24 3.3 99.998 80.12 1e-05 0.01 256
1.81 3.51 3.74 3.25 3.19 3.37 3.38 3.3 3.14 3.27 3.26 3.21 3.23 3.21 3.42 3.33 3.27 3.26 3.36 3.28 3.26 100.0 79.46 1e-06 0.01 256
1.81 3.54 3.34 3.28 3.16 3.43 3.36 3.25 3.48 3.28 3.27 3.49 3.21 3.27 3.35 3.25 3.24 3.35 3.27 3.34 3.3 100.0 80.15 1e-07 0.01 256
1.81 7.41 7.54 7.66 7.6 6.42 6.6 7.07 6.82 6.64 6.45 6.93 6.68 6.79 6.85 7.01 7.1 6.79 6.93 6.7 7.08 100.0 67.09 1e-05 0.001 256
1.81 6.61 7.8 7.62 6.54 6.55 7.39 7.17 7.12 6.75 6.79 6.45 6.63 6.96 6.92 6.91 6.75 7.11 6.78 6.8 6.77 99.998 67.25 1e-06 0.001 256
1.0 8.13 7.92 6.8 6.82 7.03 7.33 7.01 6.78 7.49 6.89 6.87 6.79 7.01 6.67 6.63 6.86 6.92 6.91 6.89 6.77 99.998 66.53 1e-05 0.001 256
1.0 6.92 7.85 6.48 6.58 6.68 6.58 7.03 6.36 6.69 6.44 6.91 6.58 6.83 6.94 6.81 6.8 6.44 6.66 6.6 6.93 100.0 68.12 1e-07 0.001 256
1.0 7.59 7.82 7.23 7.63 7.32 7.4 7.33 7.68 7.31 7.84 7.46 7.62 7.79 7.19 7.41 7.69 7.92 7.66 7.58 7.41 100.0 65.64 1e-06 0.001 256
1.0 3.15 3.08 3.27 3.12 2.95 3.02 2.89 3.0 3.03 2.95 3.09 3.0 2.98 2.91 3.07 3.01 3.15 3.0 2.99 3.0 100.0 80.53 1e-05 0.1 256
1.0 3.12 3.2 3.04 3.1 2.95 3.14 3.09 3.0 3.03 2.9 2.99 2.99 2.98 3.01 2.99 3.06 2.95 2.99 2.98 2.96 99.998 79.12 1e-06 0.1 256
1.0 3.03 3.37 3.27 3.25 3.21 3.21 3.38 3.28 3.4 3.27 3.22 3.24 3.29 3.32 3.28 3.31 3.25 3.2 3.25 3.23 100.0 76.8 1e-07 0.1 256
1.0 3.66 3.38 3.14 3.38 3.53 3.24 3.18 3.24 3.38 3.35 3.37 3.25 3.27 3.23 3.25 3.34 3.17 3.24 3.26 3.36 99.998 79.29 1e-05 0.01 256
1.0 3.49 3.48 3.47 3.23 3.16 3.35 3.2 3.18 3.2 3.18 3.16 3.15 3.28 3.16 3.19 3.24 3.22 3.18 3.2 3.23 100.0 80.93 1e-06 0.01 256
