1.0 2.71 2.77 2.96 2.74 2.63 2.63 2.69 2.65 2.65 2.63 2.69 2.68 2.72 2.7 2.73 2.74 2.7 2.74 2.72 2.7 100.0 82.56 1e-05 0.1 256
1.0 2.94 2.93 2.81 2.89 2.83 2.83 2.87 2.79 2.72 2.74 2.8 2.8 2.78 2.84 2.79 2.79 2.77 2.8 2.8 2.79 100.0 78.95 1e-06 0.1 256
1.0 2.81 2.98 3.02 3.05 3.16 2.94 2.95 3.05 3.05 3.07 3.09 3.02 3.03 2.96 3.04 3.02 3.06 3.0 3.02 3.01 99.998 74.33 1e-07 0.1 256
1.0 3.05 2.93 2.86 2.87 2.78 2.78 2.79 2.76 2.8 2.76 2.73 2.84 2.78 2.82 2.82 2.81 2.85 2.86 2.81 2.8 100.0 80.44 1e-05 0.1 512
1.0 3.01 2.96 2.88 2.82 2.7 2.74 2.68 2.69 2.67 2.67 2.68 2.76 2.66 2.69 2.7 2.67 2.71 2.71 2.71 2.7 100.0 77.14 1e-06 0.1 512
1.0 2.91 2.87 2.99 2.89 2.9 3.01 2.98 2.97 3.0 2.9 2.88 2.92 2.99 2.99 2.9 2.94 2.99 2.92 2.98 2.92 100.0 78.73 1e-07 0.1 512
1.0 2.95 2.84 3.06 2.94 2.96 3.02 2.98 2.95 2.98 2.96 3.01 2.99 2.93 2.99 2.94 2.94 2.98 2.96 2.99 2.99 100.0 75.66 1e-05 0.1 1024
1.0 2.76 2.84 2.79 2.84 2.85 2.81 2.81 2.77 2.83 2.8 2.83 2.84 2.8 2.85 2.79 2.79 2.79 2.79 2.79 2.81 100.0 79.27 1e-06 0.1 1024
1.0 2.66 3.21 2.85 3.02 2.9 2.91 2.88 2.87 2.97 2.91 2.86 2.89 2.9 2.9 2.91 2.87 2.89 2.9 2.89 2.9 100.0 77.67 1e-07 0.1 1024
1.0 2.82 3.03 3.16 3.1 3.09 3.12 3.17 3.2 3.2 3.19 3.07 3.17 3.21 3.12 3.15 3.2 3.01 3.17 3.05 3.17 100.0 74.61 1e-05 0.01 256
1.0 3.28 2.98 3.13 3.0 2.85 2.97 2.89 2.91 3.0 2.94 2.93 3.05 3.05 2.98 2.93 2.94 2.94 2.99 3.0 3.0 100.0 74.33 1e-06 0.01 256
1.0 3.11 2.96 3.06 2.99 3.02 3.02 2.97 3.09 3.1 3.06 3.01 3.03 3.04 3.05 3.13 3.0 3.07 3.03 3.08 3.04 100.0 73.24 1e-07 0.01 256
1.0 3.25 3.48 3.3 3.3 3.27 3.31 3.31 3.29 3.27 3.34 3.3 3.37 3.35 3.31 3.35 3.37 3.36 3.34 3.31 3.29 100.0 69.36 1e-05 0.01 512
1.0 3.45 3.31 3.23 3.34 3.22 3.23 3.21 3.23 3.24 3.24 3.2 3.28 3.26 3.26 3.22 3.24 3.28 3.21 3.3 3.3 100.0 68.02 1e-06 0.01 512
1.0 3.43 3.31 3.47 3.45 3.43 3.4 3.41 3.41 3.41 3.45 3.37 3.42 3.36 3.43 3.47 3.29 3.4 3.4 3.38 3.4 100.0 67.83 1e-07 0.01 512
1.0 3.97 3.86 3.72 3.78 3.74 3.73 3.79 3.78 3.71 3.74 3.86 3.76 3.72 3.78 3.75 3.77 3.73 3.78 3.81 3.71 100.0 59.99 1e-05 0.01 1024
1.0 3.89 3.63 3.66 3.68 3.68 3.67 3.74 3.69 3.71 3.74 3.69 3.8 3.8 3.76 3.78 3.8 3.72 3.83 3.78 3.78 100.0 59.75 1e-06 0.01 1024
1.0 3.84 3.57 3.54 3.57 3.6 3.57 3.6 3.64 3.65 3.58 3.59 3.6 3.56 3.53 3.62 3.6 3.65 3.58 3.62 3.58 100.0 60.79 1e-07 0.01 1024
1.0 4.17 4.56 4.4 4.39 4.29 4.37 4.29 4.16 4.27 4.27 4.23 4.18 4.17 4.3 4.17 4.14 4.25 4.39 4.3 4.21 99.996 51.38 1e-05 0.001 256
1.0 4.06 4.39 4.43 4.46 4.28 4.46 4.41 4.22 4.28 4.26 4.38 4.36 4.48 4.56 4.23 4.41 4.28 4.41 4.39 4.42 100.0 52.01 1e-06 0.001 256
1.0 4.17 4.42 4.61 4.4 4.38 4.43 4.38 4.55 4.37 4.67 4.61 4.53 4.56 4.5 4.62 4.57 4.65 4.54 4.64 4.46 100.0 51.18 1e-07 0.001 256
1.0 4.11 4.99 5.1 5.13 5.17 5.15 5.12 5.14 5.13 5.18 5.18 5.11 5.23 5.11 5.25 5.12 5.14 5.13 5.13 5.11 100.0 44.04 1e-05 0.001 512
1.0 3.96 4.87 5.11 5.15 5.14 5.2 5.14 5.18 5.4 5.34 5.16 5.25 5.15 5.22 5.31 5.28 5.27 5.19 5.22 5.23 100.0 43.84 1e-06 0.001 512
1.0 3.96 4.62 5.02 4.9 5.03 4.93 5.04 5.08 5.07 5.13 5.17 5.09 5.02 5.09 5.09 5.06 5.08 5.11 5.08 5.08 100.0 43.59 1e-07 0.001 512
1.0 4.29 4.85 5.59 5.9 6.0 6.01 5.98 5.9 6.0 5.96 6.04 5.99 5.83 5.88 5.91 5.92 5.91 5.88 6.02 6.03 100.0 36.99 1e-05 0.001 1024
1.0 4.26 4.8 5.45 5.65 5.92 6.05 6.02 5.98 5.94 6.03 6.0 5.87 5.91 5.99 5.89 5.97 5.95 5.96 5.92 5.91 100.0 36.69 1e-06 0.001 1024
1.0 4.15 5.04 5.2 5.7 5.66 5.69 5.85 5.86 5.79 5.81 5.92 5.79 5.82 5.82 5.73 5.78 5.75 5.85 5.77 5.89 100.0 37.13 1e-07 0.001 1024
1.0 3.11 3.37 3.15 3.13 3.17 3.15 3.13 3.23 3.17 3.19 3.16 3.22 3.18 3.13 3.18 3.08 3.19 3.21 3.15 3.2 100.0 71.86 1e-05 0.1 256
1.0 2.86 3.05 3.1 3.01 2.92 2.89 2.89 2.92 2.91 2.94 2.98 2.99 2.92 2.89 3.01 2.98 2.91 2.95 2.93 2.98 100.0 80.29 1e-06 0.1 256
1.0 2.95 2.92 2.87 2.97 2.82 2.85 3.08 2.9 2.99 3.0 2.98 2.97 2.97 2.95 2.94 2.97 2.92 2.92 2.93 2.96 99.996 78.7 1e-07 0.1 256
1.0 2.89 2.91 3.05 2.91 2.96 2.89 2.97 2.89 2.87 2.93 2.89 2.85 2.93 2.86 2.83 2.89 2.89 2.87 2.92 2.9 100.0 78.92 1e-05 0.1 512
1.0 3.06 3.11 2.98 3.0 2.94 3.0 2.89 2.95 2.9 2.98 2.94 2.92 2.98 2.92 2.9 2.94 2.89 2.94 2.93 2.92 100.0 75.94 1e-06 0.1 512
1.0 2.86 2.99 2.77 2.82 2.79 2.83 2.83 2.78 2.87 2.81 2.87 2.79 2.81 2.81 2.81 2.8 2.84 2.85 2.79 2.86 99.998 81.27 1e-07 0.1 512
1.0 3.29 3.43 3.21 3.25 3.4 3.37 3.35 3.3 3.36 3.36 3.32 3.33 3.32 3.29 3.32 3.35 3.37 3.32 3.37 3.37 100.0 69.13 1e-05 0.1 1024
1.0 2.97 2.92 2.99 2.92 2.96 2.95 2.93 2.92 2.86 2.92 2.9 2.91 2.9 2.85 2.89 2.9 2.92 2.88 2.94 2.93 100.0 77.46 1e-06 0.1 1024
1.0 2.97 3.01 2.98 3.06 3.02 3.03 3.01 3.02 2.98 2.98 2.98 2.98 2.97 2.97 3.04 3.03 3.02 3.01 3.02 3.04 100.0 77.31 1e-07 0.1 1024
1.0 3.15 2.97 3.1 3.01 3.02 3.12 3.08 3.0 3.05 3.06 3.05 3.03 3.01 3.07 2.99 3.02 3.03 3.02 3.02 3.03 100.0 75.49 1e-05 0.01 256
1.0 3.34 3.04 3.07 3.09 3.1 3.13 3.15 3.21 3.15 3.13 3.15 3.08 3.19 3.19 3.07 3.15 3.17 3.11 3.13 3.17 100.0 75.4 1e-06 0.01 256
1.0 3.21 3.05 3.05 2.9 2.89 2.84 2.86 2.84 2.88 2.9 2.89 2.89 2.9 2.84 2.88 2.84 2.87 2.96 2.81 2.88 100.0 75.07 1e-07 0.01 256
1.0 3.55 3.25 3.3 3.19 3.18 3.14 3.14 3.17 3.13 3.13 3.22 3.16 3.21 3.12 3.18 3.17 3.13 3.12 3.17 3.16 100.0 68.36 1e-05 0.01 512
1.0 3.5 3.32 3.4 3.44 3.45 3.37 3.41 3.4 3.4 3.37 3.36 3.41 3.36 3.42 3.37 3.37 3.41 3.4 3.38 3.35 100.0 66.65 1e-06 0.01 512
1.0 3.36 3.68 3.46 3.53 3.46 3.54 3.47 3.51 3.45 3.48 3.49 3.42 3.45 3.45 3.45 3.46 3.43 3.47 3.44 3.48 100.0 67.39 1e-07 0.01 512
1.0 3.89 3.63 3.58 3.63 3.53 3.57 3.51 3.48 3.56 3.52 3.51 3.55 3.54 3.57 3.55 3.58 3.47 3.52 3.5 3.58 100.0 58.67 1e-05 0.01 1024
1.0 3.75 3.74 3.65 3.68 3.66 3.63 3.69 3.64 3.62 3.7 3.68 3.69 3.69 3.65 3.63 3.69 3.63 3.64 3.73 3.76 100.0 59.13 1e-06 0.01 1024
1.0 3.89 3.63 3.71 3.72 3.69 3.64 3.65 3.67 3.67 3.67 3.65 3.65 3.62 3.68 3.71 3.65 3.66 3.67 3.64 3.64 100.0 59.28 1e-07 0.01 1024
1.0 3.99 4.42 4.56 4.5 4.68 4.6 4.51 4.63 4.61 4.64 4.58 4.48 4.48 4.41 4.56 4.56 4.43 4.46 4.54 4.56 99.998 53.52 1e-05 0.001 256
1.0 4.0 4.58 4.38 4.38 4.39 4.41 4.4 4.23 4.22 4.4 4.13 4.24 4.19 4.23 4.19 4.07 4.14 4.27 4.23 4.17 100.0 51.28 1e-06 0.001 256
1.0 4.0 4.6 4.52 4.74 4.58 4.52 4.8 4.73 4.66 4.67 4.66 4.68 4.57 4.6 4.62 4.6 4.59 4.74 4.59 4.51 99.998 51.36 1e-07 0.001 256
1.0 4.15 4.81 5.3 5.23 5.03 5.11 5.11 5.22 5.21 5.19 5.23 5.22 5.17 5.19 5.31 5.35 5.28 5.14 5.24 5.25 99.992 44.85 1e-05 0.001 512
1.0 4.15 5.17 5.3 5.21 5.09 5.01 5.17 5.06 5.02 5.05 5.23 5.28 5.07 5.12 5.14 5.21 5.11 5.07 5.17 5.15 99.998 44.05 1e-06 0.001 512
1.0 4.29 4.68 5.15 5.52 5.66 5.66 5.67 5.62 5.74 5.7 5.69 5.67 5.72 5.72 5.86 5.7 5.74 5.75 5.67 5.68 100.0 39.38 1e-06 0.001 1024
1.0 4.17 4.74 5.13 5.44 5.7 5.67 5.75 5.73 5.77 5.76 5.78 5.8 5.74 5.81 5.84 5.74 5.8 5.77 5.81 5.79 100.0 38.69 1e-05 0.001 1024
1.0 4.27 5.06 4.97 5.22 5.13 5.16 5.14 5.26 5.18 5.15 5.25 5.2 5.21 5.12 5.17 5.18 5.23 5.22 5.3 5.16 99.998 44.5 1e-07 0.001 512
1.0 4.16 4.43 5.19 5.39 5.72 5.6 5.66 5.51 5.47 5.55 5.6 5.54 5.49 5.46 5.59 5.54 5.62 5.59 5.58 5.63 100.0 39.08 1e-07 0.001 1024
1.0 3.02 2.99 2.79 2.84 2.96 2.83 2.88 2.9 2.87 2.87 2.89 2.85 2.84 2.88 2.88 2.88 2.88 2.88 2.91 2.91 100.0 78.84 1e-06 0.1 256
1.0 2.99 2.87 3.03 3.13 3.12 3.03 3.07 2.96 3.17 3.22 3.21 3.22 3.15 3.17 3.16 3.17 3.19 3.16 3.25 3.19 100.0 73.76 1e-05 0.1 256
1.0 3.0 2.87 2.84 2.87 2.77 2.77 2.78 2.85 2.91 2.87 2.84 2.81 2.78 2.8 2.84 2.76 2.8 2.8 2.8 2.81 100.0 82.04 1e-07 0.1 256
1.0 3.08 2.88 2.87 2.89 2.87 2.96 2.84 2.79 2.83 2.87 2.78 2.85 2.86 2.85 2.83 2.83 2.86 2.86 2.85 2.83 100.0 76.72 1e-05 0.1 512
1.0 2.94 2.88 2.82 2.95 2.89 2.98 2.92 2.96 2.99 3.0 2.92 2.98 2.96 2.96 3.0 3.0 2.98 2.96 2.97 2.96 100.0 77.68 1e-06 0.1 512
1.0 2.89 2.86 2.87 2.73 2.79 2.84 2.91 2.83 2.73 2.71 2.78 2.74 2.76 2.79 2.8 2.77 2.75 2.82 2.74 2.77 100.0 79.89 1e-07 0.1 512
1.0 3.26 3.08 3.03 3.03 3.2 3.05 3.07 3.09 3.17 3.15 3.15 3.13 3.15 3.13 3.13 3.13 3.14 3.08 3.11 3.19 100.0 72.45 1e-07 0.01 256
1.0 3.21 3.25 3.0 3.07 3.02 3.09 3.02 2.92 2.93 2.99 3.01 2.99 2.99 3.0 2.98 3.01 3.01 2.95 3.02 3.01 100.0 74.88 1e-05 0.01 256
1.0 3.13 3.06 3.1 2.97 2.97 2.85 2.95 2.96 2.98 2.93 2.96 2.87 3.0 2.93 2.88 2.92 2.93 2.93 2.96 2.97 100.0 74.18 1e-06 0.01 256
1.0 3.51 3.33 3.48 3.34 3.36 3.44 3.34 3.42 3.37 3.36 3.36 3.39 3.36 3.41 3.4 3.41 3.47 3.41 3.41 3.36 100.0 67.45 1e-05 0.01 512
1.0 3.38 3.38 3.29 3.33 3.31 3.31 3.37 3.37 3.33 3.34 3.36 3.33 3.34 3.37 3.38 3.35 3.37 3.41 3.33 3.32 100.0 67.87 1e-07 0.01 512
1.0 3.31 3.37 3.35 3.44 3.42 3.33 3.4 3.43 3.36 3.39 3.35 3.41 3.41 3.35 3.41 3.44 3.32 3.39 3.32 3.31 100.0 67.45 1e-06 0.01 512
1.0 4.16 4.8 5.22 5.15 5.17 5.22 5.13 5.25 5.04 5.13 5.16 5.13 5.15 5.09 5.13 5.07 5.1 5.12 5.06 5.19 100.0 43.04 1e-06 0.001 512
1.0 4.29 4.57 4.75 4.65 4.47 4.54 4.67 4.4 4.72 4.71 4.41 4.58 4.61 4.73 4.56 4.6 4.71 4.7 4.64 4.53 99.998 51.38 1e-05 0.001 256
1.0 4.15 4.35 4.33 4.61 4.48 4.41 4.61 4.48 4.5 4.71 4.5 4.46 4.48 4.43 4.45 4.44 4.36 4.43 4.42 4.37 99.998 51.18 1e-06 0.001 256
1.0 4.11 4.98 5.16 5.03 5.08 5.2 5.2 5.12 5.3 5.07 5.08 5.13 5.2 5.24 5.24 5.26 5.14 5.16 5.12 5.26 100.0 42.09 1e-05 0.001 512
1.0 3.93 4.39 4.69 4.55 4.48 4.53 4.67 4.61 4.86 4.75 4.59 4.58 4.62 4.53 4.51 4.59 4.54 4.65 4.55 4.54 100.0 50.88 1e-07 0.001 256
1.0 4.44 5.07 5.71 6.01 6.01 6.27 6.24 6.16 6.26 6.28 6.29 6.33 6.31 6.26 6.35 6.23 6.32 6.37 6.33 6.32 100.0 35.72 1e-06 0.001 1024
1.0 3.02 2.8 2.63 2.57 2.8 2.92 2.82 2.83 2.79 2.8 2.78 2.74 2.67 2.69 2.69 2.6 2.71 2.73 2.7 2.72 99.992 84.14 0.0005 0.5 256
1.0 2.56 2.57 2.65 2.58 2.6 2.62 2.65 2.61 2.83 2.52 2.59 2.75 2.75 2.54 2.64 2.68 2.65 2.62 2.64 2.63 100.0 84.55 0.0005 0.1 256
1.0 2.79 2.68 2.74 2.66 2.68 2.64 2.77 2.67 2.67 2.82 2.63 2.61 2.66 2.72 2.65 2.65 2.69 2.71 2.68 2.68 100.0 83.18 0.0005 0.05 256
1.0 2.9 2.89 2.92 2.79 2.76 2.72 2.73 2.72 2.91 2.52 2.61 2.58 2.63 2.63 2.71 2.62 2.66 2.66 2.68 2.66 100.0 78.44 0.0005 0.01 256
1.0 3.1 2.95 3.09 2.96 3.05 2.99 3.08 3.08 3.1 2.95 3.02 3.04 3.09 3.01 3.05 2.98 3.02 3.06 3.02 3.03 100.0 71.28 0.0005 0.005 256
1.0 4.15 4.45 4.39 4.45 4.49 4.66 4.54 4.53 4.39 4.55 4.52 4.53 4.6 4.5 4.42 4.39 4.53 4.5 4.54 4.51 100.0 51.14 0.0005 0.001 256
1.0 3.03 2.93 2.73 2.72 3.0 2.78 2.79 2.58 2.72 2.76 2.8 2.68 2.88 2.86 3.05 2.75 2.94 2.96 2.86 2.9 99.996 85.43 0.0005 0.5 256
1.0 2.91 2.67 2.74 2.69 2.7 2.62 2.83 2.71 2.74 2.75 2.73 2.74 2.75 2.71 2.77 2.75 2.67 2.63 2.67 2.68 100.0 85.07 0.0005 0.1 256
1.0 2.67 2.73 2.76 2.76 2.79 2.75 2.8 2.97 2.61 2.65 2.72 2.71 2.74 2.86 2.78 2.72 2.69 2.71 2.67 2.73 100.0 84.84 0.0005 0.05 256
1.0 2.95 3.12 2.84 2.79 2.83 2.84 2.87 2.83 2.83 2.84 2.84 2.83 2.87 2.91 2.9 2.87 2.86 2.86 2.83 2.89 100.0 76.86 0.0005 0.01 256
1.0 3.39 3.51 3.44 3.37 3.38 3.42 3.34 3.29 3.29 3.36 3.36 3.36 3.37 3.38 3.29 3.32 3.31 3.33 3.34 3.36 100.0 68.67 0.0005 0.005 256
1.0 4.02 4.48 4.32 4.25 4.41 4.33 4.37 4.37 4.32 4.26 4.3 4.31 4.34 4.45 4.31 4.28 4.36 4.26 4.36 4.29 99.998 52.77 0.0005 0.001 256
1.0 2.62 2.76 2.98 2.8 3.04 2.74 2.8 2.93 2.9 2.89 2.63 2.85 2.77 2.76 2.88 2.85 2.82 2.82 2.72 2.73 99.994 84.97 0.0005 0.5 256
1.0 2.84 2.79 2.62 2.84 2.71 2.79 2.73 2.62 2.68 2.68 2.64 2.63 2.53 2.57 2.63 2.58 2.61 2.62 2.62 2.64 100.0 85.04 0.0005 0.1 256
1.0 2.74 2.65 2.7 2.71 2.69 2.69 2.76 2.67 2.68 2.61 2.54 2.57 2.57 2.67 2.66 2.68 2.71 2.68 2.71 2.69 100.0 84.56 0.0005 0.05 256
1.0 3.02 3.08 2.93 2.9 2.98 3.1 3.1 3.09 3.1 2.91 2.9 2.79 2.8 2.8 2.85 2.81 2.88 2.85 2.82 2.83 100.0 77.1 0.0005 0.01 256
1.0 3.24 3.15 3.18 3.22 3.04 3.11 3.09 3.16 3.16 3.21 3.15 3.13 3.13 3.18 3.07 3.15 3.09 3.1 3.14 3.12 100.0 70.19 0.0005 0.005 256
1.0 4.09 4.35 4.24 4.27 4.15 4.22 4.14 4.08 4.01 4.1 4.05 3.95 3.96 4.02 4.07 3.96 4.12 3.83 3.96 3.95 100.0 51.54 0.0005 0.001 256
1.0 2.9 2.89 2.92 2.79 2.76 2.72 2.73 2.72 2.91 2.52 2.61 2.58 2.63 2.63 2.71 2.62 2.66 2.66 2.68 2.66 100.0 78.44 0.0005 0.01 256
1.0 3.51 3.33 3.4 3.37 3.28 3.24 3.22 3.23 3.23 3.21 3.29 3.2 3.22 3.23 3.26 3.3 3.31 3.28 3.23 3.29 100.0 68.43 0.0005 0.01 512
1.0 3.64 3.61 3.69 3.52 3.51 3.48 3.45 3.48 3.39 3.35 3.4 3.36 3.41 3.39 3.4 3.38 3.45 3.41 3.37 3.42 100.0 61.57 0.0005 0.01 1024
1.0 2.79 2.73 2.88 2.78 2.7 2.59 2.7 2.67 2.51 2.53 2.62 2.67 2.67 2.68 2.65 2.62 2.58 2.66 2.69 2.64 100.0 82.51 0.0005 0.01 128
1.0 2.95 3.12 2.84 2.79 2.83 2.84 2.87 2.83 2.83 2.84 2.84 2.83 2.87 2.91 2.9 2.87 2.86 2.86 2.83 2.89 100.0 76.86 0.0005 0.01 256
1.0 2.72 2.7 2.64 2.94 2.6 2.43 2.73 2.55 2.6 2.57 2.68 2.53 2.7 2.67 2.59 2.67 2.63 2.61 2.69 2.63 100.0 84.33 0.0005 0.01 64
1.0 3.47 3.21 3.2 3.2 3.17 3.15 3.17 3.09 3.17 3.17 3.13 3.12 3.14 3.09 3.12 3.21 3.17 3.17 3.14 3.1 100.0 67.6 0.0005 0.01 512
1.0 2.96 2.98 2.8 2.74 2.67 2.65 2.68 2.63 2.59 2.69 2.67 2.65 2.59 2.58 2.66 2.59 2.62 2.59 2.58 2.62 100.0 81.95 0.0005 0.01 128
1.0 3.65 3.71 3.62 3.62 3.63 3.61 3.62 3.58 3.55 3.6 3.6 3.6 3.56 3.57 3.53 3.59 3.53 3.56 3.5 3.58 100.0 59.97 0.0005 0.01 1024
1.0 3.02 3.08 2.93 2.9 2.98 3.1 3.1 3.09 3.1 2.91 2.9 2.79 2.8 2.8 2.85 2.81 2.88 2.85 2.82 2.83 100.0 77.1 0.0005 0.01 256
