1.0 3.49 3.69 3.32 3.49 3.48 3.45 3.44 3.42 3.35 3.36 3.4 3.46 3.42 3.41 3.4 3.43 3.44 3.32 3.46 3.48 100.0 76.26 1e-05 0.1 256
1.0 3.63 3.32 3.58 3.61 3.42 3.69 3.61 3.46 3.38 3.43 3.34 3.48 3.36 3.37 3.41 3.38 3.37 3.38 3.41 3.45 100.0 75.83 1e-06 0.1 256
1.0 3.33 3.32 3.36 3.24 3.08 3.43 3.29 3.17 3.19 3.23 3.39 3.27 3.31 3.33 3.3 3.25 3.33 3.29 3.33 3.34 99.998 76.22 1e-07 0.1 256
1.0 3.52 3.57 3.75 3.35 3.6 3.76 3.47 3.56 3.52 3.55 3.55 3.59 3.6 3.47 3.54 3.5 3.44 3.57 3.57 3.67 100.0 73.48 1e-06 0.1 512
1.0 3.73 3.74 3.6 3.59 3.45 3.55 3.59 3.55 3.61 3.59 3.5 3.53 3.49 3.6 3.49 3.47 3.55 3.53 3.48 3.54 100.0 73.68 1e-05 0.1 512
1.0 3.41 3.83 3.74 3.85 3.98 3.8 3.95 3.77 3.63 3.78 3.78 3.71 3.69 3.65 3.62 3.64 3.6 3.59 3.79 3.77 100.0 71.11 1e-07 0.1 512
1.0 4.18 4.18 4.32 4.14 4.01 3.96 4.0 4.01 4.0 4.01 3.99 4.12 4.05 4.06 4.0 4.02 4.03 3.93 3.98 4.05 100.0 70.16 1e-05 0.1 1024
1.0 4.54 4.38 4.32 4.16 4.15 4.03 3.95 4.05 3.89 3.98 3.91 3.94 4.07 4.08 4.0 3.95 4.02 3.98 3.79 3.88 100.0 67.88 1e-06 0.1 1024
1.0 4.36 4.21 4.02 4.03 4.0 4.03 4.13 4.1 4.09 4.05 4.16 4.06 4.2 4.26 4.15 4.18 4.25 4.16 4.11 4.14 100.0 68.93 1e-07 0.1 1024
1.0 4.61 4.49 5.04 4.58 4.42 4.69 4.58 4.34 4.4 4.72 4.4 4.73 4.49 4.45 4.28 4.4 4.57 4.5 4.5 4.54 100.0 66.11 1e-05 0.01 256
1.0 4.68 4.25 4.21 4.43 4.61 4.6 4.5 4.38 4.38 4.73 4.44 4.67 4.42 4.36 4.42 4.52 4.42 4.57 4.63 4.57 100.0 69.24 1e-06 0.01 256
1.0 5.07 4.51 4.39 4.44 4.64 4.75 4.72 4.76 4.79 4.76 4.81 4.8 4.89 4.89 4.95 4.83 4.99 4.86 4.91 5.09 99.998 67.9 1e-07 0.01 256
1.0 6.7 6.45 5.87 5.83 5.63 6.07 5.83 5.81 6.03 5.93 6.04 5.7 6.01 5.76 5.88 5.88 5.99 5.8 5.85 5.91 100.0 63.11 1e-05 0.01 512
1.0 6.31 5.8 5.42 5.45 5.06 5.24 5.38 5.48 5.45 5.38 5.28 5.2 5.41 5.32 5.17 5.16 5.15 5.38 5.2 5.41 100.0 65.45 1e-06 0.01 512
1.0 6.17 5.88 5.6 5.3 4.92 5.1 4.97 5.05 5.16 4.98 4.95 5.23 5.28 5.07 5.05 5.12 5.05 5.33 5.13 5.18 100.0 64.35 1e-07 0.01 512
1.0 8.61 7.52 7.45 7.67 7.52 7.6 7.61 7.49 7.43 7.68 7.62 7.52 7.47 7.55 7.7 7.55 7.61 7.54 7.79 7.8 100.0 59.29 1e-05 0.01 1024
1.0 8.25 7.97 7.49 7.3 7.2 7.36 7.09 7.11 7.16 7.09 7.04 7.02 7.05 7.17 7.1 7.13 7.21 7.35 7.22 7.07 100.0 60.29 1e-06 0.01 1024
1.0 7.46 7.51 6.82 6.39 6.58 6.34 6.35 6.47 6.46 6.5 6.46 6.45 6.41 6.5 6.38 6.48 6.45 6.46 6.42 6.3 100.0 60.25 1e-07 0.01 1024
1.0 11.24 9.52 9.25 9.11 8.99 9.02 8.35 8.64 8.56 8.73 8.46 8.72 8.59 8.5 8.44 8.36 8.47 8.49 8.31 8.69 99.982 57.61 1e-05 0.001 256
1.0 12.0 9.91 10.97 9.89 9.06 8.61 8.93 9.38 9.16 8.78 8.86 8.75 8.69 8.65 9.19 8.72 8.76 8.67 8.54 8.78 100.0 56.65 1e-06 0.001 256
1.0 10.75 10.08 9.59 9.63 9.09 9.26 9.09 9.01 8.67 8.84 9.14 8.8 9.47 9.18 8.99 9.19 8.88 8.75 8.62 9.1 99.99 57.51 1e-07 0.001 256
1.0 19.56 11.37 12.77 15.66 14.54 13.88 13.9 14.11 13.8 13.39 13.07 13.15 13.53 13.95 13.83 13.58 13.49 13.74 13.41 13.61 99.986 50.72 1e-05 0.001 512
1.0 16.97 12.43 12.81 12.97 13.61 12.69 12.68 12.83 13.21 12.59 12.07 12.46 12.22 12.31 12.39 12.23 12.46 12.22 12.53 12.28 99.998 49.72 1e-06 0.001 512
1.0 17.45 11.47 13.39 15.35 13.58 12.63 12.71 13.26 13.08 12.34 12.96 12.78 12.8 13.27 12.85 12.63 12.92 13.06 12.83 13.16 99.992 50.24 1e-07 0.001 512
1.0 28.68 17.34 16.14 16.46 19.35 20.28 20.15 20.53 20.24 20.46 19.81 19.85 20.29 20.21 20.26 19.83 19.83 19.64 19.96 19.93 99.928 42.14 1e-05 0.001 1024
1.0 27.13 18.39 15.58 16.54 18.8 18.86 19.92 19.81 19.53 18.98 19.15 19.25 19.15 19.87 19.34 19.37 18.78 19.22 19.25 19.45 99.948 45.11 1e-06 0.001 1024
1.0 29.46 18.49 16.2 16.51 18.43 19.69 19.6 19.75 19.84 19.47 19.34 19.31 19.57 19.42 18.97 19.31 19.43 19.29 19.55 19.36 99.948 43.35 1e-07 0.001 1024
1.0 3.61 3.64 3.43 3.51 3.24 3.29 3.08 3.42 3.37 3.49 3.19 3.22 3.39 3.21 3.29 3.27 3.31 3.44 3.28 3.26 100.0 77.13 1e-05 0.1 256
1.0 3.38 3.18 3.54 3.34 3.27 3.14 3.25 3.15 3.28 3.48 3.55 3.47 3.52 3.46 3.45 3.26 3.55 3.37 3.37 3.31 100.0 77.94 1e-06 0.1 256
1.0 3.0 3.42 3.41 3.35 3.18 3.42 3.51 3.31 3.51 3.46 3.54 3.53 3.54 3.33 3.4 3.55 3.36 3.45 3.43 3.4 100.0 76.08 1e-07 0.1 256
1.0 4.08 4.2 4.01 3.69 3.82 3.98 3.84 3.61 3.79 3.74 3.74 3.71 3.79 3.76 3.58 3.8 3.69 3.74 3.71 3.79 100.0 72.91 1e-05 0.1 512
1.0 4.1 3.97 3.85 3.78 3.83 3.72 3.97 3.94 3.94 4.0 4.02 4.12 4.01 4.05 4.06 4.1 3.93 4.02 4.0 4.11 100.0 72.87 1e-06 0.1 512
1.0 3.8 3.76 3.77 3.75 3.71 3.67 3.79 3.76 3.72 3.81 3.62 3.72 3.74 3.66 3.65 3.72 3.62 3.71 3.67 3.62 100.0 72.25 1e-07 0.1 512
1.0 4.85 4.14 4.48 3.97 4.47 4.3 4.34 4.33 4.32 4.3 4.18 4.27 4.34 4.19 4.3 4.25 4.3 4.38 4.33 4.25 100.0 68.96 1e-05 0.1 1024
1.0 4.71 4.53 4.05 4.28 4.32 4.43 4.23 4.25 4.5 4.43 4.36 4.37 4.42 4.34 4.36 4.32 4.35 4.23 4.4 4.4 100.0 68.2 1e-06 0.1 1024
1.0 4.41 4.26 4.67 4.22 4.2 4.11 4.08 4.09 4.09 4.15 4.06 4.21 4.22 3.98 4.07 4.08 4.08 4.11 4.13 4.22 100.0 68.88 1e-07 0.1 1024
1.0 4.85 4.65 5.01 4.58 4.16 4.63 4.64 4.61 4.73 4.44 4.53 4.49 4.46 4.52 4.34 4.48 4.51 4.35 4.45 4.75 100.0 67.45 1e-05 0.01 256
1.0 4.87 4.89 4.25 4.59 4.4 4.47 4.63 4.68 4.72 4.79 4.73 4.55 4.71 4.7 4.55 4.86 4.68 4.66 4.61 4.88 100.0 68.34 1e-06 0.01 256
1.0 5.19 4.82 4.98 4.48 4.45 4.38 4.16 4.32 4.23 4.43 4.38 4.45 4.54 4.42 4.51 4.33 4.55 4.42 4.48 4.35 100.0 68.16 1e-07 0.01 256
1.0 6.75 5.27 5.55 5.7 5.13 5.08 5.31 5.3 5.18 5.11 5.09 5.27 5.19 5.19 5.25 5.17 5.26 5.07 5.42 5.17 100.0 64.82 1e-05 0.01 512
1.0 6.8 6.31 5.79 5.46 5.82 5.7 5.73 5.74 6.02 5.72 5.78 5.72 5.73 5.71 5.58 5.61 5.77 5.84 6.0 5.97 100.0 63.1 1e-06 0.01 512
1.0 5.93 5.79 6.04 5.45 5.59 5.83 5.74 5.56 5.91 5.96 5.63 5.77 5.94 5.63 5.92 5.79 5.7 5.76 5.76 5.73 100.0 63.17 1e-07 0.01 512
1.0 8.78 7.55 7.41 7.17 6.94 6.88 6.91 6.91 6.73 7.03 6.78 6.92 6.85 6.81 6.99 6.99 6.73 6.9 6.76 6.94 100.0 60.2 1e-05 0.01 1024
1.0 8.76 7.91 7.59 7.31 7.04 7.03 6.93 6.86 7.08 7.07 7.36 7.28 7.25 7.12 7.05 7.3 7.04 7.22 7.02 7.1 100.0 60.47 1e-06 0.01 1024
1.0 8.14 7.69 7.12 6.93 7.07 6.94 6.9 6.84 7.15 7.04 6.86 6.93 7.03 7.01 6.8 6.89 6.77 6.91 7.03 7.02 100.0 61.54 1e-07 0.01 1024
1.0 12.07 10.88 11.06 9.79 9.3 10.02 9.95 9.64 9.27 9.49 9.48 9.54 9.44 10.12 9.71 9.37 9.56 9.86 9.6 9.73 99.996 57.88 1e-05 0.001 256
1.0 11.26 11.23 11.07 10.28 9.65 9.72 9.96 9.53 9.23 9.68 9.75 9.55 9.44 9.42 9.86 9.63 9.44 9.5 9.36 9.28 99.988 57.46 1e-06 0.001 256
1.0 12.59 11.19 11.0 11.03 9.92 10.38 9.97 9.79 9.47 9.63 9.52 9.49 9.71 9.65 9.8 9.69 9.35 9.79 9.76 9.86 99.996 57.15 1e-07 0.001 256
1.0 18.36 12.12 13.93 15.04 14.01 13.25 13.55 12.87 12.67 12.68 12.69 12.67 12.83 12.79 12.68 12.63 12.63 12.61 12.52 12.69 99.992 51.83 1e-05 0.001 512
1.0 21.86 13.35 14.08 14.65 13.22 13.72 13.82 12.52 13.0 12.63 12.77 12.68 12.83 12.86 13.22 12.82 12.48 12.54 12.73 12.98 99.99 51.89 1e-06 0.001 512
1.0 18.8 12.87 14.78 15.88 14.77 14.79 14.8 14.09 14.06 13.94 14.48 14.5 14.41 13.77 14.13 14.05 14.37 14.06 14.14 13.79 99.994 51.63 1e-07 0.001 512
1.0 31.0 20.64 18.5 19.59 22.48 23.21 22.22 21.72 22.54 22.72 22.43 23.24 22.59 22.44 22.45 22.6 22.99 22.79 22.96 22.56 99.958 45.12 1e-05 0.001 1024
1.0 31.46 18.65 16.43 18.09 18.9 19.77 19.93 19.67 19.71 20.08 19.0 18.92 19.01 18.92 18.78 19.49 18.71 18.83 18.9 18.95 99.97 44.61 1e-06 0.001 1024
1.0 32.5 21.09 15.59 17.71 20.01 21.0 21.13 21.05 20.75 21.39 20.25 19.74 20.48 20.48 20.04 20.28 20.78 20.39 20.26 20.23 99.96 46.01 1e-07 0.001 1024
1.0 3.36 3.64 3.3 3.23 3.4 3.31 3.22 3.38 3.29 3.31 3.23 3.26 3.27 3.26 3.21 3.24 3.28 3.28 3.31 3.27 100.0 76.35 1e-05 0.1 256
1.0 3.52 3.41 3.42 3.42 3.49 3.34 3.26 3.38 3.32 3.33 3.42 3.5 3.43 3.37 3.39 3.37 3.4 3.55 3.49 3.57 100.0 75.37 1e-06 0.1 256
1.0 3.21 3.1 3.23 3.18 3.27 3.28 3.46 3.27 3.5 3.6 3.63 3.44 3.44 3.49 3.41 3.35 3.33 3.44 3.36 3.34 100.0 76.13 1e-07 0.1 256
1.0 3.63 3.77 3.65 3.77 3.65 3.78 3.72 3.64 3.64 3.69 3.64 3.57 3.64 3.62 3.56 3.55 3.64 3.68 3.6 3.62 100.0 73.02 1e-05 0.1 512
1.0 3.83 3.74 3.82 3.63 3.96 3.6 3.7 3.61 3.65 3.6 3.58 3.74 3.7 3.79 3.6 3.64 3.55 3.78 3.7 3.56 100.0 70.82 1e-06 0.1 512
1.0 3.97 3.73 3.56 3.62 3.7 3.72 3.63 3.68 3.71 3.66 3.64 3.68 3.62 3.65 3.6 3.68 3.7 3.59 3.6 3.63 100.0 73.21 1e-07 0.1 512
1.0 4.91 4.71 4.69 4.74 4.42 4.33 4.61 4.48 4.54 4.51 4.33 4.52 4.54 4.44 4.42 4.48 4.48 4.39 4.48 4.64 100.0 66.3 1e-05 0.1 1024
1.0 4.58 4.06 4.25 4.23 4.17 4.18 4.21 4.26 4.27 4.22 4.29 4.26 4.07 4.28 4.36 4.34 4.24 4.32 4.3 4.23 100.0 67.84 1e-06 0.1 1024
1.0 4.69 4.46 4.28 4.32 4.32 4.29 4.32 4.21 4.29 4.36 4.32 4.27 4.37 4.19 4.2 4.37 4.31 4.28 4.32 4.21 100.0 68.77 1e-07 0.1 1024
1.0 4.95 4.26 4.29 4.54 4.17 4.66 4.34 4.42 4.22 4.39 4.37 4.34 4.13 4.46 4.47 4.36 4.43 4.36 4.31 4.57 100.0 68.38 1e-05 0.01 256
1.0 5.07 4.45 4.63 5.02 4.56 4.77 4.45 4.44 4.41 4.87 4.53 4.59 4.9 4.7 4.74 4.54 4.85 4.76 4.65 4.67 100.0 67.22 1e-06 0.01 256
1.0 5.12 4.75 4.94 4.54 4.4 4.74 4.67 4.44 4.42 4.19 4.3 4.33 4.25 4.3 4.24 4.31 4.37 4.31 4.22 4.19 100.0 68.51 1e-07 0.01 256
1.0 5.97 5.7 5.89 5.4 5.53 5.33 5.29 5.36 5.4 5.41 5.45 5.35 5.29 5.25 5.34 5.18 5.37 5.14 5.38 5.28 100.0 65.18 1e-05 0.01 512
1.0 6.06 5.78 5.79 6.11 5.72 5.68 5.92 5.75 5.74 5.83 6.03 5.98 5.96 6.01 6.08 5.76 5.86 5.89 5.85 5.84 100.0 63.06 1e-06 0.01 512
1.0 6.24 6.33 5.34 5.92 6.13 6.29 6.09 6.07 6.14 6.1 6.1 6.09 6.04 5.99 5.75 5.84 5.92 5.96 5.89 6.08 100.0 63.44 1e-07 0.01 512
1.0 9.79 7.96 7.93 8.2 8.41 8.22 8.0 8.09 8.29 8.14 8.04 8.11 8.02 8.17 8.29 8.13 8.28 8.15 8.36 8.17 100.0 57.33 1e-05 0.01 1024
1.0 8.5 7.92 7.56 7.65 7.64 7.4 7.76 8.01 7.82 7.7 7.7 7.68 7.52 7.59 7.79 7.49 7.71 7.62 7.6 7.48 100.0 59.77 1e-06 0.01 1024
1.0 8.58 7.81 6.98 6.73 6.68 6.83 6.65 6.8 6.73 6.94 6.85 6.77 6.68 6.71 6.87 6.77 7.01 6.69 6.74 6.86 100.0 60.36 1e-07 0.01 1024
1.0 12.12 11.29 11.12 10.52 9.73 9.25 9.76 9.55 9.16 9.15 9.26 8.98 9.27 9.11 9.08 8.85 9.25 9.3 9.25 9.07 100.0 57.88 1e-05 0.001 256
1.0 11.74 9.59 9.69 9.13 8.91 8.96 8.87 8.96 8.62 8.74 8.97 8.5 8.79 8.33 8.58 8.68 8.7 8.59 8.6 8.51 99.998 58.96 1e-06 0.001 256
1.0 11.24 10.14 10.93 9.86 9.32 9.24 8.88 9.15 9.16 8.79 9.03 9.08 8.92 8.81 8.59 8.8 8.94 8.62 8.87 8.78 99.996 57.35 1e-07 0.001 256
1.0 19.63 12.91 14.27 14.54 14.73 13.83 13.95 13.84 14.2 14.06 13.71 13.27 13.68 13.59 13.9 13.94 13.63 13.23 13.07 13.3 99.99 51.65 1e-05 0.001 512
1.0 19.86 12.11 12.45 13.62 13.91 13.92 13.58 12.97 13.0 13.42 12.51 12.85 13.16 12.82 13.09 13.16 13.0 12.66 12.6 13.23 99.976 52.47 1e-06 0.001 512
1.0 20.35 14.36 13.29 14.89 14.46 14.51 13.36 14.11 13.99 14.06 13.9 13.5 13.96 14.13 13.73 14.16 14.31 13.56 14.04 13.88 99.982 51.63 1e-07 0.001 512
1.0 30.84 20.47 17.16 17.47 18.98 19.63 19.91 19.4 18.95 19.27 18.91 18.68 18.71 19.6 19.13 19.46 19.13 19.06 19.18 18.86 99.934 43.76 1e-05 0.001 1024
1.0 31.64 19.11 16.4 15.98 19.12 19.31 19.36 19.43 19.08 18.55 18.0 19.07 18.69 18.73 18.43 18.51 18.79 18.07 18.18 18.36 99.95 45.69 1e-06 0.001 1024
1.0 29.34 19.45 16.72 17.87 19.63 20.43 20.13 20.29 19.56 19.25 19.39 19.29 18.62 19.61 19.11 19.02 19.4 18.8 18.87 19.52 99.954 44.54 1e-07 0.001 1024
