1.0 3.07 3.16 3.11 3.19 3.18 3.16 3.09 3.06 3.12 3.11 3.17 3.19 3.2 3.18 3.17 3.19 3.19 3.12 3.19 3.12 100.0 79.51 1e-05 0.1 512
1.0 3.23 3.15 2.92 3.07 3.19 3.16 3.1 3.2 3.24 3.13 3.15 3.24 3.23 3.18 3.2 3.21 3.16 3.19 3.18 3.19 100.0 81.0 1e-06 0.1 512
1.0 3.21 3.05 3.33 3.19 3.25 3.3 3.32 3.37 3.34 3.19 3.33 3.29 3.32 3.25 3.35 3.26 3.26 3.24 3.26 3.24 100.0 79.93 1e-07 0.1 512
1.0 3.11 3.23 3.08 3.05 3.13 3.06 3.13 3.07 3.08 3.18 3.22 3.02 3.13 3.15 3.16 3.18 3.08 3.13 3.11 3.16 100.0 82.58 1e-05 0.1 256
1.0 3.24 3.17 3.32 3.24 3.21 3.38 3.38 3.3 3.34 3.34 3.24 3.26 3.33 3.3 3.36 3.34 3.26 3.32 3.32 3.41 100.0 81.16 1e-06 0.1 256
1.0 3.1 3.35 3.14 3.07 3.24 3.3 3.32 3.2 3.23 3.15 3.17 3.13 3.13 3.06 3.18 3.16 3.1 3.12 3.28 3.23 100.0 81.91 1e-07 0.1 256
1.0 3.0 2.84 2.91 2.89 2.86 2.91 2.92 2.79 2.99 2.9 2.89 2.83 3.01 2.87 2.88 2.88 2.91 2.9 2.9 2.82 100.0 84.13 1e-06 0.01 256
1.0 4.6 6.43 7.22 7.26 7.26 6.96 7.34 6.94 6.77 7.03 6.82 6.8 7.1 7.09 7.0 7.03 6.83 6.93 6.88 7.0 100.0 63.29 1e-05 0.001 512
1.0 3.19 3.08 3.08 3.07 3.2 3.26 3.22 3.29 3.29 3.13 3.26 3.26 3.27 3.22 3.24 3.23 3.3 3.27 3.26 3.32 100.0 79.51 1e-06 0.01 512
1.0 3.45 3.13 3.23 3.18 3.2 3.15 3.15 3.19 3.2 3.17 3.19 3.16 3.2 3.16 3.15 3.12 3.1 3.2 3.16 3.17 100.0 79.28 1e-05 0.01 512
1.0 2.9 2.92 2.9 2.93 2.88 2.91 2.9 2.95 2.91 2.86 2.86 2.94 2.81 2.82 2.89 2.89 2.85 2.87 2.86 2.81 100.0 83.85 1e-05 0.01 256
1.0 3.04 2.92 2.92 2.89 2.84 2.9 2.94 2.95 2.94 2.86 2.93 2.95 2.88 2.96 2.95 2.86 2.92 2.98 2.89 2.92 100.0 83.63 1e-07 0.01 256
1.0 3.35 3.38 3.41 3.43 3.3 3.29 3.47 3.42 3.42 3.46 3.46 3.38 3.51 3.44 3.4 3.52 3.47 3.48 3.48 3.41 100.0 79.12 1e-07 0.01 512
1.0 4.72 5.47 5.4 5.3 5.31 5.51 5.19 5.16 5.78 5.82 5.78 5.32 5.76 5.59 5.84 5.72 5.74 5.53 5.48 5.54 100.0 68.44 1e-07 0.001 256
1.0 4.5 6.32 7.29 6.89 7.16 6.85 7.4 7.19 6.84 6.99 7.14 7.02 6.8 7.26 7.03 6.97 7.07 7.03 7.03 7.01 100.0 62.32 1e-07 0.001 512
1.0 4.27 5.1 5.19 5.2 5.25 5.49 5.55 5.34 5.19 5.33 5.57 5.47 5.3 5.43 5.77 5.37 5.54 5.68 5.42 5.36 100.0 68.87 1e-06 0.001 256
1.0 4.08 5.22 5.61 5.45 5.5 5.47 5.11 5.11 5.07 5.26 5.36 5.21 5.44 5.24 5.39 5.11 5.32 5.48 5.38 5.46 99.994 68.77 1e-05 0.001 256
