1.76 3.24 2.81 2.85 2.79 2.86 2.93 2.85 2.79 2.8 2.76 2.75 2.77 2.72 2.74 2.77 2.71 2.73 2.73 2.72 2.73 100.0 82.22 1e-05 0.1 256
1.76 2.98 2.92 2.82 2.84 2.87 2.92 2.94 2.88 2.9 2.85 2.87 2.89 2.87 2.89 2.87 2.9 2.87 2.89 2.93 2.89 100.0 80.57 1e-05 0.1 512
1.76 2.65 2.91 2.87 2.9 2.88 3.04 2.96 3.0 2.95 2.84 2.85 2.88 2.91 2.85 2.88 2.88 2.88 2.86 2.89 2.85 100.0 82.36 1e-06 0.1 256
1.76 3.05 2.87 3.19 3.12 2.94 3.05 3.03 3.0 2.96 2.97 2.9 3.02 2.97 3.02 2.99 3.0 2.98 3.05 2.93 2.97 100.0 81.97 1e-07 0.1 256
1.76 2.9 3.09 2.88 2.97 2.83 2.88 2.88 2.96 2.96 3.02 3.01 2.94 2.94 2.95 2.89 2.94 2.94 2.93 2.9 2.98 100.0 79.27 1e-07 0.1 512
1.76 2.9 2.88 2.92 2.93 3.01 2.85 3.3 2.93 2.9 2.98 2.86 2.85 3.04 2.93 2.9 2.91 2.96 2.98 3.02 2.92 99.998 79.5 1e-06 0.1 512
1.76 3.14 2.81 2.96 2.92 2.97 2.93 3.0 3.04 3.02 2.95 2.96 2.97 2.94 2.98 2.98 2.96 3.02 2.94 3.02 2.98 100.0 79.75 1e-05 0.1 1024
1.76 2.86 2.89 2.91 2.98 2.94 2.97 2.93 2.84 2.88 2.94 2.88 2.89 2.93 2.9 2.88 2.92 2.92 2.86 2.91 2.9 100.0 79.81 1e-06 0.1 1024
1.76 2.8 3.01 2.71 2.91 2.88 2.8 2.85 2.91 2.91 2.89 2.91 2.85 2.86 2.88 2.87 2.92 2.85 2.87 2.85 2.88 99.998 81.04 1e-07 0.1 1024
1.76 2.99 2.96 2.98 2.95 2.96 3.05 2.94 2.98 2.99 2.91 2.99 3.04 3.03 3.01 2.98 2.95 3.03 2.98 2.97 2.93 100.0 78.9 1e-07 0.01 1024
1.76 2.72 2.75 2.72 2.65 2.68 2.67 2.65 2.68 2.65 2.66 2.62 2.69 2.72 2.67 2.65 2.65 2.69 2.64 2.69 2.62 100.0 84.15 1e-05 0.01 256
1.76 2.86 2.83 2.84 2.81 2.84 2.87 2.81 2.85 2.77 2.84 2.87 2.9 2.93 2.8 2.87 2.84 2.84 2.85 2.94 2.86 100.0 82.27 1e-06 0.01 512
1.76 3.05 2.95 3.03 3.19 3.15 3.08 3.11 3.17 3.06 3.15 3.15 3.19 3.07 3.16 3.13 3.11 3.16 3.21 3.17 3.09 100.0 78.44 1e-05 0.01 1024
1.76 3.04 3.17 3.08 3.04 3.07 3.08 3.01 2.96 3.02 3.0 3.01 3.02 3.06 3.0 3.01 3.0 3.01 2.97 3.01 2.98 100.0 78.92 1e-06 0.01 1024
1.76 2.8 2.71 2.67 2.65 2.67 2.66 2.68 2.73 2.71 2.72 2.72 2.75 2.72 2.79 2.69 2.76 2.75 2.77 2.75 2.79 100.0 84.42 1e-06 0.01 256
1.76 2.98 2.76 2.66 2.67 2.64 2.65 2.56 2.62 2.58 2.55 2.59 2.64 2.63 2.62 2.61 2.65 2.63 2.62 2.61 2.63 100.0 84.45 1e-07 0.01 256
1.76 2.82 2.92 2.91 2.82 2.91 2.87 2.84 2.85 2.86 2.82 2.86 2.82 2.83 2.8 2.82 2.81 2.87 2.85 2.78 2.82 100.0 81.68 1e-05 0.01 512
1.76 2.86 2.85 2.92 2.86 2.81 2.86 2.85 2.9 2.86 2.83 2.72 2.83 2.95 2.88 2.84 2.89 2.89 2.9 2.91 2.83 100.0 82.54 1e-07 0.01 512
1.76 5.13 6.58 6.57 6.54 6.55 6.57 6.77 6.9 6.56 6.75 6.66 6.55 6.57 6.62 6.56 6.64 6.66 6.62 6.54 6.44 100.0 62.03 1e-07 0.001 1024
1.76 5.91 6.25 6.36 6.36 6.39 6.25 6.09 6.48 6.16 6.23 6.08 6.15 6.19 6.36 6.28 6.37 6.31 6.25 6.24 6.25 100.0 60.83 1e-06 0.001 1024
1.76 3.62 3.67 3.73 3.68 3.7 3.52 3.59 3.66 3.71 3.76 3.78 3.78 3.75 3.58 3.66 3.65 3.75 3.73 3.63 3.57 100.0 75.25 1e-05 0.001 256
1.76 5.02 4.65 4.71 4.91 4.78 4.82 4.66 4.8 4.61 4.87 4.69 4.73 4.66 4.61 4.64 4.74 4.66 4.72 5.15 4.68 100.0 69.39 1e-05 0.001 512
1.76 3.59 3.61 3.44 3.39 3.34 3.56 3.45 3.47 3.36 3.48 3.47 3.5 3.34 3.46 3.35 3.49 3.51 3.47 3.42 3.51 100.0 74.89 1e-06 0.001 256
1.08 3.74 3.34 3.07 3.51 3.37 3.43 3.38 3.42 3.49 3.41 3.5 3.45 3.57 3.62 3.5 3.5 3.46 3.56 3.48 3.47 99.998 74.65 1e-06 0.1 1024
1.08 3.34 3.27 3.24 3.24 3.22 3.1 3.2 3.23 3.15 3.14 3.16 3.25 3.18 3.2 3.22 3.19 3.18 3.25 3.2 3.27 100.0 75.53 1e-05 0.1 1024
1.76 3.65 3.65 3.54 3.68 3.59 3.52 3.58 3.56 3.6 3.74 3.55 3.52 3.51 3.57 3.67 3.55 3.6 3.65 3.57 3.52 100.0 75.04 1e-07 0.001 256
1.76 4.76 4.48 4.42 4.46 4.35 4.31 4.31 4.32 4.6 4.35 4.52 4.44 4.48 4.5 4.58 4.37 4.36 4.48 4.47 4.52 100.0 69.18 1e-07 0.001 512
1.76 4.46 4.66 4.48 4.61 4.6 4.73 4.67 4.8 4.65 4.59 4.38 4.76 4.62 4.68 4.51 4.72 4.7 4.58 4.72 4.55 100.0 69.01 1e-06 0.001 512
1.76 5.33 6.08 6.23 5.92 6.01 5.99 5.99 6.24 6.03 6.2 6.13 6.03 6.03 6.07 6.03 6.16 6.18 6.17 6.16 6.3 100.0 61.73 1e-05 0.001 1024
1.08 3.17 2.9 2.95 2.9 2.94 2.96 3.0 2.96 2.94 2.93 2.9 2.98 2.95 3.0 2.92 2.92 2.94 2.91 2.98 2.95 100.0 78.83 1e-05 0.01 1024
1.08 2.95 2.92 3.05 2.99 3.03 3.08 3.06 3.1 2.99 3.04 2.98 3.0 3.07 3.03 3.02 2.98 3.13 3.04 3.05 3.05 100.0 81.7 1e-06 0.1 512
1.08 3.04 2.95 3.03 2.91 3.06 3.01 2.91 3.12 2.98 2.96 2.91 3.0 3.02 2.95 2.97 2.96 2.99 3.04 3.01 2.98 99.998 79.16 1e-06 0.1 256
1.08 3.24 3.24 3.19 3.24 3.23 3.2 3.26 3.37 3.3 3.22 3.25 3.29 3.29 3.3 3.29 3.28 3.3 3.31 3.29 3.32 99.998 78.37 1e-07 0.1 1024
1.08 2.95 2.91 2.94 3.02 2.98 3.03 2.98 3.02 3.06 3.02 3.02 3.02 2.99 3.02 2.99 3.05 2.96 2.97 3.02 3.04 100.0 82.55 1e-07 0.01 512
1.08 3.28 3.02 3.12 3.08 3.1 3.15 3.14 3.22 3.16 3.25 3.27 3.16 3.21 3.24 3.25 3.17 3.18 3.3 3.21 3.25 100.0 77.56 1e-06 0.01 1024
1.08 2.86 3.16 3.06 3.04 3.07 2.96 3.02 3.04 3.01 2.94 3.05 3.04 3.04 3.03 3.06 3.02 3.09 3.06 3.1 3.07 100.0 80.33 1e-07 0.1 512
1.08 3.18 2.94 3.05 2.83 3.09 2.88 2.96 2.94 2.92 2.97 3.06 2.92 3.04 2.93 3.04 3.03 2.97 2.97 3.0 2.95 100.0 81.34 1e-05 0.1 256
1.08 2.95 3.14 2.91 2.86 2.93 2.91 2.89 2.89 2.92 2.95 2.9 2.9 2.87 2.84 2.92 2.9 2.95 2.89 2.92 2.91 100.0 81.09 1e-05 0.1 512
1.08 3.1 3.05 3.16 3.11 3.09 3.01 3.12 3.09 2.98 3.1 3.02 3.04 3.03 3.02 3.0 2.98 3.02 3.03 2.99 3.0 100.0 78.77 1e-07 0.1 256
1.08 2.89 2.76 2.82 2.75 2.74 2.8 2.8 2.82 2.77 2.8 2.77 2.81 2.83 2.8 2.8 2.8 2.87 2.71 2.81 2.84 100.0 84.34 1e-07 0.01 256
1.08 5.17 6.2 6.47 6.42 6.34 6.44 6.3 6.38 6.45 6.33 6.64 6.69 6.38 6.54 6.56 6.49 6.44 6.61 6.52 6.46 100.0 61.76 1e-06 0.001 1024
1.08 2.71 2.94 2.96 2.95 2.96 3.01 3.07 3.07 3.06 3.08 3.09 3.08 3.1 3.0 3.02 2.99 3.06 3.01 3.04 3.05 100.0 81.84 1e-05 0.01 512
1.08 2.92 2.91 2.84 2.85 2.81 2.77 2.84 2.79 2.82 2.79 2.81 2.87 2.88 2.85 2.81 2.84 2.87 2.79 2.84 2.85 100.0 81.67 1e-06 0.01 512
1.08 5.81 6.4 6.49 6.42 6.62 6.41 6.39 6.37 6.4 6.29 6.5 6.41 6.33 6.4 6.5 6.37 6.35 6.34 6.39 6.41 100.0 61.34 1e-05 0.001 1024
1.08 2.88 2.63 2.66 2.63 2.64 2.62 2.64 2.64 2.64 2.64 2.63 2.67 2.64 2.6 2.61 2.65 2.62 2.66 2.64 2.64 100.0 84.64 1e-05 0.01 256
1.08 2.91 2.96 2.8 2.79 2.87 2.85 2.75 2.78 2.8 2.81 2.85 2.86 2.84 2.82 2.8 2.81 2.82 2.8 2.81 2.85 100.0 84.27 1e-06 0.01 256
1.08 4.34 4.71 4.62 4.67 4.57 4.77 4.66 4.74 4.69 4.87 4.77 4.61 4.63 4.7 4.69 4.73 4.77 4.78 4.72 4.57 100.0 68.15 1e-07 0.001 512
1.08 4.07 3.48 3.57 3.87 3.72 3.78 3.64 3.71 3.71 3.81 3.66 3.7 3.99 3.69 3.61 3.68 3.84 3.62 3.93 3.73 100.0 73.93 1e-05 0.001 256
1.08 5.76 6.31 6.5 6.29 6.04 6.17 6.3 6.24 6.14 6.24 6.38 5.9 6.03 6.26 6.35 5.91 6.01 6.18 6.19 6.04 100.0 61.03 1e-07 0.001 1024
1.08 4.64 4.82 4.93 4.8 4.78 4.76 4.59 4.56 4.64 4.69 4.56 4.59 4.47 4.71 4.7 4.48 4.6 4.66 4.67 4.66 100.0 68.44 1e-06 0.001 512
1.08 5.18 4.68 4.72 4.71 4.79 4.55 4.69 4.83 4.67 4.63 4.89 4.82 4.95 4.83 4.85 4.82 4.72 4.82 4.69 4.63 100.0 68.14 1e-05 0.001 512
1.1 2.96 3.05 3.01 3.05 2.76 2.86 2.92 3.02 2.91 2.8 2.86 2.81 2.83 2.84 2.83 2.88 2.85 2.84 2.83 2.81 99.998 80.26 1e-07 0.1 512
1.1 2.94 2.79 2.8 2.84 2.76 2.82 2.78 2.81 2.77 2.78 2.77 2.76 2.74 2.72 2.76 2.77 2.76 2.76 2.73 2.74 100.0 82.0 1e-06 0.01 512
1.1 2.92 3.19 3.11 3.07 3.09 3.12 3.13 3.09 3.12 3.16 3.07 3.14 3.17 3.09 3.11 3.04 3.09 3.09 3.06 3.1 100.0 78.68 1e-05 0.01 1024
1.1 2.99 3.0 2.92 2.99 2.9 2.95 2.94 3.02 3.0 2.96 2.87 2.91 2.98 2.99 2.99 2.92 2.97 2.97 2.89 2.93 100.0 81.31 1e-05 0.1 512
1.1 3.06 2.96 2.96 3.0 3.05 3.16 2.97 2.95 2.95 2.95 3.0 3.01 2.9 2.91 2.95 2.96 2.99 2.95 2.94 2.97 99.996 80.45 1e-06 0.1 256
1.1 2.84 2.98 2.81 2.96 2.89 2.93 2.84 2.94 3.04 2.66 2.86 2.9 2.82 2.8 2.77 2.8 2.77 2.84 2.82 2.77 100.0 81.19 1e-06 0.1 512
1.08 3.82 3.68 3.65 3.69 3.71 3.81 3.94 3.79 3.8 3.81 3.78 3.8 3.8 3.77 3.98 3.86 3.84 3.78 3.96 3.99 100.0 74.97 1e-07 0.001 256
1.08 4.11 3.73 3.7 3.76 3.73 3.77 3.73 3.83 3.76 3.65 3.74 3.63 3.69 3.67 3.75 3.65 3.79 3.66 3.67 3.68 100.0 75.22 1e-06 0.001 256
1.1 3.05 3.12 3.07 2.92 2.84 2.88 2.93 2.83 2.79 2.83 2.81 2.81 2.81 2.82 2.84 2.82 2.88 2.84 2.85 2.86 100.0 80.1 1e-07 0.1 256
1.1 4.7 4.58 4.59 4.6 4.47 4.52 4.36 4.36 4.32 4.33 4.57 4.32 4.54 4.59 4.41 4.48 4.42 4.38 4.34 4.38 100.0 69.04 1e-05 0.001 512
1.1 3.35 3.19 3.13 3.14 3.21 3.17 3.16 3.19 3.19 3.17 3.17 3.16 3.29 3.23 3.14 3.17 3.2 3.24 3.18 3.28 100.0 78.54 1e-06 0.01 1024
1.1 3.12 3.08 2.9 2.89 3.04 2.94 2.84 2.98 2.95 2.9 2.91 2.95 2.9 3.04 2.93 2.96 2.95 2.99 2.95 2.97 99.998 79.7 1e-05 0.1 256
1.1 2.81 2.82 2.57 2.64 2.71 2.69 2.69 2.7 2.66 2.71 2.65 2.65 2.67 2.66 2.72 2.7 2.64 2.67 2.69 2.65 100.0 84.2 1e-05 0.01 256
1.1 2.77 2.84 2.75 2.78 2.78 2.81 2.79 2.81 2.85 2.82 2.81 2.79 2.85 2.79 2.81 2.81 2.81 2.87 2.85 2.81 100.0 84.9 1e-06 0.01 256
1.1 2.88 2.88 2.87 2.91 2.92 2.8 2.81 2.79 2.91 2.82 2.82 2.89 2.83 2.86 2.79 2.82 2.92 2.81 2.8 2.85 100.0 82.34 1e-05 0.01 512
1.1 2.67 2.84 2.82 2.81 2.75 2.76 2.78 2.8 2.79 2.77 2.76 2.77 2.75 2.77 2.73 2.75 2.75 2.81 2.78 2.77 100.0 84.28 1e-07 0.01 256
1.1 3.84 3.35 3.32 3.26 3.27 3.3 3.29 3.24 3.23 3.23 3.33 3.4 3.35 3.35 3.36 3.22 3.36 3.3 3.28 3.33 100.0 74.63 1e-07 0.001 256
1.1 3.85 3.46 3.5 3.4 3.38 3.56 3.44 3.51 3.38 3.6 3.53 3.45 3.52 3.55 3.58 3.64 3.49 3.61 3.45 3.47 100.0 74.89 1e-05 0.001 256
1.1 2.76 2.86 2.89 2.86 2.9 2.88 2.9 2.91 2.91 2.91 2.89 2.91 2.95 2.91 2.9 2.88 2.91 2.93 2.95 2.91 100.0 81.7 1e-07 0.01 512
1.1 4.64 4.91 4.98 4.9 4.88 4.81 4.72 4.98 4.85 4.96 4.94 4.81 4.88 4.84 4.88 4.76 4.98 4.74 4.84 4.92 100.0 68.22 1e-07 0.001 512
1.1 3.51 3.37 3.29 3.57 3.53 3.4 3.41 3.61 3.42 3.53 3.44 3.62 3.59 3.54 3.66 3.5 3.47 3.38 3.62 3.4 100.0 73.89 1e-06 0.001 256
1.1 4.6 4.7 4.54 4.59 4.46 4.52 4.6 4.54 4.5 4.6 4.71 4.57 4.5 4.45 4.36 4.48 4.64 4.69 4.61 4.75 100.0 68.86 1e-06 0.001 512
