1.84 2.65 2.75 2.58 2.61 2.6 2.58 2.62 2.6 2.59 2.6 2.62 2.57 2.59 2.63 2.56 2.57 2.62 2.6 2.62 2.63 100.0 85.3 1e-05 0.1 512
1.84 2.77 2.6 2.69 2.53 2.59 2.58 2.62 2.61 2.64 2.56 2.61 2.59 2.6 2.61 2.62 2.63 2.65 2.63 2.58 2.62 100.0 85.95 1e-05 0.1 256
1.84 2.54 2.68 2.63 2.63 2.63 2.64 2.64 2.62 2.64 2.61 2.6 2.64 2.63 2.63 2.6 2.64 2.64 2.65 2.65 2.62 100.0 85.37 1e-06 0.1 512
1.84 2.65 2.68 2.62 2.67 2.5 2.61 2.58 2.64 2.6 2.6 2.62 2.61 2.64 2.59 2.6 2.64 2.64 2.62 2.63 2.63 100.0 85.71 1e-06 0.1 256
1.84 2.66 2.6 2.7 2.61 2.62 2.65 2.66 2.66 2.68 2.65 2.63 2.63 2.61 2.62 2.64 2.64 2.65 2.68 2.65 2.65 100.0 86.27 1e-07 0.1 256
1.84 2.81 2.52 2.7 2.62 2.64 2.67 2.67 2.62 2.66 2.66 2.67 2.65 2.64 2.63 2.61 2.67 2.63 2.65 2.68 2.7 100.0 85.31 1e-07 0.1 512
1.84 2.89 2.59 2.6 2.62 2.62 2.6 2.62 2.6 2.6 2.59 2.59 2.59 2.58 2.6 2.59 2.6 2.62 2.59 2.6 2.57 100.0 83.74 1e-05 0.1 1024
1.84 2.69 2.67 2.68 2.64 2.63 2.66 2.63 2.69 2.64 2.65 2.65 2.62 2.67 2.63 2.66 2.66 2.65 2.64 2.65 2.66 100.0 83.73 1e-06 0.1 1024
1.84 2.79 2.71 2.67 2.7 2.65 2.67 2.69 2.7 2.69 2.73 2.7 2.63 2.68 2.7 2.68 2.7 2.67 2.65 2.68 2.72 100.0 83.44 1e-07 0.1 1024
1.84 2.79 2.65 2.72 2.7 2.71 2.78 2.75 2.7 2.72 2.78 2.75 2.71 2.71 2.71 2.73 2.72 2.74 2.72 2.69 2.72 100.0 78.54 1e-06 0.01 512
1.84 2.93 2.8 2.81 2.87 2.76 2.91 2.88 2.94 2.84 2.81 2.84 2.79 2.8 2.86 2.83 2.97 2.92 2.82 2.88 2.88 100.0 77.83 1e-07 0.01 512
1.84 2.71 2.68 2.73 2.63 2.66 2.69 2.69 2.69 2.72 2.7 2.67 2.69 2.69 2.69 2.68 2.73 2.73 2.69 2.68 2.72 100.0 81.42 1e-05 0.01 256
1.84 2.99 3.03 2.87 2.9 2.89 2.86 2.86 2.88 2.91 2.93 2.9 2.87 2.89 2.88 2.89 2.91 2.9 2.92 2.91 2.92 100.0 74.4 1e-07 0.01 1024
1.84 2.85 2.72 2.55 2.56 2.56 2.58 2.6 2.57 2.59 2.55 2.58 2.62 2.62 2.56 2.58 2.62 2.59 2.56 2.57 2.54 100.0 81.37 1e-06 0.01 256
1.84 2.76 2.79 2.75 2.83 2.81 2.79 2.84 2.87 2.86 2.79 2.78 2.8 2.82 2.79 2.93 2.85 2.86 2.86 2.88 2.89 100.0 78.63 1e-05 0.01 512
1.84 3.04 2.68 2.6 2.6 2.59 2.61 2.63 2.62 2.63 2.64 2.66 2.68 2.66 2.66 2.62 2.6 2.67 2.67 2.61 2.58 100.0 81.73 1e-07 0.01 256
1.84 3.3 3.68 3.61 3.53 3.62 3.56 3.73 3.66 3.55 3.58 3.64 3.6 3.67 3.71 3.69 3.71 3.72 3.54 3.6 3.7 100.0 69.85 1e-05 0.001 256
1.84 3.41 3.28 3.34 3.44 3.81 4.07 4.06 4.22 4.27 4.25 4.4 4.35 4.25 4.39 4.25 4.38 4.34 4.27 4.26 4.28 100.0 63.86 1e-06 0.001 1024
1.84 3.2 3.15 3.85 3.94 4.03 4.08 4.06 3.97 3.95 4.0 4.14 4.11 4.07 4.04 4.14 4.15 4.14 4.14 4.04 4.08 100.0 66.31 1e-06 0.001 512
2.25 2.66 2.66 2.77 2.72 2.71 2.7 2.76 2.71 2.68 2.69 2.73 2.7 2.67 2.67 2.72 2.72 2.7 2.69 2.69 2.7 100.0 85.43 1e-05 0.1 512
1.84 3.41 3.29 3.3 3.39 3.81 4.12 4.17 4.28 4.15 4.12 4.16 4.27 4.32 4.18 4.17 4.21 4.23 4.23 4.22 4.18 100.0 64.0 1e-05 0.001 1024
2.25 2.62 2.64 2.74 2.74 2.74 2.74 2.72 2.73 2.73 2.73 2.7 2.73 2.73 2.72 2.68 2.67 2.69 2.7 2.71 2.73 100.0 85.91 1e-06 0.1 512
2.25 2.78 2.76 2.72 2.86 2.78 2.88 2.82 2.82 2.83 2.86 2.78 2.81 2.79 2.83 2.78 2.84 2.78 2.77 2.82 2.8 100.0 86.23 1e-07 0.1 256
2.25 2.67 2.77 2.69 2.69 2.66 2.71 2.7 2.69 2.68 2.74 2.77 2.76 2.72 2.71 2.76 2.78 2.74 2.75 2.74 2.72 100.0 84.2 1e-05 0.1 1024
2.25 3.02 2.76 2.57 2.6 2.6 2.64 2.59 2.53 2.63 2.58 2.59 2.57 2.66 2.58 2.56 2.6 2.58 2.57 2.58 2.61 100.0 86.32 1e-05 0.1 256
2.25 2.72 2.79 2.74 2.75 2.69 2.74 2.72 2.73 2.72 2.72 2.72 2.73 2.71 2.71 2.78 2.74 2.72 2.71 2.77 2.72 100.0 85.65 1e-07 0.1 512
1.84 3.17 3.34 3.56 3.64 3.7 3.86 3.72 3.8 3.81 3.61 3.65 3.62 3.64 3.74 3.7 3.67 3.74 3.74 3.67 3.77 100.0 69.84 1e-06 0.001 256
2.25 2.78 2.83 2.73 2.7 2.71 2.69 2.71 2.7 2.72 2.72 2.73 2.71 2.71 2.72 2.7 2.69 2.72 2.73 2.71 2.7 100.0 83.87 1e-07 0.1 1024
2.25 2.83 2.64 2.67 2.65 2.62 2.68 2.62 2.6 2.71 2.62 2.65 2.64 2.66 2.69 2.64 2.64 2.61 2.61 2.66 2.68 100.0 86.39 1e-06 0.1 256
2.25 2.88 2.78 2.74 2.74 2.73 2.83 2.76 2.79 2.74 2.78 2.73 2.76 2.76 2.86 2.78 2.77 2.83 2.82 2.74 2.77 100.0 82.57 1e-06 0.01 256
2.25 2.64 2.81 2.77 2.69 2.7 2.67 2.66 2.65 2.65 2.67 2.69 2.71 2.66 2.65 2.66 2.67 2.65 2.68 2.65 2.64 100.0 84.41 1e-06 0.1 1024
1.84 3.24 3.45 3.75 3.66 3.66 3.72 3.7 3.64 3.76 3.62 3.72 3.58 3.65 3.84 3.59 3.62 3.68 3.74 3.63 3.72 100.0 69.82 1e-07 0.001 256
2.25 2.76 2.77 2.73 2.79 2.74 2.7 2.77 2.67 2.73 2.75 2.68 2.75 2.71 2.7 2.78 2.8 2.68 2.7 2.72 2.66 100.0 82.7 1e-07 0.01 256
1.84 3.25 3.2 3.79 3.88 3.86 3.96 3.94 3.92 3.78 3.85 3.94 4.02 3.97 4.0 3.99 4.02 4.04 4.02 4.05 4.07 100.0 66.27 1e-05 0.001 512
2.25 2.76 2.76 2.8 2.71 2.79 2.85 2.8 2.8 2.77 2.79 2.75 2.77 2.78 2.78 2.78 2.79 2.77 2.75 2.75 2.78 100.0 82.74 1e-05 0.01 256
