1.0 2.85 2.71 2.79 2.79 2.8 2.8 2.78 2.82 2.77 2.8 2.84 2.82 2.8 2.81 2.85 2.83 2.85 2.79 2.83 2.82 100.0 83.14 1e-05 0.1 1024
1.0 2.98 2.92 3.06 3.03 2.98 2.96 2.97 2.94 3.04 2.97 2.96 3.04 2.95 3.04 2.99 2.97 2.96 2.98 2.94 2.98 100.0 82.76 1e-06 0.1 1024
1.0 2.8 2.85 2.87 2.88 2.94 2.9 2.93 2.96 2.93 2.98 2.98 2.92 2.95 2.98 2.95 2.93 2.94 2.97 2.94 2.92 100.0 82.58 1e-07 0.1 1024
1.0 2.85 2.94 2.82 2.8 2.89 2.86 2.82 2.88 2.81 2.86 2.79 2.8 2.83 2.83 2.87 2.82 2.8 2.79 2.87 2.84 100.0 83.97 1e-05 0.1 512
1.0 2.95 2.86 2.8 2.75 2.78 2.8 2.81 2.77 2.78 2.77 2.8 2.82 2.78 2.8 2.77 2.78 2.77 2.78 2.8 2.78 100.0 84.26 1e-06 0.1 512
1.0 3.0 3.0 2.73 2.79 2.78 2.78 2.76 2.8 2.8 2.78 2.83 2.81 2.79 2.84 2.79 2.79 2.82 2.79 2.8 2.77 100.0 83.73 1e-07 0.1 512
1.0 3.37 3.86 3.72 3.78 3.73 3.63 3.68 3.73 3.73 3.74 3.78 3.84 3.74 3.81 3.87 3.83 3.75 3.84 3.74 3.75 100.0 76.34 1e-07 0.01 1024
1.0 2.83 2.83 2.83 2.81 2.85 2.78 2.8 2.76 2.73 2.82 2.81 2.82 2.81 2.72 2.8 2.76 2.72 2.72 2.77 2.74 100.0 84.95 1e-05 0.1 256
1.0 2.87 2.96 2.83 2.79 2.83 2.74 2.81 2.71 2.77 2.71 2.73 2.78 2.71 2.76 2.77 2.79 2.75 2.8 2.74 2.73 100.0 84.69 1e-06 0.1 256
1.0 3.67 3.67 3.88 3.72 3.86 3.83 3.78 3.92 3.84 3.84 3.81 3.77 3.87 3.9 3.82 3.75 3.83 3.81 3.85 3.8 100.0 76.49 1e-05 0.01 1024
1.0 2.89 2.87 2.92 2.92 2.89 2.83 2.85 2.87 2.81 2.85 2.9 2.84 2.89 2.8 2.91 2.85 2.85 2.8 2.85 2.9 100.0 83.93 1e-07 0.1 256
1.0 3.39 3.45 3.39 3.44 3.46 3.33 3.29 3.36 3.4 3.36 3.33 3.31 3.38 3.34 3.35 3.4 3.4 3.32 3.38 3.31 100.0 77.19 1e-06 0.01 1024
1.0 3.14 3.09 3.1 3.03 2.99 3.02 3.03 3.02 3.04 3.05 2.99 3.03 3.04 2.98 3.01 3.0 3.08 3.03 2.95 3.1 100.0 82.52 1e-05 0.01 512
1.0 3.15 2.94 2.9 2.8 2.81 2.86 2.82 2.81 2.83 2.84 2.87 2.9 2.81 2.82 2.85 2.86 2.83 2.83 2.89 2.8 100.0 83.49 1e-05 0.01 256
1.0 3.08 3.15 3.04 3.11 3.2 3.15 3.18 3.16 3.17 3.11 3.14 3.15 3.2 3.21 3.17 3.17 3.11 3.11 3.24 3.22 100.0 81.99 1e-06 0.01 512
1.0 2.97 2.95 2.9 2.9 2.9 2.97 2.99 2.89 2.92 2.84 2.92 2.92 2.92 2.88 2.84 2.96 2.81 2.91 2.93 2.86 100.0 83.98 1e-06 0.01 256
1.0 3.0 2.98 2.95 2.96 3.16 3.01 3.08 3.01 3.01 3.01 2.97 3.04 3.09 3.06 3.06 3.01 3.1 3.07 3.1 3.02 100.0 83.39 1e-07 0.01 256
1.0 3.34 2.9 2.97 2.99 3.05 3.02 2.99 2.97 2.94 3.0 3.08 3.02 3.03 3.0 3.0 3.0 3.08 3.02 2.95 2.99 100.0 81.3 1e-07 0.01 512
1.0 4.85 7.69 9.63 9.32 9.06 9.16 9.02 9.03 9.13 9.05 9.32 9.12 9.34 9.41 9.22 9.18 9.33 9.08 9.09 9.09 100.0 53.29 1e-05 0.001 1024
1.0 4.9 7.65 9.05 9.3 9.07 9.56 9.49 9.71 9.43 9.53 9.36 9.37 9.49 9.34 9.45 9.5 9.47 9.52 9.43 9.45 100.0 54.21 1e-06 0.001 1024
1.0 4.87 8.56 8.99 9.2 9.1 9.04 9.06 9.2 9.33 9.46 9.16 9.15 9.24 9.19 9.13 9.42 9.07 9.02 9.03 9.66 100.0 54.94 1e-07 0.001 1024
1.0 4.94 6.42 6.42 6.13 6.3 6.47 6.4 6.61 6.47 6.49 6.38 6.38 6.4 6.53 6.51 6.5 6.52 6.3 6.29 6.75 100.0 63.76 1e-07 0.001 512
1.0 5.69 5.96 6.04 6.41 6.28 6.31 6.01 6.11 6.07 5.97 6.19 6.19 6.11 6.08 6.06 6.02 6.16 6.1 5.93 6.07 100.0 63.43 1e-05 0.001 512
1.0 4.02 4.56 4.64 4.64 4.46 4.62 4.77 4.74 4.66 4.6 4.55 4.45 4.62 4.52 4.85 4.62 4.59 4.57 4.5 4.49 100.0 71.99 1e-07 0.001 256
1.0 3.06 2.86 3.11 3.08 3.08 3.12 3.12 3.06 3.03 3.05 3.08 3.02 3.03 3.07 3.06 3.09 3.08 3.03 3.05 3.06 100.0 81.27 1e-06 0.1 1024
1.0 3.11 2.96 2.96 3.02 2.96 2.95 2.99 2.98 2.95 3.01 3.0 2.98 2.94 2.97 3.01 2.98 2.95 2.96 2.94 2.98 100.0 82.28 1e-05 0.1 1024
1.0 5.14 6.53 6.35 6.29 6.46 6.23 6.41 6.45 6.34 6.33 6.54 6.61 6.41 6.51 6.33 6.51 6.49 6.59 6.62 6.55 100.0 63.93 1e-06 0.001 512
1.0 2.97 2.82 2.8 2.81 2.85 2.8 2.79 2.81 2.85 2.79 2.81 2.77 2.78 2.83 2.8 2.76 2.81 2.78 2.8 2.75 100.0 84.22 1e-05 0.1 512
1.0 4.1 4.5 4.66 4.98 4.78 4.83 4.8 5.05 4.86 4.89 4.79 4.74 4.69 4.75 4.83 4.78 4.85 4.81 4.92 4.96 100.0 72.97 1e-05 0.001 256
1.0 4.08 4.88 4.87 4.89 4.78 4.69 4.8 4.85 4.65 4.87 4.74 4.86 4.56 4.7 4.61 4.77 4.68 4.95 4.87 4.89 100.0 71.65 1e-06 0.001 256
1.0 3.89 3.61 3.68 3.67 3.61 3.59 3.63 3.61 3.59 3.6 3.55 3.66 3.59 3.67 3.65 3.55 3.68 3.6 3.69 3.57 100.0 77.96 1e-06 0.01 1024
1.0 2.83 2.94 2.92 2.93 2.86 2.89 2.88 2.94 2.84 2.92 2.92 2.86 2.94 2.93 2.88 2.85 2.94 2.89 2.9 2.87 100.0 84.09 1e-07 0.1 512
1.0 3.45 3.69 3.77 3.64 3.75 3.83 3.87 3.76 3.76 3.83 3.74 3.68 3.71 3.81 3.73 3.87 3.77 3.71 3.75 3.8 100.0 76.28 1e-05 0.01 1024
1.0 2.93 2.86 2.96 2.96 2.96 2.96 2.96 2.86 2.95 2.9 2.87 2.9 2.89 2.91 2.87 2.91 2.89 2.9 2.93 2.92 100.0 83.62 1e-07 0.1 256
1.0 3.5 3.68 3.74 3.68 3.71 3.64 3.78 3.76 3.72 3.72 3.68 3.75 3.68 3.74 3.77 3.81 3.74 3.74 3.7 3.72 100.0 77.2 1e-07 0.01 1024
1.0 3.29 3.28 3.43 3.35 3.38 3.38 3.4 3.32 3.31 3.3 3.35 3.4 3.45 3.36 3.37 3.27 3.39 3.42 3.32 3.3 100.0 80.93 1e-06 0.01 512
1.0 3.23 3.17 3.24 3.15 3.27 3.18 3.13 3.3 3.22 3.23 3.22 3.26 3.25 3.25 3.26 3.26 3.22 3.23 3.21 3.27 100.0 81.28 1e-07 0.01 512
1.0 5.27 8.49 9.5 9.1 9.24 9.67 9.59 9.26 9.32 9.6 9.58 9.6 9.84 9.49 9.51 9.5 9.53 9.77 9.57 9.69 100.0 54.89 1e-05 0.001 1024
1.0 3.08 2.85 2.8 2.81 2.86 2.82 2.86 2.79 2.8 2.79 2.82 2.8 2.84 2.79 2.78 2.82 2.85 2.85 2.86 2.82 100.0 83.55 1e-07 0.01 256
1.0 2.95 2.95 2.82 2.82 2.83 2.84 2.7 2.77 2.77 2.77 2.73 2.77 2.72 2.68 2.75 2.72 2.75 2.81 2.74 2.73 100.0 84.13 1e-05 0.1 256
1.0 2.88 2.7 2.61 2.63 2.65 2.64 2.65 2.59 2.62 2.64 2.67 2.61 2.61 2.63 2.6 2.65 2.62 2.63 2.62 2.66 100.0 83.95 1e-06 0.1 256
1.0 3.07 3.04 2.89 2.93 2.89 2.93 2.99 3.03 3.01 2.99 2.97 2.95 2.89 2.95 2.96 2.97 2.96 2.98 3.01 3.07 100.0 83.48 1e-05 0.01 256
1.0 5.63 8.61 9.31 9.12 9.36 9.79 9.47 9.43 9.51 9.32 9.54 9.42 9.79 9.53 9.61 9.8 9.78 9.4 9.47 9.55 100.0 55.12 1e-06 0.001 1024
1.0 3.22 2.93 2.97 2.88 2.98 2.93 2.99 2.97 2.91 2.99 2.97 2.92 2.87 2.97 2.97 2.93 2.85 2.85 3.03 2.97 100.0 84.09 1e-06 0.01 256
1.0 5.94 7.31 8.47 8.85 9.33 9.37 9.85 9.38 9.43 9.6 9.51 9.58 9.75 9.72 9.69 9.54 9.5 9.89 9.75 9.64 100.0 55.86 1e-07 0.001 1024
1.0 3.23 3.09 3.16 3.16 3.25 3.17 3.17 3.16 3.24 3.27 3.22 3.36 3.24 3.18 3.26 3.23 3.2 3.26 3.21 3.22 100.0 81.72 1e-05 0.01 512
1.0 4.95 6.35 6.22 6.42 6.48 6.35 6.31 6.13 6.26 6.37 6.46 6.37 6.61 6.47 6.53 6.31 6.16 6.31 6.43 6.28 100.0 63.35 1e-06 0.001 512
1.0 5.09 6.42 6.12 6.3 6.08 6.19 5.98 5.82 6.0 5.97 5.93 5.81 6.1 6.12 6.21 6.02 6.09 5.9 6.0 6.09 100.0 64.06 1e-05 0.001 512
1.0 3.02 2.85 2.7 2.69 2.7 2.68 2.71 2.71 2.72 2.73 2.73 2.71 2.74 2.72 2.74 2.72 2.73 2.73 2.74 2.73 100.0 82.56 1e-07 0.1 1024
1.0 4.08 4.66 4.66 4.54 4.7 4.64 4.73 4.98 4.85 4.61 4.64 4.59 4.45 4.78 4.73 4.66 4.54 4.74 4.77 4.86 100.0 73.58 1e-06 0.001 256
1.0 3.19 3.31 3.2 3.27 3.22 3.3 3.3 3.34 3.43 3.44 3.43 3.46 3.44 3.36 3.49 3.44 3.39 3.39 3.44 3.39 100.0 77.53 1e-06 0.01 1024
1.0 4.34 5.03 4.74 4.49 4.52 4.5 4.56 4.58 4.49 4.41 4.35 4.52 4.69 4.59 4.57 4.39 4.77 4.49 4.62 4.5 99.998 72.27 1e-05 0.001 256
1.0 4.82 6.31 6.22 5.88 6.11 5.99 5.99 6.1 6.08 6.12 5.9 6.04 6.24 5.9 5.98 6.14 5.86 5.8 6.0 5.98 100.0 65.29 1e-07 0.001 512
1.0 4.42 4.54 4.39 4.42 4.42 4.51 4.38 4.44 4.35 4.34 4.39 4.53 4.36 4.49 4.5 4.61 4.41 4.48 4.53 4.52 100.0 72.83 1e-07 0.001 256
1.0 3.07 2.93 2.83 2.9 2.86 2.88 2.85 2.9 2.84 2.93 2.85 2.88 2.88 2.94 2.88 2.85 2.87 2.9 2.85 2.94 100.0 84.22 1e-07 0.1 512
1.0 3.62 3.47 3.46 3.52 3.68 3.53 3.61 3.55 3.57 3.56 3.59 3.61 3.59 3.51 3.53 3.63 3.69 3.59 3.54 3.57 100.0 78.04 1e-05 0.01 1024
1.0 2.82 2.78 2.78 2.67 2.72 2.72 2.7 2.7 2.68 2.7 2.7 2.77 2.74 2.69 2.71 2.69 2.73 2.69 2.66 2.69 100.0 83.19 1e-07 0.1 256
1.0 2.83 2.97 2.97 3.0 2.94 2.94 2.96 2.98 2.97 2.91 2.95 2.93 2.95 2.93 2.97 2.93 3.0 2.92 3.05 2.94 100.0 83.68 1e-05 0.1 512
1.0 2.78 2.92 2.9 2.88 2.95 2.83 2.86 2.91 2.84 2.86 2.87 2.86 2.84 2.86 2.87 2.82 2.89 2.89 2.86 2.84 100.0 83.75 1e-06 0.1 512
1.0 2.84 2.85 2.75 2.79 2.7 2.74 2.74 2.72 2.71 2.73 2.71 2.66 2.7 2.7 2.7 2.66 2.68 2.71 2.67 2.75 100.0 84.92 1e-06 0.1 256
1.0 2.75 2.86 2.88 2.78 2.77 2.82 2.85 2.81 2.83 2.84 2.87 2.84 2.84 2.83 2.84 2.87 2.86 2.81 2.81 2.82 100.0 84.93 1e-05 0.1 256
1.0 3.15 3.18 3.15 3.05 3.18 3.17 3.21 3.14 3.17 3.19 3.17 3.13 3.16 3.22 3.2 3.14 3.18 3.2 3.22 3.25 100.0 81.54 1e-05 0.01 512
1.0 4.54 7.92 8.07 8.15 8.22 8.23 8.13 8.08 8.21 8.21 8.11 8.07 8.22 8.14 8.16 8.41 8.12 8.28 8.09 8.3 100.0 57.01 1e-06 0.001 1024
1.0 3.1 3.19 3.17 3.23 3.15 3.1 3.1 3.14 3.09 3.23 3.17 3.15 3.14 3.17 3.2 3.21 3.16 3.13 3.26 3.16 100.0 80.69 1e-06 0.01 512
1.0 3.17 3.21 3.43 3.21 3.28 3.24 3.29 3.24 3.26 3.31 3.26 3.29 3.26 3.2 3.38 3.26 3.21 3.24 3.26 3.21 100.0 81.34 1e-07 0.01 512
1.0 4.73 7.73 8.48 8.45 8.48 8.69 8.69 8.77 8.81 8.66 8.72 8.8 8.98 8.68 8.8 8.62 8.85 8.72 8.87 8.92 100.0 57.98 1e-07 0.001 1024
1.0 2.92 2.81 2.85 2.79 2.85 2.88 2.9 2.83 2.9 2.9 2.81 2.77 2.85 2.88 2.81 2.84 2.72 2.85 2.86 2.82 100.0 83.62 1e-05 0.01 256
1.0 4.66 7.33 9.24 8.87 8.94 9.1 9.44 9.2 9.31 9.54 9.32 9.43 9.48 9.34 9.22 9.51 9.21 9.35 9.27 9.41 100.0 56.43 1e-05 0.001 1024
1.0 4.56 4.56 4.44 4.46 4.54 4.42 4.57 4.46 4.51 4.33 4.49 4.59 4.54 4.36 4.46 4.47 4.43 4.42 4.7 4.45 100.0 73.37 1e-06 0.001 256
1.0 5.41 6.06 6.08 6.13 6.46 6.31 6.5 6.36 6.32 6.38 6.29 6.5 6.49 6.3 6.36 6.56 6.36 6.27 6.68 6.32 100.0 65.84 1e-05 0.001 512
1.0 4.33 4.27 4.07 4.04 4.07 4.22 4.15 4.04 4.14 4.21 4.2 4.19 4.21 3.88 4.15 4.1 4.15 4.12 4.2 4.17 99.998 73.06 1e-07 0.001 256
