1.0 3.65 2.76 3.07 3.14 3.01 2.85 2.95 2.86 2.91 2.96 3.04 2.92 2.84 2.84 2.84 2.89 2.88 2.84 2.88 2.86 100.0 85.5 1e-05 0.1 256
1.0 3.18 3.15 3.1 2.97 3.07 2.97 2.75 2.89 2.89 2.94 2.87 2.84 2.88 2.84 2.9 2.94 3.01 2.97 2.93 2.91 100.0 85.01 1e-06 0.1 256
1.0 3.39 3.2 3.17 3.11 3.06 3.04 2.94 2.92 3.13 2.98 2.97 3.03 3.07 3.03 3.04 2.97 3.05 3.03 3.0 3.01 100.0 85.77 1e-07 0.1 256
1.0 4.4 3.26 3.23 3.19 3.21 3.09 3.09 3.15 3.26 3.16 3.14 3.12 3.08 3.03 3.01 3.05 2.99 3.0 3.01 3.0 100.0 83.45 1e-05 0.1 512
1.0 3.62 3.51 2.98 2.99 3.22 3.07 3.14 3.01 3.07 3.05 3.08 3.04 3.11 3.1 3.09 3.04 3.05 3.04 2.95 3.0 100.0 83.14 1e-06 0.1 512
1.0 4.13 2.92 3.07 3.4 3.06 3.11 3.08 3.08 3.06 3.06 3.07 2.96 2.99 3.04 3.06 3.05 3.02 3.09 3.06 3.03 99.998 82.82 1e-07 0.1 512
1.0 3.66 4.64 3.26 3.17 3.08 3.13 3.18 3.21 3.17 3.07 3.09 3.13 3.13 3.08 3.05 3.09 3.08 3.09 3.1 3.06 100.0 83.0 1e-05 0.1 1024
1.0 3.28 3.91 3.56 3.24 3.17 2.91 3.23 3.24 3.02 3.09 2.98 2.97 2.98 3.05 3.12 3.07 3.07 3.05 3.05 3.06 99.998 82.85 1e-06 0.1 1024
1.0 3.85 3.4 3.07 3.19 3.05 3.1 3.11 3.29 3.24 3.07 3.18 3.31 3.15 3.17 3.16 3.19 3.21 3.17 3.21 3.14 100.0 82.21 1e-07 0.1 1024
1.0 2.62 2.81 2.76 2.74 2.7 2.68 2.62 2.6 2.57 2.6 2.64 2.59 2.64 2.62 2.61 2.61 2.62 2.62 2.6 2.6 100.0 86.75 1e-05 0.01 256
1.0 2.85 2.76 2.6 2.59 2.59 2.62 2.66 2.6 2.62 2.62 2.63 2.61 2.63 2.61 2.57 2.65 2.62 2.6 2.6 2.69 100.0 86.18 1e-06 0.01 256
1.0 2.77 2.68 2.7 2.68 2.68 2.64 2.67 2.69 2.77 2.76 2.68 2.71 2.67 2.72 2.69 2.71 2.77 2.73 2.75 2.75 100.0 86.6 1e-07 0.01 256
1.0 2.76 2.66 2.63 2.58 2.6 2.66 2.65 2.62 2.65 2.65 2.65 2.67 2.68 2.65 2.72 2.65 2.66 2.65 2.66 2.67 100.0 84.87 1e-05 0.01 512
1.0 2.67 2.78 2.59 2.67 2.68 2.7 2.71 2.75 2.71 2.74 2.73 2.69 2.68 2.72 2.74 2.69 2.71 2.71 2.73 2.7 100.0 84.85 1e-06 0.01 512
1.0 2.94 2.82 2.67 2.67 2.69 2.62 2.67 2.63 2.62 2.71 2.65 2.61 2.7 2.63 2.63 2.64 2.61 2.67 2.64 2.65 100.0 84.81 1e-07 0.01 512
1.0 2.98 2.86 2.82 2.83 2.77 2.82 2.83 2.8 2.85 2.84 2.85 2.81 2.78 2.79 2.78 2.77 2.86 2.85 2.84 2.8 100.0 82.02 1e-05 0.01 1024
1.0 2.87 2.77 2.81 2.71 2.69 2.66 2.66 2.66 2.66 2.66 2.65 2.63 2.64 2.63 2.65 2.65 2.71 2.63 2.69 2.68 100.0 82.41 1e-06 0.01 1024
1.0 2.85 2.9 2.65 2.61 2.65 2.68 2.68 2.7 2.68 2.69 2.68 2.68 2.7 2.69 2.73 2.71 2.67 2.68 2.68 2.71 100.0 81.79 1e-07 0.01 1024
1.0 2.88 3.16 3.07 3.15 3.19 3.11 3.17 3.18 3.23 3.24 3.24 3.23 3.15 3.03 3.13 3.15 3.17 3.17 3.17 3.17 100.0 78.22 1e-05 0.001 256
1.0 3.17 3.11 3.07 3.03 3.07 3.09 3.04 3.18 3.06 3.12 3.08 3.09 3.03 3.16 3.13 3.05 3.09 3.03 3.1 3.11 100.0 77.78 1e-06 0.001 256
1.0 3.19 3.15 3.2 3.22 3.23 3.23 3.2 3.31 3.14 3.22 3.21 3.23 3.16 3.21 3.24 3.21 3.25 3.17 3.11 3.25 100.0 78.06 1e-07 0.001 256
1.0 3.88 3.83 3.77 3.69 3.72 3.6 3.8 3.74 3.78 3.63 3.7 3.7 3.72 3.76 3.67 3.72 3.72 3.76 3.71 3.65 100.0 73.47 1e-05 0.001 512
1.0 3.87 3.62 3.64 3.68 3.57 3.44 3.53 3.55 3.56 3.61 3.55 3.61 3.45 3.54 3.53 3.57 3.58 3.61 3.59 3.56 100.0 73.81 1e-06 0.001 512
1.0 3.76 3.98 3.88 3.82 3.83 3.92 3.89 3.85 3.85 3.81 3.83 3.63 3.85 3.75 3.84 3.75 3.75 3.92 3.82 3.81 100.0 72.67 1e-07 0.001 512
1.0 4.94 5.21 5.29 5.14 5.1 5.29 5.37 5.14 5.29 5.19 5.31 5.16 5.15 5.16 5.22 5.21 5.16 5.19 5.35 5.2 100.0 65.15 1e-05 0.001 1024
1.0 4.83 4.93 4.76 4.9 4.86 5.0 4.95 4.85 4.94 5.0 4.95 4.9 5.0 4.91 4.99 4.98 4.93 5.0 5.09 4.98 100.0 65.77 1e-06 0.001 1024
1.0 4.7 4.59 4.75 4.6 4.68 4.81 4.63 4.61 4.74 4.8 4.72 4.64 4.79 4.79 4.74 4.8 4.82 4.7 4.8 4.73 100.0 65.89 1e-07 0.001 1024
1.0 3.47 3.07 3.06 3.17 2.98 2.89 3.0 3.09 3.02 2.93 2.9 2.9 2.95 2.89 2.91 2.94 2.92 2.91 2.91 2.87 99.998 86.37 1e-05 0.1 256
1.0 4.02 3.07 3.25 3.24 2.92 3.16 2.83 2.89 3.0 2.96 2.95 2.93 2.98 3.06 3.03 3.03 2.96 3.03 2.99 3.0 100.0 85.61 1e-06 0.1 256
1.0 3.63 2.96 3.08 3.17 2.89 2.93 2.88 2.98 3.01 2.99 2.97 2.99 3.04 3.04 3.07 2.99 2.98 3.02 3.0 3.0 100.0 85.48 1e-07 0.1 256
1.0 3.48 3.18 3.03 2.84 2.91 2.9 3.01 2.85 2.96 2.98 2.98 2.97 3.02 3.0 2.96 2.95 3.03 2.97 3.01 2.97 100.0 85.55 1e-05 0.1 512
1.0 3.6 3.06 3.05 3.04 3.14 2.96 2.97 2.89 2.91 2.86 2.89 2.88 2.94 2.86 2.94 2.91 2.86 2.92 2.84 2.86 100.0 85.33 1e-06 0.1 512
1.0 3.7 2.89 3.02 3.01 3.03 2.99 2.86 2.88 2.94 2.87 2.88 2.93 2.9 2.89 2.91 2.88 2.91 2.89 2.99 2.9 100.0 85.35 1e-07 0.1 512
1.0 3.55 3.43 3.14 3.19 3.13 3.02 3.02 3.1 3.26 3.14 3.16 3.28 3.23 3.22 3.23 3.24 3.22 3.18 3.24 3.22 99.998 83.54 1e-05 0.1 1024
1.0 3.62 3.79 2.95 3.16 3.2 3.31 3.16 3.05 3.11 3.26 3.2 3.31 3.28 3.22 3.25 3.25 3.24 3.26 3.25 3.21 100.0 82.23 1e-06 0.1 1024
1.0 4.08 3.42 2.95 3.09 3.23 3.27 3.25 3.05 2.97 3.06 2.98 3.03 3.04 3.06 2.99 3.05 3.01 3.0 3.02 2.98 100.0 84.05 1e-07 0.1 1024
1.0 2.7 2.82 2.59 2.66 2.58 2.56 2.56 2.65 2.62 2.59 2.6 2.62 2.58 2.55 2.6 2.58 2.58 2.58 2.56 2.6 100.0 86.99 1e-05 0.01 256
1.0 2.77 2.71 2.75 2.72 2.7 2.65 2.65 2.74 2.74 2.73 2.69 2.63 2.67 2.67 2.67 2.69 2.66 2.67 2.68 2.64 100.0 86.55 1e-06 0.01 256
1.0 2.65 2.83 2.82 2.63 2.63 2.58 2.56 2.57 2.58 2.56 2.64 2.6 2.65 2.62 2.61 2.61 2.6 2.64 2.67 2.64 100.0 86.91 1e-07 0.01 256
1.0 2.71 2.77 2.71 2.72 2.71 2.67 2.67 2.68 2.69 2.7 2.67 2.72 2.67 2.68 2.69 2.67 2.67 2.71 2.73 2.65 100.0 84.64 1e-05 0.01 512
1.0 2.79 2.85 2.66 2.62 2.58 2.63 2.6 2.62 2.57 2.61 2.58 2.66 2.53 2.6 2.62 2.55 2.65 2.58 2.58 2.6 100.0 85.0 1e-06 0.01 512
1.0 2.83 2.85 2.58 2.61 2.63 2.7 2.73 2.66 2.72 2.64 2.7 2.65 2.68 2.66 2.7 2.67 2.72 2.66 2.69 2.71 100.0 84.84 1e-07 0.01 512
1.0 2.99 2.84 2.87 2.92 2.9 2.93 2.87 2.95 2.9 2.96 2.94 2.92 2.92 2.89 2.93 2.91 2.92 2.88 2.92 2.99 100.0 81.82 1e-05 0.01 1024
1.0 3.03 3.03 2.92 2.9 2.9 2.93 2.94 2.95 2.92 2.98 2.96 2.96 2.92 2.97 2.93 2.94 2.97 2.97 2.9 2.92 100.0 81.89 1e-06 0.01 1024
1.0 2.97 3.04 2.86 2.99 2.97 2.9 2.93 2.9 2.79 2.84 2.83 2.82 2.86 2.84 2.82 2.82 2.84 2.83 2.84 2.84 100.0 81.95 1e-07 0.01 1024
1.0 3.55 3.29 3.32 3.42 3.28 3.47 3.5 3.37 3.35 3.4 3.36 3.45 3.49 3.32 3.31 3.45 3.39 3.37 3.42 3.34 100.0 77.98 1e-05 0.001 256
1.0 3.38 3.18 3.29 3.21 3.37 3.23 3.36 3.36 3.32 3.18 3.2 3.24 3.29 3.24 3.27 3.21 3.4 3.27 3.39 3.27 100.0 78.31 1e-06 0.001 256
1.0 3.51 3.16 3.04 3.02 3.01 3.08 3.04 3.14 3.07 3.19 3.04 3.14 3.19 3.09 3.08 3.24 3.15 3.1 3.16 3.13 100.0 77.63 1e-07 0.001 256
1.0 4.02 3.81 3.76 3.7 3.74 3.61 3.61 3.71 3.56 3.58 3.67 3.74 3.72 3.6 3.67 3.66 3.64 3.64 3.76 3.6 100.0 72.92 1e-05 0.001 512
1.0 3.9 4.09 4.2 4.03 4.09 4.05 4.05 4.22 4.03 4.0 4.11 4.0 3.94 4.09 4.18 4.01 4.05 4.17 4.09 4.12 100.0 72.2 1e-06 0.001 512
1.0 3.58 3.84 3.69 3.71 3.77 3.79 3.77 3.78 3.82 3.81 3.92 3.77 3.86 3.79 3.9 3.94 3.72 3.75 3.66 3.8 100.0 72.4 1e-07 0.001 512
1.0 5.64 5.51 5.4 5.24 5.3 5.38 5.4 5.29 5.22 5.27 5.36 5.44 5.52 5.43 5.22 5.35 5.34 5.45 5.33 5.34 100.0 65.79 1e-05 0.001 1024
1.0 5.19 5.36 5.35 5.34 5.47 5.27 5.31 5.42 5.23 5.45 5.36 5.46 5.27 5.5 5.52 5.31 5.35 5.41 5.33 5.5 100.0 65.18 1e-06 0.001 1024
1.0 5.12 5.03 4.94 5.12 5.09 5.12 5.19 5.15 5.12 5.15 5.17 5.17 5.29 5.3 5.11 5.05 5.09 5.0 5.07 5.17 100.0 65.4 1e-07 0.001 1024
1.0 3.56 2.98 3.31 3.11 3.07 3.17 2.99 3.06 3.11 3.09 3.05 3.09 3.06 3.03 3.09 3.08 3.06 3.04 3.09 3.07 100.0 86.56 1e-05 0.1 256
1.0 4.33 3.19 2.96 3.06 3.13 3.16 3.14 3.19 2.96 3.0 3.08 3.02 3.04 3.0 3.19 3.19 3.09 3.12 3.12 3.08 100.0 85.94 1e-06 0.1 256
1.0 4.1 3.12 3.18 3.26 3.2 3.15 3.04 2.97 2.95 3.12 3.18 3.06 3.03 3.09 3.04 3.06 3.03 3.07 3.01 3.09 100.0 86.4 1e-07 0.1 256
1.0 4.31 3.67 3.21 2.9 3.11 3.01 3.14 3.01 3.04 3.17 3.19 3.15 3.2 3.21 3.15 3.16 3.22 3.11 3.13 3.13 100.0 84.02 1e-05 0.1 512
1.0 3.81 3.3 3.11 3.05 3.12 2.99 3.16 2.98 3.07 3.04 2.98 3.02 3.01 3.02 3.04 2.95 3.02 3.03 3.03 3.01 100.0 84.85 1e-06 0.1 512
1.0 3.82 3.26 3.11 3.09 2.97 3.04 2.89 2.99 2.86 2.85 2.89 2.85 2.81 2.81 2.77 2.82 2.82 2.78 2.83 2.83 100.0 84.77 1e-07 0.1 512
1.0 3.14 3.68 3.39 3.3 3.14 3.29 3.13 3.26 3.42 3.2 3.18 3.15 3.14 3.11 3.23 3.19 3.23 3.18 3.19 3.19 100.0 82.92 1e-05 0.1 1024
1.0 1.03 1.0 3.67 4.64 3.37 3.27 3.41 3.22 3.32 3.59 3.37 3.56 3.42 3.54 3.45 3.49 3.55 3.58 3.48 3.54 100.0 82.27 1e-06 0.1 1024
1.0 3.72 3.79 3.47 3.15 2.88 3.23 3.19 3.02 3.14 3.15 3.14 3.11 3.18 3.18 3.16 3.18 3.16 3.2 3.17 3.22 100.0 83.16 1e-07 0.1 1024
1.0 2.75 2.82 2.75 2.54 2.56 2.58 2.61 2.61 2.55 2.56 2.6 2.62 2.55 2.58 2.57 2.57 2.55 2.58 2.54 2.54 100.0 86.66 1e-05 0.01 256
1.0 2.7 2.58 2.59 2.62 2.58 2.54 2.57 2.63 2.62 2.62 2.61 2.6 2.58 2.56 2.59 2.62 2.59 2.6 2.6 2.62 100.0 86.76 1e-06 0.01 256
1.0 2.92 2.71 2.66 2.8 2.76 2.83 2.81 2.83 2.88 2.88 2.84 2.83 2.75 2.82 2.81 2.82 2.85 2.86 2.78 2.86 100.0 87.27 1e-07 0.01 256
1.0 2.67 2.62 2.76 2.75 2.78 2.72 2.74 2.81 2.76 2.72 2.76 2.74 2.74 2.73 2.72 2.76 2.81 2.76 2.8 2.72 100.0 85.09 1e-05 0.01 512
1.0 2.88 2.69 2.8 2.84 2.82 2.84 2.81 2.77 2.84 2.77 2.78 2.81 2.79 2.79 2.78 2.74 2.78 2.82 2.8 2.77 100.0 85.39 1e-06 0.01 512
1.0 2.8 2.75 2.94 2.78 2.77 2.79 2.77 2.79 2.84 2.78 2.78 2.8 2.82 2.81 2.76 2.78 2.78 2.78 2.79 2.8 100.0 85.3 1e-07 0.01 512
1.0 2.92 2.96 2.97 2.85 2.91 2.89 2.91 2.92 2.91 2.89 2.9 2.93 2.89 2.91 2.9 2.9 2.9 2.89 2.94 2.88 100.0 83.0 1e-05 0.01 1024
1.0 2.95 2.9 2.75 2.74 2.84 2.76 2.78 2.8 2.81 2.78 2.8 2.75 2.81 2.79 2.8 2.79 2.75 2.79 2.76 2.81 100.0 82.66 1e-06 0.01 1024
1.0 2.93 2.78 2.82 2.83 2.8 2.83 2.82 2.81 2.79 2.84 2.78 2.79 2.84 2.77 2.83 2.85 2.79 2.84 2.81 2.83 100.0 82.39 1e-07 0.01 1024
1.0 3.21 3.0 2.93 2.93 3.0 3.04 2.97 2.97 2.99 3.02 2.93 2.98 2.94 3.13 2.9 3.05 2.9 2.98 2.98 2.92 100.0 78.8 1e-05 0.001 256
1.0 3.48 2.96 3.15 3.09 3.05 3.11 3.13 3.14 3.12 3.07 3.23 3.13 3.16 3.19 3.17 3.11 3.15 3.13 3.13 3.13 100.0 78.64 1e-06 0.001 256
1.0 3.26 3.12 3.09 3.05 3.08 3.05 3.05 3.12 3.16 3.13 3.07 3.04 3.23 3.12 3.17 3.12 3.05 3.04 3.08 3.1 100.0 78.49 1e-07 0.001 256
1.0 3.74 3.74 3.75 3.6 3.6 3.65 3.63 3.6 3.54 3.65 3.56 3.69 3.42 3.55 3.64 3.58 3.56 3.83 3.63 3.58 100.0 73.44 1e-05 0.001 512
1.0 3.99 3.72 3.86 3.65 3.75 3.84 3.71 3.76 3.94 3.77 3.89 3.75 3.79 3.8 3.86 3.78 3.76 3.71 3.85 3.87 100.0 73.25 1e-06 0.001 512
1.0 3.57 3.66 3.64 3.72 3.56 3.74 3.64 3.88 3.81 3.73 3.83 3.75 3.77 3.74 3.67 3.8 3.82 3.73 3.77 3.71 100.0 73.12 1e-07 0.001 512
1.0 5.33 5.7 5.62 5.53 5.59 5.63 5.6 5.55 5.67 5.59 5.54 5.66 5.52 5.59 5.55 5.58 5.66 5.6 5.52 5.68 100.0 66.52 1e-05 0.001 1024
1.0 5.36 4.84 4.92 4.75 4.83 4.69 4.72 4.9 4.91 4.87 4.89 4.96 4.86 4.92 4.8 5.07 4.83 4.84 4.97 4.76 100.0 66.25 1e-06 0.001 1024
1.0 4.76 4.83 4.66 4.7 4.75 4.82 4.68 4.77 4.82 4.64 4.76 4.82 4.66 4.83 4.75 4.79 4.76 4.79 4.78 4.66 100.0 66.01 1e-07 0.001 1024
