3.36 6.34 7.13 7.21 7.29 7.46 7.43 7.4 7.45 7.38 7.4 7.52 7.43 7.59 7.54 7.44 7.46 7.54 7.49 7.51 7.47 100.0 78.97 1e-06 0.1 1024
3.36 6.43 7.06 7.05 7.11 7.17 7.03 6.92 6.94 7.17 7.01 6.97 7.09 7.04 7.05 7.06 7.0 7.11 7.03 6.95 7.02 100.0 78.82 1e-05 0.1 1024
3.36 6.72 6.83 7.06 7.01 7.18 7.17 7.24 7.32 7.29 7.17 7.31 7.29 7.34 7.3 7.26 7.2 7.29 7.31 7.24 7.16 100.0 77.33 1e-07 0.1 1024
3.36 6.25 6.54 6.54 6.42 6.42 6.55 6.5 6.5 6.4 6.42 6.44 6.39 6.48 6.48 6.49 6.45 6.51 6.38 6.48 6.4 100.0 82.04 1e-06 0.1 512
3.36 6.25 6.63 6.59 6.66 6.57 6.7 6.83 6.89 6.67 6.77 6.81 6.86 6.77 6.71 6.74 6.71 6.85 6.82 6.76 6.64 100.0 80.75 1e-07 0.1 512
3.36 8.0 7.96 7.97 7.93 8.0 7.97 8.05 7.95 7.91 7.89 7.92 7.87 7.95 8.05 7.92 7.99 7.96 8.0 8.08 7.88 100.0 76.52 1e-07 0.01 1024
3.36 6.43 6.83 7.09 7.07 6.95 7.02 7.08 7.05 7.03 7.14 7.19 7.21 7.13 6.98 7.02 7.13 7.09 7.1 7.05 7.1 100.0 80.41 1e-05 0.1 512
3.36 6.45 6.25 6.16 5.95 6.0 6.08 6.09 6.12 6.01 6.14 6.2 6.12 6.12 6.09 6.16 6.06 6.14 6.02 6.09 6.23 100.0 82.99 1e-06 0.1 256
3.36 6.24 6.07 6.09 6.11 6.11 6.12 6.16 6.12 6.16 6.22 6.33 6.21 6.3 6.11 6.33 6.33 6.31 6.39 6.32 6.3 100.0 83.98 1e-05 0.1 256
3.36 7.51 7.42 7.57 7.63 7.59 7.62 7.57 7.64 7.55 7.72 7.7 7.64 7.69 7.79 7.69 7.67 7.75 7.67 7.71 7.6 100.0 77.13 1e-05 0.01 1024
3.36 7.47 7.36 7.32 7.42 7.43 7.39 7.4 7.44 7.33 7.43 7.48 7.39 7.48 7.41 7.55 7.4 7.36 7.44 7.36 7.42 100.0 77.86 1e-06 0.01 1024
3.36 8.72 12.7 14.53 14.3 14.23 14.46 14.48 14.38 14.44 14.6 14.7 14.63 14.52 14.69 14.7 14.69 14.6 14.69 14.79 14.55 100.0 63.91 1e-06 0.001 1024
3.36 7.08 6.94 6.86 6.88 6.93 6.93 7.0 6.86 6.88 7.01 6.96 6.91 6.99 6.88 7.01 6.86 6.97 7.08 6.91 6.86 100.0 80.94 1e-05 0.01 512
3.36 6.49 6.78 6.42 6.38 6.6 6.59 6.72 6.4 6.48 6.4 6.58 6.53 6.43 6.53 6.52 6.58 6.58 6.53 6.55 6.44 100.0 82.92 1e-07 0.1 256
3.36 8.8 13.28 14.77 14.76 15.17 14.59 14.99 14.99 15.02 15.1 14.77 15.0 14.94 15.15 14.8 15.21 15.09 14.9 15.05 15.0 100.0 63.54 1e-05 0.001 1024
3.36 6.49 6.66 6.81 6.77 6.75 6.65 6.73 6.66 6.77 6.79 6.76 6.79 6.65 6.65 6.77 6.74 6.71 6.74 6.72 6.67 100.0 80.63 1e-07 0.01 512
3.36 6.41 6.42 6.48 6.55 6.55 6.47 6.49 6.56 6.56 6.5 6.44 6.5 6.52 6.49 6.56 6.57 6.49 6.49 6.56 6.48 100.0 80.79 1e-06 0.01 512
3.36 6.14 5.97 6.01 6.03 6.01 6.06 5.92 5.97 6.02 6.04 6.03 5.96 5.91 6.02 5.97 5.95 5.96 6.07 5.93 5.95 100.0 83.62 1e-07 0.01 256
3.36 10.31 11.93 12.3 12.24 12.58 12.33 12.24 12.33 12.75 12.54 12.66 12.63 12.44 12.43 12.81 12.56 12.72 12.62 12.56 12.45 100.0 66.94 1e-05 0.001 512
3.36 10.03 11.75 12.37 12.19 12.29 12.09 12.41 12.29 12.32 12.37 12.43 12.49 12.47 12.32 12.34 12.37 12.41 12.47 12.42 12.26 100.0 66.4 1e-06 0.001 512
3.36 9.06 9.68 10.21 10.03 10.23 10.1 9.99 10.47 10.44 10.07 10.34 10.31 10.18 10.26 10.52 10.4 10.18 10.19 10.22 10.31 100.0 71.83 1e-05 0.001 256
3.36 9.81 12.27 12.44 12.65 12.66 12.74 12.55 12.77 12.9 12.92 12.99 12.74 12.87 12.85 12.88 12.89 13.0 12.99 12.86 12.81 100.0 66.54 1e-07 0.001 512
1.96 6.3 6.65 6.81 6.81 6.68 6.88 6.93 6.83 6.86 6.75 6.76 6.81 6.78 6.86 6.8 6.82 6.8 6.81 6.84 6.76 100.0 81.89 1e-07 0.1 1024
1.96 6.28 6.5 6.23 6.27 6.22 6.15 6.17 6.16 6.15 6.05 6.14 6.06 6.1 6.02 6.07 6.03 6.07 6.09 6.05 6.04 100.0 82.23 1e-05 0.1 1024
1.96 6.53 6.45 6.74 6.66 6.8 6.67 6.73 6.71 6.7 6.68 6.69 6.69 6.87 6.71 6.7 6.68 6.7 6.75 6.71 6.71 100.0 81.21 1e-06 0.1 1024
3.36 9.6 9.41 9.58 9.8 9.9 9.97 10.1 9.99 9.89 9.85 10.19 9.93 10.15 10.06 9.84 10.0 10.02 9.92 10.07 9.99 100.0 72.47 1e-06 0.001 256
3.36 9.74 9.74 9.9 10.09 9.98 10.05 10.17 10.33 10.3 10.15 10.46 10.28 10.28 10.46 10.25 10.28 10.13 10.11 10.32 10.18 100.0 71.86 1e-07 0.001 256
1.96 6.76 6.43 6.55 6.48 6.34 6.44 6.43 6.45 6.36 6.32 6.39 6.35 6.38 6.42 6.54 6.41 6.35 6.4 6.42 6.47 100.0 81.15 1e-07 0.1 512
1.96 7.55 7.88 7.96 8.03 8.06 8.06 7.95 8.04 7.93 8.08 7.95 8.1 7.96 8.07 8.08 8.07 8.04 8.13 8.18 8.04 100.0 77.14 1e-06 0.01 1024
1.96 6.92 6.63 6.51 6.57 6.42 6.39 6.47 6.53 6.47 6.59 6.42 6.43 6.53 6.42 6.45 6.54 6.43 6.57 6.46 6.51 100.0 82.08 1e-06 0.1 512
1.96 6.52 6.29 6.57 6.31 6.34 6.38 6.31 6.31 6.31 6.35 6.33 6.33 6.42 6.43 6.41 6.32 6.38 6.42 6.41 6.4 100.0 81.88 1e-05 0.1 512
1.96 6.36 6.35 6.2 6.15 6.22 6.05 6.08 6.1 6.06 6.21 6.19 6.16 6.2 6.17 6.17 6.22 6.23 6.21 6.26 6.27 100.0 84.4 1e-05 0.1 256
1.96 7.95 8.04 8.2 8.17 8.3 8.42 8.25 8.23 8.39 8.31 8.34 8.38 8.36 8.42 8.41 8.36 8.37 8.44 8.35 8.4 100.0 76.2 1e-05 0.01 1024
1.96 6.12 6.13 6.14 5.97 5.94 5.97 6.13 5.92 5.95 5.88 5.96 5.98 5.93 5.95 5.95 6.01 5.85 6.1 6.12 5.99 100.0 83.9 1e-07 0.1 256
1.96 6.36 6.25 6.56 6.59 6.65 6.7 6.65 6.51 6.57 6.69 6.79 6.66 6.7 6.58 6.63 6.68 6.67 6.69 6.58 6.67 100.0 81.48 1e-06 0.1 256
1.96 7.23 7.51 7.54 7.59 7.67 7.73 7.72 7.64 7.86 7.7 7.73 7.68 7.74 7.76 7.72 7.71 7.79 7.85 7.71 7.87 100.0 76.6 1e-07 0.01 1024
1.96 6.04 6.21 6.19 6.12 6.13 6.15 6.13 6.18 6.09 6.08 6.12 6.15 6.09 6.12 5.98 6.28 6.11 6.1 6.12 6.25 100.0 83.21 1e-06 0.01 256
1.96 6.59 6.82 6.92 6.88 6.95 6.93 6.89 6.92 6.88 6.91 6.91 6.85 6.99 6.89 6.88 6.75 6.99 6.88 6.96 6.92 100.0 81.27 1e-05 0.01 512
1.96 6.38 6.41 6.43 6.47 6.5 6.41 6.41 6.5 6.52 6.52 6.46 6.49 6.5 6.5 6.54 6.53 6.48 6.46 6.58 6.46 100.0 80.17 1e-06 0.01 512
1.96 8.47 13.43 14.84 15.09 15.41 15.04 15.54 15.72 15.39 15.4 15.31 15.51 15.6 15.49 15.54 15.52 15.42 15.46 15.44 15.49 100.0 64.65 1e-05 0.001 1024
1.96 8.56 13.54 14.48 14.95 15.09 15.17 15.27 15.36 15.31 15.48 15.19 15.53 15.49 15.27 15.49 15.38 15.47 15.35 15.54 15.41 100.0 64.55 1e-06 0.001 1024
1.96 6.48 6.56 6.58 6.64 6.63 6.63 6.69 6.72 6.82 6.81 6.79 6.7 6.84 6.81 6.77 6.74 6.84 6.72 6.73 6.83 100.0 80.54 1e-07 0.01 512
1.96 8.36 13.09 14.67 14.56 15.08 15.18 15.29 15.28 15.35 15.58 15.4 15.41 15.48 15.5 15.6 15.31 15.31 15.55 15.51 15.52 100.0 63.45 1e-07 0.001 1024
1.41 5.39 6.58 6.6 6.65 6.65 6.73 6.67 6.64 6.7 6.69 6.78 6.68 6.73 6.74 6.72 6.73 6.74 6.75 6.69 6.77 100.0 81.4 1e-05 0.1 1024
1.96 10.62 12.86 13.26 12.85 12.93 13.31 13.09 13.35 13.32 13.16 13.48 13.21 13.26 13.27 13.37 13.34 13.44 13.27 13.31 13.12 100.0 68.43 1e-06 0.001 512
1.96 10.18 12.62 13.08 12.82 13.06 12.98 13.15 13.06 13.07 13.13 13.02 12.97 13.05 12.88 12.99 13.33 13.0 13.07 12.88 13.11 100.0 68.58 1e-07 0.001 512
1.96 10.27 12.67 13.06 13.18 13.11 13.05 13.13 13.31 13.64 13.5 13.32 13.39 13.67 13.36 13.31 13.73 13.22 13.57 13.57 13.38 100.0 68.03 1e-05 0.001 512
1.96 5.99 6.05 6.16 6.03 6.05 6.18 6.12 6.23 6.14 6.05 6.13 6.1 6.23 6.07 6.02 6.07 6.13 6.09 6.06 6.01 100.0 83.1 1e-05 0.01 256
1.41 6.06 6.72 6.73 6.78 6.77 6.76 6.66 6.69 6.72 6.76 6.69 6.61 6.7 6.75 6.71 6.71 6.8 6.69 6.68 6.69 100.0 81.53 1e-07 0.1 1024
1.96 5.9 6.08 6.05 6.05 6.13 5.89 6.07 6.05 6.13 6.12 5.96 6.06 6.1 5.92 6.03 5.93 5.99 6.05 5.98 5.96 100.0 83.22 1e-07 0.01 256
1.96 9.72 10.41 10.34 10.23 10.5 10.6 10.71 10.61 10.7 10.76 10.59 10.59 10.84 10.52 10.76 10.58 10.59 10.68 10.66 10.82 100.0 72.9 1e-05 0.001 256
1.96 10.13 10.36 10.31 10.19 10.31 10.51 10.47 10.29 10.72 10.39 10.34 10.4 10.6 10.55 10.5 10.57 10.4 10.61 10.54 10.43 100.0 72.4 1e-07 0.001 256
1.41 5.74 6.21 6.41 6.48 6.53 6.52 6.5 6.54 6.39 6.42 6.41 6.42 6.46 6.48 6.36 6.44 6.43 6.5 6.5 6.45 100.0 80.34 1e-06 0.1 1024
1.96 9.39 10.67 10.49 10.53 10.79 10.72 10.66 10.77 10.66 10.67 10.73 10.97 10.8 10.85 10.83 11.0 10.8 10.89 10.74 10.74 100.0 72.01 1e-06 0.001 256
1.41 6.16 6.17 6.12 6.16 5.93 5.99 6.07 6.07 6.1 6.06 6.04 6.12 5.97 6.1 6.14 6.06 6.06 6.12 6.04 6.1 100.0 84.27 1e-05 0.1 256
1.41 6.33 6.26 6.85 6.71 6.47 6.6 6.71 6.69 6.61 6.49 6.68 6.57 6.64 6.63 6.62 6.61 6.65 6.55 6.54 6.62 100.0 81.92 1e-05 0.1 512
1.41 6.24 6.48 6.32 6.26 6.5 6.32 6.34 6.34 6.41 6.29 6.26 6.3 6.3 6.31 6.37 6.26 6.27 6.34 6.34 6.25 100.0 81.61 1e-07 0.1 512
1.41 6.66 6.85 6.51 6.51 6.33 6.35 6.44 6.42 6.41 6.45 6.4 6.37 6.38 6.44 6.43 6.33 6.36 6.44 6.33 6.42 100.0 81.85 1e-06 0.1 512
1.41 7.35 7.55 7.54 7.58 7.59 7.6 7.61 7.7 7.54 7.67 7.62 7.48 7.53 7.67 7.4 7.6 7.6 7.59 7.51 7.61 100.0 76.6 1e-05 0.01 1024
1.41 7.58 7.36 7.28 7.33 7.33 7.33 7.33 7.45 7.46 7.4 7.46 7.42 7.48 7.36 7.43 7.38 7.52 7.53 7.52 7.43 100.0 77.03 1e-07 0.01 1024
1.41 6.64 6.47 6.46 6.49 6.52 6.58 6.54 6.68 6.6 6.54 6.69 6.68 6.58 6.69 6.71 6.57 6.53 6.65 6.68 6.68 100.0 80.53 1e-06 0.01 512
1.41 6.41 6.33 6.26 6.33 6.25 6.16 6.25 6.11 6.22 6.25 6.26 6.2 6.05 6.26 6.13 6.12 6.2 6.22 6.24 6.07 100.0 84.14 1e-07 0.1 256
1.41 6.2 6.14 6.21 6.14 6.19 6.2 6.19 6.29 6.32 6.34 6.37 6.33 6.24 6.21 6.27 6.24 6.34 6.34 6.34 6.26 100.0 82.36 1e-06 0.1 256
1.41 8.38 12.98 14.1 14.66 14.34 14.65 14.58 14.74 14.72 14.81 14.62 14.86 14.81 14.91 14.83 14.81 14.73 14.75 14.54 14.96 100.0 63.96 1e-06 0.001 1024
1.41 7.79 13.37 14.43 14.83 14.83 14.84 14.89 14.75 14.82 14.94 14.84 14.86 14.96 14.92 14.72 15.03 14.86 14.81 14.98 14.66 100.0 63.37 1e-05 0.001 1024
1.41 5.81 6.08 6.11 6.09 6.1 6.13 6.12 6.01 6.04 6.05 6.07 6.09 6.04 6.01 6.08 6.1 6.05 6.07 6.05 6.05 100.0 83.89 1e-06 0.01 256
1.41 6.81 6.55 6.57 6.58 6.58 6.69 6.58 6.61 6.63 6.58 6.64 6.54 6.66 6.7 6.72 6.62 6.63 6.58 6.52 6.74 100.0 80.28 1e-05 0.01 512
1.41 6.09 5.92 5.95 5.83 6.02 5.83 5.95 5.96 6.09 6.03 6.0 5.96 6.03 5.97 6.05 6.06 6.06 6.02 6.03 6.06 100.0 83.54 1e-07 0.01 256
1.41 6.53 6.58 6.74 6.74 6.71 6.76 6.7 6.79 6.77 6.69 6.7 6.75 6.79 6.69 6.84 6.68 6.75 6.74 6.78 6.78 100.0 80.88 1e-07 0.01 512
1.41 8.23 12.84 13.95 13.8 14.2 14.18 14.47 14.37 14.37 14.24 14.42 14.33 14.62 14.5 14.49 14.48 14.42 14.44 14.52 14.42 100.0 63.55 1e-07 0.001 1024
1.41 9.83 11.59 11.77 12.13 12.05 12.08 12.19 12.14 12.07 12.05 12.17 12.1 12.14 12.06 12.3 12.23 12.12 12.22 12.18 12.04 100.0 67.32 1e-05 0.001 512
1.41 5.93 6.08 6.17 6.17 6.15 6.16 6.18 6.1 6.31 6.27 6.13 6.11 6.12 6.1 6.12 6.23 6.31 6.18 6.14 6.13 100.0 83.32 1e-05 0.01 256
1.41 9.25 9.59 9.53 9.78 9.68 9.68 9.93 9.8 9.83 9.72 9.83 9.83 9.71 9.86 9.98 9.81 9.96 9.84 9.78 9.73 100.0 72.27 1e-06 0.001 256
1.41 9.61 9.54 9.65 9.72 9.84 9.72 9.7 9.61 9.73 9.87 9.66 9.85 9.81 9.81 9.87 9.83 9.88 9.77 9.9 9.91 100.0 72.47 1e-05 0.001 256
1.41 10.01 12.44 12.36 12.62 12.62 12.78 12.71 12.78 12.57 12.74 12.97 12.69 12.63 12.81 12.58 12.66 12.74 12.59 12.7 12.62 100.0 67.09 1e-06 0.001 512
1.41 9.17 11.92 12.16 12.14 12.24 12.43 12.28 12.47 12.25 12.05 12.01 12.41 12.4 12.37 12.25 12.27 12.34 12.2 12.34 12.21 100.0 67.33 1e-07 0.001 512
1.41 9.16 9.95 10.41 10.33 10.26 10.1 10.47 10.48 10.66 10.56 10.61 10.71 10.39 10.65 10.59 10.58 10.6 10.6 10.71 10.62 100.0 71.64 1e-07 0.001 256
