1.0 9.8 9.87 9.41 9.47 9.57 9.57 9.55 9.49 9.61 9.53 9.62 9.65 9.6 9.67 9.62 9.63 9.63 9.52 9.68 9.52 100.0 74.62 1e-05 0.1 1024
1.0 7.03 7.89 7.98 7.95 7.99 7.87 7.84 7.83 7.8 7.81 7.89 7.73 7.72 7.76 7.79 7.82 7.8 7.78 7.83 7.96 100.0 80.58 1e-05 0.1 256
1.0 18.7 23.57 23.28 20.98 20.84 20.77 20.81 20.39 20.52 20.43 20.52 20.67 20.37 20.64 20.6 20.45 20.66 20.58 20.61 20.43 100.0 62.45 1e-05 0.01 1024
1.0 7.3 7.46 7.13 6.85 7.12 7.3 7.12 7.1 7.12 7.03 7.03 6.91 6.99 7.03 6.89 6.89 6.79 6.92 6.95 6.93 100.0 81.04 1e-07 0.1 256
1.0 15.33 15.11 15.12 14.02 13.96 14.08 13.82 13.95 14.16 13.77 14.06 13.84 14.04 14.06 14.37 14.3 14.06 14.06 14.23 14.07 100.0 67.26 1e-06 0.01 512
1.0 15.49 17.32 14.44 14.21 14.36 14.22 14.26 14.49 14.57 14.28 14.16 14.47 14.46 14.33 14.37 14.43 14.55 14.37 14.37 14.35 100.0 68.63 1e-05 0.01 512
1.0 66.44 39.57 49.12 63.74 78.82 87.04 94.07 100.16 100.27 102.28 104.53 101.71 102.71 102.9 104.07 103.63 102.64 103.96 103.73 103.54 99.78 38.77 1e-05 0.001 1024
1.0 10.54 11.26 10.73 10.66 10.64 10.85 10.89 10.68 10.78 10.87 10.54 10.69 10.65 10.64 10.87 10.49 10.59 10.61 10.62 10.86 100.0 73.39 1e-05 0.01 256
1.0 10.58 11.32 10.97 11.46 11.22 10.77 11.27 10.91 11.24 10.87 10.88 10.64 11.08 11.02 10.75 10.87 10.9 10.82 10.8 10.79 100.0 73.48 1e-06 0.01 256
1.0 35.75 29.66 37.1 49.52 53.85 57.63 55.14 55.28 55.89 55.07 54.51 54.0 54.69 54.36 55.33 55.11 55.92 55.16 55.12 55.19 99.984 50.34 1e-05 0.001 512
1.0 9.82 10.31 9.88 9.65 9.53 9.63 9.66 9.62 9.63 9.5 9.65 9.46 9.54 9.67 9.47 9.53 9.47 9.43 9.56 9.44 100.0 74.16 1e-05 0.1 1024
1.0 10.8 11.6 11.11 10.41 10.6 10.52 10.61 10.64 10.59 10.55 10.77 10.61 10.62 10.78 10.83 10.76 10.81 10.78 11.06 10.64 100.0 72.64 1e-07 0.01 256
1.0 26.63 26.11 33.16 35.89 34.67 34.68 33.26 32.79 33.02 32.36 32.46 31.47 31.64 32.02 33.14 32.69 32.26 32.14 32.07 31.43 99.988 57.95 1e-06 0.001 256
1.0 36.29 32.06 38.35 50.42 54.31 58.24 60.29 58.48 56.66 56.07 57.03 56.44 56.62 55.98 56.73 56.45 56.17 55.58 57.27 56.71 99.994 50.38 1e-07 0.001 512
1.0 36.01 31.37 37.78 50.22 54.28 58.43 56.87 58.09 54.87 55.13 55.81 54.33 53.98 54.71 55.32 55.38 55.39 54.97 55.22 54.94 99.988 50.24 1e-06 0.001 512
1.0 26.1 25.23 35.26 34.01 36.06 33.62 33.09 33.23 32.21 32.55 31.58 32.67 32.38 33.41 32.42 32.62 32.14 32.57 32.38 32.41 99.994 58.75 1e-05 0.001 256
1.0 8.05 8.58 8.74 8.57 8.42 8.36 8.52 8.4 8.43 8.36 8.34 8.44 8.5 8.34 8.36 8.37 8.42 8.41 8.51 8.39 100.0 77.1 1e-06 0.1 512
1.0 8.12 8.48 8.84 8.77 8.78 8.73 8.72 8.6 8.86 8.62 8.95 8.72 8.88 8.86 8.85 8.78 8.82 8.82 8.91 8.85 100.0 75.95 1e-07 0.1 512
1.0 8.02 8.54 8.6 8.34 8.21 8.28 8.51 8.45 8.53 8.34 8.54 8.36 8.58 8.61 8.5 8.45 8.51 8.62 8.68 8.57 100.0 76.67 1e-05 0.1 512
1.0 26.09 26.74 32.03 33.27 34.62 31.78 32.09 30.35 30.34 30.33 31.32 31.69 31.94 31.56 31.71 30.65 31.27 31.16 31.68 30.98 99.992 57.91 1e-07 0.001 256
1.0 19.87 23.19 23.06 20.03 20.24 20.46 20.42 20.49 20.68 20.38 20.84 20.57 20.55 20.69 20.83 20.59 20.75 20.62 20.67 20.78 100.0 64.39 1e-05 0.01 1024
1.0 7.69 7.96 8.01 8.01 7.91 8.11 8.04 8.13 8.1 8.17 8.0 8.11 8.04 8.15 8.1 8.1 8.03 8.01 8.04 8.09 100.0 80.92 1e-07 0.1 256
1.0 13.96 16.18 16.12 15.1 15.11 15.11 15.09 15.13 15.15 15.09 15.33 15.36 15.43 14.95 15.03 15.15 15.02 15.19 15.4 15.17 100.0 69.22 1e-07 0.01 512
1.0 7.34 7.5 7.61 7.47 7.51 7.48 7.59 7.34 7.52 7.62 7.49 7.48 7.56 7.5 7.53 7.59 7.43 7.59 7.42 7.47 100.0 81.91 1e-05 0.1 256
1.0 7.55 7.14 7.34 7.68 7.44 7.58 7.51 7.47 7.72 7.73 7.58 7.62 7.4 7.64 7.61 7.57 7.52 7.53 7.77 7.8 100.0 80.97 1e-06 0.1 256
1.0 12.42 12.77 11.08 12.22 11.93 11.54 11.78 11.58 11.71 11.75 11.74 11.6 11.89 11.69 11.81 11.62 11.66 11.66 11.54 11.8 100.0 73.17 1e-07 0.01 256
1.0 12.12 12.61 11.06 10.99 10.73 10.91 10.91 10.9 10.89 10.77 10.87 10.92 10.88 10.97 10.86 10.9 11.27 11.18 11.09 10.96 100.0 72.96 1e-06 0.01 256
1.0 12.04 12.27 11.96 11.19 11.05 11.26 11.25 11.14 11.4 11.46 11.32 11.55 11.5 11.21 11.59 11.48 11.34 11.46 11.41 11.59 100.0 73.18 1e-05 0.01 256
1.0 27.03 26.26 32.45 36.61 36.3 35.25 33.88 33.54 34.06 32.48 32.64 32.45 31.29 32.94 32.16 32.37 33.12 32.18 32.59 32.24 99.998 58.27 1e-07 0.001 256
1.0 36.25 31.4 39.4 54.33 54.26 56.67 57.68 55.41 55.22 55.89 55.45 54.86 54.79 55.53 55.54 55.24 55.23 55.7 56.18 55.16 99.978 50.23 1e-06 0.001 512
1.0 25.36 24.7 33.03 35.84 35.13 33.55 33.59 33.06 32.55 32.27 32.0 32.02 32.39 32.23 32.33 32.21 32.39 32.03 31.87 32.34 99.998 58.48 1e-06 0.001 256
1.0 36.16 32.71 42.98 52.1 58.72 62.55 59.77 58.95 59.78 58.66 58.89 58.11 58.5 58.83 58.05 58.49 57.97 58.31 57.72 59.13 99.986 49.34 1e-07 0.001 512
1.0 7.65 8.01 7.87 8.02 8.1 8.16 7.98 7.99 8.01 7.93 7.88 8.11 7.93 7.88 7.96 7.8 7.87 8.0 7.97 8.08 100.0 77.4 1e-05 0.1 512
1.0 8.03 8.84 8.21 8.14 8.28 8.23 8.05 8.14 8.05 8.18 8.2 8.07 8.14 8.23 8.21 8.26 8.17 8.24 8.04 8.15 100.0 76.53 1e-07 0.1 512
1.0 8.04 8.97 8.44 8.7 8.56 8.51 8.54 8.57 8.4 8.55 8.55 8.53 8.52 8.42 8.64 8.38 8.51 8.41 8.39 8.51 100.0 77.59 1e-06 0.1 512
1.0 27.16 24.34 32.4 33.89 33.71 32.19 31.82 31.2 32.23 31.34 31.85 31.63 32.08 32.87 32.8 32.88 32.74 32.4 32.82 32.62 99.996 59.13 1e-05 0.001 256
1.0 18.09 22.44 20.49 19.46 19.38 19.26 18.95 19.05 19.15 18.93 19.11 19.06 19.02 19.18 19.39 19.25 19.29 19.31 19.38 19.17 100.0 64.72 1e-07 0.01 1024
1.0 7.33 7.62 7.55 7.57 7.46 7.57 7.37 7.32 7.35 7.42 7.27 7.39 7.46 7.33 7.58 7.55 7.36 7.49 7.3 7.41 100.0 81.95 1e-05 0.1 256
1.0 7.85 7.25 7.37 7.34 7.2 7.08 7.16 7.21 7.19 7.24 7.25 7.21 7.17 7.22 7.33 7.25 7.22 7.2 7.21 7.17 100.0 81.14 1e-07 0.1 256
1.0 10.82 10.76 10.11 10.7 10.45 10.85 10.88 10.83 10.71 10.73 10.53 10.71 10.99 10.8 10.91 10.78 10.8 10.78 10.81 10.78 100.0 73.05 1e-06 0.01 256
1.0 7.41 7.56 7.49 7.79 7.9 7.71 7.72 7.81 7.68 7.83 7.64 7.43 7.58 7.64 7.68 7.59 7.48 7.7 7.59 7.66 100.0 80.51 1e-06 0.1 256
1.0 60.78 36.73 36.29 50.59 67.27 78.18 85.12 87.12 87.95 90.22 90.91 89.61 90.09 88.68 89.5 89.29 89.22 88.77 89.66 88.78 99.958 42.94 1e-06 0.001 1024
1.0 35.71 27.28 35.87 44.81 51.77 52.59 53.9 51.09 51.1 50.84 51.7 51.86 51.41 51.53 52.2 51.6 51.99 51.71 51.56 51.16 99.98 51.23 1e-06 0.001 512
1.0 10.68 10.94 10.79 10.5 10.43 10.62 10.69 10.61 10.78 10.84 10.7 10.81 10.8 10.69 10.8 10.97 10.86 10.98 11.02 10.92 100.0 72.44 1e-05 0.01 256
1.0 11.26 10.87 10.22 9.99 10.37 10.39 10.46 10.65 10.37 10.5 10.45 10.86 10.75 10.51 10.57 10.55 10.55 10.41 10.5 10.65 100.0 72.29 1e-07 0.01 256
1.0 23.67 23.76 30.09 31.99 31.25 31.83 29.36 30.08 30.34 29.97 29.63 30.47 30.57 31.4 30.85 30.22 30.11 29.89 29.75 30.72 99.998 59.08 1e-07 0.001 256
1.0 25.27 27.17 33.77 36.55 34.57 33.75 32.58 31.65 31.7 32.16 32.04 31.8 32.65 32.16 32.14 31.98 32.32 32.05 32.3 32.17 99.998 59.43 1e-06 0.001 256
1.0 24.83 28.22 34.63 36.81 34.02 33.27 31.6 31.35 31.0 31.9 31.81 31.37 31.68 32.25 32.0 31.85 31.7 31.68 31.03 31.68 99.996 58.04 1e-05 0.001 256
