1.0 6.33 7.58 7.01 6.98 7.75 7.68 7.31 7.15 7.68 7.55 7.52 7.56 7.56 7.64 7.81 7.71 7.69 7.68 7.73 7.71 99.998 83.3 1e-05 0.1 1024
1.0 6.55 9.69 7.17 9.29 8.47 8.66 8.7 8.67 8.7 9.3 9.42 9.1 9.03 9.14 9.15 9.08 9.02 9.17 9.08 9.2 99.998 82.48 1e-06 0.1 1024
1.0 8.23 6.7 7.78 6.71 7.69 7.47 7.51 7.27 7.69 7.53 7.76 7.67 7.72 7.7 7.54 7.56 7.56 7.61 7.62 7.51 100.0 82.84 1e-05 0.1 512
1.0 6.92 7.64 7.33 6.98 7.55 7.33 7.23 7.29 7.33 7.12 7.29 7.27 7.44 7.21 7.3 7.36 7.22 7.58 7.19 7.3 100.0 85.41 1e-07 0.1 256
1.0 7.64 7.99 7.6 8.0 8.34 8.16 8.07 7.72 8.01 7.7 7.91 7.94 7.99 8.1 8.1 8.08 8.09 8.06 8.24 8.15 100.0 82.49 1e-07 0.1 512
1.0 6.64 6.26 6.65 6.72 6.68 6.66 6.66 6.61 6.69 6.64 6.61 6.72 6.58 6.68 6.61 6.78 6.7 6.61 6.69 6.66 100.0 81.88 1e-05 0.01 1024
1.0 6.06 6.12 6.02 5.89 5.93 5.79 5.85 5.9 6.03 5.92 5.97 5.83 5.96 5.89 5.84 5.87 5.85 5.9 6.03 5.86 100.0 85.38 1e-07 0.01 512
1.0 6.28 6.42 6.49 6.43 6.47 6.45 6.46 6.48 6.46 6.46 6.45 6.47 6.5 6.48 6.45 6.47 6.49 6.5 6.44 6.47 100.0 82.24 1e-06 0.01 1024
1.0 6.53 7.15 7.28 7.71 7.6 7.82 7.6 7.7 7.44 7.67 7.51 7.59 7.43 7.5 7.57 7.67 7.29 7.47 7.55 7.52 99.998 85.72 1e-05 0.1 256
1.0 7.09 6.43 6.32 6.35 6.25 6.34 6.32 6.31 6.35 6.25 6.27 6.36 6.32 6.37 6.27 6.32 6.27 6.31 6.3 6.31 100.0 81.71 1e-07 0.01 1024
1.0 6.05 6.21 6.21 6.01 5.98 5.9 5.93 5.96 6.04 5.92 5.93 6.0 6.01 5.87 5.92 5.86 5.97 6.0 5.91 6.01 100.0 84.97 1e-06 0.01 512
1.0 18.18 18.28 18.36 18.62 18.51 18.7 18.66 18.89 18.86 18.88 18.91 19.06 18.96 18.81 18.96 18.82 18.99 18.94 19.02 18.63 100.0 66.6 1e-06 0.001 1024
1.0 6.07 6.01 6.13 5.93 5.94 5.89 5.91 5.8 6.02 5.89 5.84 5.91 5.85 5.97 5.88 6.0 6.02 6.02 6.03 6.04 100.0 86.54 1e-06 0.01 256
1.0 5.92 5.88 5.9 6.02 6.08 6.05 6.08 6.05 6.04 6.06 6.08 6.17 6.04 6.06 5.99 6.07 6.07 6.07 6.04 6.09 100.0 84.51 1e-05 0.01 512
1.0 18.26 18.01 17.96 18.11 18.36 18.2 18.31 18.08 18.11 18.29 18.42 18.21 18.27 18.32 18.34 18.27 17.98 18.3 18.56 18.4 100.0 65.73 1e-05 0.001 1024
1.0 17.53 17.74 17.68 17.43 17.46 17.27 17.53 17.29 17.42 17.56 17.53 17.59 17.71 17.56 17.42 17.77 17.4 17.68 17.51 17.58 100.0 65.76 1e-07 0.001 1024
1.0 11.15 11.19 11.25 11.35 11.41 11.36 11.22 11.47 11.38 11.41 11.46 11.41 11.42 11.58 11.36 11.47 11.7 11.3 11.54 11.57 100.0 73.38 1e-05 0.001 512
1.0 5.57 5.71 5.59 5.7 5.75 5.78 5.75 5.93 5.68 5.78 5.68 5.77 5.86 5.78 5.8 5.79 5.79 5.83 5.73 5.84 100.0 86.37 1e-07 0.01 256
1.0 11.77 12.07 12.03 11.86 11.87 11.81 11.79 11.9 11.88 11.92 11.89 11.92 11.7 11.9 11.8 11.82 11.82 11.87 11.74 11.82 100.0 72.73 1e-07 0.001 512
1.0 11.54 11.02 11.12 11.21 11.06 11.16 11.04 11.21 10.98 11.1 11.17 11.17 11.12 11.23 11.17 11.21 11.13 11.04 11.17 10.93 100.0 73.35 1e-06 0.001 512
1.0 6.06 5.74 5.71 5.76 5.87 5.95 5.82 5.84 5.97 5.83 5.84 5.89 5.79 5.75 5.92 5.92 5.87 5.82 5.8 5.86 100.0 86.24 1e-05 0.01 256
1.0 6.46 7.17 6.52 7.22 7.4 7.41 7.37 6.9 7.66 7.63 7.74 7.69 7.78 7.76 7.72 7.77 7.79 7.66 7.78 7.73 100.0 82.96 1e-06 0.1 1024
1.0 7.79 7.86 8.03 8.01 8.1 8.01 8.18 8.05 8.05 8.01 7.97 8.14 7.94 8.02 8.1 8.13 8.0 8.11 8.15 8.1 100.0 78.76 1e-05 0.001 256
1.0 7.8 7.01 6.76 7.27 7.36 6.65 7.42 6.79 7.07 7.11 7.19 7.39 7.36 7.27 7.17 7.28 7.35 7.23 7.31 7.27 100.0 82.74 1e-05 0.1 1024
1.0 8.0 7.53 7.54 7.58 7.65 7.68 7.77 7.77 7.68 7.54 7.71 7.76 7.74 7.56 7.58 7.61 7.74 7.7 7.74 7.58 100.0 78.52 1e-06 0.001 256
1.0 5.04 7.22 6.7 7.54 7.86 8.08 8.43 8.3 7.95 8.34 8.94 9.17 8.97 9.07 8.85 8.87 8.91 8.84 8.92 8.92 99.998 82.65 1e-07 0.1 1024
1.0 7.1 7.14 6.52 7.52 7.43 7.29 7.54 6.95 7.54 7.6 7.67 7.54 7.63 7.73 7.69 7.69 7.55 7.67 7.57 7.51 100.0 85.36 1e-06 0.1 512
1.0 12.14 6.89 6.18 7.32 7.13 7.31 7.19 7.41 7.79 8.48 8.43 8.35 8.49 8.34 8.37 8.29 8.34 8.32 8.33 8.28 100.0 84.08 1e-05 0.1 512
1.0 6.92 6.51 6.57 6.38 6.46 6.6 6.6 6.62 6.5 6.62 6.61 6.56 6.6 6.51 6.6 6.65 6.5 6.51 6.6 6.52 100.0 81.91 1e-05 0.01 1024
1.0 6.47 6.45 6.57 6.57 6.52 6.64 6.54 6.56 6.49 6.5 6.5 6.5 6.58 6.58 6.54 6.64 6.63 6.57 6.61 6.62 100.0 81.76 1e-07 0.01 1024
1.0 8.1 7.68 7.71 7.59 7.43 7.66 7.39 7.67 7.59 7.68 7.47 7.51 7.63 7.53 7.45 7.46 7.49 7.52 7.47 7.52 100.0 77.84 1e-07 0.001 256
1.0 6.21 6.69 6.52 6.57 6.5 6.56 6.59 6.49 6.64 6.57 6.58 6.64 6.61 6.58 6.5 6.55 6.57 6.65 6.49 6.59 100.0 81.81 1e-06 0.01 1024
1.0 6.5 7.03 7.66 7.12 7.44 7.28 7.08 7.19 7.28 7.25 6.83 7.21 7.17 7.09 7.08 6.84 7.03 7.24 6.98 7.01 100.0 86.38 1e-05 0.1 256
1.0 6.36 5.78 5.79 5.93 5.92 5.93 5.98 5.95 6.04 5.99 6.01 5.94 5.89 5.95 5.95 5.95 5.9 6.02 5.89 5.93 100.0 85.02 1e-05 0.01 512
1.0 12.49 7.67 7.78 7.13 7.13 7.43 7.25 7.25 7.2 7.29 7.38 7.39 7.35 7.35 7.36 7.36 7.4 7.45 7.54 7.36 99.998 85.03 1e-07 0.1 512
1.0 7.51 6.46 7.28 6.73 7.46 7.43 7.31 7.13 7.17 7.32 7.02 7.2 7.19 7.25 7.1 7.24 7.36 7.26 7.13 7.27 99.998 86.05 1e-06 0.1 256
1.0 6.09 5.6 5.68 5.74 5.79 5.76 5.72 5.69 5.69 5.67 5.7 5.69 5.73 5.65 5.71 5.64 5.59 5.68 5.69 5.65 100.0 84.49 1e-06 0.01 512
1.0 6.11 5.65 6.15 5.92 5.97 5.93 5.98 5.87 6.04 5.89 5.91 5.98 5.97 5.89 6.04 6.0 5.99 5.93 5.97 5.93 100.0 84.79 1e-07 0.01 512
1.0 6.35 7.74 8.03 8.05 8.51 8.35 7.43 8.12 7.73 8.06 8.08 8.06 8.06 8.04 7.97 7.79 7.76 7.92 7.74 7.9 100.0 86.39 1e-07 0.1 256
1.0 18.06 18.52 18.34 18.32 18.15 18.4 18.4 18.37 18.36 18.24 18.49 18.68 18.46 18.48 18.44 18.67 18.83 18.38 18.49 18.48 100.0 65.92 1e-05 0.001 1024
1.0 17.65 17.44 17.37 17.55 17.7 17.64 17.6 17.79 17.8 17.92 17.93 17.87 17.83 17.77 18.01 17.98 17.97 18.04 17.97 17.91 100.0 66.29 1e-07 0.001 1024
1.0 5.98 5.76 6.06 5.63 5.71 5.71 5.71 5.79 5.72 5.78 5.75 5.74 5.69 5.78 5.72 5.68 5.65 5.78 5.78 5.76 100.0 86.91 1e-06 0.01 256
1.0 5.66 5.81 5.45 5.64 5.66 5.53 5.55 5.65 5.61 5.59 5.56 5.53 5.62 5.52 5.55 5.65 5.62 5.58 5.46 5.62 100.0 87.01 1e-07 0.01 256
1.0 18.25 18.2 18.01 18.24 18.23 18.26 18.44 18.27 18.35 18.13 18.27 18.36 18.4 18.22 18.2 18.41 18.34 18.19 18.16 18.54 100.0 65.7 1e-06 0.001 1024
1.0 8.17 8.25 8.34 7.76 7.45 7.31 7.18 7.43 7.4 7.45 7.76 7.71 7.79 7.62 7.59 7.62 7.72 7.68 7.61 7.57 99.994 82.7 1e-05 0.1 1024
1.0 12.13 12.11 12.03 11.79 11.7 11.59 11.94 11.87 11.81 11.78 11.87 12.08 11.85 11.75 11.57 11.92 11.82 11.77 12.07 11.83 100.0 72.92 1e-05 0.001 512
1.0 5.93 5.8 5.43 5.58 5.6 5.48 5.6 5.65 5.52 5.49 5.58 5.49 5.59 5.49 5.59 5.5 5.53 5.47 5.59 5.51 100.0 86.64 1e-05 0.01 256
1.0 11.89 12.36 12.51 12.6 12.47 12.56 12.48 12.55 12.6 12.49 12.41 12.51 12.57 12.55 12.54 12.67 12.66 12.68 12.72 12.58 100.0 72.29 1e-06 0.001 512
1.0 12.33 11.87 11.97 11.82 11.84 11.76 11.9 11.9 11.83 11.91 12.03 11.86 12.05 11.96 11.78 12.13 11.84 12.07 11.98 12.01 100.0 73.12 1e-07 0.001 512
1.0 7.05 6.96 6.51 6.88 7.51 7.11 8.16 7.56 7.32 7.43 7.54 7.44 7.45 7.39 7.41 7.27 7.39 7.4 7.46 7.46 99.998 82.2 1e-07 0.1 1024
1.0 1.62 5.46 7.71 7.3 8.0 7.61 7.48 7.54 8.06 7.84 7.93 8.2 8.37 8.36 8.37 8.34 8.39 8.44 8.32 8.4 100.0 83.62 1e-06 0.1 1024
1.0 9.46 6.86 6.43 6.71 7.55 7.22 7.54 7.56 7.89 7.41 7.54 7.64 7.64 7.46 7.67 7.61 7.34 7.55 7.48 7.51 100.0 84.03 1e-05 0.1 512
1.0 8.45 7.99 8.31 8.16 8.26 8.33 8.42 8.21 8.2 8.3 8.29 8.27 8.38 8.39 8.38 8.27 8.47 8.4 8.5 8.55 100.0 78.2 1e-05 0.001 256
1.0 7.57 7.97 7.83 7.8 7.93 7.95 7.91 7.77 7.71 7.94 7.84 7.93 7.82 7.84 7.78 8.0 7.85 7.94 7.69 7.88 100.0 78.37 1e-06 0.001 256
1.0 7.74 8.13 8.15 8.21 8.22 8.36 8.4 8.31 8.43 8.41 8.29 8.48 8.21 8.38 8.36 8.03 8.41 8.42 8.14 8.28 100.0 77.66 1e-07 0.001 256
1.0 6.18 6.39 6.84 7.32 7.37 7.44 7.63 7.64 7.52 7.53 7.55 7.59 7.53 7.77 7.74 7.65 7.78 7.58 7.48 7.54 100.0 85.09 1e-06 0.1 512
1.0 6.48 6.31 6.48 6.47 6.65 6.52 6.45 6.53 6.51 6.55 6.5 6.5 6.54 6.41 6.49 6.46 6.49 6.45 6.46 6.47 100.0 82.44 1e-05 0.01 1024
1.0 7.01 7.58 7.82 8.34 8.37 8.66 8.74 8.27 8.49 8.76 8.6 8.66 8.71 8.52 8.83 8.59 8.75 8.55 8.67 8.5 100.0 85.53 1e-05 0.1 256
1.0 5.83 5.79 5.96 5.97 6.13 5.96 6.04 6.06 6.11 5.94 6.1 5.93 6.09 6.04 5.99 6.02 6.01 6.0 6.0 6.07 100.0 85.26 1e-06 0.01 512
1.0 7.68 6.85 7.2 7.47 7.53 7.25 7.33 7.35 7.48 7.72 7.75 7.69 7.75 7.77 7.78 7.85 7.8 7.7 7.83 7.77 100.0 84.23 1e-07 0.1 512
1.0 6.68 6.14 6.49 6.44 6.33 6.44 6.28 6.42 6.39 6.33 6.38 6.36 6.34 6.35 6.35 6.37 6.33 6.36 6.31 6.29 100.0 82.06 1e-06 0.01 1024
1.0 9.03 6.82 7.71 7.48 7.46 7.76 7.24 7.04 7.09 7.17 7.12 7.23 7.16 7.28 7.19 7.2 7.22 7.25 7.16 7.25 100.0 86.52 1e-06 0.1 256
