0.6598 0.6560 2.85 1e-05 512 1e-05
0.9996 0.7788 2.99 0.0001 256 1e-05
1.0000 0.8261 2.92 0.001 512 1e-05
0.9960 0.7707 3.27 0.0001 512 1e-05
1.0000 0.8213 2.97 0.001 1024 1e-05
0.9999 0.8316 3.01 0.001 256 1e-05
0.9509 0.7528 3.19 0.0001 1024 1e-05
0.6244 0.6210 2.88 1e-05 1024 1e-05
0.7081 0.6894 2.91 1e-05 256 1e-05
0.9520 0.7536 3.19 0.0001 1024 1e-07
0.9521 0.7535 3.19 0.0001 1024 1e-06
0.7083 0.6893 2.9 1e-05 256 1e-06
1.0000 0.8126 3.13 0.001 1024 1e-06
0.7083 0.6891 2.9 1e-05 256 1e-07
1.0000 0.8095 3.13 0.001 1024 1e-07
1.0000 0.8197 2.96 0.001 512 1e-06
1.0000 0.8249 2.99 0.001 256 1e-07
0.9996 0.7793 3.02 0.0001 256 1e-06
1.0000 0.8266 3.11 0.001 256 1e-06
0.9965 0.7699 3.25 0.0001 512 1e-07
0.6244 0.6215 2.91 1e-05 1024 1e-06
0.6598 0.6559 2.83 1e-05 512 1e-06
0.6599 0.6562 2.84 1e-05 512 1e-07
0.9996 0.7766 3.0 0.0001 256 1e-07
0.9965 0.7693 3.25 0.0001 512 1e-06
0.9999 0.8218 2.9 0.001 512 1e-07
0.6243 0.6216 2.93 1e-05 1024 1e-07
0.7903 0.7267 2.9 5e-05 1024 1e-07
0.7902 0.7266 2.9 5e-05 1024 1e-06
0.8861 0.7515 3.13 5e-05 512 1e-07
0.7894 0.7273 2.9 5e-05 1024 1e-05
0.9766 0.7598 3.37 5e-05 256 1e-06
0.8859 0.7517 3.13 5e-05 512 1e-06
0.8853 0.7518 3.11 5e-05 512 1e-05
0.9759 0.7599 3.26 5e-05 256 1e-05
1.0000 0.8151 2.87 0.001 1024 1e-05
0.9765 0.7595 3.39 5e-05 256 1e-07
1.0000 0.8152 2.97 0.001 1024 1e-06
1.0000 0.8072 3.05 0.001 1024 1e-07
1.0000 0.8259 2.94 0.001 512 1e-05
0.9999 0.8203 2.96 0.001 512 1e-07
1.0000 0.8224 2.85 0.001 512 1e-06
0.9999 0.8317 2.95 0.001 256 1e-05
1.0000 0.8358 2.91 0.001 256 1e-06
1.0000 0.8290 2.87 0.001 256 1e-07
0.9582 0.7526 3.28 0.0001 1024 1e-06
0.9575 0.7540 3.24 0.0001 1024 1e-05
0.9583 0.7521 3.25 0.0001 1024 1e-07
0.9970 0.7599 3.14 0.0001 512 1e-06
0.9969 0.7602 3.12 0.0001 512 1e-07
0.9968 0.7647 3.2 0.0001 512 1e-05
0.9996 0.7702 3.14 0.0001 256 1e-05
0.9996 0.7722 3.07 0.0001 256 1e-06
0.9995 0.7693 3.2 0.0001 256 1e-07
0.8900 0.7494 3.18 5e-05 512 1e-05
0.7885 0.7296 2.96 5e-05 1024 1e-07
0.8910 0.7489 3.17 5e-05 512 1e-06
0.7886 0.7292 2.96 5e-05 1024 1e-06
0.7882 0.7307 2.98 5e-05 1024 1e-05
0.8911 0.7490 3.17 5e-05 512 1e-07
0.9804 0.7514 3.23 5e-05 256 1e-05
0.9807 0.7532 3.22 5e-05 256 1e-06
0.6234 0.6249 2.81 1e-05 1024 1e-06
0.9808 0.7528 3.22 5e-05 256 1e-07
0.6233 0.6246 2.81 1e-05 1024 1e-07
0.6616 0.6517 2.85 1e-05 512 1e-05
0.6235 0.6238 2.82 1e-05 1024 1e-05
0.6620 0.6520 2.88 1e-05 512 1e-06
0.6619 0.6517 2.88 1e-05 512 1e-07
0.7067 0.6888 2.82 1e-05 256 1e-05
0.7067 0.6891 2.82 1e-05 256 1e-07
1.0000 0.8204 3.11 0.001 1024 1e-05
0.7067 0.6889 2.82 1e-05 256 1e-06
1.0000 0.8199 3.09 0.001 1024 1e-06
1.0000 0.8124 3.2 0.001 1024 1e-07
0.9999 0.8302 2.99 0.001 512 1e-05
1.0000 0.8276 3.0 0.001 512 1e-06
1.0000 0.8275 3.11 0.001 512 1e-07
1.0000 0.8366 2.94 0.001 256 1e-05
0.9999 0.8269 2.94 0.001 256 1e-06
0.9999 0.8300 3.01 0.001 256 1e-07
0.9606 0.7536 3.13 0.0001 1024 1e-05
0.9617 0.7526 3.21 0.0001 1024 1e-07
0.9616 0.7521 3.16 0.0001 1024 1e-06
0.9970 0.7634 3.23 0.0001 512 1e-06
0.9968 0.7640 3.21 0.0001 512 1e-05
0.9970 0.7630 3.21 0.0001 512 1e-07
0.9997 0.7831 3.03 0.0001 256 1e-05
0.9998 0.7843 3.11 0.0001 256 1e-06
0.9996 0.7809 2.95 0.0001 256 1e-07
0.7996 0.7350 3.38 5e-05 1024 1e-05
0.8000 0.7350 3.33 5e-05 1024 1e-06
0.8002 0.7344 3.36 5e-05 1024 1e-07
0.8960 0.7536 3.26 5e-05 512 1e-05
0.8979 0.7532 3.32 5e-05 512 1e-06
0.8980 0.7530 3.3 5e-05 512 1e-07
0.9823 0.7543 3.15 5e-05 256 1e-05
0.9825 0.7539 3.22 5e-05 256 1e-06
0.6292 0.6309 3.18 1e-05 1024 1e-05
0.9824 0.7537 3.2 5e-05 256 1e-07
0.6290 0.6310 3.23 1e-05 1024 1e-06
0.6292 0.6313 3.23 1e-05 1024 1e-07
0.6667 0.6592 3.09 1e-05 512 1e-05
0.6671 0.6592 3.08 1e-05 512 1e-06
0.6671 0.6592 3.09 1e-05 512 1e-07
0.7176 0.6921 3.13 1e-05 256 1e-05
0.7175 0.6913 3.14 1e-05 256 1e-06
0.7174 0.6912 3.14 1e-05 256 1e-07
