3.36 51.322 60.33 0.0005 0.01 256
3.36 51.322 60.33 0.0005 0.01 256
3.36 51.322 60.33 0.0005 0.01 256
3.36 51.322 60.33 0.0005 0.01 256
3.36 51.322 60.33 0.0005 0.01 256
3.36 51.322 60.33 0.0005 0.01 256
3.36 51.322 60.33 0.0005 0.01 256
3.36 51.322 60.33 0.0005 0.01 256
3.23 51.322 60.33 0.0005 0.01 256
3.01 51.322 60.33 0.0005 0.01 256
3.36 51.322 60.33 0.0005 0.01 256
3.36 51.322 60.33 0.0005 0.01 256
3.01 51.322 60.33 0.0005 0.01 256
3.23 51.322 60.33 0.0005 0.01 256
3.21 51.322 60.33 0.0005 0.01 256
