1.0 2.85 2.8 3.19 3.06 2.78 2.83 2.9 2.97 3.0 2.86 2.75 2.78 2.82 2.86 2.85 2.89 2.86 2.84 2.9 2.87 99.996 82.9 1e-05 0.1 1024
1.0 3.0 2.88 2.92 3.01 2.98 3.18 2.96 3.05 3.1 2.93 2.87 2.9 2.95 2.97 2.97 2.94 3.02 2.98 2.99 3.0 100.0 80.72 1e-06 0.1 1024
1.0 3.13 2.74 2.92 3.1 3.01 3.18 3.3 3.09 3.02 3.22 3.15 3.19 3.25 3.17 3.24 3.22 3.22 3.25 3.24 3.24 100.0 80.6 1e-07 0.1 1024
1.0 2.89 2.94 2.91 2.98 3.04 3.01 2.96 3.0 2.87 3.04 3.05 3.15 3.01 3.1 2.98 3.0 3.05 2.98 3.03 3.06 99.98 82.98 1e-05 0.1 512
1.0 3.07 2.78 2.92 2.98 2.72 2.94 3.2 3.01 2.97 3.18 3.2 3.24 3.21 3.13 3.14 3.29 3.25 3.16 3.28 3.22 99.994 82.81 1e-06 0.1 512
1.0 2.87 3.1 2.78 2.99 3.03 3.0 2.99 3.06 2.84 3.28 3.16 3.22 3.15 3.07 3.15 3.12 3.1 3.13 3.15 3.11 99.998 82.62 1e-07 0.1 512
1.0 2.7 2.77 2.8 2.86 2.94 2.79 2.75 2.77 2.71 2.76 2.72 2.73 2.72 2.73 2.74 2.71 2.76 2.73 2.75 2.72 100.0 83.01 1e-05 0.01 1024
1.0 3.1 3.1 3.02 2.8 2.58 2.7 2.85 2.87 3.05 3.12 3.11 3.16 3.15 3.23 3.19 3.21 3.28 3.2 3.19 3.19 98.988 80.73 1e-06 0.1 256
1.0 2.86 2.91 2.79 1.0 1.0 1.0 1.0 1.78 1.72 1.02 2.86 2.96 3.03 1.14 2.76 3.01 3.09 2.98 3.21 2.99 80.522 73.09 1e-05 0.1 256
1.0 2.86 2.92 2.78 2.97 3.0 2.89 2.89 2.85 2.89 2.85 2.83 2.86 2.82 2.83 2.78 2.81 2.82 2.81 2.84 2.78 100.0 82.01 1e-06 0.01 1024
1.0 2.77 2.91 2.99 2.73 3.17 3.12 2.97 3.19 3.02 3.19 3.21 3.34 3.19 3.24 3.19 3.12 3.09 3.16 3.21 3.21 99.922 81.82 1e-07 0.1 256
1.0 2.88 2.95 2.97 2.82 2.82 2.8 2.8 2.82 2.76 2.8 2.81 2.78 2.81 2.78 2.76 2.8 2.79 2.79 2.8 2.74 100.0 82.62 1e-07 0.01 1024
1.0 2.86 2.83 3.09 2.93 2.77 2.84 2.87 2.86 2.85 2.71 2.79 2.74 2.76 2.85 2.77 2.85 2.79 2.8 2.8 2.84 100.0 85.0 1e-05 0.01 512
1.0 2.78 2.98 2.74 2.74 2.71 2.63 2.64 2.65 2.76 2.72 2.75 2.76 2.77 2.75 2.69 2.78 2.77 2.72 2.74 2.71 100.0 84.27 1e-06 0.01 512
1.0 3.36 3.35 3.23 3.11 3.34 3.34 3.35 3.35 3.34 3.28 3.3 3.37 3.31 3.31 3.32 3.32 3.34 3.33 3.32 3.36 100.0 70.11 1e-05 0.001 1024
1.0 2.7 2.99 2.94 2.88 2.87 2.91 2.82 2.8 2.79 2.85 2.71 2.81 2.79 2.84 2.87 2.87 2.84 2.86 2.82 2.89 100.0 85.47 1e-06 0.01 256
1.0 3.42 3.43 3.44 3.27 3.36 3.24 3.23 3.21 3.21 3.27 3.22 3.24 3.27 3.2 3.29 3.25 3.27 3.21 3.23 3.27 100.0 70.46 1e-06 0.001 1024
1.0 3.6 3.32 3.24 3.07 3.28 3.27 3.38 3.29 3.35 3.29 3.31 3.29 3.29 3.36 3.33 3.34 3.31 3.37 3.36 3.25 100.0 71.3 1e-07 0.001 1024
1.0 2.99 2.86 2.78 2.86 2.79 2.7 2.7 2.73 2.76 2.72 2.71 2.73 2.73 2.66 2.75 2.77 2.77 2.79 2.76 2.69 100.0 84.1 1e-07 0.01 512
1.0 2.96 3.17 2.87 2.94 2.99 3.03 3.03 2.99 2.91 2.99 2.99 2.93 3.01 2.98 2.95 2.95 2.99 2.95 2.99 2.96 100.0 76.1 1e-06 0.001 512
1.0 2.89 2.93 2.7 2.87 2.76 2.76 2.66 2.71 2.78 2.7 2.74 2.69 2.78 2.79 2.8 2.69 2.73 2.77 2.8 2.77 100.0 85.07 1e-07 0.01 256
1.0 2.99 2.94 3.05 2.99 2.73 2.87 2.86 2.86 2.86 2.78 2.84 2.83 2.83 2.83 2.84 2.86 2.84 2.88 2.89 2.83 100.0 76.57 1e-05 0.001 512
1.0 2.91 2.88 2.83 2.7 2.85 2.82 2.83 2.85 2.72 2.79 2.81 2.67 2.67 2.69 2.74 2.67 2.67 2.69 2.72 2.75 100.0 85.58 1e-05 0.01 256
1.0 2.92 3.15 2.98 3.1 3.05 3.02 3.07 3.08 3.03 3.03 3.02 3.02 3.01 2.99 3.02 3.01 2.99 3.07 2.99 3.06 100.0 75.79 1e-07 0.001 512
1.0 2.97 3.0 2.94 2.89 2.7 3.17 3.04 3.03 3.09 3.01 3.15 3.23 3.13 3.17 3.15 3.15 3.14 3.13 3.11 3.11 100.0 83.16 1e-05 0.1 1024
1.0 3.09 2.88 2.92 2.98 2.98 2.95 2.97 3.09 2.91 3.04 3.07 3.11 3.06 3.04 3.1 3.11 3.09 3.07 3.09 3.12 100.0 80.35 1e-06 0.1 1024
1.0 2.93 2.8 3.07 3.19 3.24 3.11 3.09 3.05 2.96 3.13 3.1 3.09 3.12 3.01 3.05 3.08 3.04 3.06 3.03 3.08 100.0 82.44 1e-07 0.1 1024
1.0 2.95 3.03 3.05 2.9 2.97 2.91 2.85 2.83 2.82 2.92 2.91 2.91 2.95 2.94 2.86 2.86 2.9 2.91 2.85 2.86 100.0 79.3 1e-07 0.001 256
1.0 2.75 2.85 3.02 2.94 2.96 2.88 2.9 2.99 2.93 2.85 2.85 2.86 2.9 2.81 2.85 2.79 2.85 2.86 2.86 2.84 100.0 79.36 1e-06 0.001 256
1.0 2.77 2.94 2.9 2.92 2.86 3.07 3.15 3.09 2.99 3.1 3.09 3.12 3.12 3.02 3.17 3.08 3.12 3.22 3.1 3.14 99.984 83.37 1e-06 0.1 512
1.0 2.83 2.85 2.65 2.88 2.99 2.9 2.97 3.35 2.93 3.22 3.22 3.22 3.28 3.27 3.26 3.28 3.36 3.26 3.26 3.25 99.806 81.26 1e-05 0.1 512
1.0 2.88 2.89 2.8 2.7 2.81 2.83 2.7 2.68 2.75 2.76 2.74 2.7 2.68 2.7 2.7 2.66 2.65 2.65 2.65 2.63 100.0 79.26 1e-05 0.001 256
1.0 2.99 2.86 3.03 2.81 2.9 2.82 2.79 2.79 2.8 2.8 2.8 2.83 2.76 2.8 2.8 2.79 2.78 2.8 2.8 2.79 100.0 83.02 1e-05 0.01 1024
1.0 2.95 2.87 2.97 2.94 2.78 2.78 2.73 2.74 2.78 2.75 2.74 2.73 2.71 2.75 2.74 2.73 2.72 2.74 2.72 2.74 100.0 82.14 1e-07 0.01 1024
1.0 2.83 3.06 2.47 2.55 1.0 3.22 3.15 3.06 3.13 3.26 3.15 3.26 3.32 3.16 3.21 3.23 3.24 3.36 3.33 3.28 88.744 79.88 1e-05 0.1 256
1.0 2.9 3.02 2.99 3.19 3.2 3.28 3.26 3.5 3.36 3.53 3.6 3.47 3.62 3.42 3.5 3.63 3.49 3.5 3.46 3.59 99.922 81.76 1e-07 0.1 256
1.0 3.0 2.89 3.06 3.07 2.92 3.25 3.18 3.29 3.34 3.52 3.44 3.54 3.47 3.57 3.6 3.56 3.63 3.55 3.6 3.61 98.92 80.3 1e-06 0.1 256
1.0 2.66 2.94 3.14 3.03 3.17 3.25 3.1 3.45 3.26 3.14 3.27 3.2 3.22 3.2 3.24 3.3 3.31 3.24 3.29 3.28 99.998 82.97 1e-07 0.1 512
1.0 2.92 3.02 2.88 3.03 2.9 2.95 2.9 2.89 2.9 3.06 2.91 3.01 2.97 2.93 2.99 2.97 2.96 2.97 2.91 2.9 99.998 83.98 1e-06 0.01 512
1.0 2.83 3.04 2.93 3.04 2.94 2.91 2.85 2.84 2.83 2.79 2.81 2.8 2.81 2.83 2.84 2.78 2.8 2.82 2.83 2.86 100.0 83.41 1e-07 0.01 512
1.0 2.91 2.82 3.09 2.82 2.89 2.77 2.76 2.72 2.79 2.67 2.71 2.7 2.74 2.68 2.73 2.76 2.71 2.68 2.75 2.75 100.0 83.18 1e-05 0.01 512
1.0 3.05 2.86 2.73 2.88 3.02 2.86 2.88 2.91 2.94 2.95 2.92 2.88 2.88 2.94 2.92 2.83 2.94 2.94 2.98 2.93 100.0 85.47 1e-05 0.01 256
1.0 3.18 3.17 2.95 3.03 3.02 2.87 2.88 2.92 2.94 2.86 2.9 2.89 2.92 2.93 2.93 2.89 2.92 2.91 2.93 2.87 100.0 76.35 1e-05 0.001 512
1.0 3.03 3.13 3.27 2.98 3.09 3.07 3.1 3.06 3.05 3.03 3.01 3.12 3.04 3.09 3.09 3.08 3.06 3.06 3.08 3.04 100.0 76.01 1e-06 0.001 512
1.0 2.93 2.84 3.07 3.14 2.98 2.82 2.87 2.93 2.86 2.81 2.9 2.89 2.88 2.91 2.87 2.81 2.91 2.92 2.86 2.92 99.996 85.08 1e-07 0.01 256
1.0 2.96 2.86 3.05 2.91 2.82 2.87 3.04 2.88 2.84 2.79 2.8 2.81 2.89 2.9 2.78 2.75 2.8 2.77 2.76 2.81 100.0 84.8 1e-06 0.01 256
1.0 3.13 3.11 2.87 3.04 3.07 2.95 2.89 2.93 2.89 2.93 2.97 2.94 3.03 2.94 2.89 2.89 2.89 2.87 2.89 2.88 100.0 79.67 1e-06 0.001 256
1.0 2.98 3.0 2.89 2.91 3.03 2.99 3.01 3.01 3.06 3.0 2.96 2.98 2.97 2.92 2.98 2.86 3.0 2.98 2.95 2.98 100.0 79.11 1e-07 0.001 256
1.0 2.97 2.85 2.94 2.95 2.83 2.87 2.88 3.02 2.93 2.97 2.93 2.94 2.89 2.88 2.89 2.92 2.88 2.86 2.87 2.89 99.996 83.14 1e-05 0.1 1024
1.0 2.93 3.06 2.83 3.02 2.94 3.06 2.98 3.06 3.15 2.99 3.01 3.03 2.97 3.04 3.02 3.02 3.05 3.03 3.02 3.03 100.0 80.87 1e-06 0.1 1024
1.0 2.86 3.08 3.03 2.95 2.91 2.88 3.0 3.08 2.98 2.89 3.03 3.01 2.99 3.01 3.02 2.97 2.99 2.99 2.96 2.95 100.0 78.93 1e-07 0.1 1024
1.0 2.87 2.9 2.81 3.01 2.92 2.85 2.88 3.1 3.08 3.08 3.09 3.13 3.18 3.12 3.08 3.15 3.11 3.12 3.11 3.16 99.974 81.26 1e-05 0.1 512
1.0 2.8 2.79 3.02 2.92 2.95 3.01 3.08 2.96 3.15 3.06 3.06 3.12 3.11 3.03 3.15 3.22 3.18 3.21 3.17 3.22 99.996 82.99 1e-06 0.1 512
1.0 2.82 3.05 2.9 3.08 3.07 2.97 3.07 3.07 3.15 3.02 3.11 3.09 3.07 3.05 3.04 3.11 3.12 3.15 3.1 3.03 99.998 82.94 1e-07 0.1 512
1.0 2.94 2.95 2.73 1.8 3.27 3.03 2.93 3.07 3.22 3.25 3.34 3.42 3.44 3.53 3.39 3.39 3.48 3.48 3.39 3.49 89.356 78.82 1e-05 0.1 256
1.0 2.92 2.85 2.94 3.0 2.93 3.02 3.04 3.13 3.2 3.36 3.27 3.2 3.42 3.26 3.36 3.31 3.37 3.31 3.5 3.4 99.402 81.11 1e-06 0.1 256
1.0 3.26 2.91 3.14 3.36 3.02 3.06 3.15 3.23 3.29 3.19 3.3 3.46 3.24 3.47 3.41 3.45 3.35 3.37 3.32 3.37 99.902 81.07 1e-07 0.1 256
1.0 2.92 3.01 2.78 2.82 2.95 2.84 2.88 2.81 2.84 2.82 2.82 2.83 2.76 2.75 2.78 2.78 2.8 2.78 2.77 2.76 100.0 82.57 1e-05 0.01 1024
1.0 2.94 3.01 2.86 2.9 2.72 2.78 2.83 2.78 2.79 2.75 2.72 2.77 2.76 2.74 2.79 2.7 2.76 2.76 2.75 2.74 100.0 83.05 1e-06 0.01 1024
1.0 3.02 2.93 3.0 2.92 2.87 2.99 2.96 2.93 2.97 2.95 2.93 2.98 2.97 2.95 2.97 2.96 2.95 2.94 2.95 2.93 100.0 81.52 1e-07 0.01 1024
1.0 2.75 2.85 2.75 2.86 2.79 2.74 2.69 2.64 2.71 2.65 2.73 2.65 2.65 2.63 2.6 2.63 2.61 2.62 2.65 2.63 100.0 84.41 1e-05 0.01 512
1.0 2.76 2.87 2.91 2.88 2.86 2.71 2.67 2.68 2.74 2.8 2.68 2.68 2.72 2.7 2.71 2.74 2.72 2.76 2.73 2.7 100.0 83.44 1e-06 0.01 512
1.0 2.86 2.87 2.96 2.73 3.0 2.84 2.85 2.8 2.86 2.79 2.75 2.86 2.82 2.81 2.76 2.78 2.8 2.8 2.77 2.78 100.0 83.34 1e-07 0.01 512
1.0 2.79 2.84 2.77 2.67 2.79 2.72 2.77 2.7 2.69 2.83 2.77 2.79 2.77 2.75 2.79 2.75 2.7 2.74 2.72 2.76 100.0 85.28 1e-05 0.01 256
1.0 2.79 2.69 2.87 2.92 2.93 2.86 2.84 2.84 2.74 2.94 2.94 2.88 2.94 2.92 2.94 2.9 2.89 2.88 2.9 2.97 99.998 85.34 1e-06 0.01 256
1.0 2.9 2.9 2.92 2.82 2.98 2.72 2.8 2.71 2.76 2.87 2.78 2.79 2.89 2.72 2.82 2.8 2.76 2.76 2.74 2.82 100.0 84.77 1e-07 0.01 256
1.0 3.61 3.27 3.35 3.3 3.31 3.39 3.38 3.42 3.4 3.44 3.44 3.45 3.44 3.46 3.36 3.41 3.34 3.4 3.39 3.42 100.0 68.9 1e-05 0.001 1024
1.0 3.21 3.46 3.17 3.18 3.1 3.11 3.14 3.1 3.06 3.05 3.03 3.06 3.06 3.06 3.03 3.06 3.09 3.08 3.08 3.06 100.0 69.54 1e-06 0.001 1024
1.0 3.48 3.22 3.23 3.31 3.21 3.31 3.25 3.28 3.25 3.22 3.25 3.19 3.2 3.24 3.26 3.27 3.25 3.28 3.26 3.22 100.0 69.18 1e-07 0.001 1024
1.0 3.27 3.12 3.07 2.93 2.99 3.05 3.03 2.98 3.05 2.91 2.88 2.88 2.92 2.97 2.95 2.95 2.98 2.94 2.95 2.98 100.0 73.78 1e-05 0.001 512
1.0 2.97 3.05 2.81 3.21 2.91 2.97 2.95 2.98 2.98 2.97 2.94 2.96 2.95 2.99 3.05 2.99 2.98 2.98 2.99 2.97 100.0 74.52 1e-06 0.001 512
1.0 3.32 3.05 2.98 3.26 3.13 3.05 3.07 3.08 3.08 3.13 3.1 3.08 3.07 3.05 3.08 3.0 3.07 3.05 3.1 3.01 100.0 74.05 1e-07 0.001 512
1.0 2.94 3.0 2.8 2.71 2.9 2.76 2.73 2.77 2.84 2.88 2.9 2.92 2.84 2.89 2.84 2.86 2.78 2.82 2.8 2.79 100.0 78.54 1e-05 0.001 256
1.0 2.87 3.03 2.92 2.92 3.05 3.01 2.99 3.0 2.86 2.92 2.88 2.92 2.89 2.91 2.92 2.96 2.93 2.94 2.93 2.94 100.0 78.04 1e-06 0.001 256
1.0 2.9 3.02 2.99 2.95 2.96 2.88 2.84 2.95 2.83 2.85 3.01 2.79 2.86 2.86 2.88 2.89 2.85 2.89 2.85 2.85 100.0 78.57 1e-07 0.001 256
1.0 2.97 2.85 2.94 2.95 2.83 2.87 2.88 3.02 2.93 2.97 2.93 2.94 2.89 2.88 2.89 2.92 2.88 2.86 2.87 2.89 99.996 83.14 1e-05 0.1 1024
1.0 2.93 3.06 2.83 3.02 2.94 3.06 2.98 3.06 3.15 2.99 3.01 3.03 2.97 3.04 3.02 3.02 3.05 3.03 3.02 3.03 100.0 80.87 1e-06 0.1 1024
1.0 2.86 3.08 3.03 2.95 2.91 2.88 3.0 3.08 2.98 2.89 3.03 3.01 2.99 3.01 3.02 2.97 2.99 2.99 2.96 2.95 100.0 78.93 1e-07 0.1 1024
1.0 2.87 2.9 2.81 3.01 2.92 2.85 2.88 3.1 3.08 3.08 3.09 3.13 3.18 3.12 3.08 3.15 3.11 3.12 3.11 3.16 99.974 81.26 1e-05 0.1 512
1.0 2.8 2.79 3.02 2.92 2.95 3.01 3.08 2.96 3.15 3.06 3.06 3.12 3.11 3.03 3.15 3.22 3.18 3.21 3.17 3.22 99.996 82.99 1e-06 0.1 512
1.0 2.82 3.05 2.9 3.08 3.07 2.97 3.07 3.07 3.15 3.02 3.11 3.09 3.07 3.05 3.04 3.11 3.12 3.15 3.1 3.03 99.998 82.94 1e-07 0.1 512
1.0 2.94 2.95 2.73 1.8 3.27 3.03 2.93 3.07 3.22 3.25 3.34 3.42 3.44 3.53 3.39 3.39 3.48 3.48 3.39 3.49 89.356 78.82 1e-05 0.1 256
1.0 2.92 2.85 2.94 3.0 2.93 3.02 3.04 3.13 3.2 3.36 3.27 3.2 3.42 3.26 3.36 3.31 3.37 3.31 3.5 3.4 99.402 81.11 1e-06 0.1 256
1.0 3.26 2.91 3.14 3.36 3.02 3.06 3.15 3.23 3.29 3.19 3.3 3.46 3.24 3.47 3.41 3.45 3.35 3.37 3.32 3.37 99.902 81.07 1e-07 0.1 256
1.0 2.92 3.01 2.78 2.82 2.95 2.84 2.88 2.81 2.84 2.82 2.82 2.83 2.76 2.75 2.78 2.78 2.8 2.78 2.77 2.76 100.0 82.57 1e-05 0.01 1024
1.0 2.94 3.01 2.86 2.9 2.72 2.78 2.83 2.78 2.79 2.75 2.72 2.77 2.76 2.74 2.79 2.7 2.76 2.76 2.75 2.74 100.0 83.05 1e-06 0.01 1024
1.0 3.02 2.93 3.0 2.92 2.87 2.99 2.96 2.93 2.97 2.95 2.93 2.98 2.97 2.95 2.97 2.96 2.95 2.94 2.95 2.93 100.0 81.52 1e-07 0.01 1024
1.0 2.75 2.85 2.75 2.86 2.79 2.74 2.69 2.64 2.71 2.65 2.73 2.65 2.65 2.63 2.6 2.63 2.61 2.62 2.65 2.63 100.0 84.41 1e-05 0.01 512
1.0 2.76 2.87 2.91 2.88 2.86 2.71 2.67 2.68 2.74 2.8 2.68 2.68 2.72 2.7 2.71 2.74 2.72 2.76 2.73 2.7 100.0 83.44 1e-06 0.01 512
1.0 2.86 2.87 2.96 2.73 3.0 2.84 2.85 2.8 2.86 2.79 2.75 2.86 2.82 2.81 2.76 2.78 2.8 2.8 2.77 2.78 100.0 83.34 1e-07 0.01 512
1.0 2.79 2.84 2.77 2.67 2.79 2.72 2.77 2.7 2.69 2.83 2.77 2.79 2.77 2.75 2.79 2.75 2.7 2.74 2.72 2.76 100.0 85.28 1e-05 0.01 256
1.0 2.79 2.69 2.87 2.92 2.93 2.86 2.84 2.84 2.74 2.94 2.94 2.88 2.94 2.92 2.94 2.9 2.89 2.88 2.9 2.97 99.998 85.34 1e-06 0.01 256
1.0 2.9 2.9 2.92 2.82 2.98 2.72 2.8 2.71 2.76 2.87 2.78 2.79 2.89 2.72 2.82 2.8 2.76 2.76 2.74 2.82 100.0 84.77 1e-07 0.01 256
1.0 3.61 3.27 3.35 3.3 3.31 3.39 3.38 3.42 3.4 3.44 3.44 3.45 3.44 3.46 3.36 3.41 3.34 3.4 3.39 3.42 100.0 68.9 1e-05 0.001 1024
1.0 3.21 3.46 3.17 3.18 3.1 3.11 3.14 3.1 3.06 3.05 3.03 3.06 3.06 3.06 3.03 3.06 3.09 3.08 3.08 3.06 100.0 69.54 1e-06 0.001 1024
1.0 3.48 3.22 3.23 3.31 3.21 3.31 3.25 3.28 3.25 3.22 3.25 3.19 3.2 3.24 3.26 3.27 3.25 3.28 3.26 3.22 100.0 69.18 1e-07 0.001 1024
1.0 3.27 3.12 3.07 2.93 2.99 3.05 3.03 2.98 3.05 2.91 2.88 2.88 2.92 2.97 2.95 2.95 2.98 2.94 2.95 2.98 100.0 73.78 1e-05 0.001 512
1.0 2.97 3.05 2.81 3.21 2.91 2.97 2.95 2.98 2.98 2.97 2.94 2.96 2.95 2.99 3.05 2.99 2.98 2.98 2.99 2.97 100.0 74.52 1e-06 0.001 512
1.0 3.32 3.05 2.98 3.26 3.13 3.05 3.07 3.08 3.08 3.13 3.1 3.08 3.07 3.05 3.08 3.0 3.07 3.05 3.1 3.01 100.0 74.05 1e-07 0.001 512
1.0 2.94 3.0 2.8 2.71 2.9 2.76 2.73 2.77 2.84 2.88 2.9 2.92 2.84 2.89 2.84 2.86 2.78 2.82 2.8 2.79 100.0 78.54 1e-05 0.001 256
1.0 2.87 3.03 2.92 2.92 3.05 3.01 2.99 3.0 2.86 2.92 2.88 2.92 2.89 2.91 2.92 2.96 2.93 2.94 2.93 2.94 100.0 78.04 1e-06 0.001 256
1.0 2.9 3.02 2.99 2.95 2.96 2.88 2.84 2.95 2.83 2.85 3.01 2.79 2.86 2.86 2.88 2.89 2.85 2.89 2.85 2.85 100.0 78.57 1e-07 0.001 256
