1.0 3.29 2.98 2.94 3.22 2.99 3.13 3.3 3.11 2.88 3.16 2.9 2.93 2.94 2.95 2.92 3.0 2.91 2.92 2.92 2.93 99.982 83.82 1e-05 0.1 1024
1.0 3.49 3.31 3.25 2.84 3.2 3.13 3.17 3.16 3.24 3.07 3.12 3.02 3.07 3.1 3.06 3.03 3.06 3.07 3.06 3.07 100.0 81.32 1e-06 0.1 1024
1.0 3.23 3.26 3.16 3.34 3.27 3.13 3.1 3.24 3.11 3.1 3.19 3.12 3.13 3.24 3.22 3.16 3.18 3.15 3.22 3.17 100.0 80.13 1e-07 0.1 1024
1.0 3.27 3.05 2.78 3.25 3.07 3.01 2.99 3.1 2.97 3.26 3.24 3.23 3.13 3.19 3.18 3.13 3.18 3.21 3.27 3.29 99.982 84.09 1e-05 0.1 512
1.0 3.2 3.08 3.17 3.19 2.76 3.29 3.06 3.21 3.15 3.04 3.09 3.11 3.13 3.1 3.08 3.12 3.09 3.13 3.11 3.06 99.996 83.87 1e-06 0.1 512
1.0 3.41 3.15 3.67 3.29 3.49 3.23 3.31 3.24 3.26 3.05 3.34 3.23 3.26 3.17 3.17 3.16 3.23 3.16 3.18 3.2 99.998 81.47 1e-07 0.1 512
1.0 3.09 3.02 2.96 3.08 2.87 3.21 3.29 3.34 3.21 3.16 3.44 3.41 3.5 3.37 3.56 3.62 3.57 3.47 3.52 3.54 99.774 81.54 1e-05 0.1 256
1.0 3.02 2.89 3.18 3.02 3.05 3.11 3.43 3.33 3.01 3.31 3.21 3.26 3.24 3.21 2.99 3.03 3.03 3.09 3.19 3.21 99.992 84.63 1e-06 0.1 256
1.0 3.01 3.15 3.24 3.36 3.35 3.32 3.43 3.36 3.34 3.29 3.25 3.34 3.44 3.32 3.28 3.36 3.24 3.33 3.35 3.36 100.0 83.16 1e-07 0.1 256
1.0 3.25 3.28 3.34 3.18 3.31 3.32 3.29 3.27 3.28 3.24 3.25 3.27 3.25 3.2 3.19 3.19 3.2 3.27 3.26 3.25 100.0 79.85 1e-05 0.01 1024
1.0 3.48 3.49 3.21 3.28 3.18 3.4 3.34 3.36 3.31 3.33 3.29 3.3 3.3 3.32 3.38 3.36 3.38 3.34 3.29 3.42 100.0 80.0 1e-06 0.01 1024
1.0 3.16 3.63 3.35 3.38 3.52 3.64 3.65 3.59 3.55 3.49 3.54 3.56 3.54 3.48 3.56 3.53 3.51 3.49 3.49 3.53 100.0 80.1 1e-07 0.01 1024
1.0 3.08 3.11 3.01 3.15 3.24 2.93 2.88 2.83 2.92 3.04 3.04 3.02 3.06 3.05 2.99 2.99 3.01 3.08 3.06 3.08 100.0 82.32 1e-06 0.01 512
1.0 3.04 3.14 3.02 3.07 3.15 3.13 3.18 2.91 2.84 3.15 3.14 3.11 3.05 3.13 3.08 3.12 3.08 3.13 3.14 3.13 100.0 82.93 1e-05 0.01 512
1.0 3.15 3.24 3.05 3.0 2.9 2.75 2.78 2.76 2.8 2.93 3.07 3.01 2.91 2.86 2.88 3.0 2.91 2.94 3.01 2.98 100.0 82.08 1e-07 0.01 512
1.0 2.89 3.16 3.18 3.03 2.98 2.77 2.85 2.96 2.98 2.96 2.93 2.88 2.93 2.88 2.88 2.92 2.9 2.83 2.92 2.93 99.998 84.26 1e-05 0.01 256
1.0 3.02 3.08 3.12 3.13 3.08 2.95 2.97 3.03 3.0 2.95 2.88 2.91 2.94 2.99 2.98 2.96 3.02 2.96 2.97 2.94 99.998 83.07 1e-06 0.01 256
1.0 3.12 3.26 2.89 2.92 3.12 3.11 3.01 2.94 3.09 2.86 2.85 2.83 2.86 2.92 2.85 2.82 2.86 2.83 2.83 2.86 100.0 83.33 1e-07 0.01 256
1.0 10.05 9.26 7.92 7.51 7.01 7.24 7.33 7.29 7.28 7.5 7.28 7.22 7.16 7.27 7.38 7.29 7.24 7.14 7.31 7.4 100.0 61.88 1e-05 0.001 1024
1.0 9.35 8.48 7.66 7.38 7.16 6.97 6.93 7.07 7.03 7.38 7.07 7.02 7.1 7.29 7.16 7.35 7.23 7.0 7.11 7.07 100.0 62.23 1e-06 0.001 1024
1.0 9.14 9.09 8.55 7.69 7.61 7.36 7.42 7.3 7.41 7.46 7.49 7.59 7.42 7.48 7.51 7.59 7.64 7.58 7.53 7.58 100.0 62.23 1e-07 0.001 1024
1.0 6.56 5.67 5.26 5.12 4.82 4.65 4.66 4.59 4.72 4.6 4.58 4.56 4.6 4.54 4.55 4.61 4.62 4.6 4.52 4.48 100.0 68.46 1e-05 0.001 512
1.0 6.71 6.42 5.96 5.35 4.77 4.96 4.79 4.92 4.95 4.76 4.86 4.94 5.03 4.83 4.73 4.85 4.72 5.01 4.71 4.72 100.0 69.02 1e-06 0.001 512
1.0 6.73 6.16 5.3 5.31 4.77 4.81 4.94 4.87 5.05 4.77 4.95 4.67 4.68 4.71 4.83 4.73 4.87 4.8 4.85 4.71 100.0 68.94 1e-07 0.001 512
1.0 4.59 4.37 4.18 3.82 3.89 3.81 3.96 3.75 3.82 3.9 3.94 4.01 3.72 4.03 4.04 3.98 3.84 4.01 4.1 3.96 100.0 74.1 1e-05 0.001 256
1.0 4.85 4.19 4.29 4.26 3.93 4.1 3.95 3.95 4.1 4.1 4.08 4.07 4.31 4.02 4.23 4.23 4.06 4.29 4.19 4.14 100.0 73.84 1e-06 0.001 256
1.0 3.27 3.19 3.19 3.47 3.25 3.27 3.19 3.21 3.19 3.25 3.25 3.16 3.22 3.21 3.12 3.2 3.27 3.24 3.21 3.24 99.99 81.87 1e-06 0.1 1024
1.0 3.77 3.21 3.55 3.6 3.48 3.21 3.27 3.26 3.3 3.23 3.31 3.27 3.37 3.31 3.31 3.29 3.35 3.38 3.33 3.26 100.0 78.7 1e-07 0.1 1024
1.0 3.48 3.09 3.12 3.23 2.86 3.42 3.21 3.37 3.41 3.2 3.06 3.1 3.08 3.29 3.2 3.29 3.27 3.3 3.25 3.22 99.988 82.49 1e-05 0.1 1024
1.0 4.58 4.24 4.27 4.09 3.79 3.87 4.01 3.75 4.07 4.16 4.35 4.04 4.15 3.98 3.81 3.99 4.16 3.87 4.01 4.03 99.998 73.68 1e-07 0.001 256
1.0 3.39 3.36 3.0 3.88 3.12 3.29 3.28 3.53 3.31 3.3 3.27 3.33 3.31 3.31 3.19 3.13 3.13 3.13 3.08 3.2 100.0 82.85 1e-06 0.1 512
1.0 2.91 2.98 2.92 3.16 2.96 3.23 3.31 3.32 3.23 3.5 3.41 3.37 3.39 3.28 3.41 3.42 3.5 3.29 3.33 3.25 99.994 84.25 1e-05 0.1 512
1.0 3.03 3.23 3.28 3.47 3.23 3.17 3.29 3.15 3.16 3.29 3.23 3.3 3.19 3.25 3.17 3.19 3.15 3.18 3.2 3.19 100.0 81.83 1e-07 0.1 512
1.0 2.81 2.89 3.13 2.77 3.0 3.23 3.25 3.41 3.61 3.29 3.55 3.68 3.76 3.83 3.86 3.69 3.71 3.68 3.63 3.56 98.996 80.88 1e-05 0.1 256
1.0 3.34 3.35 3.18 3.1 3.22 3.23 3.34 3.32 3.25 3.31 3.36 3.28 3.39 3.45 3.38 3.4 3.36 3.36 3.41 3.34 100.0 80.21 1e-05 0.01 1024
1.0 3.2 3.05 3.19 3.14 2.99 3.39 3.31 3.25 3.43 3.23 3.27 3.25 3.24 3.4 3.46 3.3 3.29 3.38 3.31 3.43 99.998 83.82 1e-06 0.1 256
1.0 3.06 3.11 3.3 3.45 3.49 3.24 3.19 3.32 3.37 3.23 3.28 3.3 3.29 3.36 3.38 3.28 3.33 3.27 3.3 3.35 99.998 83.11 1e-07 0.1 256
1.0 3.74 3.97 3.61 3.63 3.59 3.62 3.67 3.56 3.66 3.69 3.66 3.52 3.62 3.7 3.77 3.64 3.63 3.69 3.56 3.59 100.0 76.84 1e-06 0.01 1024
1.0 3.55 3.39 3.34 3.29 3.14 3.21 3.16 3.15 3.12 3.1 3.19 3.09 3.16 3.14 3.1 3.1 3.14 3.16 3.13 3.09 100.0 79.4 1e-07 0.01 1024
1.0 3.19 3.12 3.31 3.09 3.22 3.12 3.09 3.17 3.07 3.07 3.05 3.09 3.11 3.07 2.98 3.02 3.04 3.1 3.06 3.1 100.0 81.78 1e-07 0.01 512
1.0 3.04 3.27 3.08 3.13 3.38 3.19 3.1 3.0 3.12 3.16 3.1 3.02 3.07 3.05 2.99 3.0 3.12 3.03 3.09 3.01 100.0 82.5 1e-05 0.01 512
1.0 3.17 3.02 3.09 3.37 3.19 3.06 3.08 3.05 3.0 3.07 2.96 2.95 2.89 2.98 2.94 2.94 2.96 3.0 3.02 2.99 100.0 81.54 1e-06 0.01 512
1.0 3.02 3.09 3.08 3.18 3.12 3.06 3.02 3.04 2.99 2.93 3.09 2.87 2.94 2.93 2.97 2.89 2.99 2.89 2.87 2.92 100.0 83.48 1e-06 0.01 256
1.0 3.12 2.9 3.11 3.07 3.12 3.03 3.09 2.94 2.9 3.13 3.0 3.1 2.98 3.09 2.94 2.95 2.98 2.95 3.01 2.95 100.0 84.19 1e-05 0.01 256
1.0 3.03 3.22 3.18 3.07 2.98 2.94 3.02 3.07 2.99 3.03 3.09 3.07 2.91 2.94 2.88 2.9 2.99 2.97 2.94 2.93 100.0 83.51 1e-07 0.01 256
1.0 10.14 9.86 8.63 7.62 7.51 7.35 7.37 7.21 7.38 7.17 7.31 7.2 7.33 7.02 7.21 7.22 7.12 7.23 7.36 7.22 100.0 61.85 1e-07 0.001 1024
1.0 10.47 8.18 8.09 6.85 6.94 7.05 6.92 6.91 6.79 6.73 6.63 6.79 6.74 6.71 6.9 6.6 6.54 6.81 6.62 6.72 100.0 63.74 1e-05 0.001 1024
1.0 7.08 6.27 5.56 5.49 4.78 4.75 4.95 4.76 4.81 4.72 4.8 4.71 4.95 4.83 4.93 4.83 4.87 4.66 4.71 4.89 100.0 69.54 1e-05 0.001 512
1.0 10.43 9.14 8.49 8.44 7.24 7.27 7.29 7.21 7.29 7.2 6.98 7.17 7.11 7.36 7.42 7.05 7.29 7.16 7.42 7.31 100.0 62.18 1e-06 0.001 1024
1.0 6.92 6.04 5.57 5.34 4.82 4.9 4.95 5.05 5.1 4.98 4.95 4.87 5.1 4.94 5.03 4.99 4.95 4.8 4.98 5.0 100.0 68.24 1e-06 0.001 512
1.0 7.4 6.34 6.13 5.48 5.27 5.17 5.2 5.18 5.34 5.25 5.38 5.43 5.39 5.33 5.54 5.56 5.38 5.49 5.51 5.5 100.0 68.47 1e-07 0.001 512
1.0 5.02 4.33 4.64 4.13 3.53 3.88 4.11 4.1 4.11 3.93 4.06 4.01 3.99 3.97 3.99 3.99 4.07 4.25 4.12 3.92 100.0 74.02 1e-05 0.001 256
1.0 5.17 5.01 4.34 4.14 4.02 3.76 3.75 3.93 4.08 3.9 3.73 3.87 4.14 3.85 3.98 3.96 3.87 3.99 3.88 3.96 99.998 74.31 1e-06 0.001 256
1.0 5.37 4.36 4.16 4.12 4.06 3.91 4.04 3.81 3.81 3.89 4.08 3.8 3.89 3.95 3.95 3.86 3.84 4.07 4.02 3.95 100.0 73.87 1e-07 0.001 256
1.0 3.21 3.1 2.98 2.96 3.01 3.21 3.28 3.16 3.09 3.11 3.04 3.12 3.05 3.06 3.0 3.01 2.98 3.02 3.02 3.03 99.984 83.8 1e-05 0.1 1024
1.0 3.93 3.12 3.26 3.32 3.03 3.02 3.07 3.03 3.32 3.23 3.27 3.24 3.27 3.28 3.37 3.26 3.35 3.29 3.38 3.26 100.0 79.84 1e-06 0.1 1024
1.0 3.55 3.21 3.13 3.27 3.27 2.93 2.92 2.93 2.93 2.94 2.96 2.96 3.0 2.94 2.91 3.02 2.95 2.95 2.94 2.94 100.0 79.11 1e-07 0.1 1024
1.0 3.11 3.07 2.98 2.81 3.05 3.15 3.11 3.28 3.02 3.16 3.07 3.06 3.13 3.0 3.06 3.08 3.14 3.13 3.09 3.09 99.99 84.27 1e-05 0.1 512
1.0 3.14 3.34 2.9 3.09 3.12 3.35 3.41 3.33 3.44 3.29 3.44 3.45 3.29 3.28 3.37 3.45 3.42 3.37 3.36 3.35 100.0 82.7 1e-06 0.1 512
1.0 3.02 2.97 3.18 3.21 3.14 3.03 3.08 2.89 3.06 3.06 3.13 3.13 3.17 3.08 3.07 3.15 3.11 3.08 3.15 3.1 99.998 82.05 1e-07 0.1 512
1.0 3.19 3.06 3.01 3.33 3.31 3.24 3.07 3.2 3.21 3.19 3.35 3.6 3.56 3.65 3.65 3.63 3.66 3.58 3.64 3.71 99.24 80.91 1e-05 0.1 256
1.0 1.33 2.93 3.05 3.12 3.15 2.96 2.89 2.99 2.95 2.98 3.23 2.93 2.97 2.93 3.01 3.01 3.02 2.98 3.01 2.96 99.996 83.99 1e-06 0.1 256
1.0 3.0 3.46 3.17 3.34 3.22 3.06 3.04 3.15 3.03 3.17 3.14 3.14 3.11 3.12 3.15 3.16 3.1 3.09 3.06 3.04 99.996 83.25 1e-07 0.1 256
1.0 3.62 3.46 3.17 3.39 3.12 3.03 3.09 3.15 3.19 3.15 3.1 3.13 3.11 3.04 3.04 3.03 3.1 3.01 3.03 3.07 100.0 79.71 1e-05 0.01 1024
1.0 3.19 3.36 3.38 3.26 2.91 3.13 3.05 3.07 3.07 3.09 3.05 3.06 3.1 3.0 3.05 2.98 3.06 3.07 3.03 3.05 100.0 79.98 1e-06 0.01 1024
1.0 3.35 3.24 3.16 3.38 2.97 2.97 3.03 3.04 3.03 3.02 3.13 3.0 3.09 3.06 3.08 3.03 3.09 3.04 3.1 3.08 100.0 80.35 1e-07 0.01 1024
1.0 2.84 3.21 2.99 3.12 3.28 3.11 3.15 3.05 3.14 3.08 3.02 3.05 3.06 3.15 2.93 3.0 3.05 3.01 2.96 2.96 100.0 83.54 1e-05 0.01 512
1.0 3.02 3.12 3.08 3.02 2.98 2.92 2.98 2.96 2.92 2.95 2.92 2.86 2.91 2.9 2.96 2.93 3.02 2.97 2.98 2.99 100.0 82.26 1e-06 0.01 512
1.0 3.03 3.23 3.15 3.03 3.07 3.22 3.16 3.31 3.24 3.21 3.29 3.23 3.28 3.26 3.27 3.26 3.28 3.24 3.31 3.25 100.0 82.55 1e-07 0.01 512
1.0 2.97 3.05 3.1 3.02 2.94 2.79 2.86 2.82 2.71 2.68 2.65 2.71 2.8 2.76 2.79 2.76 2.76 2.74 2.81 2.74 100.0 84.92 1e-05 0.01 256
1.0 2.85 3.09 3.01 2.97 3.07 2.92 3.0 3.02 3.06 2.95 2.89 2.87 2.84 2.92 2.84 2.86 2.88 2.86 2.84 2.81 100.0 83.75 1e-06 0.01 256
1.0 2.93 2.96 2.93 3.11 3.11 3.12 2.96 2.83 2.92 2.81 2.8 2.75 2.78 2.85 2.8 2.84 2.8 2.88 2.88 2.94 100.0 82.88 1e-07 0.01 256
1.0 8.92 8.7 7.09 7.46 7.08 6.99 6.85 7.04 6.74 6.79 6.7 6.82 6.78 6.65 6.85 6.82 6.69 6.73 6.82 6.79 100.0 62.47 1e-05 0.001 1024
1.0 9.24 8.16 7.4 7.22 6.28 7.03 6.98 6.91 6.65 6.89 6.74 6.83 6.82 6.83 6.83 6.82 6.72 6.73 6.89 6.89 100.0 62.89 1e-06 0.001 1024
1.0 8.8 8.34 7.13 6.93 6.75 6.83 6.55 6.87 6.67 6.55 6.9 6.79 6.62 6.69 6.72 6.47 6.82 6.58 6.66 6.6 100.0 63.45 1e-07 0.001 1024
1.0 7.2 5.8 4.95 4.81 4.56 4.76 4.53 4.89 4.83 4.69 4.89 4.74 4.89 4.88 4.94 4.82 4.76 4.94 4.74 4.75 100.0 70.24 1e-05 0.001 512
1.0 6.83 5.92 5.17 4.98 4.98 5.16 5.09 4.87 4.88 4.96 4.93 4.99 4.77 4.9 4.92 4.78 4.96 5.09 4.85 5.03 100.0 69.88 1e-06 0.001 512
1.0 6.45 5.78 5.24 4.93 4.79 4.61 4.76 4.69 4.61 4.43 4.68 4.6 4.78 4.75 4.57 4.5 4.56 4.82 4.74 4.76 100.0 70.39 1e-07 0.001 512
1.0 4.66 4.27 4.22 3.98 3.86 3.71 3.52 3.63 3.83 3.79 3.86 3.61 3.71 3.74 3.77 3.78 3.61 3.76 3.67 3.75 100.0 74.75 1e-05 0.001 256
1.0 4.72 3.99 3.71 4.07 3.54 3.42 3.35 3.58 3.66 3.63 3.53 3.64 3.39 3.53 3.69 3.59 3.64 3.58 3.61 3.47 100.0 75.26 1e-06 0.001 256
1.0 4.52 4.18 4.06 3.6 3.82 3.4 3.44 3.72 3.54 3.72 3.94 3.88 3.71 3.83 3.75 3.79 3.69 3.78 3.74 3.84 100.0 74.98 1e-07 0.001 256
