1.0 3.03 3.0 2.87 2.85 2.8 2.81 2.83 2.93 2.99 2.91 2.95 2.85 2.88 2.91 3.02 3.01 2.98 3.01 2.96 3.05 100.0 84.77 1e-05 0.1 1024
1.0 2.93 2.95 3.08 3.35 3.16 3.01 3.01 3.09 3.05 2.99 3.1 3.17 3.25 3.08 3.17 3.06 3.07 3.09 3.11 3.09 100.0 82.34 1e-06 0.1 1024
1.0 2.99 2.97 2.98 3.2 2.94 2.87 2.92 2.98 2.94 2.92 2.96 2.89 2.99 2.96 2.95 2.98 3.0 2.95 2.94 2.93 100.0 84.22 1e-07 0.1 1024
1.0 3.12 2.81 2.83 2.84 3.08 2.79 3.1 3.04 3.05 3.01 3.05 3.02 3.08 3.03 3.09 2.99 3.03 2.96 2.94 2.92 100.0 86.16 1e-05 0.1 512
1.0 3.16 2.94 2.91 3.21 3.0 3.03 2.95 2.91 2.91 2.8 2.8 2.77 2.67 2.75 2.82 2.79 2.77 2.82 2.87 2.83 100.0 84.8 1e-06 0.1 512
1.0 2.93 2.96 2.99 3.16 3.0 2.81 2.79 2.81 2.89 3.1 2.87 2.89 2.96 2.93 2.89 2.82 2.83 2.84 2.87 2.87 100.0 85.44 1e-07 0.1 512
1.0 2.8 2.9 2.68 2.81 2.96 2.94 2.92 2.94 2.95 2.98 2.9 2.83 2.84 2.84 2.78 2.88 2.83 2.78 2.82 2.83 100.0 85.98 1e-05 0.01 1024
1.0 3.03 2.97 2.84 2.97 2.88 2.82 2.77 2.8 2.78 2.8 2.74 2.8 2.79 2.76 2.72 2.78 2.82 2.74 2.71 2.77 100.0 86.23 1e-06 0.01 1024
1.0 2.94 2.95 2.78 2.71 2.97 2.79 2.76 2.78 2.79 2.83 2.75 2.76 2.78 2.79 2.77 2.77 2.78 2.78 2.78 2.79 100.0 85.95 1e-07 0.01 1024
1.0 3.06 3.1 2.99 2.89 2.61 2.91 2.97 3.07 3.02 2.94 3.16 3.05 3.05 3.39 3.32 3.2 3.27 3.2 3.17 3.19 99.124 81.4 1e-05 0.1 256
1.0 3.21 2.99 2.93 3.17 3.11 2.91 2.89 2.84 3.1 2.98 2.89 2.85 2.82 2.92 2.92 2.89 2.94 2.85 2.84 2.85 100.0 85.32 1e-06 0.1 256
1.0 2.88 2.93 3.0 2.75 2.69 2.77 2.72 2.76 2.75 2.71 2.76 2.65 2.71 2.6 2.59 2.59 2.66 2.67 2.7 2.69 100.0 87.63 1e-05 0.01 512
1.0 4.07 4.01 3.46 3.51 3.47 3.45 3.41 3.52 3.46 3.43 3.45 3.44 3.41 3.48 3.48 3.51 3.51 3.45 3.43 3.4 100.0 80.36 1e-07 0.001 1024
1.0 4.23 3.44 3.51 3.47 3.46 3.45 3.64 3.53 3.55 3.53 3.54 3.57 3.57 3.52 3.54 3.43 3.44 3.45 3.58 3.42 100.0 80.14 1e-05 0.001 1024
1.0 3.9 3.91 3.45 3.34 3.41 3.43 3.37 3.26 3.32 3.28 3.26 3.28 3.26 3.3 3.27 3.32 3.3 3.33 3.37 3.3 100.0 81.04 1e-06 0.001 1024
1.0 2.96 3.02 3.06 1.74 3.0 2.73 2.88 2.92 2.93 2.88 2.87 2.85 2.8 2.83 2.79 2.77 2.8 2.78 2.82 2.82 100.0 86.02 1e-07 0.1 256
1.0 2.9 2.95 2.81 2.96 2.96 2.74 2.73 2.77 2.77 2.79 2.87 2.81 2.81 2.92 2.87 2.83 2.81 2.79 2.78 2.76 100.0 86.97 1e-06 0.01 512
1.0 3.05 2.86 2.93 2.92 3.0 2.9 2.92 2.93 2.88 2.9 2.83 2.84 2.84 2.85 2.83 2.81 2.83 2.82 2.87 2.83 100.0 86.97 1e-07 0.01 512
1.0 2.79 2.93 2.93 2.89 2.9 2.72 2.69 2.7 2.67 2.67 2.63 2.62 2.63 2.78 2.74 2.72 2.75 2.69 2.8 2.74 100.0 88.13 1e-05 0.01 256
1.0 2.73 2.75 3.02 2.99 2.94 2.86 2.81 2.93 2.74 2.69 2.74 2.7 2.84 2.74 2.73 2.75 2.67 2.69 2.68 2.76 100.0 87.15 1e-06 0.01 256
1.01 2.98 3.12 3.39 3.41 3.49 3.51 3.44 3.39 3.36 3.4 3.43 3.41 3.47 3.41 3.45 3.41 3.37 3.37 3.43 3.4 100.0 77.01 1e-07 0.1 1024
1.0 2.61 2.94 2.65 2.69 2.77 2.74 2.67 2.65 2.71 2.7 2.64 2.71 2.63 2.64 2.75 2.66 2.72 2.71 2.71 2.74 100.0 88.02 1e-07 0.01 256
1.01 2.7 2.56 1.93 2.83 3.06 3.08 3.21 3.15 3.49 3.19 3.26 3.19 3.21 3.3 3.18 3.17 3.21 3.21 3.24 3.41 100.0 82.77 1e-05 0.1 1024
1.0 3.46 3.32 3.19 3.14 3.14 3.04 3.08 3.05 3.05 3.1 3.07 3.06 3.05 3.13 3.04 3.03 3.12 3.07 2.98 3.04 100.0 84.16 1e-07 0.001 512
1.0 3.28 3.38 3.27 3.15 2.95 2.94 2.91 2.93 2.91 2.98 2.93 2.97 2.98 2.98 2.94 2.98 3.03 2.99 2.98 3.02 100.0 84.59 1e-06 0.001 512
1.01 2.97 2.87 2.83 2.94 2.95 2.99 3.07 3.44 3.34 3.43 3.25 3.43 3.26 3.36 3.36 3.42 3.31 3.33 3.25 3.28 100.0 83.45 1e-05 0.1 512
1.0 3.26 3.23 2.87 3.1 3.09 2.86 2.82 2.82 2.85 2.88 2.92 2.84 2.86 2.83 2.84 2.84 2.86 2.91 2.82 2.86 100.0 84.36 1e-05 0.001 512
1.01 3.31 3.16 3.17 3.25 3.18 3.13 3.13 3.09 3.16 3.36 3.33 3.35 3.32 3.28 3.29 3.38 3.24 3.34 3.31 3.32 100.0 82.94 1e-06 0.1 1024
1.01 3.0 2.97 3.08 2.91 3.27 2.88 3.05 2.95 2.97 3.07 3.04 3.08 2.99 2.98 3.05 3.02 2.98 2.99 2.92 2.94 100.0 84.86 1e-07 0.1 512
1.0 2.85 2.84 2.79 2.74 2.75 2.73 2.77 2.82 2.8 2.74 2.72 2.7 2.76 2.73 2.81 2.78 2.83 2.78 2.81 2.73 100.0 86.39 1e-05 0.001 256
1.01 3.03 2.91 3.08 3.2 3.02 2.95 3.09 3.07 3.13 2.98 2.95 3.01 3.02 3.06 2.9 2.9 2.94 2.83 2.91 2.94 100.0 85.62 1e-07 0.1 256
1.01 3.08 3.31 2.95 2.83 3.03 3.04 3.05 3.03 2.95 2.97 3.0 3.0 3.07 3.03 3.05 3.05 3.07 3.04 3.04 3.06 99.998 86.47 1e-06 0.01 1024
1.0 3.24 2.88 2.94 2.9 3.12 2.83 2.83 2.79 2.75 2.7 2.77 2.7 2.85 2.76 2.81 2.74 2.79 2.78 2.8 2.76 100.0 86.15 1e-06 0.001 256
1.0 2.93 3.14 2.86 2.92 2.91 2.96 2.92 2.94 2.98 2.92 2.95 2.98 2.87 2.91 2.96 2.95 2.9 2.89 2.94 2.95 100.0 86.19 1e-07 0.001 256
1.01 3.04 3.02 3.01 3.04 2.96 3.04 2.98 2.99 3.02 2.98 3.01 2.99 2.95 2.93 2.99 2.99 3.01 2.94 3.03 2.97 100.0 86.28 1e-05 0.01 1024
1.01 3.11 2.96 2.74 3.04 3.03 2.87 2.92 2.95 2.88 2.88 2.9 2.84 2.9 2.9 3.0 3.01 2.95 2.95 3.01 2.96 100.0 86.47 1e-06 0.01 512
1.01 3.0 3.03 3.21 3.08 2.86 2.99 3.09 3.08 3.05 3.04 3.0 3.1 3.04 3.01 3.03 3.01 3.03 3.02 3.05 3.02 100.0 85.85 1e-07 0.01 1024
1.01 2.85 2.92 3.05 2.86 3.33 3.14 3.08 3.08 3.17 2.97 2.94 3.01 2.85 2.95 3.04 3.03 3.05 3.0 3.03 3.12 100.0 84.44 1e-06 0.1 512
1.01 2.95 3.18 3.17 3.07 2.76 2.76 2.76 2.78 2.85 2.95 2.86 2.9 2.87 2.82 2.86 2.86 2.91 2.86 2.86 2.88 100.0 88.19 1e-07 0.01 256
1.01 1.0 2.55 1.0 1.45 3.14 3.13 3.06 3.15 3.47 3.31 3.3 3.36 3.57 3.64 3.56 3.5 3.62 3.49 3.7 3.59 97.536 80.36 1e-05 0.1 256
1.01 4.27 4.14 3.73 3.75 3.77 3.74 3.81 3.77 3.73 3.66 3.66 3.8 3.72 3.66 3.64 3.74 3.69 3.66 3.76 3.79 100.0 79.9 1e-05 0.001 1024
1.01 4.43 4.03 3.77 3.85 3.59 3.73 3.66 3.76 3.73 3.78 3.57 3.76 3.62 3.67 3.71 3.65 3.66 3.72 3.6 3.69 100.0 79.93 1e-06 0.001 1024
1.01 2.88 2.91 2.95 3.12 3.15 3.03 2.98 3.18 3.15 2.92 3.08 3.12 2.95 2.94 2.96 2.9 2.95 2.96 2.89 2.88 100.0 86.1 1e-06 0.1 256
1.01 2.87 3.03 3.04 2.89 2.98 2.84 2.88 2.85 2.84 2.83 2.9 2.86 2.85 2.91 2.92 2.91 2.88 2.9 2.87 2.93 100.0 86.84 1e-07 0.01 512
1.01 3.35 3.16 3.37 3.17 3.2 3.06 3.12 3.1 3.14 3.14 3.09 3.08 3.13 3.14 3.13 3.09 3.13 3.13 3.11 3.13 100.0 84.18 1e-07 0.001 512
1.01 3.63 3.52 3.03 3.04 3.01 3.3 3.23 3.2 3.28 3.11 3.14 3.16 3.1 3.11 3.11 3.01 3.12 3.2 3.18 3.12 100.0 84.17 1e-05 0.001 512
1.01 3.39 3.28 3.32 3.23 3.44 3.01 3.1 3.09 3.16 3.13 3.21 3.31 3.12 3.26 3.16 3.2 3.28 3.2 3.22 3.14 100.0 84.22 1e-06 0.001 512
1.01 3.11 3.19 3.06 3.07 2.85 3.0 3.07 3.06 3.12 3.14 3.03 3.01 3.02 3.06 3.06 3.1 3.03 3.05 3.06 3.05 100.0 87.36 1e-05 0.01 512
1.01 3.15 2.85 3.07 2.99 2.97 2.9 2.88 2.93 2.99 2.93 2.93 3.01 2.93 2.95 2.85 3.0 2.91 2.87 2.92 2.86 100.0 87.82 1e-06 0.01 256
1.01 2.88 3.19 2.99 2.9 2.89 3.1 2.98 3.04 3.07 2.89 2.95 3.09 3.02 3.03 3.01 3.03 2.97 3.02 2.97 2.94 100.0 87.98 1e-05 0.01 256
1.01 3.26 3.2 3.04 2.95 3.26 3.2 3.1 3.06 3.13 3.03 3.07 3.19 3.2 3.15 3.23 3.26 3.19 3.15 3.24 3.12 100.0 86.15 1e-05 0.001 256
1.01 3.45 2.93 2.98 3.06 2.97 3.0 3.14 3.05 3.09 2.97 3.07 3.02 2.94 2.96 3.11 3.03 3.06 3.06 3.04 3.04 100.0 86.54 1e-07 0.001 256
1.01 2.89 3.07 3.06 3.09 2.92 2.93 2.99 2.97 2.99 3.04 2.99 3.01 3.02 3.01 3.09 3.12 3.03 3.07 3.14 3.05 100.0 86.32 1e-06 0.001 256
1.57 2.82 2.94 3.1 2.96 3.03 2.99 2.95 3.06 2.98 2.81 2.91 2.97 2.98 3.06 2.98 2.96 2.98 2.99 3.09 2.95 100.0 85.94 1e-05 0.1 1024
1.57 3.24 3.13 3.0 3.14 2.97 2.95 2.9 2.83 2.81 2.9 2.81 2.84 2.82 2.92 2.96 2.92 2.87 2.88 2.83 2.9 100.0 83.72 1e-06 0.1 1024
1.57 3.32 3.11 3.39 3.47 3.35 3.18 3.22 3.33 3.28 3.25 3.28 3.28 3.2 3.26 3.31 3.33 3.26 3.27 3.33 3.24 100.0 80.53 1e-07 0.1 1024
1.57 3.09 2.18 2.89 3.06 3.0 2.77 3.17 3.19 3.21 3.06 3.08 3.12 3.15 3.08 3.17 3.21 3.15 3.1 3.11 3.16 100.0 84.72 1e-05 0.1 512
1.57 3.09 2.98 2.9 2.85 3.16 3.03 3.15 2.96 3.15 3.01 2.86 2.84 2.89 2.92 2.86 2.9 2.84 2.91 2.85 2.9 100.0 84.68 1e-06 0.1 512
1.57 2.97 3.15 3.22 3.22 3.18 2.97 2.91 2.95 2.9 2.85 2.92 2.87 2.9 2.91 2.94 3.0 2.99 2.94 2.99 3.02 100.0 84.3 1e-07 0.1 512
1.57 2.84 2.76 3.0 2.82 3.0 3.07 2.94 3.02 3.14 2.91 3.17 3.08 3.1 3.18 3.24 3.2 3.15 3.18 3.14 3.14 100.0 85.59 1e-06 0.1 256
1.57 2.91 2.87 2.85 3.05 2.88 2.77 2.84 2.87 2.83 2.87 2.89 2.89 2.91 2.89 2.9 2.92 2.93 2.86 2.95 2.94 100.0 86.41 1e-05 0.01 1024
1.57 2.92 2.96 2.96 3.03 2.98 3.02 2.91 2.89 2.93 2.97 2.94 3.0 3.02 3.01 2.99 2.99 2.96 2.98 3.0 2.94 100.0 85.49 1e-06 0.01 1024
1.57 3.07 2.93 2.99 2.94 3.02 2.85 2.82 2.82 2.79 2.77 2.77 2.8 2.76 2.79 2.75 2.77 2.76 2.75 2.81 2.8 100.0 85.9 1e-07 0.01 1024
1.57 2.94 2.94 2.75 3.09 2.83 2.79 2.84 2.8 2.88 2.87 2.91 2.87 2.95 2.83 2.8 2.8 2.81 2.87 2.87 2.91 100.0 87.42 1e-06 0.01 512
1.57 3.03 3.14 1.0 2.87 3.06 3.03 3.41 3.08 3.57 3.07 3.38 3.4 3.46 3.41 3.41 3.31 3.5 3.52 3.45 3.39 93.836 78.89 1e-05 0.1 256
1.57 2.85 3.0 2.83 2.87 2.85 2.86 2.88 2.83 2.87 2.83 2.89 2.89 2.87 2.87 2.83 2.86 2.86 2.84 2.81 2.85 100.0 87.44 1e-07 0.01 512
1.57 2.84 2.82 2.74 2.99 2.83 2.77 2.75 2.71 2.73 2.67 2.68 2.73 2.74 2.76 2.69 2.79 2.76 2.77 2.8 2.68 100.0 87.6 1e-05 0.01 512
1.57 3.18 3.07 1.94 2.96 3.17 2.93 2.8 3.07 3.08 2.97 2.82 3.0 2.83 2.85 2.87 2.9 2.88 2.92 2.93 2.86 100.0 85.31 1e-07 0.1 256
1.57 4.7 3.94 3.41 3.27 3.49 3.43 3.43 3.45 3.56 3.43 3.5 3.57 3.52 3.59 3.65 3.66 3.58 3.64 3.45 3.65 100.0 79.23 1e-05 0.001 1024
1.57 3.88 3.68 3.55 3.55 3.54 3.53 3.55 3.64 3.49 3.49 3.53 3.53 3.54 3.54 3.56 3.51 3.59 3.51 3.62 3.47 100.0 79.58 1e-06 0.001 1024
1.57 4.02 3.65 3.92 3.33 3.35 3.35 3.33 3.45 3.39 3.38 3.46 3.45 3.38 3.43 3.35 3.36 3.44 3.38 3.34 3.44 100.0 79.76 1e-07 0.001 1024
1.57 2.69 2.87 3.04 2.84 3.01 2.82 2.88 2.85 2.78 2.77 2.62 2.68 2.68 2.72 2.82 2.81 2.86 2.74 2.79 2.7 100.0 87.96 1e-05 0.01 256
1.57 3.59 3.41 3.12 3.21 2.92 2.94 2.89 2.93 2.94 2.87 2.91 2.89 2.92 2.93 2.89 2.94 2.93 2.95 2.96 2.91 100.0 84.67 1e-06 0.001 512
1.57 2.75 2.64 2.76 2.78 2.88 2.74 2.75 2.9 2.78 2.76 2.75 2.74 2.73 2.75 2.77 2.87 2.73 2.72 2.7 2.73 100.0 87.86 1e-06 0.01 256
1.57 2.92 2.97 2.76 2.92 2.87 2.8 2.75 2.8 2.88 2.73 2.73 2.72 2.71 2.81 2.69 2.84 2.65 2.75 2.75 2.79 100.0 87.74 1e-07 0.01 256
1.57 3.44 3.06 3.22 3.25 3.08 2.96 2.98 3.0 3.05 3.03 3.01 2.96 3.11 2.98 3.01 3.02 2.99 3.02 3.09 3.02 100.0 83.74 1e-05 0.001 512
1.57 3.24 3.06 3.16 3.07 3.17 3.04 3.02 3.01 3.05 3.1 3.11 3.06 3.02 3.04 3.06 3.07 3.11 3.13 3.07 3.1 100.0 84.14 1e-07 0.001 512
1.57 3.15 2.78 2.97 2.89 3.02 2.85 2.78 2.82 2.93 2.94 2.9 2.87 2.82 2.82 2.88 2.8 2.83 2.82 2.83 2.81 100.0 86.31 1e-06 0.001 256
1.57 2.98 3.02 2.8 2.98 2.82 2.9 2.85 2.85 2.83 2.82 2.83 2.8 2.81 2.82 2.87 2.87 2.85 2.9 2.91 2.89 100.0 85.88 1e-05 0.001 256
1.57 2.97 2.89 2.88 2.93 2.78 2.75 2.78 2.72 2.7 2.68 2.67 2.72 2.68 2.74 2.72 2.77 2.75 2.72 2.76 2.72 100.0 85.85 1e-07 0.001 256
