1.76 3.12 2.92 3.44 3.33 3.22 3.12 3.14 3.05 3.08 3.14 3.04 3.04 3.06 3.05 3.08 3.04 3.07 3.04 3.02 3.05 100.0 75.37 1e-07 0.1 1024
1.76 2.52 2.98 2.69 2.84 2.79 3.29 3.35 3.29 3.36 3.41 3.21 3.2 3.2 3.08 3.14 3.13 3.16 3.06 3.13 3.17 100.0 81.37 1e-05 0.1 512
1.76 2.91 2.7 3.01 3.17 3.06 3.04 3.06 3.02 3.17 3.08 3.05 3.08 3.07 2.99 3.07 3.21 3.18 3.17 3.12 3.16 100.0 79.97 1e-06 0.1 1024
1.76 2.42 2.79 2.78 2.89 2.64 3.07 3.19 2.98 3.03 3.03 3.05 3.0 3.02 2.96 3.03 3.01 3.03 3.02 3.01 3.03 100.0 82.79 1e-05 0.1 1024
1.76 3.39 3.06 3.65 3.37 2.99 3.07 3.54 3.63 3.52 3.44 3.46 3.49 3.5 3.49 3.44 3.51 3.5 3.52 3.49 3.56 100.0 71.88 1e-07 0.1 512
1.76 2.73 3.04 3.08 3.15 2.97 3.03 3.05 3.04 3.1 3.04 3.02 3.03 3.01 3.05 3.05 3.06 3.07 3.03 3.08 3.04 100.0 81.88 1e-06 0.01 1024
1.76 2.96 3.18 1.02 3.04 2.69 3.09 3.31 3.22 3.22 3.32 3.36 3.24 3.22 3.22 3.33 3.31 3.35 3.39 3.26 3.27 100.0 73.58 1e-06 0.1 512
1.76 2.88 2.65 2.85 3.04 2.96 2.8 2.85 2.88 2.88 3.01 2.94 2.95 2.97 2.94 2.99 3.03 3.04 3.03 3.07 3.05 100.0 83.86 1e-05 0.01 1024
1.76 3.02 2.83 2.86 3.0 2.89 2.87 2.78 2.81 2.87 2.89 2.87 2.92 2.83 2.85 2.78 2.77 2.82 2.78 2.75 2.81 100.0 84.22 1e-05 0.01 512
1.76 2.75 3.06 2.74 2.85 2.87 2.66 2.61 2.65 2.66 2.68 2.69 2.75 2.74 2.72 2.71 2.75 2.74 2.72 2.71 2.7 100.0 83.02 1e-07 0.01 512
1.76 2.93 3.11 2.48 2.29 2.17 3.05 2.97 3.18 3.25 3.24 3.39 3.47 3.42 3.5 3.64 3.62 3.61 3.61 3.56 3.57 99.986 76.97 1e-05 0.1 256
1.76 2.91 3.08 3.04 2.9 2.93 2.83 2.83 2.82 2.81 2.83 2.82 2.79 2.78 2.81 2.78 2.79 2.81 2.79 2.77 2.77 100.0 82.83 1e-07 0.01 1024
1.76 2.75 2.85 2.65 2.66 2.79 2.68 2.68 2.65 2.63 2.61 2.63 2.63 2.63 2.63 2.6 2.63 2.61 2.61 2.63 2.64 100.0 85.1 1e-06 0.001 1024
1.76 2.79 3.02 2.97 2.9 3.04 3.05 3.06 3.05 2.98 2.97 3.04 3.2 3.09 3.01 2.99 3.12 3.04 3.04 3.04 3.13 100.0 83.49 1e-07 0.1 256
1.76 2.91 2.99 2.98 2.99 2.95 2.97 2.99 2.89 2.96 2.85 2.89 2.91 2.91 2.91 2.83 2.85 2.87 2.94 2.9 3.0 100.0 83.14 1e-06 0.01 512
1.76 2.89 2.8 2.94 2.8 2.89 2.87 2.91 2.87 2.76 2.94 2.8 2.87 3.0 2.83 2.89 2.8 2.76 2.79 2.8 2.82 100.0 83.71 1e-06 0.1 256
1.76 2.93 2.78 2.83 2.92 2.72 2.77 2.84 2.74 2.71 2.73 2.7 2.69 2.74 2.71 2.72 2.74 2.78 2.77 2.85 2.75 100.0 83.01 1e-07 0.01 256
1.76 2.64 2.64 2.64 2.68 2.77 2.66 2.71 2.68 2.69 2.68 2.69 2.74 2.71 2.71 2.73 2.7 2.71 2.73 2.72 2.72 100.0 85.32 1e-07 0.001 1024
1.76 2.9 2.81 2.66 2.87 2.76 2.76 2.72 2.76 2.71 2.73 2.77 2.72 2.72 2.76 2.73 2.71 2.73 2.74 2.73 2.73 100.0 85.61 1e-05 0.001 1024
1.76 2.72 2.55 2.65 2.67 2.67 2.7 2.76 2.71 2.73 2.66 2.64 2.66 2.74 2.68 2.65 2.71 2.7 2.67 2.63 2.62 100.0 87.21 1e-07 0.001 512
1.76 2.82 2.68 2.84 2.74 2.68 2.65 2.57 2.63 2.58 2.65 2.62 2.61 2.63 2.59 2.6 2.58 2.63 2.61 2.56 2.54 100.0 87.03 1e-05 0.001 512
1.08 3.02 3.28 3.19 2.9 2.89 3.1 3.14 3.1 3.3 3.22 3.18 3.15 3.14 3.16 3.24 3.16 3.15 3.12 3.18 3.18 100.0 83.65 1e-05 0.1 1024
1.76 2.98 3.0 2.87 2.93 2.84 2.8 2.86 3.02 2.82 3.03 2.97 2.93 2.92 2.97 2.94 2.99 3.0 3.0 2.99 3.03 100.0 83.83 1e-06 0.01 256
1.76 2.89 2.82 2.81 2.87 2.69 2.77 2.68 2.98 2.72 2.86 2.73 2.72 2.78 2.74 2.84 2.78 2.76 2.76 2.83 2.75 100.0 84.01 1e-05 0.01 256
1.76 2.68 2.69 2.62 2.74 2.59 2.55 2.56 2.48 2.59 2.7 2.61 2.68 2.64 2.63 2.63 2.6 2.65 2.64 2.67 2.63 100.0 86.59 1e-07 0.001 256
1.08 3.0 3.06 3.07 2.63 3.11 3.36 3.3 3.45 3.56 3.28 3.32 3.39 3.38 3.47 3.09 3.28 3.3 3.32 3.33 3.47 100.0 80.59 1e-05 0.1 512
1.08 2.83 3.12 3.19 3.1 3.23 2.98 3.03 2.96 3.09 2.98 2.93 2.96 3.0 3.01 3.04 3.01 3.04 3.07 3.07 3.09 100.0 81.58 1e-06 0.1 1024
1.08 3.02 3.07 3.32 3.12 3.34 3.13 3.11 3.1 3.1 3.26 3.27 3.28 3.25 3.3 3.32 3.31 3.37 3.4 3.37 3.37 100.0 79.6 1e-07 0.1 1024
1.76 2.61 2.66 2.67 2.61 2.68 2.64 2.67 2.7 2.64 2.65 2.65 2.63 2.64 2.67 2.67 2.65 2.67 2.66 2.65 2.63 100.0 86.88 1e-06 0.001 256
1.76 2.69 2.73 2.64 2.67 2.62 2.55 2.57 2.57 2.58 2.54 2.59 2.53 2.7 2.57 2.67 2.6 2.67 2.6 2.6 2.65 100.0 86.93 1e-05 0.001 256
1.76 2.79 2.61 2.65 2.79 2.74 2.47 2.52 2.54 2.53 2.58 2.52 2.52 2.52 2.57 2.54 2.54 2.54 2.53 2.54 2.52 100.0 86.75 1e-06 0.001 512
1.08 3.07 2.99 2.95 3.09 3.1 2.97 2.99 2.98 3.01 2.96 2.97 2.97 2.95 3.06 3.03 3.01 3.09 3.07 3.08 3.12 100.0 84.81 1e-05 0.01 1024
1.08 3.64 2.99 2.95 3.0 2.95 3.08 3.13 2.95 3.16 3.09 3.08 2.98 3.12 2.96 3.08 3.1 3.0 3.04 2.95 3.09 100.0 83.39 1e-06 0.1 512
1.08 2.86 3.05 3.09 2.88 2.94 2.85 2.79 2.79 2.8 2.76 2.8 2.8 2.79 2.81 2.78 2.76 2.83 2.81 2.79 2.76 100.0 83.35 1e-06 0.01 1024
1.08 2.92 2.9 3.09 3.03 3.2 3.1 2.96 3.0 3.07 3.07 3.21 3.1 3.08 3.12 3.17 3.13 3.11 3.11 3.18 3.16 100.0 84.21 1e-06 0.1 256
1.08 2.87 3.05 2.99 3.09 2.96 2.87 2.91 2.87 2.89 2.85 2.86 2.81 2.8 2.76 2.91 2.88 2.87 2.81 2.8 2.83 100.0 84.0 1e-05 0.01 512
1.08 3.01 3.22 3.29 3.31 3.12 3.11 3.18 3.16 3.16 3.17 3.14 3.08 3.17 3.25 3.16 3.17 3.13 3.2 3.14 3.2 100.0 80.47 1e-07 0.1 512
1.08 3.07 2.89 3.01 2.84 3.02 2.93 2.98 2.92 3.0 2.85 2.85 2.83 2.88 2.78 2.81 2.81 2.9 2.83 2.86 2.88 100.0 84.17 1e-06 0.01 512
1.08 2.94 2.85 2.54 2.71 2.7 2.66 2.66 2.68 2.69 2.7 2.64 2.68 2.71 2.69 2.71 2.68 2.72 2.7 2.65 2.69 100.0 87.9 1e-07 0.001 512
1.08 2.96 2.8 3.07 1.75 2.21 3.1 3.28 3.36 3.36 3.53 3.27 3.44 3.52 3.46 3.36 3.41 3.41 3.37 3.37 3.4 99.998 77.76 1e-05 0.1 256
1.08 2.97 3.05 2.84 3.02 2.99 3.07 2.89 2.96 3.01 3.1 3.03 3.1 3.12 3.02 3.03 3.09 3.05 3.02 3.11 3.05 100.0 80.09 1e-07 0.1 256
1.08 3.02 3.1 2.91 3.03 2.94 3.0 3.02 2.95 3.02 2.99 3.03 2.95 2.99 2.97 2.97 2.98 2.94 2.93 3.02 2.99 100.0 81.52 1e-07 0.01 512
1.08 2.87 2.93 2.96 3.09 2.85 3.01 3.01 2.91 2.92 2.85 2.83 2.9 2.91 2.92 2.86 2.9 2.86 2.88 2.84 2.88 100.0 83.89 1e-07 0.01 256
1.08 2.89 2.75 2.89 2.71 2.99 2.86 2.76 2.75 2.74 2.77 2.86 2.87 2.8 2.74 2.81 2.84 2.79 2.74 2.82 2.77 100.0 87.88 1e-05 0.001 512
1.08 2.86 2.9 2.84 3.07 2.9 2.85 2.77 2.93 2.9 2.95 2.98 2.98 3.0 3.03 2.94 2.92 2.95 2.88 2.92 2.93 100.0 83.54 1e-06 0.01 256
1.08 2.84 2.93 2.98 3.07 2.94 3.0 2.91 2.79 2.93 2.95 2.98 2.94 2.92 2.86 2.88 2.91 2.92 2.9 2.89 3.04 100.0 84.52 1e-05 0.01 256
1.08 2.83 2.75 2.84 2.89 2.92 2.72 2.78 2.81 2.77 2.73 2.75 2.74 2.78 2.74 2.76 2.75 2.73 2.73 2.74 2.73 100.0 86.63 1e-07 0.001 1024
1.08 2.77 2.81 2.7 2.95 2.74 2.66 2.66 2.66 2.67 2.66 2.64 2.65 2.64 2.65 2.69 2.7 2.67 2.67 2.7 2.69 100.0 88.14 1e-06 0.001 512
1.08 2.89 2.79 2.87 2.6 2.88 2.72 2.72 2.72 2.68 2.67 2.71 2.74 2.7 2.75 2.69 2.7 2.66 2.67 2.69 2.74 100.0 87.07 1e-07 0.001 256
1.08 2.7 2.64 2.81 2.71 2.87 2.69 2.66 2.68 2.67 2.75 2.71 2.74 2.69 2.6 2.74 2.65 2.67 2.71 2.67 2.63 100.0 86.92 1e-05 0.001 256
1.08 2.74 2.86 2.85 2.82 2.75 2.66 2.68 2.62 2.58 2.65 2.73 2.69 2.73 2.68 2.74 2.76 2.72 2.73 2.71 2.73 100.0 86.65 1e-06 0.001 256
1.1 2.63 2.88 2.86 2.91 2.94 2.94 2.82 2.79 2.99 3.01 2.83 2.84 2.77 2.73 2.77 2.72 2.76 2.74 2.78 2.74 100.0 83.61 1e-05 0.1 1024
1.1 3.07 2.91 3.06 3.46 3.02 3.01 2.93 3.13 3.06 3.03 3.13 3.16 3.1 3.09 2.92 2.98 2.99 2.93 2.99 2.99 100.0 80.86 1e-06 0.1 1024
1.1 3.17 2.93 3.25 3.36 3.23 2.99 2.9 2.91 2.88 2.96 2.98 2.91 2.94 2.95 2.92 2.93 2.95 2.96 2.91 2.88 100.0 77.04 1e-07 0.1 1024
1.1 3.0 2.86 3.1 3.11 3.0 3.02 3.15 3.14 3.11 3.14 3.23 3.12 3.17 3.14 3.1 3.11 3.06 3.15 3.06 3.13 100.0 82.64 1e-05 0.1 512
1.1 2.72 2.34 2.96 2.97 2.93 3.09 3.09 2.94 2.91 3.03 3.12 3.13 3.08 3.2 3.07 3.0 3.03 3.06 3.02 3.06 100.0 81.54 1e-06 0.1 512
1.1 2.96 3.18 3.13 3.08 3.09 3.13 3.11 3.25 3.33 3.18 3.18 3.17 3.23 3.25 3.17 3.34 3.27 3.24 3.24 3.31 100.0 77.38 1e-07 0.1 512
1.1 2.95 3.02 3.1 1.21 1.59 3.08 3.22 3.25 3.49 3.58 3.42 3.4 3.29 3.56 3.52 3.45 3.53 3.48 3.5 3.31 99.998 78.54 1e-05 0.1 256
1.1 2.84 2.92 3.03 2.91 2.94 2.97 2.92 2.89 2.99 2.98 2.92 2.94 2.93 2.99 2.9 2.93 2.91 2.88 2.96 2.96 100.0 83.98 1e-06 0.1 256
1.1 3.0 2.85 2.96 2.94 2.76 2.7 2.75 2.83 2.74 2.74 2.75 2.72 2.73 2.78 2.74 2.8 2.74 2.77 2.75 2.74 100.0 85.37 1e-05 0.01 1024
1.1 2.86 3.0 3.0 3.0 2.64 2.8 2.78 2.76 2.72 2.82 2.75 2.78 2.8 2.78 2.81 2.78 2.8 2.8 2.78 2.79 100.0 84.09 1e-06 0.01 1024
1.1 2.94 2.96 3.05 2.96 2.91 2.89 2.84 2.79 2.76 2.77 2.75 2.78 2.76 2.75 2.8 2.76 2.73 2.73 2.8 2.8 100.0 84.82 1e-07 0.01 1024
1.1 3.18 3.09 2.85 3.1 3.01 2.98 3.02 2.85 2.96 3.12 3.02 3.04 3.01 3.0 2.96 2.9 3.01 3.02 2.98 2.89 100.0 83.03 1e-07 0.1 256
1.1 2.86 2.87 2.75 2.85 2.78 2.78 2.81 2.78 2.78 2.55 2.49 2.52 2.57 2.6 2.75 2.68 2.75 2.78 2.67 2.71 100.0 83.55 1e-05 0.01 512
1.1 2.81 2.87 2.82 2.87 2.89 2.97 2.9 2.97 2.87 2.79 2.85 2.83 2.86 2.75 2.82 2.76 2.83 2.82 2.78 2.79 100.0 82.91 1e-06 0.01 512
1.1 2.91 3.07 2.9 3.08 2.98 2.74 2.79 2.86 2.76 2.86 2.81 2.86 2.86 2.84 2.9 2.82 2.79 2.89 2.92 2.83 100.0 84.59 1e-05 0.01 256
1.1 2.91 2.94 2.89 2.86 2.98 2.94 2.9 2.86 3.0 2.92 2.99 3.0 2.92 2.95 3.01 2.98 3.0 2.99 2.98 2.93 100.0 81.65 1e-07 0.01 512
1.1 2.8 2.72 2.72 2.92 2.85 2.91 2.97 2.89 2.84 2.74 2.76 2.82 2.74 2.74 2.87 2.91 2.87 2.83 2.84 2.84 100.0 83.29 1e-06 0.01 256
1.1 2.71 2.78 2.86 2.83 2.8 2.69 2.65 2.69 2.58 2.62 2.59 2.6 2.61 2.58 2.56 2.56 2.59 2.6 2.59 2.59 100.0 86.15 1e-05 0.001 1024
1.1 2.76 2.7 2.66 2.71 2.65 2.65 2.63 2.64 2.63 2.59 2.61 2.6 2.63 2.6 2.58 2.59 2.63 2.62 2.58 2.6 100.0 87.09 1e-06 0.001 1024
1.1 2.76 2.49 2.73 2.69 2.77 2.63 2.66 2.61 2.6 2.58 2.63 2.6 2.6 2.61 2.6 2.65 2.63 2.63 2.62 2.59 100.0 86.87 1e-06 0.001 512
1.1 2.62 2.75 2.91 2.76 2.79 2.65 2.67 2.72 2.7 2.66 2.69 2.66 2.69 2.71 2.67 2.71 2.65 2.66 2.71 2.69 100.0 87.06 1e-07 0.001 512
1.1 2.9 2.88 2.95 2.92 2.85 2.81 2.84 2.77 2.7 2.7 2.61 2.68 2.71 2.69 2.75 2.73 2.74 2.7 2.75 2.81 100.0 83.97 1e-07 0.01 256
1.1 2.68 2.75 2.67 2.69 2.81 2.76 2.71 2.68 2.64 2.69 2.58 2.62 2.56 2.56 2.6 2.61 2.57 2.55 2.56 2.54 100.0 86.65 1e-05 0.001 512
1.1 2.85 2.82 2.7 2.96 2.55 2.67 2.65 2.66 2.69 2.65 2.63 2.64 2.65 2.63 2.64 2.64 2.63 2.64 2.64 2.63 100.0 86.53 1e-07 0.001 1024
1.1 2.92 2.74 2.73 2.69 2.85 2.73 2.73 2.66 2.65 2.63 2.63 2.56 2.55 2.59 2.63 2.61 2.6 2.59 2.58 2.57 100.0 87.03 1e-05 0.001 256
1.1 2.77 2.77 2.71 2.65 2.65 2.64 2.66 2.68 2.67 2.59 2.57 2.6 2.54 2.66 2.62 2.6 2.61 2.64 2.59 2.6 100.0 87.59 1e-06 0.001 256
1.1 2.83 2.79 2.78 2.81 2.69 2.67 2.76 2.78 2.76 2.65 2.69 2.71 2.64 2.7 2.65 2.71 2.68 2.7 2.68 2.68 100.0 86.86 1e-07 0.001 256
