1.91 3.05 3.25 3.13 3.52 3.55 3.34 3.35 3.3 3.36 3.38 3.32 3.35 3.32 3.35 3.3 3.34 3.33 3.36 3.33 3.3 100.0 72.47 1e-07 0.1 1024
1.91 2.99 3.02 3.18 3.13 2.9 3.07 3.12 3.02 3.14 3.09 3.1 3.07 3.03 3.07 2.87 2.94 3.03 3.0 2.99 2.94 100.0 77.72 1e-06 0.1 1024
1.91 3.08 3.12 2.91 2.87 2.94 3.0 2.99 3.04 2.94 3.06 2.99 2.97 3.03 3.01 3.0 3.0 2.96 2.99 2.97 3.01 100.0 83.46 1e-05 0.1 1024
1.91 2.99 2.92 3.13 3.16 3.15 2.93 2.98 2.9 2.87 3.07 3.09 3.1 3.06 3.07 3.2 3.12 3.14 3.14 3.14 3.14 100.0 79.2 1e-07 0.1 512
1.91 2.82 2.87 2.94 2.98 2.95 2.95 3.03 3.09 3.01 3.01 2.99 3.02 3.03 3.06 2.99 2.98 3.04 2.99 2.92 2.96 100.0 81.13 1e-06 0.1 512
1.91 2.91 2.93 2.78 2.77 3.03 2.93 3.19 3.15 3.3 3.3 3.16 3.03 3.04 3.09 3.01 3.02 3.13 3.09 3.2 3.16 100.0 79.27 1e-05 0.1 512
1.91 2.59 2.9 2.68 2.87 2.7 3.21 3.13 3.07 3.41 3.42 3.46 3.51 3.55 3.44 3.8 3.61 3.59 3.68 3.63 3.67 99.99 75.19 1e-05 0.1 256
1.91 2.92 2.79 2.99 3.1 2.98 2.74 2.72 2.74 2.75 2.76 2.75 2.72 2.76 2.81 2.74 2.82 2.75 2.82 2.76 2.8 100.0 82.89 1e-05 0.01 1024
1.91 2.98 2.91 3.01 2.95 3.36 3.23 3.11 3.18 3.14 3.17 3.09 3.03 3.04 3.13 3.09 3.14 3.07 3.18 3.12 3.07 99.998 83.43 1e-06 0.1 256
1.91 2.94 2.88 2.95 2.88 2.79 2.78 2.82 2.8 2.86 2.88 2.82 2.83 2.81 2.84 2.82 2.84 2.84 2.83 2.82 2.79 100.0 82.59 1e-07 0.01 1024
1.91 2.96 2.87 2.79 2.99 2.86 2.77 2.77 2.72 2.72 2.75 2.72 2.73 2.74 2.8 2.84 2.79 2.78 2.82 2.75 2.76 100.0 83.21 1e-06 0.01 1024
1.91 2.99 2.93 2.98 2.79 2.92 2.88 2.91 2.86 2.89 2.85 2.85 2.85 2.87 2.87 2.87 2.87 2.9 2.89 2.88 2.83 100.0 82.91 1e-07 0.01 512
1.91 2.86 2.73 2.57 2.55 2.54 2.58 2.55 2.56 2.57 2.53 2.54 2.56 2.55 2.53 2.56 2.53 2.58 2.53 2.55 2.56 100.0 85.64 1e-05 0.001 1024
1.91 2.73 2.75 2.61 2.59 2.57 2.57 2.58 2.61 2.57 2.6 2.6 2.6 2.59 2.61 2.61 2.61 2.59 2.59 2.6 2.61 100.0 85.72 1e-07 0.001 1024
1.91 2.65 2.66 2.75 2.61 2.73 2.72 2.7 2.73 2.69 2.65 2.67 2.63 2.6 2.66 2.64 2.62 2.59 2.63 2.66 2.61 100.0 85.98 1e-05 0.001 512
1.91 2.78 2.7 2.89 2.94 2.91 2.88 2.86 2.77 2.73 2.76 2.68 2.66 2.76 2.74 2.8 2.74 2.8 2.71 2.82 2.82 100.0 84.04 1e-05 0.01 256
1.91 2.88 2.91 3.13 2.92 3.07 3.0 3.03 3.07 2.92 2.87 3.02 3.0 2.89 2.92 2.93 2.9 2.85 2.84 2.83 2.87 100.0 81.28 1e-07 0.1 256
1.91 2.87 2.92 2.78 2.8 2.68 2.77 2.67 2.73 2.63 2.73 2.66 2.62 2.6 2.64 2.61 2.67 2.71 2.68 2.67 2.7 100.0 83.68 1e-06 0.01 256
1.91 2.98 2.97 3.0 3.02 3.0 2.9 2.91 2.94 2.92 2.96 3.01 2.9 2.91 2.91 2.89 2.85 2.81 2.85 2.84 2.86 100.0 83.55 1e-05 0.01 512
1.91 2.52 2.62 2.63 2.62 2.66 2.56 2.52 2.55 2.59 2.56 2.57 2.59 2.57 2.58 2.6 2.56 2.6 2.57 2.54 2.59 100.0 86.48 1e-07 0.001 512
1.91 2.69 2.62 2.53 2.63 2.59 2.59 2.59 2.58 2.56 2.55 2.58 2.59 2.55 2.54 2.6 2.57 2.54 2.55 2.52 2.55 100.0 85.76 1e-06 0.001 1024
1.91 2.84 2.93 2.99 2.99 3.02 2.92 2.9 2.98 2.92 2.88 2.92 2.99 2.98 3.02 2.99 2.97 3.0 3.06 2.99 2.97 100.0 81.66 1e-06 0.01 512
1.91 2.8 2.69 2.85 2.75 2.81 2.7 2.75 2.71 2.62 2.8 2.78 2.75 2.71 2.67 2.65 2.72 2.69 2.71 2.62 2.73 100.0 84.32 1e-07 0.01 256
1.57 2.91 2.89 3.08 3.17 3.12 2.96 2.99 2.9 3.06 3.04 3.03 2.99 3.02 3.02 2.96 2.97 3.07 3.05 3.01 3.02 100.0 82.25 1e-06 0.1 512
1.57 3.04 2.87 3.2 3.16 3.02 3.02 3.1 3.09 3.18 3.07 3.01 2.96 2.96 3.03 3.12 3.05 3.01 3.07 3.03 3.01 100.0 79.72 1e-06 0.1 1024
1.91 2.59 2.73 2.72 2.64 2.53 2.6 2.59 2.61 2.6 2.7 2.63 2.66 2.6 2.6 2.59 2.6 2.65 2.61 2.59 2.61 100.0 86.81 1e-07 0.001 256
1.57 2.76 3.23 3.2 3.19 3.22 3.08 3.05 3.09 3.18 3.25 3.25 3.25 3.22 3.21 3.19 3.19 3.23 3.27 3.21 3.12 100.0 80.31 1e-07 0.1 512
1.57 3.3 3.06 3.19 3.2 3.47 3.19 3.21 3.23 3.28 3.16 3.14 3.26 3.22 3.27 3.25 3.22 3.21 3.19 3.26 3.24 100.0 76.51 1e-07 0.1 1024
1.57 3.09 3.08 3.1 2.9 3.25 3.39 3.13 3.36 3.22 3.11 3.11 3.07 3.08 3.12 3.21 3.22 3.28 3.22 3.19 3.16 100.0 82.95 1e-05 0.1 1024
1.57 3.0 3.03 3.06 3.31 2.89 3.18 3.49 3.39 3.34 3.37 3.36 3.4 3.4 3.35 3.44 3.46 3.41 3.49 3.4 3.46 100.0 79.49 1e-05 0.1 512
1.91 2.76 2.87 2.7 2.53 2.7 2.62 2.61 2.7 2.73 2.67 2.62 2.62 2.6 2.64 2.64 2.62 2.65 2.76 2.66 2.64 100.0 86.48 1e-06 0.001 256
1.91 2.82 2.6 2.72 2.66 2.62 2.56 2.61 2.58 2.57 2.59 2.55 2.57 2.61 2.58 2.57 2.61 2.6 2.58 2.58 2.6 100.0 85.93 1e-06 0.001 512
1.57 2.98 2.89 3.09 3.24 2.98 2.93 2.98 2.99 2.96 2.98 2.97 2.98 3.06 2.95 2.97 3.01 3.04 2.98 3.03 2.94 100.0 82.62 1e-05 0.01 1024
1.91 2.68 2.71 2.69 2.73 2.76 2.74 2.68 2.59 2.55 2.57 2.61 2.57 2.6 2.62 2.62 2.65 2.67 2.69 2.67 2.61 100.0 86.19 1e-05 0.001 256
1.57 3.09 2.9 3.02 3.06 2.97 2.8 2.82 2.89 2.99 2.89 2.87 2.85 2.84 2.86 2.81 2.86 2.85 2.89 2.89 2.89 100.0 83.47 1e-06 0.01 1024
1.57 3.05 2.97 2.93 3.03 2.99 2.92 2.97 2.96 2.96 2.96 2.9 2.89 2.9 2.93 2.93 2.91 2.88 2.93 2.9 2.96 100.0 82.73 1e-07 0.01 1024
1.57 3.06 3.1 3.06 2.99 3.12 2.96 3.01 3.02 3.12 2.91 3.01 3.05 3.0 2.97 3.03 3.11 3.1 3.13 3.16 3.12 100.0 81.76 1e-07 0.1 256
1.57 3.03 2.82 3.04 3.13 3.1 2.96 2.95 2.95 3.01 2.92 2.93 2.94 2.91 2.87 2.9 2.86 2.92 2.88 2.91 2.92 100.0 83.43 1e-05 0.01 512
1.57 2.99 2.99 3.22 1.54 2.69 3.25 3.4 3.5 3.49 3.64 3.65 3.59 3.74 3.69 3.67 3.6 3.67 3.72 3.62 3.63 99.996 76.76 1e-05 0.1 256
1.57 3.13 2.91 3.01 2.91 3.16 2.99 3.0 2.96 2.93 2.9 2.96 2.89 2.86 2.85 2.92 2.87 2.86 2.82 2.9 2.84 100.0 82.97 1e-07 0.01 512
1.57 2.8 2.98 3.08 3.15 3.14 3.36 3.49 3.44 3.3 3.34 3.29 3.15 3.25 3.36 3.28 3.19 3.28 3.25 3.14 3.19 100.0 83.21 1e-06 0.1 256
1.57 2.99 2.76 2.74 2.57 2.81 2.74 2.72 2.68 2.67 2.63 2.64 2.64 2.6 2.64 2.64 2.66 2.64 2.64 2.64 2.64 100.0 85.72 1e-05 0.001 1024
1.57 2.91 3.05 3.07 3.02 2.96 3.1 3.17 3.01 2.84 3.02 3.04 2.98 2.95 2.99 2.98 2.99 3.05 3.08 3.11 3.01 100.0 83.84 1e-05 0.01 256
1.57 2.73 2.79 2.77 2.74 2.76 2.76 2.79 2.77 2.77 2.81 2.8 2.79 2.78 2.77 2.77 2.83 2.78 2.75 2.81 2.79 100.0 85.59 1e-06 0.001 1024
1.57 2.93 2.93 2.95 2.95 3.37 3.05 3.08 3.02 3.11 3.24 3.1 3.16 3.19 3.2 3.07 3.08 3.07 3.11 3.09 3.1 100.0 82.84 1e-06 0.01 512
1.57 2.61 2.63 2.82 2.72 2.73 2.63 2.61 2.61 2.59 2.59 2.6 2.55 2.58 2.61 2.61 2.62 2.6 2.65 2.63 2.65 100.0 86.44 1e-05 0.001 512
1.57 2.68 2.78 2.67 2.84 2.85 2.86 2.82 2.82 2.83 2.83 2.86 2.85 2.87 2.86 2.84 2.85 2.85 2.86 2.84 2.85 100.0 86.11 1e-07 0.001 1024
1.57 2.85 3.02 2.97 2.99 3.05 2.95 2.91 2.95 2.95 2.95 2.88 2.95 2.92 2.9 2.97 2.95 2.98 3.01 2.98 3.01 100.0 82.4 1e-06 0.01 256
1.57 2.75 2.68 2.97 2.7 2.69 2.59 2.59 2.65 2.67 2.54 2.53 2.51 2.56 2.64 2.63 2.61 2.61 2.56 2.59 2.6 100.0 87.67 1e-05 0.001 256
1.57 2.82 2.79 2.71 2.65 2.93 2.84 2.8 2.78 2.77 2.83 2.8 2.78 2.82 2.79 2.81 2.8 2.84 2.83 2.81 2.8 100.0 86.86 1e-06 0.001 256
1.57 2.94 2.84 2.67 2.91 2.81 2.86 2.87 2.9 2.83 2.85 2.84 2.85 2.82 2.79 2.88 2.75 2.86 2.85 2.87 2.84 100.0 83.0 1e-07 0.01 256
1.57 2.66 2.79 2.79 2.68 2.86 2.7 2.69 2.72 2.74 2.69 2.66 2.71 2.68 2.67 2.68 2.69 2.7 2.68 2.69 2.67 100.0 86.78 1e-06 0.001 512
1.57 2.91 2.78 2.78 2.74 2.68 2.68 2.73 2.67 2.7 2.71 2.67 2.69 2.7 2.72 2.67 2.69 2.68 2.7 2.69 2.7 100.0 86.53 1e-07 0.001 512
1.57 2.67 2.77 2.64 2.72 2.81 2.72 2.67 2.73 2.69 2.75 2.77 2.66 2.67 2.73 2.7 2.7 2.71 2.76 2.72 2.74 100.0 86.87 1e-07 0.001 256
1.26 2.71 3.11 2.97 2.8 2.68 3.24 3.07 2.81 2.94 3.03 2.91 2.89 2.95 2.96 3.07 3.05 3.06 3.05 3.07 3.01 100.0 83.07 1e-05 0.1 1024
1.26 2.91 3.04 2.86 3.06 3.0 3.16 3.28 3.26 3.25 3.1 3.08 3.07 3.0 3.02 2.99 3.04 3.05 3.0 3.02 3.01 100.0 80.44 1e-06 0.1 1024
1.26 3.02 2.92 3.34 3.31 3.25 3.33 3.27 3.25 3.31 3.24 3.24 3.27 3.34 3.29 3.32 3.31 3.3 3.31 3.29 3.27 100.0 77.28 1e-07 0.1 1024
1.26 2.86 2.85 2.8 3.11 2.94 3.1 3.25 3.26 3.34 3.38 3.31 3.25 3.38 3.44 3.32 3.41 3.34 3.45 3.46 3.4 100.0 79.2 1e-05 0.1 512
1.26 2.91 2.85 3.05 2.92 3.1 3.11 3.06 2.99 3.09 3.06 2.99 3.0 2.92 2.99 2.97 3.01 2.94 2.98 2.92 2.92 100.0 81.97 1e-06 0.1 512
1.26 2.88 3.08 3.12 3.13 3.09 3.03 3.02 2.97 3.05 3.13 2.99 3.02 3.04 2.99 3.03 3.05 3.13 3.04 3.09 3.04 100.0 78.8 1e-07 0.1 512
1.26 2.92 2.72 2.39 1.81 3.27 3.12 3.23 3.21 3.43 3.25 3.36 3.31 3.33 3.5 3.34 3.35 3.36 3.32 3.38 3.38 99.996 76.02 1e-05 0.1 256
1.26 2.9 2.84 2.95 1.54 3.07 3.27 3.11 3.11 3.0 3.22 3.12 3.17 3.17 3.13 3.15 3.19 3.14 3.11 3.08 3.14 100.0 80.46 1e-06 0.1 256
1.26 2.78 3.25 3.02 2.97 3.09 3.04 2.89 3.05 2.9 3.14 3.2 3.03 3.11 3.06 3.09 3.12 3.07 3.05 3.06 2.97 100.0 80.55 1e-07 0.1 256
1.26 2.99 2.99 2.95 3.1 2.98 2.96 2.96 2.94 2.92 3.01 3.05 3.06 3.13 3.09 3.03 3.12 3.07 3.12 3.11 3.07 100.0 82.78 1e-05 0.01 1024
1.26 2.95 2.93 2.95 2.96 2.96 2.96 2.96 2.91 2.92 2.94 2.96 2.91 2.98 2.94 2.98 2.97 2.96 3.03 2.95 2.98 100.0 83.25 1e-06 0.01 1024
1.26 2.99 3.03 3.11 2.88 2.8 2.81 2.83 2.83 2.82 2.87 2.81 2.84 2.8 2.82 2.79 2.82 2.85 2.82 2.82 2.86 100.0 83.38 1e-07 0.01 1024
1.26 2.77 2.91 2.85 2.72 2.95 2.81 2.86 2.88 2.93 2.96 2.9 2.99 2.99 2.99 2.95 2.98 2.95 2.93 2.91 2.99 100.0 82.96 1e-05 0.01 512
1.26 2.82 2.83 3.02 2.83 2.85 2.86 2.92 2.85 2.92 2.87 2.9 2.94 3.0 2.92 3.01 2.97 3.03 3.0 2.96 3.01 100.0 83.02 1e-06 0.01 512
1.26 2.92 2.85 2.74 2.73 3.07 2.93 2.91 2.94 2.95 2.87 2.93 2.94 2.87 2.96 2.95 2.92 2.94 2.92 2.93 2.98 100.0 83.76 1e-07 0.01 512
1.26 2.76 2.93 2.83 3.12 3.01 2.85 2.78 2.7 2.82 2.83 2.81 2.76 2.9 2.78 2.78 2.77 2.8 2.81 2.78 2.75 100.0 83.74 1e-05 0.01 256
1.26 2.81 2.89 2.93 3.06 2.89 2.81 2.82 2.82 2.71 2.74 2.75 2.8 2.74 2.79 2.77 2.74 2.77 2.75 2.79 2.8 100.0 83.45 1e-06 0.01 256
1.26 2.8 2.94 2.85 2.89 2.9 2.87 2.83 2.86 2.84 2.91 2.89 2.92 2.85 2.9 2.93 2.88 2.84 2.9 2.94 2.85 100.0 83.59 1e-07 0.01 256
1.26 2.79 2.89 2.79 2.87 2.92 2.73 2.76 2.72 2.71 2.79 2.73 2.69 2.69 2.75 2.73 2.73 2.75 2.7 2.7 2.74 100.0 85.75 1e-05 0.001 1024
1.26 2.94 2.77 2.78 2.75 2.8 2.76 2.78 2.78 2.77 2.78 2.75 2.74 2.75 2.75 2.73 2.75 2.76 2.76 2.77 2.74 100.0 85.91 1e-06 0.001 1024
1.26 2.58 2.71 2.81 2.83 2.82 2.81 2.82 2.82 2.81 2.81 2.81 2.82 2.85 2.81 2.78 2.8 2.82 2.85 2.81 2.81 100.0 86.03 1e-07 0.001 1024
1.26 2.83 2.68 2.68 2.82 2.84 2.71 2.7 2.72 2.75 2.73 2.71 2.76 2.71 2.77 2.64 2.72 2.72 2.69 2.7 2.68 100.0 86.6 1e-05 0.001 512
1.26 2.65 2.82 2.77 2.92 2.89 2.69 2.73 2.74 2.71 2.74 2.74 2.76 2.84 2.77 2.75 2.78 2.83 2.81 2.83 2.81 100.0 86.45 1e-06 0.001 512
1.26 2.77 2.65 2.73 2.78 2.78 2.77 2.76 2.79 2.8 2.77 2.81 2.81 2.86 2.81 2.85 2.82 2.82 2.82 2.83 2.88 100.0 86.94 1e-07 0.001 512
1.26 2.79 2.67 2.67 2.78 2.59 2.62 2.62 2.71 2.55 2.63 2.59 2.52 2.61 2.56 2.58 2.55 2.52 2.57 2.56 2.58 100.0 86.12 1e-05 0.001 256
1.26 2.86 2.74 2.62 2.59 2.74 2.71 2.68 2.63 2.65 2.63 2.65 2.68 2.63 2.61 2.64 2.63 2.66 2.61 2.63 2.6 100.0 86.68 1e-06 0.001 256
1.26 2.81 2.76 2.8 2.64 2.72 2.72 2.67 2.69 2.71 2.64 2.69 2.68 2.64 2.63 2.64 2.58 2.63 2.62 2.7 2.62 100.0 86.36 1e-07 0.001 256
