1.84 1.01 1.89 1.09 3.39 3.45 3.66 3.71 4.03 4.3 4.0 4.59 4.8 5.3 5.35 4.69 5.25 5.35 5.31 5.21 4.93 24.304 24.15 1e-06 0.1 1024
1.84 3.72 3.31 3.2 3.2 2.96 6.03 5.9 4.78 3.96 3.86 4.13 3.36 3.35 3.53 3.6 3.47 3.48 3.46 3.56 3.7 28.042 28.55 1e-07 0.1 1024
1.84 3.37 1.0 1.12 2.65 1.11 2.04 3.76 3.57 3.3 2.99 3.24 3.53 3.41 3.45 3.48 3.45 3.54 3.47 3.52 3.45 55.574 51.46 1e-05 0.1 1024
1.84 3.46 1.19 1.01 1.06 1.01 1.02 1.01 4.18 3.41 3.09 3.75 3.94 4.01 3.78 3.95 4.07 3.9 3.93 4.03 3.96 49.912 47.23 1e-05 0.1 512
1.84 3.11 3.29 1.0 1.0 1.0 1.0 1.0 3.51 3.71 4.07 4.12 3.83 3.34 3.25 3.24 3.19 3.32 3.36 3.31 1.06 74.062 69.71 1e-06 0.1 256
1.84 3.06 1.0 3.65 3.55 3.83 3.88 3.81 4.87 4.04 3.77 3.76 3.84 3.69 3.55 3.66 3.76 3.69 3.73 3.63 3.68 78.98 63.88 1e-07 0.1 512
1.84 3.15 3.07 3.37 3.04 3.08 3.01 2.89 3.02 3.02 2.9 3.03 3.05 3.13 3.08 3.13 3.13 3.12 3.11 3.11 3.07 100.0 79.76 1e-05 0.01 1024
1.84 3.56 3.23 3.69 3.8 1.0 1.0 1.0 1.0 3.15 3.29 3.31 3.16 3.43 3.27 3.25 3.38 3.44 3.48 3.36 3.59 96.984 73.23 1e-05 0.1 256
1.84 3.05 3.05 3.16 3.11 3.1 2.85 2.89 2.91 2.91 3.03 3.04 3.08 3.02 3.01 3.09 3.08 3.1 3.13 3.08 3.07 99.99 80.85 1e-06 0.01 1024
1.84 3.25 1.33 1.05 1.11 1.04 1.05 1.23 1.1 1.09 1.22 1.14 1.14 1.28 1.34 5.34 7.31 7.29 7.21 7.06 7.14 17.182 16.57 1e-06 0.1 512
1.84 3.02 2.91 3.13 2.99 3.0 2.94 2.99 2.87 2.92 2.84 2.88 2.88 2.89 2.86 2.86 2.87 2.88 2.84 2.89 2.89 99.994 78.58 1e-07 0.01 1024
1.84 3.65 1.45 1.31 1.0 1.01 1.1 1.05 1.13 2.08 3.0 3.21 3.92 4.36 4.42 3.93 3.95 4.27 4.14 4.28 4.45 43.496 43.09 1e-07 0.1 256
1.84 2.99 3.08 3.06 3.07 3.23 3.16 3.04 2.99 3.23 2.96 2.91 2.88 2.95 2.9 2.98 2.93 3.0 2.96 2.95 2.99 100.0 80.71 1e-05 0.01 512
1.84 3.12 3.05 2.96 2.89 3.22 3.02 2.99 2.98 3.09 3.09 3.01 2.96 3.01 2.98 3.03 3.01 3.04 2.97 3.07 3.01 100.0 80.28 1e-06 0.01 512
1.84 3.02 2.65 2.72 2.64 2.59 2.61 2.57 2.58 2.6 2.58 2.57 2.52 2.55 2.56 2.54 2.58 2.52 2.54 2.55 2.54 100.0 84.75 1e-05 0.001 1024
1.84 3.19 3.17 3.06 3.03 3.1 3.11 3.18 3.17 3.1 3.11 3.09 3.06 2.98 3.07 3.04 3.05 3.02 2.99 3.01 3.02 100.0 81.75 1e-07 0.01 512
1.84 2.76 2.73 2.93 2.63 2.8 2.83 2.79 2.81 2.76 2.77 2.8 2.81 2.79 2.77 2.78 2.77 2.77 2.76 2.79 2.74 99.998 84.53 1e-07 0.001 1024
1.84 3.01 3.02 3.1 3.3 3.13 3.1 3.05 3.04 3.1 3.15 3.13 3.17 3.11 3.16 3.31 3.16 3.15 3.08 3.09 3.1 100.0 80.28 1e-06 0.01 256
1.84 2.89 2.92 2.74 2.66 2.76 2.71 2.71 2.71 2.64 2.72 2.69 2.65 2.64 2.69 2.69 2.64 2.64 2.66 2.63 2.69 99.998 84.58 1e-06 0.001 1024
1.84 2.85 2.73 3.22 2.93 3.17 2.88 2.97 2.87 3.04 3.04 3.11 3.07 3.17 3.16 3.17 3.04 3.05 3.01 3.02 3.09 100.0 81.43 1e-07 0.01 256
1.84 2.86 2.58 2.74 2.73 2.54 2.56 2.65 2.64 2.63 2.66 2.63 2.67 2.63 2.63 2.59 2.7 2.59 2.57 2.59 2.61 100.0 85.62 1e-05 0.001 512
1.84 2.86 2.75 2.73 2.58 2.71 2.67 2.71 2.67 2.62 2.62 2.61 2.61 2.6 2.58 2.6 2.61 2.58 2.62 2.56 2.59 100.0 86.42 1e-06 0.001 512
1.84 2.72 2.67 2.61 2.71 2.52 2.53 2.5 2.53 2.61 2.56 2.55 2.57 2.56 2.6 2.55 2.55 2.55 2.59 2.55 2.56 100.0 86.5 1e-07 0.001 512
2.28 4.76 3.87 3.59 3.27 3.24 3.77 3.73 3.91 3.71 3.54 3.66 3.69 3.77 3.65 3.75 3.68 3.71 3.77 3.73 3.77 100.0 65.08 1e-05 0.1 1024
1.84 2.94 3.01 3.15 3.0 2.94 2.87 2.96 2.9 2.97 2.99 2.95 2.88 2.98 2.86 2.98 2.97 2.99 2.97 2.92 2.98 100.0 83.07 1e-05 0.01 256
2.28 3.18 3.72 3.87 3.85 3.61 4.23 3.84 3.37 3.89 4.56 4.72 4.75 4.54 4.51 4.71 4.96 4.82 4.78 4.84 4.82 23.672 23.97 1e-07 0.1 1024
1.84 2.81 2.72 2.54 2.77 2.73 2.5 2.53 2.64 2.57 2.65 2.66 2.69 2.71 2.7 2.67 2.71 2.68 2.61 2.66 2.66 100.0 87.3 1e-06 0.001 256
2.28 4.35 4.12 3.55 4.83 4.26 4.09 3.83 3.94 4.24 4.05 3.86 4.14 3.97 4.31 4.22 4.49 4.52 4.32 4.35 4.19 63.828 54.35 1e-06 0.1 1024
1.84 2.81 2.61 2.82 2.64 2.67 2.72 2.59 2.6 2.68 2.63 2.59 2.68 2.66 2.69 2.64 2.67 2.65 2.61 2.68 2.67 100.0 86.77 1e-07 0.001 256
1.84 2.64 2.67 2.54 2.8 2.71 2.64 2.68 2.67 2.72 2.7 2.72 2.75 2.75 2.7 2.83 2.71 2.76 2.8 2.78 2.83 100.0 86.05 1e-05 0.001 256
2.28 1.02 1.0 1.08 1.18 1.03 1.0 1.02 1.03 1.04 1.03 1.05 1.03 1.04 1.03 1.06 1.06 1.04 1.06 1.08 1.07 10.066 10.04 1e-07 0.1 512
2.28 5.11 3.56 3.8 2.9 3.16 3.44 3.44 3.26 3.69 3.42 3.6 3.73 3.74 3.51 3.57 3.49 3.59 3.51 3.45 3.52 100.0 73.4 1e-05 0.1 512
2.28 3.3 3.19 3.47 3.34 3.34 3.04 3.04 3.08 3.12 3.1 3.14 3.2 3.18 3.17 3.13 3.18 3.2 3.19 3.13 3.19 100.0 76.07 1e-05 0.01 1024
2.28 2.21 2.62 2.87 3.35 3.78 4.16 3.84 3.83 3.96 4.25 4.19 4.18 4.16 4.22 4.09 4.27 4.37 4.36 4.36 4.28 99.996 61.35 1e-06 0.1 512
2.28 3.09 3.14 3.07 3.4 3.24 3.06 3.07 3.0 3.05 2.97 3.0 3.01 3.0 3.01 3.06 3.0 3.04 3.07 3.1 3.11 100.0 81.4 1e-07 0.01 512
2.28 1.0 1.12 1.0 1.0 1.39 1.0 1.0 1.0 1.0 3.61 4.27 3.55 3.75 3.31 3.6 3.56 3.52 3.46 3.5 3.35 70.244 63.17 1e-06 0.1 256
2.28 3.01 2.75 2.8 2.96 2.69 2.73 2.69 2.66 2.68 2.69 2.69 2.71 2.67 2.7 2.7 2.67 2.67 2.7 2.68 2.67 100.0 85.01 1e-07 0.001 1024
2.28 1.08 1.0 2.04 1.0 1.78 1.0 3.95 2.93 3.36 3.09 3.2 3.12 3.6 3.53 3.64 3.65 3.7 3.87 3.74 3.92 99.818 71.71 1e-05 0.1 256
2.28 2.99 3.36 3.2 3.29 3.42 3.17 3.24 3.11 3.23 3.33 3.44 3.29 3.2 3.24 3.16 3.18 3.19 3.06 3.18 3.14 100.0 78.86 1e-06 0.01 256
2.28 3.13 3.15 3.19 3.31 2.95 2.92 2.89 2.94 2.95 3.05 3.01 2.94 2.98 2.98 2.96 3.0 2.89 2.9 2.93 2.99 100.0 79.4 1e-05 0.01 512
2.28 3.57 3.49 3.71 3.64 1.0 1.0 1.0 1.0 1.0 1.0 1.0 1.0 1.0 1.0 3.45 3.31 3.24 3.2 3.22 3.13 58.1 55.19 1e-07 0.1 256
2.28 2.83 2.87 2.8 2.81 2.91 2.77 2.79 2.73 2.81 2.79 2.78 2.75 2.84 2.73 2.79 2.7 2.81 2.78 2.78 2.76 100.0 86.53 1e-06 0.001 512
2.28 3.1 3.37 3.19 3.25 3.37 3.07 3.31 3.0 3.26 3.13 3.08 3.23 3.25 3.11 3.13 3.0 3.09 3.05 3.06 3.11 100.0 79.56 1e-05 0.01 256
2.28 2.74 2.77 2.79 2.94 2.75 2.65 2.66 2.7 2.72 2.78 2.67 2.7 2.71 2.62 2.73 2.67 2.76 2.67 2.74 2.67 100.0 86.95 1e-07 0.001 256
2.28 2.89 2.74 2.85 2.8 2.93 2.78 2.79 2.68 2.76 2.66 2.76 2.75 2.77 2.88 2.78 2.75 2.74 2.79 2.78 2.73 100.0 86.51 1e-05 0.001 256
2.28 2.81 2.72 2.74 2.75 2.59 2.68 2.6 2.6 2.74 2.73 2.66 2.76 2.72 2.67 2.62 2.67 2.66 2.71 2.64 2.64 100.0 86.89 1e-06 0.001 256
1.0 1.05 1.01 3.75 2.99 4.43 4.31 4.02 3.6 3.59 3.82 4.14 3.87 3.99 4.19 4.05 4.35 4.66 4.51 4.43 4.31 77.57 55.43 1e-05 0.1 1024
1.0 1.06 1.0 1.02 1.1 1.0 1.02 2.0 3.87 3.29 4.88 4.12 4.26 3.97 4.22 4.16 4.32 4.25 4.31 4.26 4.2 40.118 40.26 1e-06 0.1 1024
1.0 4.1 1.01 1.12 1.23 1.0 1.0 1.0 1.0 1.11 1.05 1.11 1.1 1.13 1.15 1.13 1.14 1.17 1.13 1.13 1.14 10.736 10.71 1e-07 0.1 1024
1.0 3.48 2.93 3.41 3.04 2.97 3.27 3.26 3.41 3.47 3.47 3.49 3.48 3.36 3.23 3.46 3.39 3.38 3.34 3.36 3.4 100.0 76.64 1e-05 0.1 512
1.0 3.94 3.63 3.32 1.7 1.0 1.0 1.0 1.0 1.0 1.18 1.87 3.38 3.59 3.73 3.49 3.71 3.7 3.82 3.66 3.63 40.844 40.39 1e-06 0.1 512
1.0 1.0 2.07 1.1 2.57 1.0 3.17 3.07 3.73 3.41 3.9 4.26 4.14 3.93 4.21 4.29 4.25 4.24 4.34 4.32 4.4 34.316 34.05 1e-07 0.1 512
1.0 2.77 3.61 1.0 1.0 1.0 2.88 3.23 3.15 3.41 3.31 3.46 3.35 3.38 3.53 3.47 3.37 3.36 3.41 3.32 3.4 99.998 75.23 1e-05 0.1 256
1.0 2.86 3.94 1.97 1.38 2.1 3.55 3.79 3.23 3.32 3.07 3.29 3.34 3.61 3.75 3.67 3.78 3.68 3.6 3.13 3.64 92.812 70.01 1e-06 0.1 256
1.0 1.13 1.08 1.0 1.93 3.53 2.76 3.45 2.98 4.01 4.9 3.94 5.21 4.73 4.6 3.74 3.77 3.74 3.92 3.91 3.95 50.73 49.28 1e-07 0.1 256
1.0 3.2 3.02 3.25 3.1 2.96 2.93 3.01 3.01 3.05 3.01 2.91 2.98 3.04 3.05 2.98 3.0 3.04 3.07 3.0 3.01 100.0 81.51 1e-05 0.01 1024
1.0 3.47 3.09 3.0 3.18 3.06 3.26 3.15 3.2 3.19 3.13 3.13 3.05 3.04 3.06 3.11 3.1 3.09 3.2 3.1 3.06 100.0 77.04 1e-06 0.01 1024
1.0 3.18 2.93 3.2 3.07 3.2 3.0 2.99 3.03 3.09 3.04 3.19 3.04 3.06 3.06 3.11 3.05 3.18 3.06 3.05 3.05 100.0 77.93 1e-07 0.01 1024
1.0 2.87 3.11 2.85 3.02 3.04 2.68 2.71 2.72 2.85 2.94 2.94 3.0 3.03 2.9 2.85 2.85 2.91 2.92 2.91 2.86 100.0 82.62 1e-05 0.01 512
1.0 3.23 3.0 3.09 3.1 3.32 3.05 2.99 2.99 2.97 3.03 2.97 3.03 3.07 2.95 2.97 3.03 3.01 3.01 3.0 2.98 100.0 81.54 1e-06 0.01 512
1.0 3.17 2.94 3.07 3.18 3.12 3.04 2.95 3.0 2.98 2.97 2.94 2.92 2.93 2.87 2.96 2.87 2.92 2.9 2.84 2.85 100.0 81.17 1e-07 0.01 512
1.0 3.09 2.95 2.86 2.95 3.11 2.97 2.85 2.96 2.73 2.94 2.96 2.94 2.95 2.92 2.84 2.84 2.85 2.86 2.89 2.96 100.0 83.39 1e-05 0.01 256
1.0 3.01 3.17 3.19 3.25 3.02 3.04 3.01 2.93 2.89 3.01 3.07 3.01 2.96 2.93 3.04 3.05 2.98 3.0 2.98 3.03 100.0 83.07 1e-06 0.01 256
1.0 3.03 3.03 2.88 3.12 3.28 3.02 2.95 2.97 2.95 2.84 2.85 2.94 2.95 2.92 2.84 2.88 2.89 2.94 2.98 2.93 100.0 83.17 1e-07 0.01 256
1.0 2.96 2.51 2.9 2.69 2.62 2.73 2.69 2.74 2.78 2.76 2.75 2.79 2.75 2.82 2.76 2.77 2.84 2.74 2.82 2.77 100.0 85.32 1e-05 0.001 1024
1.0 3.0 2.81 2.87 3.01 2.77 2.72 2.74 2.74 2.74 2.75 2.76 2.76 2.75 2.75 2.73 2.73 2.74 2.74 2.73 2.75 100.0 85.22 1e-06 0.001 1024
1.0 2.84 2.77 2.79 2.76 2.77 2.7 2.73 2.73 2.72 2.72 2.73 2.74 2.73 2.74 2.74 2.75 2.74 2.75 2.78 2.75 100.0 85.52 1e-07 0.001 1024
1.0 2.78 2.72 2.69 2.82 2.69 2.57 2.51 2.54 2.59 2.63 2.51 2.64 2.64 2.57 2.59 2.62 2.58 2.63 2.58 2.61 100.0 86.44 1e-05 0.001 512
1.0 2.76 2.88 2.74 2.73 2.86 2.75 2.79 2.73 2.76 2.67 2.68 2.68 2.7 2.67 2.68 2.64 2.66 2.68 2.64 2.7 100.0 86.7 1e-06 0.001 512
1.0 2.89 2.75 2.64 2.82 2.64 2.71 2.65 2.69 2.68 2.62 2.61 2.65 2.6 2.61 2.62 2.58 2.61 2.6 2.59 2.63 100.0 86.47 1e-07 0.001 512
1.0 2.72 2.9 2.68 2.68 2.64 2.63 2.57 2.65 2.57 2.61 2.57 2.77 2.63 2.62 2.62 2.64 2.59 2.61 2.65 2.62 100.0 85.39 1e-05 0.001 256
1.0 2.79 2.89 2.73 2.73 2.61 2.76 2.71 2.72 2.64 2.61 2.63 2.64 2.71 2.64 2.62 2.64 2.66 2.63 2.64 2.63 100.0 86.47 1e-06 0.001 256
1.0 2.79 2.69 2.53 2.73 2.8 2.57 2.61 2.65 2.54 2.65 2.65 2.61 2.69 2.64 2.69 2.71 2.62 2.67 2.64 2.67 100.0 87.12 1e-07 0.001 256
