1.0 3.64 3.32 3.55 3.68 3.31 3.47 3.43 3.45 3.4 3.29 3.4 3.35 3.24 3.39 3.33 3.37 3.42 3.41 3.36 3.35 99.996 81.4 1e-07 0.1 1024
1.0 3.08 2.95 3.02 3.11 2.83 3.09 3.08 2.84 3.0 2.99 3.16 2.98 3.08 3.11 3.13 3.24 3.21 3.23 3.2 3.08 99.998 85.21 1e-05 0.1 512
1.0 3.87 3.47 3.45 3.28 3.35 3.52 3.56 3.57 3.48 3.27 3.18 3.26 3.28 3.23 3.21 3.17 3.21 3.19 3.29 3.29 100.0 84.76 1e-06 0.1 512
1.0 3.71 3.38 1.47 3.54 3.38 3.36 3.33 3.34 3.32 3.19 3.18 3.09 3.07 3.11 3.04 3.06 3.1 3.08 3.02 3.15 100.0 83.08 1e-06 0.1 1024
1.0 3.23 3.15 3.51 3.39 3.22 3.4 3.28 3.58 3.17 3.47 3.48 3.38 3.64 3.41 3.4 3.33 3.49 3.49 3.54 3.46 99.992 85.65 1e-06 0.1 256
1.0 2.84 2.73 3.06 3.01 3.03 2.96 3.0 3.05 2.97 3.03 2.99 3.0 2.89 2.95 2.97 2.98 2.93 2.93 3.02 2.83 99.998 85.33 1e-07 0.1 256
1.0 3.43 3.36 3.66 3.44 3.16 3.06 3.12 3.3 3.35 3.25 3.11 3.1 3.11 3.15 3.19 3.08 3.16 3.15 3.11 3.12 100.0 83.41 1e-07 0.1 512
1.0 2.77 3.02 2.85 3.26 2.99 3.05 3.06 3.04 3.02 3.06 3.03 3.1 3.11 3.14 2.97 3.09 3.14 3.04 3.09 3.04 100.0 84.51 1e-06 0.01 512
1.0 2.87 2.97 2.92 2.88 2.76 2.76 2.74 2.8 2.82 3.12 2.97 3.03 3.01 3.1 3.08 3.07 3.1 3.14 3.08 3.04 100.0 83.95 1e-05 0.01 512
1.0 3.09 2.95 3.26 3.1 2.98 3.05 3.17 3.14 3.19 3.36 3.27 3.31 3.35 3.34 3.22 3.36 3.28 3.43 3.45 3.45 99.134 80.29 1e-05 0.1 256
1.0 2.95 2.82 3.08 2.89 2.96 2.84 2.73 2.84 2.93 2.83 2.94 2.82 2.85 2.9 2.93 2.92 2.95 2.95 3.01 2.9 100.0 84.98 1e-05 0.01 256
1.0 5.07 5.31 4.72 4.15 4.36 4.47 4.58 4.48 4.39 4.46 4.44 4.52 4.52 4.42 4.5 4.55 4.47 4.43 4.51 4.54 100.0 68.54 1e-07 0.001 1024
1.0 2.99 2.92 2.96 3.07 2.92 2.94 2.88 2.78 3.03 2.97 3.02 2.98 2.99 2.96 3.02 2.97 2.98 2.96 2.91 2.99 100.0 85.31 1e-06 0.01 256
1.0 4.22 4.37 3.93 3.66 3.58 3.37 3.38 3.39 3.35 3.37 3.38 3.33 3.34 3.35 3.39 3.31 3.36 3.39 3.31 3.34 100.0 73.7 1e-05 0.001 512
1.0 3.05 2.96 2.8 2.93 2.89 2.92 2.96 2.87 2.84 2.96 2.89 2.93 2.9 2.85 2.81 2.78 2.83 2.85 2.83 2.83 100.0 85.28 1e-07 0.01 256
1.0 4.39 3.76 3.78 3.48 3.89 3.62 3.48 3.57 3.69 3.64 3.67 3.59 3.65 3.61 3.62 3.63 3.58 3.59 3.63 3.6 99.996 79.07 1e-07 0.1 1024
1.0 3.57 3.52 3.52 3.31 3.01 3.03 3.07 3.0 2.94 2.94 2.85 3.0 2.93 2.92 3.04 2.94 3.02 3.08 2.99 3.01 100.0 77.06 1e-05 0.001 256
1.0 3.71 3.25 3.47 3.34 3.16 3.14 3.16 3.25 3.13 3.09 3.16 3.21 3.19 3.21 3.2 3.19 3.22 3.22 3.2 3.19 100.0 77.28 1e-06 0.001 256
1.0 3.12 3.13 3.11 3.12 3.14 3.13 3.11 3.11 3.25 3.14 3.18 3.14 3.16 3.14 3.14 3.19 3.14 3.14 3.18 3.15 100.0 82.3 1e-05 0.01 1024
1.0 3.49 3.33 2.93 3.29 3.36 3.57 3.54 3.68 3.75 3.62 3.62 3.78 3.88 3.88 3.74 3.83 3.76 3.83 3.91 3.87 99.984 83.52 1e-05 0.1 512
1.0 1.02 1.02 1.0 1.0 1.0 5.46 4.01 3.84 3.82 3.61 3.35 3.23 3.44 3.44 3.46 3.37 3.42 3.36 3.4 3.46 100.0 77.05 1e-07 0.1 512
1.0 3.59 3.42 3.43 3.41 3.14 3.27 3.21 3.07 3.19 3.21 3.18 3.13 3.21 3.22 3.18 3.25 3.13 3.13 3.22 3.18 100.0 77.82 1e-07 0.001 256
1.0 3.07 3.23 3.07 2.94 3.02 3.07 3.06 3.04 3.1 3.07 3.12 3.08 3.09 3.1 3.06 3.07 3.09 3.04 3.08 3.05 100.0 82.81 1e-06 0.01 1024
1.0 3.05 2.94 2.89 3.01 3.12 3.07 3.01 3.01 3.02 3.01 3.02 2.96 2.97 2.89 3.0 3.04 2.96 2.95 2.94 2.93 100.0 84.24 1e-06 0.01 512
1.0 3.02 3.16 2.88 2.94 3.22 3.04 3.0 2.92 3.04 2.98 3.01 2.97 3.01 2.96 2.97 3.0 3.02 2.97 2.95 2.98 100.0 84.55 1e-05 0.01 512
1.0 3.27 3.44 3.91 3.27 3.28 3.21 3.2 3.45 3.49 3.25 3.3 3.44 3.41 3.31 3.37 3.44 3.26 3.28 3.51 3.39 87.444 76.46 1e-05 0.1 256
1.0 3.01 3.0 2.98 3.28 3.14 2.9 2.97 3.12 2.91 3.11 3.0 3.09 3.19 3.15 3.06 2.95 3.23 3.1 3.21 3.2 99.998 85.13 1e-07 0.1 256
1.0 3.09 3.22 3.01 3.02 2.96 3.39 3.33 3.54 3.26 3.23 3.29 3.29 3.43 3.43 3.34 3.32 3.41 3.41 3.4 3.48 99.988 85.05 1e-06 0.1 256
1.0 2.84 3.01 2.98 3.0 2.95 2.86 3.0 2.85 2.94 3.04 3.13 3.03 3.07 3.12 3.02 3.06 3.1 3.05 3.04 3.08 100.0 85.14 1e-07 0.01 256
1.0 2.69 3.06 3.22 3.11 3.03 2.91 3.04 3.01 2.99 2.99 2.95 2.94 2.97 3.07 2.95 2.93 3.0 2.9 3.18 3.05 100.0 85.1 1e-06 0.01 256
1.0 4.49 4.42 4.11 3.89 3.86 3.67 3.76 3.72 3.65 3.62 3.61 3.58 3.62 3.73 3.58 3.54 3.58 3.57 3.69 3.53 100.0 74.51 1e-06 0.001 512
1.0 4.89 4.57 4.39 3.7 3.72 3.67 3.55 3.67 3.67 3.48 3.49 3.59 3.59 3.39 3.51 3.45 3.42 3.44 3.5 3.47 100.0 74.67 1e-05 0.001 512
1.0 3.73 3.27 3.34 3.36 3.2 3.06 3.09 3.01 3.18 3.19 3.39 3.4 3.29 3.3 3.35 3.19 3.34 3.35 3.34 3.25 100.0 78.46 1e-06 0.001 256
1.0 3.7 3.2 3.31 3.25 3.23 3.21 3.26 3.1 3.19 3.25 3.33 3.27 3.16 3.16 3.27 3.27 3.27 3.16 3.26 3.26 100.0 78.11 1e-05 0.001 256
