1.0 2.77 3.2 3.01 2.79 2.99 3.14 3.08 3.14 2.98 3.05 3.0 2.99 3.02 3.06 3.01 3.04 3.02 3.02 3.08 3.16 100.0 82.95 1e-05 0.01 512
1.0 2.88 2.98 2.95 2.94 2.95 2.87 2.94 2.9 2.91 2.96 2.98 2.97 2.97 3.02 2.96 2.97 2.99 2.96 2.93 2.92 100.0 84.31 1e-07 0.001 1024
1.0 2.83 3.05 1.12 2.85 2.65 3.26 3.4 3.33 3.44 3.71 3.19 3.19 3.38 3.67 3.47 3.44 3.43 3.61 3.57 3.55 100.0 77.26 1e-05 0.1 512
1.0 2.86 3.22 3.27 3.15 3.11 3.07 3.03 3.02 3.02 3.05 2.96 3.05 3.16 3.18 3.14 3.17 3.16 3.19 3.19 3.18 100.0 80.46 1e-06 0.01 512
1.0 3.11 2.9 2.85 2.96 3.21 3.17 3.09 2.91 2.93 2.97 2.85 2.95 2.86 2.99 2.93 2.95 3.01 3.06 2.98 2.88 100.0 81.9 1e-05 0.01 256
1.0 2.87 2.67 2.83 2.8 2.88 2.73 2.75 2.75 2.76 2.73 2.74 2.74 2.84 2.67 2.83 2.73 2.76 2.72 2.76 2.78 100.0 86.01 1e-05 0.001 256
1.0 2.72 2.84 2.9 2.87 2.77 2.7 2.8 2.76 2.82 2.71 2.78 2.75 2.71 2.72 2.65 2.66 2.65 2.73 2.7 2.72 100.0 86.06 1e-06 0.001 512
1.0 3.24 3.05 3.21 3.24 3.11 3.25 3.19 3.17 3.18 3.26 3.12 3.17 3.25 3.32 3.15 3.22 3.18 3.29 3.16 3.24 100.0 77.79 1e-06 0.01 256
1.0 2.86 2.83 2.93 2.74 2.75 2.82 2.88 2.77 2.75 2.74 2.76 2.75 2.74 2.68 2.7 2.74 2.75 2.79 2.75 2.74 100.0 85.67 1e-07 0.001 512
1.0 3.03 3.13 3.3 3.14 3.07 2.99 3.03 3.04 3.06 3.06 3.1 3.09 3.1 3.1 3.07 3.05 3.09 3.08 3.05 3.06 100.0 80.05 1e-07 0.01 1024
1.0 3.1 2.93 2.87 3.0 3.08 2.87 2.92 2.92 2.96 3.07 2.95 3.02 2.98 3.11 3.04 3.1 3.15 3.06 3.07 3.06 100.0 81.04 1e-07 0.01 256
1.0 3.06 2.96 2.83 3.0 3.16 2.82 2.76 2.87 2.81 2.82 2.79 2.84 2.76 2.72 2.72 2.7 2.7 2.78 2.72 2.75 100.0 84.91 1e-05 0.001 512
1.0 2.71 3.15 3.37 2.99 3.15 3.08 3.11 3.11 3.04 3.15 3.11 3.19 3.15 3.14 3.1 3.21 3.16 3.15 3.18 3.21 100.0 77.57 1e-07 0.1 512
1.0 2.76 2.83 2.79 2.7 2.84 2.77 2.76 2.71 2.63 2.65 2.57 2.65 2.65 2.69 2.62 2.59 2.68 2.65 2.67 2.72 100.0 86.57 1e-06 0.001 256
1.0 3.03 3.08 3.14 2.97 2.97 2.73 2.77 2.8 2.75 2.81 2.8 2.83 2.83 2.82 2.81 2.76 2.82 2.87 2.8 2.79 100.0 84.96 1e-06 0.001 1024
1.0 2.88 2.72 2.78 3.01 3.01 3.19 3.13 3.15 3.43 3.48 3.72 3.55 3.53 3.57 3.6 3.67 3.61 3.67 3.5 3.64 99.934 73.62 1e-05 0.1 256
1.0 2.8 2.74 2.73 2.75 2.76 2.68 2.72 2.68 2.81 2.86 2.79 2.72 2.77 2.78 2.73 2.75 2.76 2.74 2.76 2.75 100.0 86.99 1e-07 0.001 256
1.0 3.1 3.14 2.97 3.04 3.12 3.25 3.35 3.42 3.16 3.29 3.28 3.32 3.26 3.26 3.22 3.21 3.19 3.33 3.21 3.33 100.0 77.92 1e-06 0.1 512
1.0 3.01 3.18 3.15 3.42 3.36 3.32 3.15 3.22 3.22 3.32 3.25 3.22 3.29 3.33 3.26 3.29 3.29 3.43 3.32 3.31 100.0 78.96 1e-06 0.01 512
1.0 2.83 2.8 3.03 2.83 2.96 3.09 3.1 3.1 2.99 2.95 2.96 2.96 2.89 2.95 2.9 2.87 2.87 2.96 2.88 2.92 100.0 85.88 1e-05 0.001 512
1.0 3.1 2.99 2.69 2.95 2.46 3.06 3.36 3.54 3.57 3.55 3.56 3.41 3.55 3.54 3.52 3.61 3.57 3.45 3.47 3.56 100.0 76.13 1e-05 0.1 512
1.0 3.17 2.85 2.91 2.84 2.89 2.99 3.05 2.98 2.98 2.8 2.94 2.9 2.87 2.93 2.94 2.84 2.81 2.85 2.87 2.93 100.0 85.71 1e-07 0.001 256
1.0 3.0 3.09 2.89 3.11 3.13 3.26 3.14 3.14 3.18 3.04 3.02 3.03 3.04 3.08 3.05 2.95 2.95 2.96 2.94 3.02 100.0 82.21 1e-07 0.1 256
1.0 2.84 3.0 3.01 3.18 3.02 3.22 3.41 3.18 3.34 3.29 3.24 3.33 3.21 3.31 3.28 3.32 3.3 3.27 3.23 3.26 100.0 81.17 1e-06 0.1 256
1.0 3.12 3.26 3.07 3.37 3.45 3.32 3.29 3.31 3.33 3.36 3.24 3.34 3.33 3.3 3.31 3.26 3.21 3.19 3.23 3.22 100.0 78.26 1e-07 0.01 512
1.0 3.05 2.99 3.16 3.27 3.21 3.29 3.22 3.21 3.16 3.22 3.17 3.23 3.15 3.22 3.19 3.2 3.15 3.13 3.09 3.26 100.0 80.63 1e-05 0.01 512
1.0 3.05 3.16 3.26 3.63 3.42 3.29 3.24 3.41 3.21 3.28 3.33 3.31 3.43 3.48 3.46 3.53 3.48 3.42 3.56 3.43 100.0 78.43 1e-05 0.01 256
1.0 3.2 2.94 3.06 2.95 2.82 2.87 2.89 2.9 2.91 2.92 2.89 2.91 2.9 2.91 2.97 2.89 2.9 2.97 2.95 2.96 100.0 84.47 1e-07 0.001 1024
1.0 2.96 2.9 2.89 2.83 3.08 2.76 2.81 2.87 2.85 2.88 2.83 2.87 2.88 2.9 2.97 2.81 2.89 2.9 2.9 2.91 100.0 85.67 1e-07 0.001 512
1.0 2.8 2.86 3.14 2.91 2.8 2.81 2.83 2.87 2.86 2.77 2.8 2.78 2.83 2.87 2.84 2.77 2.81 2.81 2.79 2.8 100.0 85.35 1e-05 0.001 256
1.0 2.89 3.14 2.96 3.08 3.04 3.03 3.02 3.06 3.06 3.18 3.2 3.13 3.06 3.14 3.07 3.11 3.12 3.09 3.13 3.1 100.0 81.75 1e-06 0.01 256
1.0 2.87 3.11 3.14 3.22 3.33 3.16 3.2 3.1 3.1 3.08 3.15 3.11 3.16 3.15 3.11 3.12 3.15 3.11 3.09 3.14 100.0 80.55 1e-07 0.01 256
1.0 3.04 2.96 3.03 3.0 3.01 2.96 2.93 2.88 2.92 2.8 2.82 2.91 2.85 2.91 2.85 2.86 2.84 2.9 2.84 2.92 100.0 86.11 1e-06 0.001 512
1.0 2.96 2.84 2.91 2.99 2.82 2.84 2.89 2.81 2.87 2.8 2.8 2.8 2.81 2.83 2.77 2.83 2.75 2.77 2.76 2.75 100.0 86.1 1e-06 0.001 256
1.0 2.9 2.59 2.93 2.89 2.92 2.98 3.12 3.08 3.05 3.1 2.88 2.97 2.93 2.93 2.9 2.96 2.84 2.93 2.92 2.89 100.0 81.45 1e-05 0.1 1024
1.0 3.46 3.0 3.15 3.11 2.98 3.1 3.12 3.24 3.15 3.01 3.03 3.1 3.04 3.02 3.05 2.98 3.04 3.09 3.09 3.08 100.0 78.74 1e-06 0.1 1024
1.0 2.7 2.97 3.08 2.94 3.08 3.01 3.01 2.98 2.92 3.17 3.04 3.07 2.99 2.99 3.18 3.02 3.08 3.03 3.06 3.06 100.0 79.2 1e-06 0.1 512
1.0 3.16 3.29 3.44 3.4 3.08 3.3 3.19 3.22 3.29 3.28 3.29 3.26 3.31 3.39 3.37 3.27 3.32 3.34 3.3 3.44 100.0 72.6 1e-07 0.1 1024
1.0 2.62 3.06 2.78 2.71 2.91 3.15 3.1 3.19 3.49 3.38 3.48 3.37 3.47 3.43 3.54 3.49 3.42 3.47 3.53 3.46 100.0 77.09 1e-05 0.1 512
1.0 2.95 3.0 3.05 3.01 3.04 2.87 2.91 2.88 2.9 2.89 2.86 2.92 2.85 2.87 2.84 2.83 2.86 2.92 2.9 2.96 100.0 81.33 1e-05 0.01 1024
1.0 2.89 3.09 3.11 3.13 3.21 3.08 3.14 3.09 3.09 3.06 3.03 3.05 3.01 2.99 3.13 3.03 3.07 3.03 3.04 3.04 100.0 80.88 1e-06 0.01 1024
1.0 3.09 2.98 2.99 3.2 3.19 3.09 3.05 3.04 3.03 3.05 3.08 3.09 3.09 3.12 3.05 3.12 3.06 3.1 3.05 3.11 100.0 80.19 1e-07 0.01 1024
1.0 4.22 3.34 3.37 3.58 3.23 3.22 3.15 3.34 3.4 3.37 3.27 3.23 3.25 3.29 3.31 3.3 3.29 3.26 3.28 3.42 100.0 80.12 1e-07 0.1 512
1.0 2.96 3.03 3.23 2.99 3.33 3.27 3.33 3.19 3.29 3.31 3.33 3.35 3.28 3.29 3.37 3.39 3.26 3.18 3.21 3.24 100.0 81.34 1e-06 0.1 256
1.0 3.18 3.01 2.98 2.78 3.12 2.98 3.37 3.46 3.56 3.64 3.83 3.78 3.79 3.89 3.82 3.93 4.03 4.09 4.14 4.12 99.944 73.28 1e-05 0.1 256
1.0 3.05 3.09 2.99 3.0 3.12 2.84 2.82 2.84 2.91 2.89 2.95 3.03 2.97 2.93 2.9 2.93 2.91 2.94 2.98 2.94 100.0 80.65 1e-07 0.1 256
1.0 2.99 2.77 3.05 3.15 3.12 2.88 2.9 2.95 2.96 2.98 2.99 3.01 3.0 3.02 3.01 2.98 2.99 2.99 3.03 3.05 100.0 83.76 1e-05 0.001 1024
1.0 3.06 2.9 2.77 2.82 3.05 2.97 2.91 2.9 2.89 2.83 2.85 2.83 2.8 2.85 2.83 2.83 2.86 2.88 2.84 2.86 100.0 83.47 1e-06 0.001 1024
1.0 2.97 3.18 2.73 2.94 2.82 2.81 2.88 2.77 2.74 2.83 2.8 2.76 2.79 2.78 2.8 2.78 2.79 2.82 2.85 2.8 100.0 83.84 1e-07 0.001 1024
1.0 3.08 3.19 3.23 3.09 3.23 3.1 3.18 3.16 3.08 3.15 3.34 3.29 3.28 3.29 3.17 3.12 3.17 3.17 3.17 3.1 100.0 76.51 1e-06 0.01 512
1.0 2.97 2.97 3.12 3.24 2.77 2.84 2.92 2.92 3.01 2.93 2.98 3.07 3.09 3.04 3.05 3.05 3.03 2.97 3.0 2.98 100.0 77.7 1e-07 0.01 256
1.0 2.93 3.18 3.1 3.06 3.15 3.13 3.1 3.17 3.07 2.96 3.05 2.99 3.07 3.0 3.03 3.11 2.98 2.93 2.99 3.03 100.0 81.18 1e-05 0.01 512
1.0 2.92 3.15 3.06 3.14 3.14 3.03 3.11 3.07 2.96 2.9 3.0 3.01 3.06 3.05 3.1 3.21 3.2 3.18 3.17 3.15 100.0 79.82 1e-06 0.01 256
1.0 3.09 3.25 3.17 3.1 3.3 3.23 3.15 3.24 3.23 3.21 3.29 3.22 3.27 3.21 3.28 3.32 3.34 3.31 3.35 3.31 100.0 76.75 1e-07 0.01 512
1.0 2.86 2.65 2.92 2.82 2.93 2.85 2.88 2.86 3.04 2.9 2.91 2.9 2.91 2.96 2.94 2.97 2.97 2.97 2.94 2.91 100.0 85.86 1e-05 0.001 512
1.0 2.94 3.1 3.19 3.03 3.0 2.96 3.09 2.96 3.06 3.21 3.04 2.99 3.06 3.01 3.01 3.16 3.15 3.12 3.11 3.11 100.0 81.55 1e-05 0.01 256
1.0 2.81 2.91 2.92 2.95 3.05 2.93 2.84 2.9 2.87 2.93 2.88 2.84 2.86 2.9 2.87 2.94 2.99 3.02 2.93 2.9 100.0 86.14 1e-07 0.001 256
1.0 2.96 2.88 2.82 2.95 2.73 2.74 2.82 2.82 2.88 2.84 2.91 2.77 2.87 2.83 2.81 2.82 2.86 2.83 2.83 2.92 100.0 85.62 1e-06 0.001 512
1.0 2.95 3.0 3.12 2.97 2.92 2.96 2.88 2.84 2.93 2.91 2.93 2.88 2.91 2.89 2.91 2.89 2.87 2.88 2.89 2.88 100.0 86.0 1e-07 0.001 512
1.0 2.92 3.02 3.06 2.93 2.85 2.84 2.73 2.91 2.85 2.76 2.82 2.81 2.83 2.81 2.87 2.84 2.83 2.81 2.79 2.78 100.0 85.41 1e-05 0.001 256
1.0 2.72 2.73 2.88 2.88 2.85 2.76 2.6 2.65 2.49 2.61 2.59 2.66 2.68 2.6 2.61 2.65 2.67 2.66 2.65 2.62 100.0 86.42 1e-06 0.001 256
