1.0 2.77 2.77 5.01 4.78 5.74 5.48 5.32 5.45 6.16 5.12 5.44 6.15 6.15 6.35 6.45 6.54 6.54 6.58 6.6 6.56 88.902 69.73 1e-05 0.1 1024
1.0 4.05 3.16 3.54 3.76 3.8 3.54 3.61 3.64 3.67 3.63 3.51 3.58 3.58 3.64 3.69 3.63 3.65 3.66 3.66 3.64 99.998 79.96 1e-07 0.1 1024
1.0 1.01 3.65 3.67 3.51 3.03 3.52 3.6 3.39 3.24 3.27 3.35 3.29 3.33 3.24 3.36 3.38 3.29 3.29 3.34 3.31 99.994 84.58 1e-06 0.1 1024
1.0 4.0 4.14 4.28 5.76 4.87 5.99 5.84 5.43 5.93 5.7 5.55 5.54 5.6 5.61 5.52 5.47 5.41 5.32 5.46 5.43 99.088 76.19 1e-06 0.1 512
1.0 2.96 4.0 3.36 3.61 3.51 3.61 3.38 3.39 3.43 3.45 3.34 3.38 3.6 3.45 3.53 3.54 3.55 3.55 3.57 3.56 99.994 82.76 1e-07 0.1 512
1.0 2.38 4.08 4.06 4.55 4.6 4.01 3.98 3.68 3.71 3.67 3.62 3.72 3.74 3.79 3.98 3.81 3.85 4.08 3.97 4.0 99.792 79.82 1e-05 0.1 512
1.0 3.44 3.21 3.19 3.21 3.16 3.04 3.04 3.03 3.0 3.03 3.04 3.03 3.04 3.02 3.01 3.07 3.04 3.01 3.06 3.07 100.0 86.35 1e-06 0.01 1024
1.0 3.28 3.3 3.33 3.22 3.19 3.07 3.02 3.12 3.13 3.16 3.12 3.11 3.13 3.13 3.13 3.11 3.13 3.13 3.14 3.14 100.0 86.26 1e-07 0.01 1024
1.0 3.91 2.95 2.79 2.93 3.12 2.92 3.01 2.96 3.0 2.75 2.83 2.75 2.83 2.8 2.86 2.86 2.79 2.82 2.81 2.85 100.0 87.31 1e-05 0.01 1024
1.0 3.17 3.46 4.68 3.23 1.77 3.51 3.39 3.22 3.42 3.45 3.46 3.51 3.53 3.87 3.69 3.81 3.92 3.98 4.01 3.83 86.752 70.02 1e-05 0.1 256
1.0 2.99 2.74 2.86 2.83 2.74 2.85 2.85 2.86 2.74 2.75 2.75 2.78 2.74 2.79 2.74 2.72 2.76 2.75 2.74 2.74 100.0 87.12 1e-05 0.001 1024
1.0 3.31 3.39 3.31 3.12 2.85 2.78 2.85 2.82 2.92 2.88 2.86 2.88 2.74 2.88 3.01 2.96 2.91 2.92 2.95 2.91 100.0 86.79 1e-05 0.01 512
1.0 2.75 2.91 2.94 2.84 2.82 2.71 2.68 2.67 2.67 2.68 2.69 2.69 2.67 2.72 2.69 2.7 2.7 2.69 2.69 2.71 100.0 87.42 1e-06 0.001 1024
1.0 3.35 3.32 3.15 3.24 2.97 2.95 3.03 2.98 2.94 2.95 3.0 2.93 2.99 3.03 2.98 2.93 2.99 2.98 2.98 2.98 100.0 87.35 1e-07 0.01 512
1.0 3.32 3.01 2.96 2.99 2.84 2.82 2.88 2.86 3.07 3.03 2.96 2.94 2.97 2.95 2.96 2.99 3.01 2.93 2.97 2.94 100.0 87.22 1e-06 0.01 512
1.0 2.93 3.1 3.98 3.63 3.68 3.61 3.6 3.73 3.91 3.77 3.64 3.67 3.66 3.7 3.69 3.73 3.83 3.89 3.85 3.88 99.956 82.0 1e-06 0.1 256
1.0 3.73 3.22 3.24 3.48 3.59 3.51 3.57 3.6 3.53 3.56 3.48 3.51 3.41 3.49 3.4 3.43 3.42 3.41 3.4 3.44 99.996 82.92 1e-07 0.1 256
1.0 2.99 3.25 3.31 3.57 3.23 3.09 3.09 3.11 3.36 3.09 3.03 2.97 2.94 3.03 3.09 2.92 2.98 2.94 3.01 2.93 99.998 85.94 1e-05 0.01 256
1.0 3.0 2.81 2.92 3.05 3.18 3.02 3.06 2.99 2.95 2.83 2.81 2.87 2.95 2.84 2.81 2.93 2.87 2.88 2.83 2.86 100.0 87.65 1e-07 0.01 256
1.0 2.99 2.79 2.96 2.96 2.96 2.87 2.88 2.88 2.91 2.92 2.92 2.91 2.9 2.88 2.91 2.9 2.87 2.88 2.89 2.92 100.0 87.79 1e-07 0.001 1024
1.0 2.99 3.58 3.99 3.67 3.65 4.16 4.13 3.81 3.7 4.22 3.97 4.19 4.33 4.37 4.3 4.48 4.48 4.62 4.57 4.61 99.762 82.8 1e-05 0.1 1024
1.0 3.04 2.83 2.78 2.72 2.66 2.62 2.61 2.64 2.65 2.75 2.73 2.69 2.7 2.66 2.7 2.68 2.71 2.66 2.64 2.64 100.0 88.69 1e-05 0.001 512
1.0 1.54 3.78 3.43 3.41 3.29 3.39 3.44 3.27 3.48 3.35 3.38 3.39 3.45 3.34 3.43 3.44 3.34 3.41 3.55 3.41 100.0 83.63 1e-06 0.1 1024
1.0 2.96 3.0 2.78 3.24 3.11 3.06 2.92 3.19 3.09 2.92 3.07 3.06 2.94 2.94 3.0 3.11 3.04 3.06 3.09 3.01 100.0 86.8 1e-06 0.01 256
1.0 3.06 2.93 2.77 2.75 2.92 2.89 2.92 2.86 2.9 2.89 2.89 2.92 2.89 2.88 2.88 2.92 2.85 2.94 2.86 2.87 100.0 88.21 1e-06 0.001 512
1.0 2.97 2.72 2.8 2.8 2.76 2.64 2.64 2.61 2.63 2.68 2.62 2.65 2.63 2.62 2.58 2.6 2.58 2.58 2.58 2.58 100.0 88.14 1e-07 0.001 512
1.0 1.04 1.68 3.86 3.73 3.89 3.81 3.82 3.81 3.96 3.86 4.1 4.14 4.2 4.16 4.27 4.34 4.3 4.37 4.21 4.2 99.932 78.89 1e-07 0.1 1024
1.0 2.71 2.71 2.71 2.92 2.96 2.84 2.67 2.78 2.69 2.71 2.6 2.64 2.65 2.62 2.6 2.61 2.58 2.59 2.57 2.59 100.0 88.7 1e-06 0.001 256
1.0 3.9 3.6 4.6 3.78 3.89 3.8 3.83 3.91 3.91 3.85 3.98 3.9 3.84 4.0 3.96 3.99 3.94 4.02 4.02 4.07 99.992 81.52 1e-07 0.1 512
1.0 2.36 3.36 4.04 4.01 3.98 5.7 4.91 5.8 4.97 4.73 6.01 6.03 5.58 5.37 5.92 6.02 5.8 6.07 5.48 5.96 51.74 50.7 1e-05 0.1 512
1.0 2.86 2.72 2.94 2.71 2.73 2.78 2.65 2.64 2.69 2.69 2.75 2.68 2.75 2.55 2.7 2.7 2.74 2.68 2.75 2.69 100.0 88.47 1e-05 0.001 256
1.0 2.81 2.95 3.91 3.67 3.66 3.73 3.81 3.85 3.95 3.89 3.77 3.87 3.74 3.83 3.9 3.91 3.91 3.82 3.93 3.89 99.93 82.82 1e-06 0.1 256
1.0 2.89 2.81 2.87 2.8 2.89 2.76 2.79 2.75 2.73 2.75 2.77 2.74 2.75 2.74 2.7 2.69 2.73 2.7 2.68 2.75 100.0 88.58 1e-07 0.001 256
1.0 3.4 2.97 3.03 2.99 3.2 3.02 3.15 3.16 3.22 3.02 2.95 2.97 2.98 2.97 2.98 3.03 3.02 3.03 3.0 3.03 100.0 86.44 1e-05 0.01 1024
1.0 3.27 3.53 3.52 3.81 3.8 3.68 3.72 3.83 3.8 3.84 3.71 3.8 3.75 3.93 3.88 3.93 3.87 3.83 3.79 3.84 99.968 82.53 1e-06 0.1 512
1.0 3.14 3.77 3.6 3.58 3.47 3.79 3.89 3.7 3.81 3.67 3.71 3.61 3.81 3.78 3.82 3.75 3.8 3.78 3.74 3.74 99.992 83.68 1e-07 0.1 256
1.0 4.14 5.0 4.88 3.21 4.97 6.19 5.5 6.26 4.39 5.01 4.57 4.63 4.43 4.4 4.18 4.19 4.35 4.24 4.43 4.17 78.156 71.63 1e-05 0.1 256
1.0 3.8 3.08 2.87 2.94 2.91 2.95 2.92 2.92 2.89 2.98 2.95 2.92 2.95 2.98 2.99 2.95 2.94 2.95 3.04 2.97 100.0 86.41 1e-07 0.01 1024
1.0 2.93 3.16 3.04 3.29 3.26 2.93 2.92 3.08 3.0 3.1 2.96 2.9 2.9 2.87 2.86 2.84 2.86 2.95 2.93 2.93 100.0 86.82 1e-06 0.01 512
1.0 3.61 2.95 2.98 2.99 2.89 2.84 2.88 2.87 2.9 2.9 2.9 2.89 2.91 2.89 2.91 2.92 2.86 2.92 2.93 2.88 100.0 86.48 1e-06 0.01 1024
1.0 3.38 3.08 3.2 3.02 3.06 3.14 3.06 3.1 3.05 3.03 3.14 3.19 3.06 3.14 3.13 3.16 3.09 3.11 2.98 3.06 100.0 87.86 1e-07 0.01 512
1.0 2.75 2.85 2.9 2.89 2.98 2.89 2.84 2.83 2.85 2.86 2.83 2.83 2.82 2.84 2.85 2.83 2.83 2.83 2.85 2.83 100.0 87.47 1e-05 0.001 1024
1.0 3.36 3.07 3.28 3.0 3.12 2.94 2.88 3.08 2.92 3.04 2.99 2.95 3.11 2.94 2.97 2.97 3.0 3.01 3.07 2.99 100.0 86.96 1e-05 0.01 512
1.0 3.13 3.26 3.07 3.2 2.94 2.97 2.99 2.95 2.98 2.9 2.94 2.87 2.93 2.92 2.98 2.97 2.92 2.99 2.94 2.96 99.998 87.68 1e-07 0.01 256
1.0 2.77 2.84 3.03 2.99 2.86 2.71 2.72 2.69 2.73 2.66 2.67 2.62 2.71 2.64 2.71 2.68 2.69 2.67 2.74 2.69 100.0 88.64 1e-06 0.001 512
1.0 2.94 3.1 2.84 2.95 2.82 2.72 2.73 2.74 2.71 2.72 2.69 2.72 2.71 2.73 2.7 2.72 2.7 2.73 2.73 2.69 100.0 87.56 1e-07 0.001 1024
1.0 2.88 2.85 3.02 2.97 3.23 3.19 3.19 3.14 3.16 3.09 3.08 3.0 3.01 3.05 3.06 2.96 3.05 3.12 3.07 3.05 100.0 86.88 1e-05 0.01 256
1.0 2.82 2.78 2.87 2.92 2.87 2.79 2.82 2.81 2.85 2.86 2.86 2.86 2.85 2.88 2.87 2.85 2.83 2.86 2.87 2.87 100.0 88.55 1e-07 0.001 512
1.0 2.91 2.78 2.93 2.9 2.88 2.76 2.78 2.78 2.76 2.76 2.72 2.72 2.73 2.73 2.71 2.74 2.74 2.73 2.75 2.73 100.0 87.78 1e-06 0.001 1024
1.0 3.09 3.34 3.15 3.55 3.26 3.19 3.12 3.14 3.12 3.08 3.13 3.16 3.26 3.09 3.21 3.21 3.2 3.14 3.32 3.34 100.0 87.34 1e-06 0.01 256
1.0 3.11 2.85 2.82 2.89 2.8 2.84 2.72 2.76 2.85 2.69 2.65 2.62 2.6 2.67 2.66 2.68 2.67 2.68 2.66 2.67 100.0 88.37 1e-07 0.001 256
1.0 2.73 2.76 2.81 2.95 2.93 2.83 2.8 2.82 2.79 2.89 2.78 2.78 2.77 2.86 2.8 2.8 2.77 2.79 2.78 2.76 100.0 88.49 1e-05 0.001 512
1.0 3.01 2.91 2.89 2.97 2.76 2.81 2.73 2.79 2.84 2.69 2.73 2.7 2.65 2.73 2.77 2.77 2.81 2.73 2.69 2.7 100.0 88.5 1e-05 0.001 256
1.0 2.97 2.89 3.04 2.77 2.8 2.83 2.88 2.86 2.83 2.89 2.87 2.89 2.86 2.85 2.91 2.86 2.88 2.85 2.91 2.87 100.0 88.54 1e-06 0.001 256
1.0 1.0 3.34 3.75 4.1 3.28 3.18 3.68 3.3 3.27 3.13 3.36 3.45 3.39 3.45 3.52 3.51 3.41 3.48 3.47 3.48 99.976 82.89 1e-05 0.1 1024
1.0 1.01 3.92 3.67 3.53 3.88 3.64 3.53 3.41 3.61 3.51 3.52 3.5 3.43 3.41 3.39 3.38 3.35 3.38 3.4 3.37 99.996 83.99 1e-06 0.1 1024
1.0 3.67 3.91 3.41 3.7 3.81 3.97 3.74 3.99 3.95 3.97 4.27 4.51 4.56 4.65 4.57 4.7 4.59 4.6 4.58 4.66 99.938 83.31 1e-06 0.1 512
1.0 2.79 2.98 3.28 5.06 5.47 5.52 5.7 5.5 4.39 5.77 7.36 7.55 7.5 7.76 7.66 7.47 7.65 6.82 7.81 8.38 52.266 42.74 1e-05 0.1 512
1.0 3.41 3.32 3.92 3.86 3.4 3.73 3.77 3.75 3.67 3.62 3.46 3.5 3.55 3.55 3.59 3.57 3.52 3.59 3.55 3.57 99.972 81.87 1e-07 0.1 1024
1.0 3.55 3.44 3.3 3.34 3.64 3.28 3.33 3.59 3.51 3.25 3.31 3.32 3.32 3.28 3.46 3.39 3.37 3.44 3.34 3.42 100.0 83.71 1e-07 0.1 512
1.0 3.69 4.11 4.24 5.49 4.01 4.01 3.93 4.07 4.2 3.96 3.98 4.23 4.13 4.25 4.1 4.25 4.15 4.36 4.22 4.23 99.816 75.95 1e-06 0.1 256
1.0 3.58 3.52 3.58 3.68 4.05 3.91 3.75 3.71 3.77 3.52 3.73 3.67 3.73 3.77 3.69 3.55 3.72 3.67 3.68 3.72 99.992 82.91 1e-07 0.1 256
1.0 1.0 2.91 4.39 3.18 3.09 4.35 4.74 5.83 5.92 5.12 5.21 4.95 4.93 5.2 4.99 5.0 4.98 5.04 5.02 5.02 73.386 63.93 1e-05 0.1 256
1.0 4.01 3.14 3.1 3.1 2.96 2.88 2.86 2.86 2.9 2.97 2.96 2.94 2.92 2.92 2.9 2.89 2.88 2.88 2.9 2.91 100.0 87.03 1e-05 0.01 1024
1.0 4.9 3.1 3.03 3.21 2.89 3.03 3.02 3.01 3.01 2.97 2.99 2.99 3.0 3.01 3.0 3.0 2.97 2.97 2.99 2.99 100.0 86.37 1e-06 0.01 1024
1.0 3.48 3.28 3.68 3.29 3.13 3.19 3.16 3.11 3.1 3.13 3.15 3.12 3.14 3.13 3.13 3.13 3.14 3.17 3.17 3.15 100.0 86.87 1e-07 0.01 1024
1.0 2.94 2.87 2.79 2.9 2.92 2.79 2.75 2.9 2.94 3.0 3.0 2.92 2.89 3.02 2.95 3.03 2.99 3.0 2.99 2.97 100.0 87.39 1e-05 0.01 512
1.0 3.38 3.12 2.79 3.08 2.99 3.07 3.03 3.04 2.98 3.03 2.99 2.97 3.03 3.03 3.02 3.01 3.08 2.99 3.02 3.01 100.0 86.79 1e-06 0.01 512
1.0 2.99 3.05 2.95 2.99 3.04 2.98 3.07 3.05 2.97 2.92 2.93 2.89 2.88 2.95 2.93 2.89 2.94 2.96 2.89 2.9 100.0 87.07 1e-07 0.01 512
1.0 3.17 3.15 3.2 3.26 3.5 3.15 3.32 3.1 3.27 3.2 3.15 3.13 3.11 3.23 3.23 3.25 3.25 3.13 3.25 3.25 100.0 86.95 1e-05 0.01 256
1.0 3.31 3.21 3.34 3.3 3.31 3.09 3.09 3.09 3.05 3.05 3.04 2.95 3.03 3.0 3.01 2.96 2.99 3.07 3.0 2.98 99.998 87.4 1e-06 0.01 256
1.0 3.38 3.09 3.23 3.25 3.13 2.94 2.96 3.08 3.05 3.04 3.05 3.03 2.86 2.94 2.88 2.9 2.95 2.9 2.92 2.87 100.0 87.53 1e-07 0.01 256
1.0 2.98 2.97 3.03 2.94 2.9 2.8 2.77 2.81 2.79 2.71 2.74 2.74 2.73 2.79 2.76 2.73 2.73 2.73 2.73 2.73 99.998 87.03 1e-05 0.001 1024
1.0 2.87 3.05 3.01 2.99 2.85 2.81 2.78 2.76 2.78 2.78 2.79 2.76 2.78 2.74 2.76 2.77 2.77 2.76 2.77 2.77 100.0 87.51 1e-06 0.001 1024
1.0 3.16 3.01 2.75 2.9 2.95 2.85 2.85 2.86 2.85 2.85 2.82 2.84 2.84 2.84 2.81 2.83 2.83 2.86 2.87 2.84 100.0 87.43 1e-07 0.001 1024
1.0 2.96 3.12 3.03 2.91 2.92 2.84 2.88 2.9 2.86 2.8 2.8 2.81 2.76 2.75 2.78 2.77 2.75 2.78 2.78 2.74 100.0 88.72 1e-05 0.001 512
1.0 2.96 2.96 2.95 3.03 2.8 2.91 2.9 2.92 2.93 2.97 2.86 2.83 2.81 2.81 2.88 2.82 2.9 2.85 2.86 2.84 100.0 88.19 1e-06 0.001 512
1.0 2.99 2.79 2.83 2.94 3.13 2.92 2.91 2.93 2.9 2.9 2.89 2.9 2.9 2.87 2.85 2.92 2.89 2.85 2.9 2.84 100.0 87.89 1e-07 0.001 512
1.0 2.74 2.76 2.96 2.85 2.86 2.75 2.68 2.72 2.82 2.72 2.64 2.67 2.67 2.7 2.67 2.64 2.72 2.71 2.76 2.66 100.0 88.48 1e-05 0.001 256
1.0 2.6 2.78 2.86 2.91 2.79 2.79 2.67 2.84 2.78 2.67 2.75 2.73 2.68 2.71 2.61 2.71 2.69 2.66 2.67 2.67 100.0 88.55 1e-06 0.001 256
1.0 2.9 2.76 3.07 2.92 2.81 2.84 2.82 2.89 2.95 2.9 2.88 2.88 2.91 2.96 2.89 2.92 2.86 2.86 2.92 2.88 100.0 88.53 1e-07 0.001 256
