1.0 2.76 2.81 2.9 2.73 2.74 2.74 2.7 2.72 2.74 2.82 2.75 2.76 2.7 2.74 2.72 2.73 2.74 2.74 2.75 2.74 100.0 78.57 1e-07 0.1 1024
1.0 2.9 2.83 2.84 2.81 2.75 2.75 2.76 2.77 2.75 2.76 2.77 2.76 2.76 2.79 2.75 2.78 2.76 2.77 2.77 2.75 100.0 78.03 1e-05 0.1 1024
1.0 2.91 2.91 2.9 2.89 2.85 2.87 2.82 2.83 2.83 2.84 2.82 2.82 2.83 2.83 2.83 2.81 2.84 2.83 2.83 2.83 100.0 78.1 1e-06 0.1 1024
1.0 2.77 2.74 2.85 2.66 2.71 2.61 2.72 2.69 2.67 2.62 2.62 2.6 2.63 2.61 2.61 2.6 2.59 2.59 2.6 2.62 100.0 80.48 1e-06 0.1 512
1.0 2.89 2.98 2.84 2.74 2.66 2.83 2.71 2.79 2.83 2.86 2.88 2.87 2.83 2.87 2.81 2.86 2.86 2.84 2.86 2.89 100.0 77.47 1e-05 0.1 512
1.0 2.71 2.9 2.8 2.49 2.6 2.62 2.59 2.71 2.66 2.68 2.66 2.65 2.64 2.68 2.64 2.64 2.64 2.62 2.68 2.65 100.0 79.95 1e-07 0.1 512
1.0 3.55 3.27 3.24 3.26 3.25 3.24 3.2 3.23 3.23 3.22 3.22 3.24 3.24 3.25 3.24 3.23 3.25 3.28 3.25 3.28 100.0 60.74 1e-06 0.01 1024
1.0 3.63 3.51 3.51 3.48 3.46 3.44 3.45 3.46 3.44 3.45 3.49 3.44 3.42 3.47 3.44 3.45 3.43 3.43 3.44 3.46 100.0 59.24 1e-07 0.01 1024
1.0 2.91 2.73 2.65 2.81 2.83 2.69 2.73 2.69 2.68 2.72 2.69 2.69 2.74 2.71 2.69 2.71 2.73 2.68 2.7 2.68 100.0 78.08 1e-06 0.1 256
1.0 2.92 2.66 2.62 2.74 2.63 2.82 2.74 2.66 2.58 2.62 2.63 2.53 2.56 2.6 2.55 2.53 2.53 2.52 2.54 2.53 100.0 80.88 1e-05 0.1 256
1.0 3.54 3.42 3.4 3.43 3.42 3.43 3.35 3.35 3.33 3.38 3.32 3.36 3.36 3.36 3.36 3.35 3.32 3.37 3.37 3.31 100.0 60.11 1e-05 0.01 1024
1.0 3.88 4.41 4.77 5.07 5.08 5.08 5.16 5.19 5.17 5.15 5.05 5.2 5.22 5.19 5.13 5.22 5.15 5.21 5.23 5.24 100.0 37.69 1e-06 0.001 1024
1.0 3.44 3.19 3.03 3.01 3.0 3.0 2.98 2.97 2.98 3.0 3.0 3.03 3.0 3.02 3.03 2.97 2.98 3.0 2.95 2.98 100.0 68.42 1e-07 0.01 512
1.0 3.08 3.14 3.0 2.97 2.97 2.94 2.96 2.98 2.96 3.0 2.95 2.95 2.96 2.99 2.93 2.96 2.96 2.99 2.97 2.99 100.0 69.33 1e-06 0.01 512
1.0 2.84 2.83 2.68 2.75 2.68 2.61 2.62 2.61 2.64 2.55 2.55 2.57 2.58 2.6 2.56 2.54 2.54 2.58 2.57 2.57 100.0 82.18 1e-07 0.1 256
1.0 3.73 4.51 4.77 5.1 5.09 4.97 4.9 5.0 4.94 5.01 5.0 4.94 4.88 4.93 4.88 5.0 5.02 4.93 4.97 4.99 100.0 37.73 1e-05 0.001 1024
1.0 3.76 4.46 4.92 5.34 5.11 5.06 5.13 5.07 5.18 5.14 5.17 5.18 5.15 5.15 5.12 5.15 5.15 5.21 5.19 5.15 100.0 36.98 1e-07 0.001 1024
1.0 3.11 3.12 3.0 3.01 2.99 3.04 3.01 3.02 3.03 3.04 3.03 3.02 3.05 3.02 3.03 3.04 3.04 3.04 2.99 3.03 100.0 67.82 1e-05 0.01 512
1.0 3.05 2.88 2.9 2.86 2.82 2.86 2.91 2.87 2.89 2.84 2.85 2.86 2.85 2.84 2.87 2.89 2.86 2.88 2.84 2.86 100.0 73.96 1e-06 0.01 256
1.0 3.57 4.61 4.5 4.53 4.52 4.47 4.57 4.62 4.55 4.6 4.58 4.62 4.58 4.58 4.59 4.48 4.56 4.56 4.58 4.52 100.0 44.04 1e-05 0.001 512
1.0 2.83 2.83 2.84 2.78 2.8 2.74 2.73 2.73 2.77 2.77 2.76 2.77 2.78 2.83 2.8 2.83 2.78 2.82 2.8 2.79 100.0 75.24 1e-05 0.01 256
1.0 2.79 2.85 2.76 2.78 2.85 2.79 2.73 2.7 2.71 2.65 2.68 2.69 2.68 2.64 2.7 2.68 2.68 2.66 2.69 2.68 100.0 77.62 1e-05 0.1 1024
1.0 3.78 4.1 3.94 3.98 3.98 3.92 3.8 3.87 3.86 3.77 3.84 3.89 3.91 3.86 3.87 3.93 3.89 3.93 3.86 3.89 100.0 51.1 1e-05 0.001 256
1.0 2.86 2.72 2.75 2.72 2.57 2.71 2.7 2.66 2.7 2.69 2.67 2.63 2.65 2.62 2.67 2.66 2.64 2.61 2.64 2.66 100.0 77.69 1e-07 0.1 1024
1.0 2.88 2.81 2.9 2.73 2.74 2.72 2.74 2.69 2.72 2.7 2.74 2.74 2.75 2.73 2.76 2.75 2.72 2.75 2.76 2.74 99.998 76.88 1e-06 0.1 1024
1.0 3.79 4.51 4.52 4.53 4.59 4.7 4.57 4.65 4.46 4.66 4.62 4.61 4.56 4.56 4.56 4.61 4.55 4.56 4.57 4.51 100.0 43.43 1e-06 0.001 512
1.0 3.7 3.3 3.23 3.25 3.27 3.24 3.28 3.23 3.24 3.3 3.27 3.24 3.25 3.28 3.29 3.24 3.28 3.28 3.29 3.29 100.0 59.48 1e-05 0.01 1024
1.0 2.78 2.81 2.86 2.78 2.79 2.81 2.71 2.73 2.69 2.69 2.68 2.68 2.67 2.73 2.68 2.68 2.71 2.69 2.67 2.67 100.0 78.96 1e-05 0.1 512
1.0 3.04 2.85 2.86 2.79 2.72 2.72 2.71 2.74 2.76 2.74 2.69 2.73 2.71 2.71 2.73 2.76 2.73 2.74 2.69 2.72 100.0 74.6 1e-07 0.01 256
1.0 2.77 2.75 2.74 2.79 2.77 2.68 2.63 2.69 2.67 2.69 2.64 2.66 2.67 2.66 2.68 2.65 2.66 2.63 2.63 2.65 100.0 73.81 1e-05 0.1 256
1.0 2.95 2.74 2.7 2.7 2.64 2.61 2.7 2.74 2.74 2.74 2.66 2.65 2.68 2.69 2.68 2.68 2.68 2.69 2.67 2.68 100.0 81.2 1e-06 0.1 256
1.0 2.85 2.8 2.89 2.74 2.64 2.64 2.61 2.6 2.58 2.58 2.59 2.64 2.62 2.58 2.59 2.6 2.59 2.6 2.59 2.6 100.0 79.05 1e-06 0.1 512
1.0 3.64 4.42 4.35 4.4 4.46 4.51 4.61 4.49 4.51 4.59 4.61 4.44 4.44 4.49 4.48 4.43 4.46 4.51 4.44 4.52 100.0 44.17 1e-07 0.001 512
1.0 2.8 2.79 2.73 2.8 2.66 2.59 2.57 2.58 2.63 2.63 2.65 2.56 2.61 2.6 2.59 2.55 2.6 2.61 2.58 2.6 100.0 77.4 1e-07 0.1 512
1.0 2.89 2.79 2.81 2.73 2.8 2.76 2.8 2.8 2.84 2.78 2.76 2.81 2.84 2.83 2.77 2.84 2.82 2.79 2.83 2.8 100.0 75.08 1e-07 0.01 256
1.0 4.03 4.28 4.08 4.01 3.97 3.94 3.92 4.11 4.01 4.03 4.02 3.96 4.15 3.99 4.02 4.05 4.03 4.02 4.05 4.06 100.0 50.78 1e-06 0.001 256
1.0 3.16 3.05 3.09 2.99 2.96 2.98 2.99 3.02 2.98 3.0 3.0 2.93 2.97 3.01 2.97 2.98 3.01 3.01 3.01 2.96 100.0 68.25 1e-06 0.01 512
1.0 3.87 4.15 4.08 4.08 4.09 4.17 4.09 4.1 4.0 3.99 4.08 4.05 4.04 4.05 4.21 4.09 4.13 4.16 4.09 4.21 99.998 50.87 1e-07 0.001 256
1.0 4.09 4.24 5.28 5.02 5.13 5.14 5.12 5.13 5.12 5.03 5.15 5.09 5.24 5.23 5.08 5.18 5.2 5.2 5.16 5.09 100.0 38.54 1e-05 0.001 1024
1.0 3.77 4.52 4.69 4.95 4.77 4.78 4.89 4.71 4.76 4.79 4.84 4.75 4.78 4.82 4.84 4.78 4.87 4.84 4.87 4.89 99.998 44.37 1e-05 0.001 512
1.0 2.93 2.76 2.86 2.78 2.88 2.82 2.86 2.79 2.78 2.8 2.84 2.81 2.84 2.87 2.76 2.8 2.82 2.86 2.84 2.82 100.0 73.87 1e-06 0.01 256
1.0 3.05 2.94 2.95 2.93 2.98 2.91 2.89 2.95 2.91 2.92 2.91 2.94 2.96 2.94 2.94 2.95 2.93 2.95 2.92 2.93 100.0 67.17 1e-07 0.01 512
1.0 3.22 2.95 2.86 2.85 2.93 2.79 2.88 2.87 2.87 2.82 2.84 2.84 2.83 2.81 2.83 2.86 2.86 2.83 2.8 2.86 100.0 74.81 1e-07 0.1 256
1.0 3.1 2.93 2.93 2.9 2.89 2.91 2.87 2.9 2.89 2.87 2.89 2.93 2.9 2.89 2.9 2.89 2.9 2.88 2.88 2.91 100.0 66.16 1e-05 0.01 512
1.0 3.73 4.03 4.22 4.28 4.34 4.33 4.15 4.26 4.27 4.21 4.19 4.33 4.24 4.24 4.27 4.18 4.25 4.26 4.17 4.27 99.998 44.08 1e-06 0.001 512
1.0 2.85 3.04 2.87 2.84 2.86 2.73 2.79 2.74 2.74 2.75 2.75 2.73 2.79 2.77 2.74 2.8 2.73 2.79 2.75 2.79 100.0 80.96 1e-05 0.1 512
1.0 3.8 3.97 3.95 3.8 3.88 4.0 3.88 3.84 3.85 3.81 3.8 3.8 3.85 3.93 3.88 3.89 3.89 3.88 3.9 3.88 99.998 52.35 1e-07 0.001 256
1.0 3.98 4.58 4.53 4.55 4.54 4.49 4.5 4.48 4.38 4.48 4.47 4.39 4.48 4.48 4.43 4.38 4.44 4.48 4.39 4.44 100.0 43.88 1e-07 0.001 512
1.0 3.01 3.08 2.87 2.9 2.87 2.85 2.77 2.83 2.81 2.82 2.69 2.73 2.77 2.75 2.74 2.76 2.72 2.77 2.75 2.74 100.0 76.63 1e-07 0.1 512
1.0 3.04 2.89 2.86 2.91 2.85 2.87 2.88 2.89 2.83 2.85 2.89 2.93 2.86 2.88 2.89 2.85 2.87 2.9 2.89 2.9 100.0 72.56 1e-05 0.01 256
1.0 3.68 3.56 3.52 3.5 3.51 3.51 3.45 3.47 3.49 3.52 3.5 3.52 3.49 3.46 3.45 3.46 3.49 3.47 3.48 3.44 100.0 58.73 1e-05 0.01 1024
1.0 2.95 2.86 2.87 2.79 2.76 2.81 2.81 2.74 2.78 2.79 2.77 2.8 2.83 2.8 2.77 2.82 2.79 2.81 2.79 2.74 100.0 80.53 1e-06 0.1 512
1.0 3.94 4.16 3.88 4.08 3.78 3.98 3.9 3.91 3.84 3.95 3.91 3.81 3.91 3.84 3.82 3.92 3.92 3.8 3.87 3.84 99.998 51.76 1e-06 0.001 256
1.0 3.11 2.71 2.81 2.62 2.67 2.61 2.62 2.66 2.67 2.68 2.65 2.63 2.65 2.66 2.63 2.66 2.66 2.64 2.66 2.65 100.0 79.84 1e-05 0.1 256
1.0 3.09 3.11 2.94 2.87 2.87 2.82 2.82 2.79 2.77 2.77 2.76 2.77 2.79 2.76 2.77 2.81 2.78 2.78 2.8 2.75 100.0 78.88 1e-07 0.1 256
1.0 3.8 3.83 3.95 3.81 3.86 3.9 3.87 3.8 3.9 3.89 3.9 3.94 4.0 3.9 3.8 3.91 3.92 3.85 3.9 3.85 99.998 52.44 1e-05 0.001 256
1.0 3.48 3.45 3.32 3.3 3.2 3.2 3.27 3.27 3.26 3.26 3.2 3.25 3.28 3.28 3.26 3.33 3.26 3.31 3.25 3.25 100.0 67.52 1e-05 0.01 512
1.0 3.61 3.45 3.4 3.39 3.35 3.32 3.34 3.36 3.27 3.35 3.34 3.25 3.37 3.29 3.28 3.31 3.3 3.35 3.35 3.29 100.0 66.92 1e-06 0.01 512
1.0 3.96 5.04 4.96 4.88 4.99 4.97 5.03 4.93 5.0 5.0 4.89 5.03 5.0 4.96 4.95 5.0 4.99 5.05 4.89 4.96 100.0 43.01 1e-07 0.001 512
1.0 4.12 5.17 4.95 5.25 5.21 5.09 5.11 5.09 5.12 5.09 5.08 5.13 5.13 5.05 5.1 5.1 5.11 5.09 5.16 5.07 100.0 41.89 1e-05 0.001 512
1.0 3.24 2.94 2.8 2.8 2.76 2.77 2.71 2.78 2.81 2.84 2.77 2.85 2.83 2.87 2.86 2.81 2.81 2.8 2.85 2.78 100.0 76.56 1e-06 0.1 256
1.0 3.18 3.04 2.93 3.01 2.98 2.95 2.96 2.91 2.97 2.9 2.95 2.96 2.97 2.91 2.96 2.98 2.92 2.91 2.93 2.96 100.0 74.77 1e-05 0.01 256
1.0 3.02 3.08 2.96 2.91 2.82 2.83 2.9 2.84 2.85 2.87 2.86 2.87 2.87 2.84 2.81 2.86 2.82 2.84 2.85 2.84 100.0 75.33 1e-06 0.01 256
1.0 3.1 3.13 2.94 3.0 3.06 3.04 3.05 3.03 3.04 3.03 3.01 3.02 3.03 2.99 2.97 3.05 3.01 3.03 3.05 2.99 100.0 72.92 1e-07 0.01 256
1.0 3.85 4.32 4.07 4.03 4.08 4.17 4.01 4.11 4.14 4.02 4.04 4.08 3.96 4.09 4.12 4.07 4.04 3.99 4.07 4.07 100.0 51.85 1e-06 0.001 256
1.0 4.4 4.07 4.15 4.07 4.09 4.37 4.2 4.24 4.2 4.09 4.18 4.21 4.07 4.11 4.12 4.04 4.09 4.1 4.08 4.05 100.0 51.78 1e-05 0.001 256
1.0 4.14 4.06 4.06 4.23 4.11 4.17 3.97 4.04 4.03 4.08 4.15 4.17 4.11 4.11 4.2 4.18 4.08 4.06 4.14 4.18 100.0 52.5 1e-07 0.001 256
