1.0 4.61 4.13 3.99 3.92 3.89 3.88 3.88 3.85 3.89 3.89 3.89 3.8 3.87 3.92 3.85 3.81 3.82 3.9 3.83 3.89 100.0 66.93 1e-05 0.1 1024
1.0 4.3 3.85 3.51 3.7 3.58 3.56 3.52 3.5 3.52 3.5 3.51 3.47 3.49 3.55 3.64 3.53 3.5 3.53 3.51 3.55 100.0 67.63 1e-07 0.1 1024
1.0 3.95 3.5 3.48 3.36 3.36 3.32 3.29 3.18 3.12 3.11 3.2 3.11 3.25 3.13 3.16 3.12 3.08 3.16 3.18 3.2 100.0 73.01 1e-05 0.1 512
1.0 4.25 3.81 3.95 3.87 4.04 3.96 3.96 3.96 3.92 3.88 3.89 3.83 3.92 3.95 3.95 3.91 3.9 3.86 3.92 3.88 100.0 69.23 1e-06 0.1 1024
1.0 3.6 3.77 3.51 3.34 3.08 3.14 3.2 3.08 3.08 3.12 3.07 3.07 3.04 3.08 3.07 3.02 3.04 3.05 3.06 3.09 100.0 72.65 1e-06 0.1 512
1.0 8.13 6.89 6.32 5.63 5.43 5.51 5.34 5.57 5.59 5.64 5.51 5.66 5.59 5.61 5.58 5.67 5.72 5.67 5.74 5.6 100.0 61.88 1e-06 0.01 1024
1.0 3.56 3.76 3.57 3.6 3.4 3.4 3.16 3.25 3.21 3.26 3.26 3.18 3.28 3.26 3.27 3.28 3.26 3.23 3.33 3.24 100.0 71.92 1e-07 0.1 512
1.0 7.29 7.89 6.31 5.7 5.53 5.59 5.57 5.5 5.43 5.49 5.51 5.64 5.57 5.43 5.35 5.42 5.56 5.45 5.48 5.37 100.0 58.92 1e-07 0.01 1024
1.0 3.17 3.31 3.15 3.18 3.2 3.18 3.08 3.06 3.06 3.15 3.01 3.06 2.95 3.06 3.08 3.13 3.18 3.03 3.06 3.03 100.0 77.28 1e-05 0.1 256
1.0 8.75 7.45 6.89 6.7 6.55 6.6 6.75 6.47 6.7 6.46 6.6 6.39 6.51 6.29 6.34 6.33 6.39 6.5 6.4 6.53 100.0 57.55 1e-05 0.01 1024
1.0 6.68 5.53 4.81 4.99 4.66 4.46 4.54 4.6 4.55 4.46 4.31 4.54 4.52 4.51 4.52 4.63 4.46 4.53 4.52 4.36 100.0 62.82 1e-05 0.01 512
1.0 3.22 3.16 3.02 2.95 2.91 3.09 3.13 3.11 3.02 2.83 2.94 2.85 2.89 2.89 2.9 2.93 2.88 2.9 2.89 2.94 100.0 76.37 1e-06 0.1 256
1.0 3.31 3.33 3.04 3.1 3.06 3.07 3.02 2.96 2.98 3.15 2.92 2.96 3.01 3.03 2.94 2.99 3.01 3.0 3.01 3.0 100.0 76.75 1e-07 0.1 256
1.0 27.53 19.28 14.97 15.84 18.79 19.3 18.91 19.06 18.93 18.32 18.48 18.41 18.1 17.59 17.72 18.12 18.47 18.03 17.58 18.13 99.94 43.52 1e-05 0.001 1024
1.0 5.82 4.93 4.71 4.75 4.67 4.55 4.52 4.69 4.68 4.61 4.88 4.71 4.83 4.76 4.75 4.78 4.71 4.75 4.51 4.71 100.0 65.49 1e-06 0.01 512
1.0 27.89 19.97 16.89 17.95 20.32 19.78 19.56 19.47 19.29 18.76 18.74 18.2 18.65 18.6 17.98 18.32 18.38 18.7 18.27 18.59 99.926 42.55 1e-07 0.001 1024
1.0 6.42 5.26 4.85 4.52 4.59 4.66 4.77 4.68 4.69 4.69 4.82 4.81 4.63 4.61 4.67 4.64 4.69 4.63 4.49 4.64 100.0 64.06 1e-07 0.01 512
1.0 18.89 11.25 12.71 14.26 12.46 12.43 12.56 12.33 11.89 12.64 11.94 12.26 11.68 12.15 11.66 12.16 12.01 12.15 12.47 12.1 99.99 49.31 1e-06 0.001 512
1.0 4.66 4.17 4.14 3.73 4.06 3.84 3.96 3.68 3.8 3.83 3.59 3.83 3.72 3.77 3.77 3.76 3.85 3.55 3.73 3.63 99.998 67.28 1e-05 0.01 256
1.0 29.1 17.11 14.93 15.88 18.19 19.62 19.12 19.48 19.11 19.02 19.62 19.51 19.09 18.96 19.14 18.75 18.79 19.35 19.04 19.15 99.95 44.33 1e-06 0.001 1024
1.0 4.53 3.86 3.75 3.68 3.47 3.62 3.6 3.36 3.45 3.6 3.54 3.51 3.58 3.57 3.59 3.45 3.62 3.47 3.67 3.6 100.0 68.65 1e-06 0.01 256
1.0 21.39 13.03 13.07 13.46 12.97 12.24 11.52 12.06 11.78 12.16 11.66 11.78 11.75 11.91 11.98 11.69 11.43 11.5 11.3 11.47 99.992 51.79 1e-07 0.001 512
1.0 18.6 12.23 12.71 12.83 11.99 11.72 11.13 10.72 11.4 10.96 11.33 11.16 11.24 11.22 11.53 11.17 10.82 10.94 10.79 10.98 99.994 52.11 1e-05 0.001 512
1.0 11.4 10.68 9.74 8.15 8.38 7.45 8.02 7.85 8.39 7.79 7.48 8.06 7.68 7.95 7.81 7.81 7.5 7.75 7.48 7.7 99.988 56.47 1e-06 0.001 256
1.0 4.25 4.06 4.21 3.84 3.85 3.75 3.71 3.76 3.74 3.75 3.82 3.77 3.86 3.81 3.72 3.87 3.77 3.66 3.69 3.73 99.998 68.24 1e-07 0.01 256
1.0 3.98 4.16 3.94 3.74 3.77 3.59 3.68 3.63 3.61 3.54 3.64 3.58 3.64 3.71 3.65 3.59 3.56 3.6 3.58 3.6 100.0 68.42 1e-05 0.1 1024
1.0 4.04 3.75 3.53 3.47 3.62 3.55 3.66 3.71 3.57 3.61 3.61 3.6 3.54 3.58 3.61 3.64 3.54 3.55 3.52 3.59 100.0 69.7 1e-06 0.1 1024
1.0 3.6 3.47 3.03 2.98 3.08 3.12 2.92 2.97 2.84 2.79 2.86 2.77 2.79 2.81 2.83 2.74 2.84 2.84 2.83 2.81 100.0 73.21 1e-05 0.1 512
1.0 3.3 3.59 3.43 3.23 3.3 3.3 3.31 3.21 3.15 3.21 3.25 3.28 3.27 3.19 3.2 3.2 3.24 3.22 3.26 3.19 100.0 71.5 1e-06 0.1 512
1.0 3.23 2.88 2.98 2.9 2.94 2.88 2.93 2.79 2.7 2.93 2.81 2.82 2.74 2.76 2.82 2.83 2.79 2.81 2.79 2.77 100.0 78.12 1e-05 0.1 256
1.0 11.84 9.87 9.37 8.33 8.24 7.78 7.67 8.03 7.77 8.24 8.23 7.97 7.98 8.06 7.68 7.71 8.2 7.46 8.02 7.79 99.984 56.88 1e-05 0.001 256
1.0 11.38 9.97 9.34 8.93 7.92 7.9 7.87 7.62 8.02 8.12 8.21 8.08 7.94 8.15 7.48 7.78 7.73 7.93 7.75 7.78 99.982 56.83 1e-07 0.001 256
1.0 3.73 3.36 3.2 3.16 3.28 3.2 2.91 2.95 2.99 2.96 2.98 3.07 3.08 2.99 3.09 3.11 3.08 3.03 3.04 3.03 100.0 72.11 1e-07 0.1 512
1.0 3.09 3.12 3.11 2.93 2.87 3.01 2.85 3.11 2.99 2.95 2.96 2.95 2.97 3.11 2.93 3.06 3.09 3.02 3.04 3.0 100.0 78.01 1e-07 0.1 256
1.0 6.27 4.92 4.92 4.78 4.69 4.68 4.49 4.79 4.4 4.67 4.65 4.54 4.55 4.6 4.76 4.56 4.67 4.48 4.56 4.57 100.0 64.06 1e-05 0.01 512
1.0 7.9 6.58 5.91 5.69 5.74 5.74 5.68 5.89 5.64 5.81 5.79 5.89 5.7 5.59 5.68 5.92 5.9 5.63 5.64 5.95 100.0 61.26 1e-07 0.01 1024
1.0 5.73 5.09 4.46 4.55 4.54 4.45 4.46 4.44 4.58 4.42 4.38 4.41 4.38 4.25 4.44 4.35 4.47 4.4 4.43 4.55 100.0 64.62 1e-06 0.01 512
1.0 3.15 3.02 2.92 2.92 2.85 2.92 2.85 2.78 2.94 2.89 2.87 2.89 2.99 2.94 2.88 2.87 2.91 2.79 2.9 2.86 100.0 77.62 1e-06 0.1 256
1.0 31.42 19.67 16.7 17.49 18.84 19.22 18.31 17.7 17.5 18.09 16.97 17.75 17.42 17.28 17.9 17.26 17.11 17.49 17.34 17.25 99.972 44.6 1e-05 0.001 1024
1.0 6.32 4.97 5.07 4.84 4.6 4.49 4.66 4.55 4.64 4.69 4.5 4.67 4.48 4.62 4.67 4.58 4.5 4.66 4.72 4.51 100.0 62.98 1e-07 0.01 512
1.0 4.26 3.78 3.73 3.6 3.6 3.72 3.77 3.58 3.69 3.7 3.81 3.75 3.65 3.61 3.78 3.56 3.79 3.7 3.67 3.67 100.0 67.27 1e-05 0.01 256
1.0 27.91 17.53 15.17 16.11 17.41 18.35 17.59 17.33 17.05 16.76 17.3 17.24 17.11 16.71 17.26 16.51 17.3 16.89 17.11 17.23 99.982 44.92 1e-06 0.001 1024
1.0 4.63 4.18 3.92 3.92 3.64 3.79 3.81 3.76 3.71 3.8 3.73 3.83 3.7 3.81 3.81 3.67 3.72 3.78 3.68 3.68 100.0 68.0 1e-06 0.01 256
1.0 28.82 18.96 16.59 18.57 19.48 20.62 19.77 19.38 19.57 18.84 19.09 19.13 19.32 19.74 19.39 19.12 19.42 20.01 19.31 19.09 99.96 44.16 1e-07 0.001 1024
1.0 4.16 4.2 3.76 3.43 3.74 3.86 3.66 3.69 3.8 3.67 3.69 3.73 3.59 3.66 3.66 3.67 3.68 3.65 3.7 3.68 100.0 68.64 1e-07 0.01 256
1.0 17.7 12.2 13.04 13.7 13.11 12.52 11.99 11.85 11.73 12.49 11.86 11.73 12.16 11.56 11.84 11.85 11.67 11.66 11.75 11.81 99.988 50.83 1e-05 0.001 512
1.0 11.04 8.98 8.42 8.16 7.86 7.38 6.78 7.24 7.09 7.37 7.12 7.37 7.28 7.21 6.87 7.29 7.4 7.61 7.41 7.58 99.996 57.45 1e-06 0.001 256
1.0 17.08 12.78 13.42 13.32 12.49 11.09 11.27 11.54 11.21 11.54 11.42 11.16 11.39 11.04 11.21 11.46 11.08 11.23 11.09 11.1 99.98 52.85 1e-06 0.001 512
1.0 18.21 12.78 12.59 13.07 12.7 12.31 12.07 12.01 11.72 11.65 12.01 11.28 11.2 11.59 11.51 11.44 11.56 11.27 11.35 11.25 99.998 50.54 1e-07 0.001 512
1.0 4.52 4.0 3.78 4.11 3.58 3.63 3.57 3.58 3.55 3.58 3.59 3.57 3.59 3.61 3.59 3.59 3.63 3.52 3.63 3.58 100.0 68.17 1e-05 0.1 1024
1.0 4.82 4.33 4.28 4.14 4.01 3.96 3.92 4.07 4.02 4.01 4.0 4.07 3.91 3.98 4.05 3.93 3.98 3.94 3.95 4.0 100.0 68.62 1e-06 0.1 1024
1.0 11.18 9.27 9.31 8.55 7.41 7.64 7.96 7.79 7.42 7.75 7.39 7.66 7.86 8.0 7.94 8.11 7.82 7.82 8.12 7.88 99.996 56.93 1e-07 0.001 256
1.0 3.73 3.44 3.78 3.49 3.36 3.21 3.34 3.4 3.45 3.34 3.46 3.34 3.43 3.42 3.45 3.39 3.43 3.39 3.5 3.44 100.0 72.3 1e-06 0.1 512
1.0 3.95 3.66 3.57 3.65 3.56 3.56 3.44 3.45 3.33 3.44 3.38 3.45 3.46 3.47 3.44 3.43 3.42 3.44 3.41 3.43 100.0 71.8 1e-07 0.1 512
1.0 11.45 9.64 9.67 8.74 7.95 8.11 7.99 7.99 7.9 7.84 7.77 7.99 7.98 8.22 7.71 8.02 8.0 8.0 7.71 7.8 99.996 57.55 1e-05 0.001 256
1.0 3.65 3.66 3.45 3.59 3.64 3.42 3.39 3.23 3.2 3.18 3.22 3.19 3.21 3.2 3.23 3.31 3.23 3.22 3.26 3.24 100.0 71.58 1e-05 0.1 512
1.0 3.19 3.31 3.22 3.09 3.09 3.25 3.16 3.01 3.04 3.08 3.12 3.06 3.03 2.95 2.99 2.98 3.01 3.03 3.01 3.04 100.0 76.39 1e-05 0.1 256
1.0 9.59 8.51 7.49 7.26 7.06 6.93 7.19 7.13 7.35 6.93 7.02 7.09 6.89 7.11 7.11 7.13 6.86 6.86 7.07 7.06 100.0 59.54 1e-06 0.01 1024
1.0 8.57 7.69 6.56 6.51 6.06 6.51 6.23 6.29 6.4 6.38 6.36 6.2 6.35 6.3 6.15 6.38 6.36 6.35 6.4 6.28 100.0 59.02 1e-07 0.01 1024
1.0 9.98 8.15 6.86 6.2 6.32 6.35 6.42 6.37 6.21 6.35 6.19 6.25 6.22 6.3 6.19 6.14 6.2 6.22 6.19 6.35 100.0 60.86 1e-05 0.01 1024
1.0 3.25 3.34 3.06 3.09 3.03 3.18 3.13 2.99 2.98 2.93 2.86 2.91 2.95 2.9 2.91 2.87 2.94 2.98 2.9 2.94 100.0 76.75 1e-06 0.1 256
1.0 3.64 3.29 3.28 3.17 3.15 3.13 3.28 3.1 3.12 3.09 3.12 3.07 3.15 3.28 3.14 3.07 3.09 3.14 3.14 3.07 100.0 75.53 1e-07 0.1 256
1.0 6.72 5.88 5.09 5.14 5.19 5.18 4.97 4.95 5.08 5.08 4.98 5.06 5.08 4.95 5.03 5.12 5.11 4.86 5.01 5.14 100.0 63.7 1e-07 0.01 512
1.0 6.27 5.25 4.94 4.86 4.8 4.85 4.55 4.63 4.62 4.75 4.8 4.76 4.65 4.63 4.65 4.75 4.83 4.92 4.71 4.7 100.0 64.15 1e-05 0.01 512
1.0 6.5 5.33 5.15 4.89 5.04 5.01 5.03 4.87 4.88 4.98 4.73 4.92 4.74 4.89 4.6 4.67 4.89 4.96 4.87 4.84 100.0 64.39 1e-06 0.01 512
1.0 30.84 20.05 16.26 16.38 18.12 19.69 19.22 18.5 18.88 18.51 17.8 18.69 18.24 18.19 18.09 18.14 18.36 18.14 18.43 18.14 99.97 45.11 1e-06 0.001 1024
1.0 32.19 21.73 16.05 15.65 17.84 19.0 18.33 19.05 18.5 18.56 18.08 19.04 18.66 18.88 17.99 18.16 18.42 18.24 18.56 18.29 99.964 45.11 1e-05 0.001 1024
1.0 5.17 4.75 4.26 4.09 4.23 4.28 4.13 4.02 4.1 3.95 4.11 4.01 4.18 4.2 4.1 4.28 3.94 4.14 4.09 4.16 100.0 67.16 1e-06 0.01 256
1.0 32.55 19.88 16.36 15.99 18.1 18.38 18.27 18.4 18.24 18.25 17.34 17.74 17.74 18.3 17.75 18.18 18.03 17.98 18.08 18.24 99.95 45.66 1e-07 0.001 1024
1.0 5.08 4.28 4.04 3.93 3.84 4.03 3.86 4.05 4.08 4.11 4.03 3.97 4.16 4.01 3.88 3.94 3.97 3.9 3.7 3.82 100.0 67.17 1e-07 0.01 256
1.0 5.51 4.73 4.78 4.24 4.08 4.33 4.13 4.35 4.07 4.27 4.18 4.08 4.11 4.03 4.01 4.14 4.21 4.14 3.97 4.19 100.0 67.1 1e-05 0.01 256
1.0 19.98 13.34 14.85 14.14 13.43 13.66 13.38 13.57 13.45 13.14 13.73 12.98 13.12 13.53 13.63 13.08 13.2 12.32 12.93 13.24 99.982 52.01 1e-06 0.001 512
1.0 19.45 12.67 13.37 13.66 13.88 13.31 12.03 12.72 12.05 12.1 12.25 11.84 11.97 11.9 11.93 12.28 12.14 12.03 12.03 12.29 99.984 52.7 1e-07 0.001 512
1.0 21.61 13.49 14.13 15.36 14.45 14.47 13.26 13.69 13.59 13.4 13.37 13.17 13.22 13.07 13.21 13.65 13.19 13.06 13.47 13.53 99.982 52.4 1e-05 0.001 512
1.0 13.3 11.93 10.91 9.74 8.44 9.33 8.96 8.48 9.03 9.05 9.21 9.16 9.27 9.03 8.51 8.91 8.88 8.79 8.53 8.62 99.988 58.85 1e-05 0.001 256
1.0 11.05 10.93 9.83 8.66 8.85 8.69 8.84 8.82 8.1 8.7 8.25 8.27 8.83 8.49 8.66 8.72 8.41 8.63 8.62 8.83 99.996 57.7 1e-06 0.001 256
1.0 12.23 10.83 10.54 9.46 8.84 8.57 8.23 8.13 8.63 8.25 8.23 7.87 8.17 7.84 7.89 8.1 7.96 7.85 7.8 8.04 99.992 59.3 1e-07 0.001 256
