1.0 3.25 3.12 3.54 3.16 3.1 3.29 3.31 3.22 3.21 3.32 3.2 3.33 3.3 3.34 3.21 3.31 3.25 3.26 3.26 3.28 100.0 77.48 1e-05 0.1 1024
1.0 3.44 3.41 3.57 3.29 3.13 3.11 3.01 3.07 3.16 3.04 3.11 3.1 3.06 3.12 3.11 3.1 3.11 3.1 3.11 3.14 100.0 76.79 1e-06 0.1 1024
1.0 2.97 3.41 3.33 3.33 3.09 3.13 3.16 3.22 3.13 3.16 3.22 3.12 3.17 3.1 3.11 3.08 3.09 3.11 3.12 3.13 100.0 77.18 1e-07 0.1 1024
1.0 2.88 3.16 3.06 3.04 2.9 2.95 2.86 2.94 2.85 2.99 2.98 3.0 2.98 3.0 2.96 3.0 2.99 2.99 3.12 2.97 100.0 81.91 1e-05 0.1 512
1.0 3.3 3.47 3.07 3.09 2.96 3.01 2.93 2.98 2.92 2.98 2.98 2.99 3.0 2.94 2.97 2.93 2.96 2.95 2.95 2.97 100.0 81.29 1e-06 0.1 512
1.0 3.17 3.2 3.18 2.88 2.92 2.94 2.97 2.99 2.95 3.04 3.01 2.97 2.99 2.94 2.95 2.88 2.95 2.94 2.93 2.88 100.0 82.31 1e-07 0.1 512
1.0 3.07 3.13 3.11 2.87 2.87 2.81 2.86 2.94 2.85 2.82 2.84 2.87 2.84 2.83 2.83 2.83 2.92 2.88 2.82 2.81 100.0 83.93 1e-06 0.1 256
1.0 4.42 4.73 4.56 4.45 4.43 4.42 4.54 4.45 4.64 4.55 4.48 4.4 4.43 4.39 4.44 4.47 4.6 4.45 4.53 4.5 100.0 71.03 1e-05 0.01 1024
1.0 4.47 5.41 4.43 4.53 4.57 4.4 4.48 4.36 4.43 4.53 4.41 4.49 4.44 4.56 4.46 4.54 4.46 4.55 4.4 4.52 100.0 70.31 1e-06 0.01 1024
1.0 4.83 4.85 4.22 4.45 4.11 4.21 4.27 4.27 4.15 4.22 4.21 4.19 4.32 4.23 4.31 4.25 4.31 4.2 4.27 4.23 100.0 70.52 1e-07 0.01 1024
1.0 3.09 2.88 2.9 2.73 2.7 2.63 2.66 2.57 2.63 2.64 2.59 2.67 2.61 2.61 2.64 2.65 2.63 2.62 2.63 2.61 100.0 85.05 1e-05 0.1 256
1.0 3.76 3.88 3.58 3.5 3.49 3.65 3.46 3.53 3.52 3.46 3.47 3.59 3.54 3.5 3.49 3.67 3.57 3.47 3.57 3.58 100.0 75.82 1e-06 0.01 512
1.0 3.51 4.12 3.65 3.5 3.59 3.5 3.44 3.46 3.54 3.51 3.52 3.53 3.44 3.46 3.56 3.58 3.5 3.46 3.42 3.39 100.0 76.52 1e-07 0.01 512
1.0 4.07 3.9 3.32 3.27 3.33 3.31 3.31 3.32 3.33 3.33 3.35 3.29 3.37 3.46 3.32 3.33 3.35 3.35 3.35 3.37 100.0 76.31 1e-05 0.01 512
1.0 3.05 2.92 2.95 2.94 2.86 2.9 2.9 3.0 2.92 2.94 2.89 2.91 2.95 2.99 2.96 2.94 2.91 2.94 2.9 2.94 100.0 82.74 1e-07 0.1 256
1.0 7.5 6.61 6.69 8.37 9.68 11.31 12.05 12.22 11.66 11.56 11.98 12.27 12.05 12.0 11.91 11.96 11.8 11.88 11.8 11.83 99.998 52.62 1e-05 0.001 1024
1.0 7.65 6.79 7.07 8.36 10.28 11.65 12.06 11.94 11.21 11.11 11.54 11.23 11.14 11.62 11.33 11.09 11.36 11.1 11.54 11.39 100.0 52.54 1e-06 0.001 1024
1.0 7.38 6.65 6.92 9.1 10.79 11.64 11.66 11.65 11.64 11.98 11.58 11.98 11.76 11.79 11.88 12.02 12.26 12.07 12.08 11.76 99.996 53.24 1e-07 0.001 1024
1.0 3.2 3.25 3.05 2.95 3.0 2.91 2.95 2.95 2.94 2.93 2.95 2.84 2.9 2.95 2.95 2.97 2.99 3.08 3.01 2.87 100.0 81.73 1e-05 0.01 256
1.0 3.38 3.16 3.15 3.07 3.02 3.07 3.07 3.09 2.99 3.05 2.93 3.01 3.1 2.97 3.06 2.92 3.09 3.02 3.04 3.06 100.0 80.15 1e-06 0.01 256
1.0 6.92 6.31 7.74 8.51 8.77 8.51 8.83 8.9 8.62 8.4 8.64 8.68 8.28 8.34 8.41 8.32 8.46 8.6 8.58 8.55 100.0 60.17 1e-06 0.001 512
1.04 3.03 3.09 3.47 3.07 3.1 3.17 3.09 3.12 3.15 3.11 3.13 3.13 3.08 3.2 3.11 3.1 3.11 3.13 3.08 3.19 100.0 77.04 1e-05 0.1 1024
1.0 3.3 3.0 2.9 2.86 2.85 2.93 2.96 2.95 2.86 2.9 2.9 2.86 2.85 2.9 2.96 2.79 2.99 2.89 2.9 2.89 100.0 81.78 1e-07 0.01 256
1.04 3.6 3.03 3.85 3.61 3.47 3.52 3.46 3.76 3.5 3.48 3.57 3.6 3.55 3.61 3.56 3.55 3.56 3.59 3.63 3.64 100.0 74.02 1e-06 0.1 1024
1.0 5.99 5.68 7.4 8.78 8.8 7.7 7.56 7.52 7.71 7.7 7.92 8.02 7.87 7.77 7.63 7.64 7.8 7.88 7.77 7.68 100.0 59.21 1e-07 0.001 512
1.04 3.23 2.97 3.39 3.24 3.23 3.26 3.25 3.22 3.23 3.23 3.26 3.3 3.3 3.24 3.23 3.25 3.17 3.22 3.21 3.21 100.0 77.91 1e-07 0.1 1024
1.0 5.9 6.01 7.72 8.68 9.44 8.39 8.53 8.46 7.93 8.09 8.55 8.05 8.68 8.06 8.03 8.58 8.44 8.47 8.27 8.21 100.0 59.94 1e-05 0.001 512
1.0 5.38 5.98 6.12 6.07 5.69 6.0 5.65 5.91 5.86 5.98 5.58 6.0 5.53 5.86 5.94 5.86 5.87 5.8 5.72 5.74 100.0 65.74 1e-07 0.001 256
1.04 4.64 4.85 4.64 4.47 4.59 4.59 4.47 4.54 4.48 4.49 4.47 4.48 4.53 4.54 4.48 4.49 4.48 4.59 4.52 4.56 100.0 71.87 1e-05 0.01 1024
1.04 4.51 4.68 4.48 4.61 4.7 4.53 4.54 4.54 4.64 4.53 4.61 4.52 4.48 4.44 4.5 4.47 4.45 4.48 4.54 4.46 100.0 72.06 1e-06 0.01 1024
1.0 5.58 5.84 6.47 5.8 5.76 5.3 5.5 5.63 5.56 5.59 5.6 5.72 5.48 5.37 5.51 5.58 5.52 5.51 5.46 5.42 99.998 65.82 1e-05 0.001 256
1.04 4.17 4.55 4.17 4.48 4.41 4.23 4.38 4.3 4.37 4.38 4.42 4.41 4.43 4.35 4.42 4.4 4.41 4.45 4.4 4.39 100.0 72.03 1e-07 0.01 1024
1.0 5.41 5.41 6.68 6.31 5.75 5.86 5.84 6.4 5.97 5.89 5.82 6.16 6.2 6.2 6.11 6.48 6.3 5.91 6.12 6.26 99.996 66.36 1e-06 0.001 256
1.04 2.89 3.17 3.06 2.79 2.75 2.77 2.83 2.85 2.74 2.8 2.78 2.75 2.78 2.78 2.73 2.8 2.75 2.74 2.78 2.73 100.0 83.53 1e-05 0.1 512
1.04 3.12 3.15 3.11 3.14 2.93 2.89 2.92 2.92 2.87 2.95 2.91 2.96 2.93 2.96 3.04 2.93 2.96 2.99 2.93 2.99 100.0 78.39 1e-07 0.1 512
1.04 9.74 7.68 8.59 10.23 11.58 13.04 12.89 12.72 12.83 12.7 11.96 12.35 12.53 12.46 12.18 12.13 11.85 12.17 12.6 12.12 100.0 50.74 1e-06 0.001 1024
1.04 9.0 6.22 7.01 9.1 10.91 12.26 12.54 12.67 12.18 12.43 12.66 12.58 12.98 12.76 12.58 12.76 12.75 12.74 12.37 12.48 99.998 52.38 1e-07 0.001 1024
1.04 3.03 2.99 3.31 2.98 2.96 2.91 2.92 2.96 2.9 2.93 2.88 2.87 2.92 2.91 2.91 2.9 2.91 2.84 2.96 2.9 100.0 73.56 1e-06 0.1 512
1.04 2.88 3.27 3.05 2.85 2.91 2.98 2.92 2.9 2.87 3.01 2.94 2.95 2.89 2.89 2.91 2.96 2.91 2.9 2.94 2.93 100.0 83.18 1e-06 0.1 256
1.04 8.23 7.39 6.73 8.03 10.38 11.41 11.77 11.83 11.39 11.12 11.7 11.7 11.77 11.82 11.35 11.52 11.5 11.58 11.54 11.86 100.0 52.48 1e-05 0.001 1024
1.04 3.97 3.66 3.5 3.55 3.68 3.59 3.58 3.7 3.69 3.69 3.79 3.62 3.67 3.63 3.69 3.74 3.72 3.76 3.71 3.65 100.0 77.07 1e-05 0.01 512
1.04 2.98 3.07 3.05 2.88 2.83 2.89 2.93 2.95 2.95 2.99 2.86 2.91 2.92 2.94 2.91 2.88 2.91 2.93 2.89 2.89 100.0 82.66 1e-07 0.1 256
1.04 2.92 3.09 2.8 2.72 2.69 2.58 2.6 2.56 2.57 2.64 2.57 2.59 2.61 2.61 2.56 2.6 2.61 2.61 2.61 2.6 100.0 83.43 1e-05 0.1 256
1.04 3.99 3.88 3.39 3.5 3.48 3.47 3.51 3.57 3.47 3.42 3.51 3.48 3.44 3.42 3.49 3.43 3.47 3.54 3.49 3.46 100.0 76.43 1e-07 0.01 512
1.04 4.04 3.59 3.4 3.47 3.57 3.58 3.53 3.57 3.45 3.5 3.52 3.43 3.52 3.47 3.49 3.45 3.44 3.58 3.46 3.54 100.0 77.0 1e-06 0.01 512
1.62 3.48 3.71 3.77 3.35 3.35 3.43 3.44 3.45 3.57 3.39 3.39 3.4 3.42 3.39 3.43 3.47 3.44 3.42 3.42 3.36 100.0 75.78 1e-06 0.1 1024
1.62 3.43 3.23 3.62 3.22 3.18 3.29 3.22 3.22 3.16 3.2 3.24 3.24 3.23 3.27 3.25 3.21 3.31 3.28 3.22 3.19 100.0 78.36 1e-07 0.1 1024
1.04 3.67 3.1 3.06 3.11 3.14 3.07 3.09 3.13 3.12 3.13 3.07 3.17 3.17 3.06 3.15 3.18 3.15 3.09 3.1 3.08 100.0 81.57 1e-05 0.01 256
1.04 6.86 5.75 8.1 8.93 8.89 8.31 8.21 7.96 8.21 8.18 8.48 8.45 8.33 8.37 8.31 8.29 8.84 8.72 8.47 8.6 100.0 59.12 1e-07 0.001 512
1.04 7.22 6.45 8.2 8.98 8.95 9.12 8.45 8.92 8.58 8.6 8.58 8.55 8.47 8.89 8.4 8.62 8.83 8.84 8.48 8.54 99.998 57.83 1e-06 0.001 512
1.04 6.67 5.87 7.93 9.07 8.74 8.59 8.59 8.53 8.6 8.75 8.61 8.77 8.69 8.55 8.69 8.55 8.65 8.61 8.78 8.56 100.0 58.97 1e-05 0.001 512
1.04 3.31 3.06 3.0 3.05 2.97 3.09 3.11 3.0 3.05 3.2 3.07 3.05 3.03 3.12 3.08 3.0 3.08 3.05 3.02 3.03 100.0 81.21 1e-07 0.01 256
1.04 3.26 3.06 3.05 2.86 3.07 2.98 3.06 3.06 2.98 3.05 2.98 3.1 3.09 3.15 3.02 3.05 3.09 3.08 2.98 3.1 100.0 81.26 1e-06 0.01 256
1.62 3.23 2.92 3.11 3.01 2.8 2.89 2.9 2.9 2.88 2.83 2.87 2.9 2.94 2.97 2.88 2.86 2.88 2.9 2.93 2.88 99.998 82.52 1e-05 0.1 512
1.04 5.62 5.65 6.49 6.21 5.96 5.89 5.79 5.54 5.99 5.93 5.67 5.88 5.74 5.83 5.64 5.8 5.82 5.69 5.89 5.67 100.0 65.97 1e-06 0.001 256
1.62 3.39 3.33 3.01 3.24 2.87 2.93 3.02 3.03 2.85 2.94 2.9 2.95 2.98 3.0 3.03 2.96 2.85 2.89 2.93 2.93 100.0 82.69 1e-05 0.1 1024
1.62 4.62 5.05 4.78 4.61 4.76 4.72 4.64 4.76 4.61 4.64 4.53 4.74 4.61 4.63 4.73 4.74 4.69 4.72 4.53 4.79 100.0 71.95 1e-05 0.01 1024
1.62 4.59 5.35 4.81 4.53 4.58 4.55 4.39 4.63 4.66 4.78 4.58 4.62 4.62 4.71 4.62 4.77 4.61 4.65 4.54 4.7 100.0 70.92 1e-06 0.01 1024
1.62 4.88 4.89 4.43 4.52 4.47 4.57 4.52 4.48 4.57 4.48 4.58 4.5 4.66 4.55 4.56 4.58 4.43 4.51 4.54 4.56 100.0 71.89 1e-07 0.01 1024
1.62 4.04 3.71 3.63 3.63 3.57 3.71 3.58 3.76 3.67 3.8 3.65 3.75 3.71 3.62 3.77 3.7 3.71 3.84 3.68 3.79 100.0 76.58 1e-06 0.01 512
1.62 8.12 7.29 7.58 9.76 11.69 12.67 12.46 12.74 12.38 12.42 12.28 12.38 12.26 12.41 12.01 12.27 12.4 12.29 12.15 12.36 99.96 52.83 1e-06 0.001 1024
1.62 3.24 3.27 3.12 2.8 2.88 2.75 2.8 2.86 2.84 2.79 2.81 2.81 2.75 2.77 2.84 2.78 2.82 2.76 2.75 2.8 100.0 83.2 1e-07 0.1 512
1.62 4.08 3.76 3.68 3.61 3.68 3.66 3.65 3.68 3.6 3.6 3.67 3.57 3.58 3.66 3.61 3.54 3.65 3.65 3.72 3.56 100.0 76.6 1e-05 0.01 512
1.04 5.05 5.9 6.43 5.74 5.94 6.1 5.8 5.85 5.74 5.7 5.86 5.94 6.01 5.75 6.1 5.78 5.85 5.9 5.77 5.78 100.0 66.25 1e-05 0.001 256
1.04 5.16 6.68 6.31 6.48 6.06 6.17 5.94 6.2 6.2 5.67 5.96 5.54 6.09 5.9 6.2 6.14 5.89 6.09 5.7 5.93 100.0 65.86 1e-07 0.001 256
1.62 3.1 3.32 3.34 3.15 3.06 2.99 3.08 3.02 3.04 3.05 3.08 3.0 3.0 2.99 3.0 2.99 3.03 3.05 2.97 3.02 99.998 78.84 1e-06 0.1 512
1.62 3.06 3.23 3.04 2.8 2.88 2.98 2.93 2.93 2.99 2.85 2.92 2.93 3.0 2.99 3.02 2.95 2.99 2.98 2.99 3.0 100.0 81.98 1e-07 0.1 256
1.62 3.45 3.33 3.07 2.98 2.97 2.97 2.96 2.95 3.0 3.01 3.01 3.0 2.98 3.0 2.99 3.0 3.01 3.08 3.02 2.98 100.0 81.3 1e-06 0.01 256
1.62 2.91 3.14 2.96 3.01 3.03 2.89 3.03 2.99 3.05 3.03 2.92 2.98 3.02 3.01 2.97 2.98 3.04 2.97 3.02 2.94 100.0 83.9 1e-05 0.1 256
1.62 8.12 7.53 7.64 9.17 11.22 12.52 12.09 12.48 12.3 12.53 12.66 12.94 12.45 12.45 12.21 12.43 12.75 12.39 12.61 12.73 99.97 53.46 1e-05 0.001 1024
1.62 2.94 2.95 3.05 2.8 2.91 2.9 2.85 2.87 2.88 2.86 2.8 2.83 2.88 2.82 2.84 2.78 2.84 2.8 2.8 2.8 100.0 82.59 1e-06 0.1 256
1.62 6.54 6.2 8.42 9.34 8.93 8.37 8.4 8.08 8.61 8.34 8.11 8.52 8.59 8.46 8.58 8.34 8.49 8.45 8.56 8.75 99.998 60.4 1e-05 0.001 512
1.62 7.6 6.73 7.45 9.33 12.09 12.92 12.8 13.35 12.32 12.66 13.14 13.07 12.83 13.1 13.07 13.14 13.21 12.9 12.99 13.03 99.968 52.8 1e-07 0.001 1024
1.62 4.21 3.98 3.85 3.76 3.71 3.72 3.68 3.58 3.85 3.62 3.63 3.65 3.7 3.58 3.67 3.59 3.75 3.7 3.79 3.69 100.0 76.35 1e-07 0.01 512
1.62 5.23 6.74 6.97 6.01 5.98 6.43 6.18 6.28 6.21 6.41 6.06 6.33 6.46 6.24 6.32 6.24 6.33 6.16 6.27 6.39 100.0 66.68 1e-06 0.001 256
1.62 3.33 3.02 3.17 3.07 3.07 2.96 3.18 3.2 3.12 3.1 3.18 3.11 3.27 3.16 3.16 3.2 3.06 3.14 3.02 3.08 100.0 80.95 1e-07 0.01 256
1.62 3.45 3.12 3.24 3.19 3.11 3.18 3.25 3.25 3.2 3.21 3.27 3.22 3.2 3.2 3.2 3.28 3.22 3.27 3.21 3.24 100.0 80.82 1e-05 0.01 256
1.62 5.28 6.56 7.18 7.12 5.78 5.91 5.87 6.24 5.88 6.16 5.69 5.85 5.61 5.87 6.05 6.18 5.78 5.91 5.95 5.86 100.0 65.72 1e-07 0.001 256
1.62 4.99 6.35 7.37 6.01 5.96 6.08 5.79 5.64 6.29 6.07 5.86 5.96 5.76 5.88 5.98 6.28 6.05 6.02 6.09 5.95 99.998 66.76 1e-05 0.001 256
1.62 6.06 6.58 7.77 9.28 8.96 9.4 9.15 9.02 8.81 9.04 9.5 8.9 9.15 9.18 9.23 9.05 9.22 9.02 9.1 9.28 100.0 59.01 1e-06 0.001 512
1.62 6.18 6.95 8.01 9.62 9.62 9.03 9.17 8.99 8.96 8.79 8.78 8.98 8.97 8.73 8.61 8.39 8.92 8.81 8.72 8.88 100.0 59.78 1e-07 0.001 512
