1.99 3.04 2.87 2.77 2.81 2.85 2.87 2.89 2.76 2.75 2.77 2.8 2.94 2.81 2.78 2.86 2.8 2.79 2.81 2.81 2.8 100.0 79.87 1e-05 0.1 1024
1.99 2.96 2.85 2.81 2.72 2.8 2.82 2.81 2.79 2.81 2.81 2.74 2.79 2.76 2.74 2.76 2.76 2.79 2.77 2.77 2.76 100.0 78.74 1e-06 0.1 1024
1.99 2.96 2.63 2.49 2.57 2.52 2.53 2.52 2.49 2.5 2.52 2.49 2.5 2.53 2.52 2.53 2.51 2.51 2.53 2.52 2.51 100.0 82.37 1e-05 0.1 512
1.99 2.87 2.73 2.72 2.72 2.68 2.77 2.75 2.76 2.78 2.78 2.81 2.8 2.77 2.79 2.8 2.81 2.79 2.82 2.83 2.8 100.0 79.66 1e-07 0.1 1024
1.99 2.84 2.69 2.73 2.7 2.72 2.72 2.74 2.7 2.73 2.74 2.73 2.73 2.76 2.76 2.76 2.74 2.75 2.77 2.75 2.74 100.0 76.36 1e-05 0.01 1024
1.99 2.76 2.74 2.74 2.73 2.71 2.73 2.72 2.71 2.69 2.69 2.67 2.72 2.67 2.68 2.67 2.68 2.7 2.7 2.69 2.67 100.0 76.94 1e-06 0.01 1024
1.99 2.82 2.74 2.6 2.57 2.6 2.59 2.58 2.62 2.56 2.6 2.58 2.61 2.59 2.59 2.63 2.63 2.58 2.62 2.63 2.62 100.0 81.24 1e-06 0.1 512
1.99 2.72 2.68 2.65 2.66 2.65 2.63 2.64 2.63 2.62 2.62 2.62 2.64 2.62 2.62 2.65 2.62 2.62 2.62 2.62 2.62 100.0 81.14 1e-05 0.01 512
1.99 3.08 2.78 2.72 2.6 2.65 2.62 2.69 2.68 2.68 2.62 2.66 2.68 2.65 2.65 2.64 2.63 2.65 2.65 2.64 2.62 100.0 81.23 1e-07 0.1 256
1.99 2.73 2.65 2.65 2.65 2.66 2.66 2.66 2.63 2.67 2.67 2.67 2.67 2.66 2.66 2.66 2.67 2.65 2.66 2.68 2.68 100.0 80.94 1e-06 0.01 512
1.99 2.88 2.75 2.66 2.68 2.66 2.64 2.68 2.66 2.67 2.61 2.64 2.65 2.66 2.62 2.67 2.63 2.63 2.66 2.65 2.63 100.0 83.13 1e-07 0.1 512
1.99 2.8 2.74 2.59 2.55 2.52 2.55 2.55 2.55 2.49 2.55 2.53 2.48 2.49 2.53 2.49 2.5 2.5 2.53 2.52 2.51 99.998 83.54 1e-05 0.1 256
1.99 3.4 4.01 4.07 4.02 4.15 4.09 4.02 3.97 4.02 4.08 4.16 4.1 3.97 4.06 4.06 4.17 4.15 4.06 4.08 4.05 100.0 63.62 1e-05 0.001 1024
1.99 2.63 2.63 2.63 2.62 2.63 2.63 2.62 2.65 2.61 2.63 2.61 2.63 2.65 2.6 2.6 2.64 2.63 2.63 2.64 2.62 100.0 80.97 1e-07 0.01 512
1.99 2.81 2.75 2.67 2.58 2.58 2.61 2.59 2.58 2.66 2.6 2.62 2.62 2.56 2.6 2.57 2.59 2.58 2.59 2.56 2.59 100.0 82.01 1e-06 0.1 256
1.99 2.82 2.84 2.87 2.9 2.89 2.9 2.89 2.87 2.92 2.88 2.88 2.87 2.89 2.93 2.9 2.9 2.92 2.89 2.91 2.88 100.0 77.09 1e-07 0.01 1024
1.99 2.67 2.53 2.55 2.55 2.58 2.56 2.56 2.56 2.57 2.56 2.53 2.56 2.52 2.58 2.54 2.55 2.56 2.55 2.56 2.56 100.0 84.01 1e-07 0.01 256
1.99 2.55 2.49 2.47 2.46 2.49 2.49 2.5 2.51 2.53 2.47 2.46 2.5 2.49 2.47 2.49 2.47 2.47 2.49 2.46 2.52 100.0 83.55 1e-05 0.01 256
1.99 3.36 4.26 4.25 4.21 4.31 4.24 4.25 4.34 4.32 4.24 4.17 4.26 4.32 4.33 4.25 4.28 4.27 4.24 4.22 4.29 100.0 63.74 1e-07 0.001 1024
1.99 3.52 3.95 4.17 4.24 4.2 4.26 4.15 4.22 4.29 4.21 4.22 4.33 4.13 4.24 4.2 4.18 4.16 4.15 4.23 4.19 100.0 63.71 1e-06 0.001 1024
1.99 2.63 2.49 2.49 2.49 2.49 2.47 2.48 2.48 2.47 2.5 2.49 2.46 2.5 2.5 2.46 2.52 2.5 2.5 2.49 2.53 100.0 83.95 1e-06 0.01 256
1.99 3.62 3.71 3.75 3.66 3.66 3.71 3.64 3.61 3.65 3.74 3.64 3.63 3.64 3.64 3.62 3.63 3.69 3.63 3.6 3.61 100.0 66.75 1e-05 0.001 512
1.99 3.49 3.56 3.58 3.5 3.58 3.66 3.47 3.49 3.57 3.48 3.65 3.53 3.52 3.51 3.46 3.5 3.49 3.53 3.56 3.58 100.0 66.45 1e-06 0.001 512
1.99 3.58 3.43 3.29 3.44 3.39 3.42 3.34 3.4 3.45 3.41 3.39 3.46 3.46 3.55 3.37 3.47 3.43 3.36 3.45 3.44 100.0 66.15 1e-07 0.001 512
1.57 2.66 2.79 2.57 2.6 2.61 2.65 2.61 2.6 2.62 2.65 2.63 2.62 2.61 2.59 2.64 2.6 2.59 2.61 2.62 2.59 100.0 82.2 1e-05 0.1 1024
1.99 3.24 3.23 3.15 3.09 3.06 3.05 3.12 3.15 3.26 3.15 3.06 3.11 3.08 3.1 3.08 3.04 3.11 3.03 3.04 3.04 100.0 72.16 1e-06 0.001 256
1.57 2.72 2.62 2.54 2.53 2.54 2.53 2.53 2.56 2.54 2.55 2.56 2.56 2.55 2.56 2.55 2.57 2.57 2.56 2.56 2.54 100.0 82.31 1e-06 0.1 1024
1.99 3.23 3.31 3.15 3.15 3.12 3.07 3.17 3.12 3.03 3.16 3.14 3.19 3.33 3.09 3.17 3.05 3.22 3.18 3.12 3.2 100.0 71.5 1e-07 0.001 256
1.57 2.74 2.77 2.68 2.7 2.67 2.7 2.71 2.72 2.68 2.68 2.74 2.69 2.68 2.68 2.68 2.69 2.71 2.69 2.69 2.7 100.0 81.73 1e-07 0.1 1024
1.99 3.28 3.21 3.17 3.1 3.12 3.23 3.16 3.18 3.1 3.15 3.21 3.11 3.22 3.25 3.14 3.16 3.21 3.18 3.15 3.21 100.0 71.84 1e-05 0.001 256
1.57 2.71 2.69 2.63 2.65 2.63 2.62 2.63 2.64 2.62 2.61 2.62 2.61 2.62 2.62 2.61 2.62 2.63 2.61 2.63 2.64 100.0 83.96 1e-07 0.1 512
1.57 2.84 2.86 2.9 2.91 3.02 2.92 2.96 2.94 2.9 2.94 2.9 2.94 2.98 2.92 2.94 2.93 2.93 2.96 2.9 2.93 100.0 76.58 1e-07 0.01 1024
1.57 2.8 2.7 2.72 2.72 2.71 2.69 2.73 2.71 2.7 2.7 2.69 2.66 2.68 2.68 2.72 2.72 2.64 2.73 2.71 2.68 100.0 81.19 1e-05 0.1 512
1.57 3.02 2.71 2.7 2.67 2.63 2.66 2.61 2.65 2.65 2.65 2.66 2.63 2.62 2.61 2.64 2.63 2.65 2.6 2.62 2.64 100.0 83.98 1e-05 0.1 256
1.57 2.79 2.68 2.55 2.55 2.62 2.54 2.56 2.54 2.55 2.56 2.54 2.56 2.55 2.54 2.54 2.55 2.53 2.57 2.54 2.56 100.0 83.87 1e-06 0.1 512
1.57 2.71 2.72 2.78 2.76 2.8 2.82 2.87 2.84 2.84 2.91 2.83 2.87 2.83 2.88 2.89 2.89 2.9 2.88 2.85 2.87 100.0 77.58 1e-05 0.01 1024
1.57 3.34 4.1 4.07 4.09 4.33 3.93 4.04 4.07 3.99 4.0 4.02 4.02 3.97 3.97 4.0 4.01 3.93 3.97 3.97 4.07 100.0 64.77 1e-06 0.001 1024
1.57 2.73 2.65 2.58 2.56 2.49 2.53 2.49 2.5 2.49 2.51 2.53 2.52 2.49 2.5 2.51 2.5 2.52 2.5 2.5 2.48 100.0 84.95 1e-06 0.1 256
1.57 2.69 2.67 2.68 2.71 2.69 2.68 2.69 2.68 2.68 2.7 2.64 2.72 2.66 2.72 2.72 2.72 2.7 2.68 2.68 2.7 100.0 77.05 1e-06 0.01 1024
1.57 2.88 2.7 2.6 2.59 2.5 2.56 2.47 2.64 2.61 2.52 2.54 2.55 2.57 2.58 2.55 2.59 2.54 2.55 2.58 2.53 100.0 83.61 1e-07 0.1 256
1.57 3.25 3.9 4.21 4.2 4.18 4.11 4.18 4.27 4.2 4.32 4.24 4.33 4.18 4.21 4.26 4.26 4.31 4.2 4.29 4.24 100.0 64.61 1e-07 0.001 1024
1.57 2.65 2.69 2.68 2.64 2.72 2.69 2.67 2.65 2.75 2.71 2.71 2.65 2.68 2.69 2.69 2.69 2.7 2.72 2.7 2.75 100.0 80.78 1e-05 0.01 512
1.57 2.72 2.65 2.68 2.64 2.64 2.62 2.66 2.68 2.65 2.67 2.68 2.65 2.66 2.64 2.67 2.65 2.65 2.68 2.61 2.65 100.0 80.52 1e-06 0.01 512
1.57 3.28 3.92 3.9 3.75 3.91 3.76 3.92 3.77 3.81 3.9 3.92 3.92 3.86 3.87 3.87 3.92 3.86 3.92 3.91 3.88 100.0 64.09 1e-05 0.001 1024
1.57 3.55 3.42 3.36 3.37 3.36 3.44 3.47 3.44 3.35 3.47 3.4 3.38 3.48 3.41 3.37 3.52 3.44 3.46 3.41 3.43 100.0 68.45 1e-05 0.001 512
1.57 3.15 3.1 3.1 3.06 3.02 3.08 3.18 3.05 3.17 3.13 3.06 3.03 3.16 3.06 3.09 3.09 3.1 3.03 3.07 3.1 100.0 71.74 1e-07 0.001 256
1.57 3.69 3.53 3.59 3.58 3.61 3.5 3.66 3.52 3.58 3.57 3.62 3.56 3.61 3.55 3.51 3.67 3.56 3.69 3.56 3.68 100.0 67.75 1e-07 0.001 512
1.57 2.71 2.68 2.68 2.69 2.7 2.67 2.68 2.63 2.69 2.69 2.63 2.68 2.71 2.69 2.66 2.67 2.67 2.72 2.69 2.71 100.0 81.06 1e-07 0.01 512
1.57 2.72 2.51 2.5 2.58 2.55 2.52 2.51 2.55 2.53 2.52 2.54 2.54 2.57 2.55 2.54 2.52 2.55 2.57 2.54 2.56 100.0 83.31 1e-06 0.01 256
1.57 2.56 2.44 2.43 2.44 2.43 2.44 2.42 2.43 2.41 2.41 2.4 2.43 2.43 2.43 2.42 2.42 2.43 2.41 2.42 2.43 100.0 83.59 1e-07 0.01 256
1.32 2.97 2.84 2.75 2.72 2.72 2.74 2.73 2.73 2.77 2.76 2.74 2.78 2.75 2.74 2.77 2.77 2.79 2.77 2.74 2.75 100.0 81.97 1e-05 0.1 1024
1.32 2.89 2.72 2.54 2.56 2.56 2.63 2.58 2.62 2.58 2.6 2.62 2.59 2.62 2.58 2.59 2.58 2.59 2.59 2.61 2.59 100.0 81.38 1e-07 0.1 1024
1.32 3.04 3.0 2.85 2.73 2.74 2.75 2.79 2.78 2.8 2.73 2.77 2.74 2.77 2.7 2.75 2.79 2.72 2.74 2.77 2.84 100.0 80.77 1e-06 0.1 1024
1.57 3.59 3.46 3.39 3.47 3.45 3.47 3.52 3.44 3.5 3.47 3.56 3.56 3.49 3.53 3.51 3.46 3.5 3.56 3.52 3.53 100.0 67.72 1e-06 0.001 512
1.57 2.57 2.59 2.55 2.58 2.55 2.54 2.57 2.55 2.57 2.5 2.58 2.56 2.55 2.55 2.55 2.53 2.56 2.53 2.54 2.53 100.0 83.34 1e-05 0.01 256
1.32 2.87 2.89 2.84 2.86 2.86 2.83 2.83 2.8 2.81 2.88 2.84 2.79 2.78 2.81 2.87 2.81 2.86 2.8 2.82 2.83 100.0 76.71 1e-05 0.01 1024
1.32 2.9 2.86 2.79 2.76 2.8 2.78 2.76 2.78 2.78 2.83 2.77 2.77 2.74 2.78 2.75 2.77 2.78 2.78 2.76 2.76 100.0 77.02 1e-07 0.01 1024
1.32 2.95 2.77 2.69 2.67 2.61 2.64 2.64 2.68 2.65 2.63 2.63 2.65 2.68 2.63 2.64 2.63 2.67 2.65 2.65 2.68 100.0 83.44 1e-07 0.1 512
1.32 3.19 2.77 2.56 2.58 2.56 2.59 2.57 2.69 2.59 2.56 2.57 2.56 2.59 2.57 2.58 2.59 2.58 2.57 2.57 2.56 100.0 81.92 1e-05 0.1 512
1.32 2.67 2.71 2.66 2.66 2.66 2.66 2.66 2.65 2.66 2.68 2.69 2.68 2.67 2.69 2.68 2.66 2.69 2.64 2.64 2.66 100.0 80.94 1e-06 0.01 512
1.32 2.87 2.79 2.73 2.73 2.71 2.69 2.7 2.69 2.7 2.73 2.72 2.73 2.72 2.71 2.69 2.73 2.71 2.68 2.75 2.73 100.0 82.49 1e-06 0.1 512
1.32 2.87 2.87 2.86 2.91 2.93 2.92 2.91 2.9 2.88 2.84 2.91 2.89 2.9 2.86 2.9 2.87 2.89 2.93 2.91 2.94 100.0 76.35 1e-06 0.01 1024
1.57 3.23 3.24 3.28 3.31 3.27 3.24 3.24 3.35 3.4 3.25 3.3 3.28 3.29 3.3 3.38 3.23 3.21 3.22 3.34 3.28 100.0 72.62 1e-05 0.001 256
1.32 2.78 2.75 2.62 2.64 2.69 2.69 2.65 2.65 2.62 2.66 2.65 2.66 2.65 2.57 2.63 2.65 2.64 2.62 2.59 2.62 100.0 84.1 1e-06 0.1 256
1.32 2.71 2.67 2.68 2.66 2.69 2.64 2.68 2.65 2.67 2.65 2.69 2.66 2.65 2.66 2.65 2.69 2.66 2.67 2.67 2.67 100.0 80.56 1e-05 0.01 512
1.57 3.2 3.16 3.11 3.18 3.24 3.27 3.21 3.2 3.16 3.1 3.19 3.22 3.17 3.1 3.13 3.32 3.17 3.26 3.15 3.12 100.0 72.41 1e-06 0.001 256
1.32 2.68 2.65 2.72 2.7 2.71 2.67 2.66 2.67 2.69 2.7 2.7 2.66 2.67 2.67 2.67 2.63 2.65 2.66 2.68 2.67 100.0 81.19 1e-07 0.01 512
1.32 3.34 3.99 4.05 4.17 4.13 4.14 4.21 4.19 4.03 4.1 4.04 4.04 4.13 4.2 4.11 4.01 4.05 4.11 4.11 4.04 100.0 63.14 1e-05 0.001 1024
1.32 3.46 4.38 4.01 4.07 4.24 4.18 4.22 4.14 4.14 4.09 4.18 4.28 4.13 4.15 4.3 4.29 4.28 4.13 4.17 4.3 100.0 63.28 1e-07 0.001 1024
1.32 2.82 2.64 2.59 2.64 2.65 2.66 2.68 2.69 2.71 2.68 2.65 2.69 2.62 2.59 2.64 2.62 2.61 2.63 2.68 2.66 100.0 84.74 1e-05 0.1 256
1.32 3.51 4.24 4.0 4.06 4.06 4.15 4.15 4.12 4.17 4.17 4.08 4.04 4.11 4.13 4.04 4.14 4.25 4.13 4.07 4.07 100.0 64.13 1e-06 0.001 1024
1.32 2.72 2.54 2.58 2.56 2.58 2.54 2.56 2.57 2.54 2.56 2.56 2.58 2.58 2.55 2.53 2.53 2.59 2.56 2.58 2.57 100.0 83.9 1e-07 0.01 256
1.32 2.78 2.71 2.61 2.62 2.61 2.59 2.62 2.63 2.59 2.62 2.61 2.62 2.63 2.64 2.65 2.61 2.61 2.63 2.66 2.64 100.0 85.03 1e-07 0.1 256
1.32 2.83 2.42 2.47 2.44 2.41 2.48 2.47 2.44 2.45 2.44 2.47 2.47 2.46 2.46 2.42 2.44 2.41 2.47 2.48 2.46 100.0 83.28 1e-05 0.01 256
1.32 3.68 3.64 3.72 3.72 3.78 3.87 3.8 3.7 3.86 3.74 3.73 3.79 3.79 3.84 3.9 3.85 3.83 3.79 3.78 3.83 100.0 67.15 1e-05 0.001 512
1.32 3.39 3.35 3.38 3.42 3.45 3.47 3.38 3.3 3.41 3.35 3.36 3.38 3.41 3.36 3.31 3.37 3.38 3.43 3.42 3.35 100.0 72.1 1e-06 0.001 256
1.32 2.63 2.52 2.44 2.44 2.46 2.45 2.45 2.42 2.44 2.47 2.42 2.46 2.44 2.44 2.43 2.45 2.42 2.41 2.43 2.42 100.0 83.28 1e-06 0.01 256
1.32 3.64 3.31 3.42 3.31 3.35 3.16 3.25 3.28 3.26 3.26 3.38 3.31 3.34 3.34 3.27 3.25 3.4 3.33 3.33 3.26 100.0 71.58 1e-05 0.001 256
1.32 3.69 3.83 3.75 3.77 3.88 3.77 3.81 3.79 3.89 3.94 3.83 3.73 3.85 3.88 3.87 3.84 3.76 3.87 3.8 3.81 100.0 66.92 1e-06 0.001 512
1.32 3.65 3.98 3.96 3.89 3.87 4.0 3.89 3.86 3.94 3.93 3.99 3.96 4.01 3.9 4.01 4.07 3.95 3.98 3.91 4.09 100.0 67.76 1e-07 0.001 512
1.32 3.43 3.46 3.55 3.52 3.65 3.53 3.52 3.53 3.57 3.56 3.43 3.43 3.51 3.55 3.43 3.48 3.43 3.56 3.52 3.59 100.0 72.58 1e-07 0.001 256
