1.0 3.31 2.96 3.0 2.93 2.94 2.89 2.9 2.93 2.95 2.91 2.97 2.9 2.94 2.92 2.92 2.95 2.86 2.9 2.9 2.87 100.0 77.82 1e-06 0.1 512
1.0 3.32 3.28 3.27 3.1 3.1 3.09 3.14 3.13 3.13 3.11 3.18 3.15 3.16 3.11 3.14 3.22 3.22 3.16 3.13 3.14 100.0 74.71 1e-07 0.1 1024
1.0 3.09 3.17 2.99 2.88 3.06 2.92 2.91 2.96 2.95 2.94 3.02 2.98 3.0 2.97 2.94 2.97 2.87 2.91 3.0 2.96 100.0 77.65 1e-05 0.1 512
1.0 3.68 3.67 3.1 3.14 3.1 3.07 3.04 3.07 3.07 3.06 3.09 3.05 3.05 3.03 3.01 3.08 3.07 3.03 3.04 3.05 100.0 74.03 1e-05 0.1 1024
1.0 3.01 2.74 2.82 2.72 2.71 2.72 2.67 2.64 2.66 2.64 2.64 2.69 2.67 2.66 2.67 2.67 2.69 2.63 2.68 2.66 100.0 80.35 1e-06 0.1 256
1.0 3.22 3.38 3.06 2.95 2.94 2.94 2.92 2.98 2.94 2.96 2.95 2.99 2.99 2.93 2.96 2.97 2.97 2.96 2.96 2.97 100.0 74.11 1e-06 0.1 1024
1.0 4.74 4.17 4.17 3.91 3.99 3.88 3.73 3.72 3.86 3.77 3.86 3.83 3.74 3.76 3.82 3.9 3.93 3.83 3.83 3.8 100.0 68.82 1e-06 0.01 512
1.0 4.47 4.47 4.12 3.81 3.92 3.81 3.86 3.92 3.86 3.99 3.75 3.89 3.76 3.92 3.91 3.99 3.99 3.93 3.95 4.02 100.0 68.54 1e-07 0.01 512
1.0 3.25 2.98 2.91 2.92 2.96 3.01 2.95 2.91 2.95 2.94 3.02 2.92 2.9 3.01 2.96 2.93 2.95 2.97 2.92 3.0 100.0 77.28 1e-07 0.1 512
1.0 16.83 10.36 10.95 12.02 14.84 17.54 17.22 17.01 17.2 18.03 17.51 17.55 16.96 17.16 17.28 17.14 16.76 17.14 17.18 17.03 99.838 39.34 1e-05 0.001 1024
1.0 2.98 2.88 2.91 2.87 2.79 2.91 2.87 2.77 2.77 2.81 2.76 2.73 2.78 2.77 2.73 2.74 2.73 2.72 2.81 2.75 100.0 81.28 1e-05 0.1 256
1.0 5.66 5.75 5.25 4.76 4.74 4.81 4.77 4.5 4.75 4.55 4.49 4.78 4.56 4.67 4.78 4.59 4.63 4.77 4.68 4.66 100.0 64.03 1e-05 0.01 1024
1.0 5.68 6.35 5.56 5.04 4.61 4.8 4.67 4.92 4.79 4.91 4.72 4.7 4.74 4.83 4.7 4.85 4.76 4.7 4.82 4.75 100.0 63.15 1e-07 0.01 1024
1.0 16.78 10.73 10.97 13.2 15.42 16.6 17.56 17.63 17.61 17.02 17.19 17.49 17.28 17.0 16.74 17.13 16.5 16.68 16.69 17.29 99.824 40.11 1e-07 0.001 1024
1.0 5.51 6.07 5.57 5.11 5.43 5.41 5.47 5.27 5.36 5.44 5.35 5.34 5.16 5.21 5.32 5.28 5.36 5.23 5.08 5.35 100.0 62.99 1e-06 0.01 1024
1.0 3.95 3.43 3.36 3.32 3.15 3.29 3.33 3.26 3.09 3.27 3.13 3.21 3.12 3.2 3.18 3.19 3.21 3.16 3.32 3.23 100.0 73.64 1e-05 0.01 256
1.0 3.01 3.0 2.99 2.91 2.95 2.95 2.87 2.88 2.85 2.93 2.92 2.92 2.88 2.87 2.89 2.9 2.9 2.94 2.86 2.9 100.0 80.6 1e-07 0.1 256
1.0 4.22 4.35 4.05 3.58 3.63 3.64 3.59 3.64 3.66 3.61 3.65 3.74 3.78 3.65 3.66 3.6 3.67 3.67 3.6 3.63 100.0 69.14 1e-05 0.01 512
1.0 3.66 3.54 3.43 3.33 3.25 3.36 3.11 3.1 3.23 3.22 3.21 3.27 3.21 3.18 3.21 3.26 3.45 3.33 3.3 3.26 100.0 73.93 1e-06 0.01 256
1.0 4.08 3.75 3.27 3.35 3.3 3.09 3.27 3.19 3.16 3.16 3.18 3.3 3.26 3.23 3.21 3.27 3.29 3.22 3.18 3.31 100.0 72.53 1e-07 0.01 256
1.0 18.62 11.89 11.72 13.48 16.74 18.08 17.54 18.47 19.22 18.72 18.33 18.95 18.78 18.31 18.02 18.69 18.13 18.67 18.55 18.35 99.702 39.36 1e-06 0.001 1024
1.0 12.0 8.68 10.41 12.25 12.64 12.49 11.8 11.18 10.61 11.25 11.1 10.7 11.78 11.07 11.44 11.01 11.16 11.01 11.35 10.92 99.984 48.67 1e-05 0.001 512
1.0 7.41 7.64 7.72 8.23 7.01 7.18 6.85 6.56 6.54 6.56 6.56 6.64 6.62 6.94 6.74 6.8 6.72 6.65 6.67 6.57 99.998 57.72 1e-06 0.001 256
1.0 10.67 8.74 9.92 10.96 11.99 10.99 10.65 9.83 10.28 10.34 9.8 10.31 10.0 10.14 9.8 9.8 9.9 10.01 9.73 9.76 99.994 49.07 1e-06 0.001 512
1.0 10.79 7.88 8.92 11.5 11.42 11.08 10.52 9.96 10.42 10.49 10.28 10.07 10.05 10.0 10.21 10.38 10.17 10.3 10.18 9.99 99.992 50.65 1e-07 0.001 512
1.0 8.04 6.93 7.26 7.33 7.43 7.06 6.32 6.66 6.58 6.04 6.48 6.91 6.93 6.78 6.89 6.85 6.94 6.92 6.82 6.8 99.994 58.25 1e-07 0.001 256
1.0 3.56 3.24 3.09 3.08 3.07 3.06 3.12 3.07 3.09 3.05 3.08 3.06 3.16 3.07 3.07 3.07 3.01 3.11 3.08 3.1 100.0 75.48 1e-05 0.1 1024
1.0 7.34 6.7 7.44 7.73 7.87 6.83 6.58 7.0 6.89 6.5 6.46 7.05 7.22 6.87 6.76 6.9 7.23 6.7 6.68 6.97 99.996 58.61 1e-05 0.001 256
1.0 3.32 3.41 3.2 3.05 3.05 3.01 3.05 3.02 3.06 3.02 3.01 3.0 3.07 3.01 3.02 2.99 3.05 3.03 3.02 3.06 100.0 74.76 1e-06 0.1 1024
1.0 3.16 3.25 3.3 3.27 3.24 3.12 3.21 3.22 3.19 3.18 3.22 3.14 3.15 3.21 3.15 3.19 3.2 3.24 3.16 3.14 100.0 75.35 1e-07 0.1 1024
1.0 2.97 3.17 2.99 3.01 2.9 2.89 2.85 2.84 2.84 2.82 2.82 2.79 2.82 2.83 2.85 2.86 2.85 2.85 2.8 2.85 100.0 78.54 1e-05 0.1 512
1.0 3.09 3.35 2.89 2.88 2.82 2.84 2.82 2.86 2.85 2.87 2.85 2.9 2.85 2.85 2.87 2.88 2.86 2.87 2.85 2.92 100.0 77.91 1e-06 0.1 512
1.0 3.18 3.0 2.99 2.83 2.87 2.87 2.87 2.84 2.91 2.86 2.88 2.85 2.9 2.9 2.91 2.93 2.95 2.91 2.83 2.95 100.0 77.75 1e-07 0.1 512
1.0 2.83 2.99 2.92 2.82 2.7 2.67 2.69 2.7 2.72 2.68 2.71 2.71 2.72 2.69 2.67 2.71 2.71 2.67 2.7 2.7 100.0 81.64 1e-05 0.1 256
1.0 3.02 2.81 2.7 2.67 2.64 2.65 2.65 2.59 2.62 2.6 2.61 2.62 2.6 2.61 2.62 2.57 2.63 2.6 2.57 2.57 100.0 81.85 1e-06 0.1 256
1.0 3.07 3.0 2.8 2.8 2.79 2.74 2.79 2.73 2.75 2.73 2.74 2.74 2.81 2.7 2.75 2.73 2.73 2.73 2.75 2.68 100.0 80.53 1e-07 0.1 256
1.0 5.74 5.85 5.54 5.08 4.98 4.92 4.76 4.85 4.69 4.83 4.82 4.7 4.73 4.66 4.96 4.81 4.68 4.67 4.8 4.67 100.0 62.41 1e-05 0.01 1024
1.0 5.07 5.59 5.12 4.78 4.41 4.32 4.34 4.43 4.37 4.44 4.46 4.44 4.48 4.42 4.42 4.47 4.37 4.34 4.37 4.42 100.0 64.11 1e-06 0.01 1024
1.0 5.19 5.66 5.55 5.22 4.85 4.92 4.87 4.91 5.03 4.87 5.09 4.9 5.06 5.03 4.86 4.9 5.07 4.95 5.0 5.09 100.0 63.84 1e-07 0.01 1024
1.0 4.61 4.43 4.07 3.85 3.91 3.86 3.76 3.86 3.92 3.94 3.85 3.84 3.96 3.83 3.87 3.91 3.85 3.93 3.95 3.97 100.0 67.7 1e-05 0.01 512
1.0 4.59 4.41 3.94 3.63 3.49 3.46 3.61 3.53 3.55 3.48 3.44 3.45 3.46 3.65 3.57 3.58 3.62 3.47 3.48 3.43 100.0 69.8 1e-06 0.01 512
1.0 4.69 4.62 4.22 3.74 3.61 3.72 3.71 3.7 3.6 3.66 3.62 3.69 3.7 3.64 3.67 3.65 3.67 3.66 3.8 3.76 100.0 67.75 1e-07 0.01 512
1.0 3.75 3.56 3.31 3.29 3.29 3.29 3.19 3.15 3.25 3.35 3.32 3.26 3.32 3.27 3.31 3.24 3.23 3.31 3.27 3.33 100.0 72.95 1e-05 0.01 256
1.0 3.5 3.28 3.3 3.11 3.24 3.05 3.08 3.2 3.19 3.17 3.19 3.17 3.19 3.19 3.11 3.22 3.18 3.19 3.17 3.15 100.0 72.31 1e-06 0.01 256
1.0 3.83 3.53 3.37 3.03 3.09 3.08 3.05 3.06 3.03 3.05 3.2 3.01 3.03 3.0 3.01 2.95 3.09 2.99 3.12 3.12 100.0 73.23 1e-07 0.01 256
1.0 16.8 11.98 12.49 14.36 17.02 17.47 18.26 17.83 17.41 17.36 17.59 17.69 17.47 16.87 17.87 17.9 17.22 17.4 17.35 17.63 99.958 40.22 1e-05 0.001 1024
1.0 16.5 11.24 12.82 14.83 17.06 18.1 17.72 18.93 18.11 17.73 18.23 17.5 16.82 17.04 17.91 17.62 17.24 17.08 17.27 17.15 99.962 40.02 1e-06 0.001 1024
1.0 17.14 12.01 12.45 14.0 16.66 17.21 18.0 18.2 17.41 17.5 17.65 17.47 17.14 17.0 17.26 17.46 17.38 16.68 17.26 17.37 99.95 40.8 1e-07 0.001 1024
1.0 10.6 9.45 9.56 11.25 11.1 10.93 11.05 10.94 11.33 10.45 10.27 11.1 10.57 10.57 10.52 10.73 10.72 10.49 10.64 10.82 99.986 49.95 1e-05 0.001 512
1.0 10.33 9.26 9.49 10.74 11.28 11.24 10.77 11.61 10.17 10.82 10.56 10.42 10.77 10.75 10.68 10.33 10.45 10.29 10.22 10.61 99.986 50.05 1e-06 0.001 512
1.0 10.84 8.76 10.0 11.07 11.24 11.83 11.63 11.54 10.51 10.51 10.55 10.38 10.07 10.34 10.34 10.57 10.75 10.35 10.32 10.36 99.982 49.66 1e-07 0.001 512
1.0 7.95 6.5 7.37 7.2 6.77 6.49 6.3 6.29 6.04 6.68 6.46 6.67 6.25 6.5 6.58 6.52 6.61 6.5 6.4 6.79 99.996 58.25 1e-05 0.001 256
1.0 7.51 6.23 7.11 7.17 6.95 6.37 6.32 6.51 6.48 6.53 6.77 6.4 6.24 6.25 6.25 6.18 6.08 6.37 6.28 6.27 99.99 58.72 1e-06 0.001 256
1.0 8.57 7.94 7.68 8.03 7.88 7.04 6.65 7.17 6.44 6.72 6.09 6.53 6.43 6.46 6.52 6.42 6.71 6.58 6.61 6.31 99.996 57.31 1e-07 0.001 256
1.0 3.58 3.44 3.21 3.16 3.12 3.08 3.09 3.12 3.06 3.06 3.04 3.12 3.08 3.12 3.07 3.05 3.1 3.05 3.07 3.07 100.0 75.63 1e-05 0.1 1024
1.0 3.46 3.41 3.25 3.44 3.34 3.35 3.35 3.36 3.39 3.37 3.41 3.36 3.32 3.33 3.35 3.39 3.34 3.29 3.36 3.36 100.0 74.39 1e-06 0.1 1024
1.0 3.83 3.63 3.36 3.05 3.06 3.03 3.13 2.99 3.11 3.24 3.17 3.14 3.19 3.12 3.17 3.19 3.1 3.12 3.25 3.1 100.0 74.41 1e-07 0.1 1024
1.0 3.09 3.24 3.03 2.74 2.76 2.78 2.77 2.75 2.8 2.78 2.78 2.74 2.76 2.74 2.79 2.8 2.77 2.76 2.81 2.77 100.0 77.34 1e-05 0.1 512
1.0 3.21 3.02 3.06 2.96 2.94 2.98 2.97 2.99 2.94 2.97 2.94 2.9 2.93 2.88 2.92 2.92 2.94 2.9 2.95 2.85 100.0 78.29 1e-06 0.1 512
1.0 3.41 3.2 2.87 3.04 2.98 2.92 3.0 2.95 2.97 2.93 2.94 3.0 2.94 2.98 2.94 2.99 2.94 2.91 2.97 2.93 100.0 78.15 1e-07 0.1 512
1.0 3.2 2.91 2.87 2.92 2.79 2.77 2.86 2.85 2.82 2.81 2.82 2.84 2.77 2.79 2.83 2.81 2.84 2.79 2.82 2.81 100.0 80.76 1e-05 0.1 256
1.0 2.93 3.0 2.86 3.0 2.92 2.84 2.89 2.92 2.94 2.81 2.91 2.85 2.92 2.93 2.96 2.92 2.94 2.91 2.98 2.87 100.0 79.92 1e-06 0.1 256
1.0 3.09 3.09 2.74 2.84 2.87 2.86 2.94 2.87 2.93 2.86 2.83 2.88 2.86 2.89 2.84 2.88 2.84 2.82 2.88 2.85 100.0 80.55 1e-07 0.1 256
1.0 6.66 6.27 5.87 5.09 4.62 4.65 4.73 4.68 4.87 4.79 4.7 4.79 4.72 4.72 4.71 4.74 4.74 4.8 4.74 4.8 100.0 63.91 1e-05 0.01 1024
1.0 6.07 6.71 5.69 5.36 4.85 5.04 4.99 4.81 4.95 4.91 4.94 4.91 4.86 5.03 5.07 4.98 5.03 4.99 5.06 4.95 100.0 63.08 1e-06 0.01 1024
1.0 6.59 6.4 6.16 5.19 4.89 4.81 4.79 5.02 4.89 4.88 5.01 4.92 4.98 5.04 5.02 4.99 5.04 4.97 5.06 4.9 100.0 65.53 1e-07 0.01 1024
1.0 4.9 4.15 4.24 3.9 3.94 4.01 3.96 3.83 3.83 3.95 4.04 3.91 3.88 3.94 3.95 3.95 3.8 3.92 3.83 3.93 100.0 69.02 1e-05 0.01 512
1.0 5.14 4.7 4.35 4.12 4.04 3.89 4.02 4.14 4.07 4.15 4.01 4.01 4.04 4.12 4.15 4.0 4.02 4.05 4.13 4.13 100.0 68.46 1e-06 0.01 512
1.0 4.82 4.71 4.26 3.94 4.13 4.09 3.95 3.97 4.09 3.95 4.07 4.23 4.0 3.98 4.0 3.95 4.01 4.11 4.01 4.07 100.0 68.2 1e-07 0.01 512
1.0 4.43 3.52 3.43 3.51 3.65 3.3 3.37 3.45 3.36 3.32 3.4 3.34 3.12 3.23 3.16 3.28 3.3 3.38 3.28 3.37 100.0 73.17 1e-05 0.01 256
1.0 4.25 3.52 3.61 3.3 3.27 3.15 3.1 3.12 3.13 3.13 3.2 3.13 3.36 3.24 3.24 3.19 3.27 3.21 3.16 3.23 100.0 73.19 1e-06 0.01 256
1.0 16.71 11.86 12.12 14.32 14.84 17.82 18.02 18.89 17.89 17.75 16.96 16.76 17.19 17.0 17.11 17.14 16.49 16.98 16.76 16.84 99.948 42.75 1e-05 0.001 1024
1.0 14.13 12.73 12.22 15.44 16.4 16.49 17.81 18.73 17.78 17.94 17.84 17.39 17.33 17.76 17.87 17.55 17.41 17.75 17.29 17.35 99.964 41.9 1e-06 0.001 1024
1.0 16.35 12.1 12.98 14.42 17.48 17.53 17.77 17.6 17.84 17.43 17.22 17.2 17.05 17.22 17.19 17.06 17.46 17.35 17.87 17.53 99.968 41.99 1e-07 0.001 1024
1.0 3.99 3.67 3.87 3.67 3.4 3.43 3.45 3.31 3.35 3.36 3.34 3.4 3.35 3.43 3.43 3.35 3.31 3.3 3.35 3.51 100.0 72.46 1e-07 0.01 256
1.0 12.29 8.74 9.94 11.48 12.0 11.69 11.78 11.76 11.16 11.05 11.55 11.22 11.43 11.63 11.45 11.63 11.59 11.6 11.35 11.84 99.956 51.31 1e-06 0.001 512
1.0 12.44 8.17 9.71 11.75 12.68 12.44 11.71 11.89 11.52 11.4 11.78 11.62 11.32 11.46 11.24 11.23 11.37 11.46 11.43 11.63 99.966 50.53 1e-05 0.001 512
1.0 12.52 8.5 9.68 11.78 11.78 11.16 11.51 10.42 10.81 10.55 10.37 10.72 10.74 10.94 10.81 10.6 10.73 10.69 10.67 11.02 99.972 51.59 1e-07 0.001 512
1.0 8.14 7.17 8.73 7.59 7.32 7.08 6.78 6.95 6.56 6.58 6.24 6.57 6.42 6.45 6.53 6.56 6.53 6.5 6.59 6.21 99.99 60.21 1e-05 0.001 256
1.0 8.12 7.16 8.59 8.5 7.51 6.87 7.38 7.2 7.04 6.34 6.39 6.89 6.65 7.04 6.88 6.51 6.23 6.51 6.66 6.41 99.992 58.72 1e-07 0.001 256
1.0 8.68 7.67 8.5 7.89 7.99 7.14 7.17 7.61 7.25 7.25 7.15 7.02 6.98 7.34 7.48 7.31 7.01 7.42 7.25 7.54 99.986 59.4 1e-06 0.001 256
