1.0 2.87 2.66 2.59 2.65 2.64 2.62 2.62 2.61 2.61 2.61 2.61 2.61 2.69 2.61 2.64 2.65 2.64 2.67 2.61 2.62 100.0 81.85 1e-05 0.1 1024
1.0 3.04 2.63 2.68 2.65 2.64 2.66 2.67 2.67 2.66 2.67 2.68 2.67 2.66 2.69 2.66 2.66 2.67 2.66 2.68 2.68 100.0 83.38 1e-06 0.1 1024
1.0 2.85 2.62 2.58 2.58 2.6 2.58 2.6 2.56 2.58 2.57 2.58 2.58 2.57 2.58 2.57 2.57 2.58 2.58 2.59 2.6 100.0 83.38 1e-07 0.1 1024
1.0 3.81 3.39 3.37 3.4 3.36 3.28 3.32 3.35 3.3 3.36 3.34 3.41 3.32 3.41 3.41 3.32 3.3 3.27 3.35 3.38 100.0 76.75 1e-05 0.01 1024
1.0 2.72 2.91 2.71 2.7 2.68 2.68 2.66 2.67 2.66 2.66 2.63 2.65 2.65 2.66 2.64 2.65 2.66 2.64 2.63 2.67 100.0 84.13 1e-06 0.1 512
1.0 2.91 2.95 2.69 2.68 2.61 2.65 2.67 2.67 2.67 2.7 2.65 2.67 2.63 2.69 2.59 2.66 2.65 2.66 2.67 2.69 100.0 84.28 1e-07 0.1 512
1.0 3.43 2.97 3.02 3.02 3.08 3.05 3.02 3.1 3.06 3.05 3.08 3.07 2.98 3.05 3.14 3.09 3.13 3.09 3.05 3.11 100.0 78.2 1e-06 0.01 1024
1.0 2.9 2.63 2.58 2.57 2.58 2.55 2.54 2.58 2.55 2.54 2.53 2.54 2.55 2.53 2.52 2.58 2.49 2.55 2.56 2.54 100.0 84.15 1e-05 0.1 512
1.0 2.84 2.63 2.63 2.63 2.62 2.6 2.6 2.58 2.65 2.6 2.62 2.6 2.62 2.62 2.61 2.64 2.61 2.63 2.6 2.62 100.0 84.5 1e-05 0.1 256
1.0 3.55 3.16 3.21 3.21 3.16 3.16 3.16 3.11 3.15 3.16 3.16 3.11 3.18 3.23 3.16 3.17 3.16 3.16 3.16 3.12 100.0 77.45 1e-07 0.01 1024
1.0 4.68 8.01 8.14 7.75 7.73 7.79 8.02 7.87 7.62 7.85 7.83 7.71 7.98 7.78 7.55 7.62 7.64 7.66 7.94 7.81 100.0 55.42 1e-07 0.001 1024
1.0 3.15 2.79 2.78 2.76 2.73 2.74 2.75 2.77 2.72 2.77 2.78 2.7 2.75 2.7 2.68 2.72 2.68 2.71 2.7 2.69 100.0 81.38 1e-06 0.01 512
1.0 3.28 2.76 2.8 2.77 2.78 2.78 2.76 2.75 2.77 2.75 2.77 2.8 2.73 2.77 2.76 2.76 2.74 2.74 2.78 2.75 100.0 81.68 1e-05 0.01 512
1.0 2.82 2.64 2.57 2.54 2.49 2.51 2.52 2.5 2.51 2.5 2.54 2.53 2.5 2.52 2.53 2.49 2.52 2.5 2.52 2.49 100.0 83.31 1e-07 0.1 256
1.0 2.75 2.76 2.68 2.73 2.73 2.68 2.73 2.66 2.67 2.72 2.68 2.72 2.68 2.7 2.74 2.68 2.68 2.7 2.69 2.68 100.0 84.68 1e-06 0.1 256
1.0 5.33 8.02 8.51 7.73 8.03 7.94 8.02 7.88 7.79 7.81 8.17 8.19 8.02 8.07 7.95 7.92 8.02 8.08 8.23 8.01 100.0 53.83 1e-05 0.001 1024
1.0 4.87 8.3 8.3 7.64 7.75 7.76 7.83 7.9 7.68 7.71 7.69 7.59 7.58 7.57 7.86 7.58 7.61 7.57 7.65 7.66 100.0 54.25 1e-06 0.001 1024
1.0 2.91 2.72 2.7 2.7 2.7 2.69 2.77 2.65 2.7 2.68 2.68 2.63 2.63 2.67 2.71 2.7 2.65 2.68 2.7 2.69 100.0 83.54 1e-05 0.01 256
1.0 2.93 2.85 2.87 2.86 2.88 2.88 2.83 2.87 2.86 2.88 2.84 2.86 2.79 2.84 2.91 2.81 2.88 2.83 2.83 2.85 100.0 81.09 1e-07 0.01 512
1.0 3.41 3.08 3.07 3.17 3.08 3.11 3.08 3.09 3.09 3.13 3.12 3.12 3.13 3.14 3.14 3.11 3.06 3.1 3.14 3.08 100.0 77.26 1e-06 0.01 1024
1.0 4.32 4.05 3.95 3.99 4.07 3.87 3.98 3.92 3.97 3.91 3.98 3.96 4.16 4.08 4.16 4.02 4.22 3.98 4.04 4.17 100.0 71.05 1e-06 0.001 256
1.0 2.86 2.78 2.69 2.6 2.68 2.68 2.67 2.61 2.63 2.63 2.69 2.69 2.7 2.65 2.69 2.66 2.64 2.67 2.68 2.62 100.0 84.09 1e-07 0.01 256
1.0 3.08 2.66 2.61 2.62 2.64 2.67 2.66 2.63 2.64 2.65 2.6 2.68 2.66 2.6 2.68 2.65 2.64 2.62 2.63 2.6 100.0 83.53 1e-06 0.01 256
1.0 4.53 5.57 4.93 4.82 5.03 5.31 5.27 5.34 5.1 5.47 5.27 5.51 5.32 5.37 5.31 5.4 5.31 5.45 5.37 5.4 100.0 64.21 1e-06 0.001 512
1.0 4.66 5.72 5.19 5.2 5.06 5.03 4.98 5.09 5.09 5.07 5.18 5.16 5.12 5.08 5.21 5.34 5.0 5.09 4.88 5.1 100.0 64.04 1e-05 0.001 512
1.0 4.69 5.73 5.39 5.55 5.27 5.27 5.61 5.44 5.46 5.29 5.34 5.6 5.6 5.52 5.35 5.64 5.33 5.38 5.45 5.53 100.0 63.92 1e-07 0.001 512
1.0 3.71 4.47 3.68 3.79 3.85 3.74 3.68 3.8 3.74 3.71 3.69 3.68 3.81 3.73 3.76 3.8 3.71 3.65 3.67 3.7 100.0 72.4 1e-05 0.001 256
