10.410000 100.000000 71.966667 0.000000 0.001000 256.000000
12.710000 100.000000 67.483333 0.000000 0.001000 512.000000
14.970000 100.000000 63.500000 0.000000 0.001000 1024.000000
5.990000 100.000000 83.460000 0.000000 0.010000 256.000000
6.760000 100.000000 80.683333 0.000000 0.010000 512.000000
7.726667 100.000000 76.716667 0.000000 0.010000 1024.000000
6.166667 100.000000 83.653333 0.000000 0.100000 256.000000
6.453333 100.000000 81.170000 0.000000 0.100000 512.000000
6.870000 100.000000 80.250000 0.000000 0.100000 1024.000000
10.153333 100.000000 72.250000 0.000001 0.001000 256.000000
12.666667 100.000000 67.306667 0.000001 0.001000 512.000000
14.973333 100.000000 64.140000 0.000001 0.001000 1024.000000
6.150000 100.000000 83.550000 0.000001 0.010000 256.000000
6.540000 100.000000 80.496667 0.000001 0.010000 512.000000
7.730000 100.000000 77.500000 0.000001 0.010000 1024.000000
6.386667 100.000000 82.276667 0.000001 0.100000 256.000000
6.443333 100.000000 81.990000 0.000001 0.100000 512.000000
6.876667 100.000000 80.173333 0.000001 0.100000 1024.000000
10.346667 100.000000 72.400000 0.000010 0.001000 256.000000
12.623333 100.000000 67.430000 0.000010 0.001000 512.000000
15.050000 100.000000 63.853333 0.000010 0.001000 1024.000000
6.070000 100.000000 83.210000 0.000010 0.010000 256.000000
6.840000 100.000000 80.830000 0.000010 0.010000 512.000000
7.870000 100.000000 76.643333 0.000010 0.010000 1024.000000
6.223333 100.000000 84.216667 0.000010 0.100000 256.000000
6.706667 100.000000 81.403333 0.000010 0.100000 512.000000
6.610000 100.000000 80.816667 0.000010 0.100000 1024.000000
