54.690326 3.241137 0.059263 71.990000 0.000000 0.001000 256.000000
56.411872 4.477182 0.079366 66.920000 0.000000 0.001000 512.000000
57.495932 4.754806 0.082698 62.870000 0.000000 0.001000 1024.000000
39.852689 2.064421 0.051801 83.430000 0.000000 0.010000 256.000000
46.355301 2.358799 0.050885 80.020000 0.000000 0.010000 512.000000
50.834167 3.347808 0.065857 76.490000 0.000000 0.010000 1024.000000
38.915131 0.842029 0.021638 84.740000 0.000000 0.100000 256.000000
53.124878 1.795325 0.033794 82.180000 0.000000 0.100000 512.000000
32.873723 3.374978 0.102665 82.200000 0.000000 0.100000 1024.000000
54.749139 3.646672 0.066607 71.880000 0.000001 0.001000 256.000000
56.380214 4.272785 0.075785 66.310000 0.000001 0.001000 512.000000
57.445920 4.778673 0.083186 62.950000 0.000001 0.001000 1024.000000
39.816878 2.149267 0.053979 82.970000 0.000001 0.010000 256.000000
46.319252 2.660867 0.057446 80.900000 0.000001 0.010000 512.000000
50.745396 3.137990 0.061838 77.050000 0.000001 0.010000 1024.000000
39.980359 6.099975 0.152574 84.960000 0.000001 0.100000 256.000000
40.261708 1.762703 0.043781 82.470000 0.000001 0.100000 512.000000
33.504422 2.767412 0.082598 81.450000 0.000001 0.100000 1024.000000
54.643353 3.781073 0.069195 72.110000 0.000010 0.001000 256.000000
56.376739 4.027433 0.071438 66.390000 0.000010 0.001000 512.000000
57.387926 4.999458 0.087117 63.080000 0.000010 0.001000 1024.000000
39.614908 1.880596 0.047472 83.670000 0.000010 0.010000 256.000000
46.264923 3.003862 0.064927 79.960000 0.000010 0.010000 512.000000
50.947787 3.059005 0.060042 76.710000 0.000010 0.010000 1024.000000
39.698175 4.462586 0.112413 85.280000 0.000010 0.100000 256.000000
37.762761 1.365202 0.036152 82.910000 0.000010 0.100000 512.000000
34.724456 2.531470 0.072902 81.160000 0.000010 0.100000 1024.000000
