3.71 100 10.41 100 54.6903 3.24114 0.059263 72.1 0 0.001 256
4.22667 100 12.71 100 56.4119 4.47718 0.079366 67.32 0 0.001 512
4.58667 100 14.97 100 57.4959 4.75481 0.082698 63.9533 0 0.001 1024
2.77 100 5.99 100 39.8527 2.06442 0.051801 83.5067 0 0.01 256
2.85333 100 6.76 100 46.3553 2.3588 0.050885 80.82 0 0.01 512
3.05 100 7.72667 100 50.8342 3.34781 0.065857 76.8467 0 0.01 1024
2.72333 100 6.16667 100 38.9151 0.842029 0.021638 84.2967 0 0.1 256
2.70667 100 6.45333 100 53.1249 1.79533 0.033794 83.0367 0 0.1 512
2.93 100 6.87 100 32.8737 3.37498 0.102665 80.3167 0 0.1 1024
3.75333 100 10.1533 100 54.7491 3.64667 0.066607 72.0233 1e-06 0.001 256
4.22333 100 12.6667 100 56.3802 4.27278 0.075785 67.3567 1e-06 0.001 512
4.50333 100 14.9733 100 57.4459 4.77867 0.083186 64.2067 1e-06 0.001 1024
2.71333 100 6.15 100 39.8169 2.14927 0.053979 83.48 1e-06 0.01 256
2.87333 100 6.54 100 46.3193 2.66087 0.057446 80.5233 1e-06 0.01 512
3.03 100 7.73 100 50.7454 3.13799 0.061838 77.0433 1e-06 0.01 1024
2.79667 100 6.38667 100 39.9804 6.09997 0.152574 84.03 1e-06 0.1 256
2.88 100 6.44333 100 40.2617 1.7627 0.043781 80.8633 1e-06 0.1 512
2.89 100 6.87667 100 33.5044 2.76741 0.082598 80.8767 1e-06 0.1 1024
3.85 100 10.3467 100 54.6434 3.78107 0.069195 72.6067 1e-05 0.001 256
4.28667 100 12.6233 100 56.3767 4.02743 0.071438 67.1433 1e-05 0.001 512
4.68333 100 15.05 100 57.3879 4.99946 0.087117 63.8333 1e-05 0.001 1024
2.78333 100 6.07 100 39.6149 1.8806 0.047472 83.7233 1e-05 0.01 256
2.8 100 6.84 100 46.2649 3.00386 0.064927 81.04 1e-05 0.01 512
3.07333 100 7.87 100 50.9478 3.059 0.060042 76.78 1e-05 0.01 1024
2.86 100 6.22333 100 39.6982 4.46259 0.112413 83.47 1e-05 0.1 256
2.77333 100 6.70667 100 37.7628 1.3652 0.036152 82.7967 1e-05 0.1 512
2.92 100 6.61 100 34.7245 2.53147 0.072902 80.7367 1e-05 0.1 1024
