33.504421568629375 2.7674116698338374 0.08259840165170919 81.45 1e-06 0.1 1024
34.72445596113602 2.5314698327469536 0.0729016412980005 81.16 1e-05 0.1 1024
40.26170794878336 1.7627026180800909 0.04378111878220399 82.47 1e-06 0.1 512
50.94778701723094 3.0590049927656455 0.06004196005080783 76.71 1e-05 0.01 1024
39.9803586420687 6.09997549922054 0.15257430664471172 84.96 1e-06 0.1 256
39.69817462251098 4.462585917872568 0.1124128744030977 85.28 1e-05 0.1 256
50.83416714010494 3.3478077911427944 0.06585743368069438 76.49 1e-07 0.01 1024
39.61490808247335 1.8805960435453528 0.047471927478165137 83.67 1e-05 0.01 256
47.49593226100869 4.754805930617171 0.082698127391556 62.87 1e-07 0.001 1024
50.745395996521204 3.1379899874801542 0.06183792491628749 77.05 1e-06 0.01 1024
46.264923162525356 3.003862004965565 0.06492741800117582 79.96 1e-05 0.01 512
38.91513139091111 0.8420291020862994 0.021637575719016103 84.74 1e-07 0.1 256
47.38792576350447 4.999457937784043 0.08711689560599906 63.08 1e-05 0.001 1024
32.87372264628696 3.3749783785107383 0.10266492830229976 82.2 1e-07 0.1 1024
54.64335271644438 3.781072592103505 0.06919547216885226 72.11 1e-05 0.001 256
37.762761062280326 1.3652024814347437 0.03615208324367967 82.91 1e-05 0.1 512
53.124878216772174 1.7953251018008685 0.033794432327452606 82.18 1e-07 0.1 512
46.31925241766376 2.660867217862294 0.057446247056603554 80.9 1e-06 0.01 512
46.35530136719802 2.358799327181985 0.0508852117797064 80.02 1e-07 0.01 512
56.37673873080878 4.027432564623234 0.07143784218973136 66.39 1e-05 0.001 512
56.41187212286302 4.477181709975768 0.07936594800868561 66.92 1e-07 0.001 512
57.44591971068311 4.77867272915965 0.0831855900858868 62.95 1e-06 0.001 1024
39.816878193330275 2.1492665292410384 0.05397878052632117 82.97 1e-06 0.01 256
39.852688948253544 2.064420643005396 0.05180128863289324 83.43 1e-07 0.01 256
56.38021386643545 4.2727850816973145 0.0757851875450407 66.31 1e-06 0.001 512
54.69032581984907 3.2411366193821167 0.05926343591476269 71.99 1e-07 0.001 256
54.7491393696627 3.646671702265775 0.06660692285304579 71.88 1e-06 0.001 256
