1 1.0 1.16 3.14 3.24 2.85 2.83 2.73 2.72 2.78 2.72 2.83 2.66 2.62 2.53 2.7 2.68 2.73 2.65 2.64 2.76 2.48 92.83481442046494 93.63475722188076 1e-06 0.1 256
1 1.0 2.92 2.89 3.39 2.68 2.79 2.71 2.68 2.55 2.67 2.8 2.61 2.72 2.61 2.61 2.65 2.6 2.61 2.55 2.62 2.65 93.47093110555988 93.93822987092808 1e-05 0.1 256
1 1.0 2.95 3.04 3.0 2.95 2.78 2.78 2.75 2.68 2.84 2.65 2.71 2.62 2.79 2.62 2.65 2.74 2.68 2.67 2.58 2.69 93.31258446291822 93.96896127842655 1e-07 0.1 512
1 1.0 3.39 2.79 2.94 2.68 2.83 2.66 2.75 2.67 2.69 2.71 2.63 2.64 2.74 2.59 2.55 2.6 2.62 2.68 2.5 2.66 93.61153200376756 92.26336816226183 1e-05 0.1 1024
1 1.0 1.66 2.71 3.29 2.86 3.59 2.89 2.89 2.75 2.73 3.03 2.8 2.83 2.71 2.94 2.76 2.69 2.63 2.7 2.65 2.57 92.2328241669738 93.09695759065765 1e-07 0.1 256
1 1.0 1.41 3.45 2.86 2.96 2.89 2.94 2.79 2.72 2.91 2.71 2.78 2.69 2.73 2.64 2.62 2.69 2.68 2.56 2.53 2.66 91.94206696970937 93.28134603564843 1e-05 0.1 512
1 1.0 2.09 2.88 2.74 2.88 2.63 2.83 2.78 2.62 2.77 2.78 2.73 2.67 2.63 2.63 2.59 2.75 2.68 2.61 2.5 2.57 93.98282757961697 93.98432698217579 1e-06 0.1 512
1 1.0 3.15 2.74 2.79 2.67 2.66 2.64 2.67 2.6 2.65 2.68 2.64 2.57 2.72 2.71 2.65 2.7 2.55 2.66 2.64 2.57 93.83130622329607 93.36969883220651 1e-05 0.01 256
1 1.0 3.31 2.92 2.82 2.77 2.8 2.79 2.75 2.62 2.56 2.79 2.65 2.61 2.65 2.69 2.61 2.62 2.51 2.57 2.56 2.58 93.61153200376756 93.52719729563614 1e-07 0.1 1024
1 1.0 3.13 2.69 2.83 2.75 2.66 2.71 2.73 2.66 2.83 2.68 2.49 2.61 2.68 2.69 2.63 2.68 2.74 2.65 2.62 2.69 93.89136874291877 93.22756607252612 1e-06 0.01 256
1 1.0 3.03 3.14 2.87 2.67 2.74 2.73 2.73 2.89 2.76 2.73 2.65 2.55 2.75 2.61 2.61 2.64 2.72 2.67 2.59 2.63 94.04425515650381 93.8959741856177 1e-06 0.1 1024
1 1.0 2.25 2.75 2.73 2.79 2.81 2.62 2.83 2.64 2.72 2.68 2.63 2.55 2.66 2.56 2.63 2.6 2.53 2.56 2.59 2.58 93.0641440408425 92.37861094038107 1e-05 0.01 512
1 1.0 3.12 2.67 2.76 2.76 2.68 2.63 2.74 2.64 2.56 2.64 2.76 2.62 2.67 2.62 2.73 2.57 2.63 2.72 2.62 2.7 93.84905196773005 93.52719729563614 1e-07 0.01 256
1 1.0 2.95 3.03 2.88 2.85 2.7 2.79 2.8 2.69 2.63 2.6 2.74 2.6 2.62 2.64 2.6 2.61 2.63 2.68 2.6 2.63 92.89760705461595 92.67440073755378 1e-07 0.01 512
1 1.0 3.07 2.95 2.88 2.82 2.8 2.77 2.83 2.66 2.78 2.69 2.74 2.71 2.68 2.57 2.61 2.69 2.64 2.7 2.62 2.73 92.78840247348376 92.35172095881991 1e-06 0.01 512
1 1.0 1.43 1.54 1.86 3.12 3.27 2.91 2.86 2.93 2.8 2.87 2.76 2.82 2.88 2.87 2.91 2.86 2.82 2.77 2.66 2.61 87.75407128329033 88.34511370620774 1e-05 0.001 256
1 1.0 1.49 3.03 3.18 3.11 2.76 2.93 2.72 2.81 2.84 2.77 2.79 2.67 2.63 2.78 2.71 2.58 2.61 2.73 2.64 2.69 91.39331394952018 90.25046097111247 1e-07 0.01 1024
1 1.0 1.58 2.88 3.23 3.07 2.85 2.76 2.82 2.91 2.73 2.85 2.93 2.8 2.89 2.71 2.8 2.67 2.71 2.66 2.62 2.67 91.28001419659554 89.870159803319 1e-05 0.01 1024
1 1.0 1.8 2.65 3.0 3.17 3.09 2.93 2.82 2.74 2.78 2.77 2.77 2.78 2.66 2.8 2.75 2.73 2.68 2.69 2.76 2.74 88.56628035546092 88.77919483712354 1e-06 0.001 256
1 1.0 1.23 2.54 3.31 3.22 3.08 2.93 2.71 2.86 2.76 2.63 2.69 2.68 2.7 2.71 2.57 2.53 2.63 2.67 2.65 2.7 91.42198015206738 91.49892440073755 1e-06 0.01 1024
1 1.0 1.85 1.45 1.54 1.71 2.0 2.7 2.98 3.1 3.22 3.15 2.95 2.87 2.71 2.79 2.88 2.99 2.81 2.87 2.87 2.93 82.39076129243622 83.42808850645359 1e-06 0.001 512
1 1.0 1.7 1.76 2.76 3.06 3.17 2.96 2.85 2.77 2.91 2.84 2.85 2.78 2.72 2.74 2.91 2.78 2.65 2.74 2.76 2.65 87.98340090366791 88.71773202212661 1e-07 0.001 256
1 1.0 2.24 1.78 1.96 2.79 2.79 3.0 3.0 3.19 3.31 3.12 3.06 3.04 2.89 2.81 2.79 2.85 2.78 2.88 2.73 2.69 83.19068484922943 83.40888137676706 1e-05 0.001 512
1 1.0 2.22 1.75 1.97 3.33 3.27 3.05 2.8 3.08 3.13 3.13 3.0 3.06 2.97 2.95 2.92 2.81 2.79 2.82 2.82 2.74 83.55242502422976 84.64966195451751 1e-07 0.001 512
1 1.0 1.41 1.87 1.77 1.83 2.02 1.99 2.97 3.07 2.84 3.04 2.96 2.9 2.89 2.98 3.06 3.14 3.1 3.19 3.0 3.06 63.06564560383308 66.27228027043638 1e-05 0.001 1024
1 1.0 1.69 1.95 1.76 1.64 1.71 2.01 2.85 3.27 3.37 3.33 3.16 3.09 3.12 3.11 3.12 3.27 3.14 3.28 3.11 3.12 64.85387061987251 68.42732022126613 1e-06 0.001 1024
1 1.0 1.53 1.72 1.53 1.57 1.6 1.67 2.08 2.53 2.59 3.09 3.26 3.01 3.03 3.07 3.19 3.2 3.22 3.03 3.09 3.1 59.97379090052828 63.83297480024585 1e-07 0.001 1024
