1 1.0 3.07 2.89 2.89 2.95 2.77 2.78 2.72 2.91 2.75 2.66 2.73 2.75 2.72 2.7 2.79 2.73 2.67 2.61 2.74 2.91 93.89819402923953 93.29287031346036 1e-05 0.1 256
1 1.0 3.73 3.1 2.8 2.8 2.72 2.81 2.71 2.76 2.7 2.51 2.65 2.72 2.61 2.85 2.6 2.74 2.65 2.54 2.58 2.6 94.10022250433406 93.65012292563 1e-06 0.1 256
1 1.0 3.23 3.02 2.81 2.63 2.71 2.91 2.72 2.76 2.6 2.65 2.88 2.66 2.73 2.72 2.62 2.66 2.59 2.56 2.58 2.68 94.01149378216417 93.57713583282114 1e-07 0.1 256
1 1.0 3.86 2.98 2.95 2.79 2.95 2.94 2.91 2.92 2.81 2.8 2.83 2.73 2.67 2.76 2.74 2.71 2.74 2.62 2.57 2.83 93.66476923706949 93.65012292563 1e-05 0.1 512
1 1.0 3.39 2.99 2.97 2.83 2.84 2.8 2.71 2.88 2.84 2.75 2.85 2.75 2.83 2.79 2.8 2.68 2.78 2.66 2.8 2.87 93.89682897197538 93.15842040565458 1e-06 0.1 512
1 1.0 4.24 4.21 2.96 2.9 2.98 2.91 2.8 2.75 2.81 2.65 2.62 3.02 2.78 2.71 2.84 2.79 2.73 2.78 2.81 2.77 93.46001064744667 93.25061462814998 1e-07 0.1 512
1 1.0 5.42 3.8 3.56 3.28 3.01 3.05 2.93 2.86 2.79 2.72 2.86 2.84 2.76 2.76 2.79 2.82 2.87 2.81 2.75 2.77 93.56785017131469 93.05470190534726 1e-05 0.1 1024
1 1.0 4.8 3.48 3.42 2.85 2.81 2.84 2.79 2.89 2.76 2.76 2.8 2.74 2.91 2.66 2.67 2.59 2.67 2.79 2.75 2.67 93.570580285843 92.57452366318377 1e-06 0.1 1024
1 1.0 4.17 3.58 3.15 3.15 3.04 2.93 3.01 3.03 2.82 2.73 2.65 2.83 2.89 3.03 2.92 2.72 2.89 2.84 2.76 2.78 93.37810721159752 92.58220651505839 1e-07 0.1 1024
1 1.0 5.76 4.68 3.49 3.13 2.95 2.94 3.15 2.94 2.98 2.97 3.19 3.05 2.93 3.12 2.99 2.84 2.8 2.76 2.94 2.88 92.08539798244536 92.340196681008 1e-05 0.01 256
1 1.0 7.3 4.34 3.81 3.2 3.13 3.07 3.05 3.07 2.99 2.92 3.01 2.85 3.09 2.9 2.97 2.8 2.82 2.9 3.05 2.92 92.11133407046425 91.72556853103872 1e-06 0.01 256
1 1.0 7.42 4.28 3.66 3.04 3.17 3.17 3.1 3.03 2.76 2.96 3.04 3.02 2.85 2.91 2.83 2.9 2.76 2.98 2.91 2.74 92.39936115320037 91.5219729563614 1e-07 0.01 256
1 1.0 20.9 7.68 5.56 4.19 3.75 3.43 3.11 3.16 2.91 2.98 2.9 3.19 2.9 2.87 3.02 2.87 3.19 2.89 2.96 2.87 90.83227541395361 90.64612784265519 1e-05 0.01 512
1 1.0 22.2 7.62 5.25 4.56 3.83 3.48 3.18 3.02 3.0 3.05 2.95 3.01 3.05 3.08 2.97 2.78 2.92 2.74 3.02 3.01 90.68621428668932 90.63460356484327 1e-06 0.01 512
1 1.0 20.19 6.49 4.59 4.39 4.24 3.83 3.64 3.33 3.41 3.19 3.03 3.05 3.19 3.06 3.02 2.89 3.14 2.99 2.82 3.2 90.28079227923611 90.8881376767056 1e-07 0.01 512
1 1.0 18.31 13.76 10.88 8.22 5.18 5.03 4.74 3.9 4.17 3.55 3.59 3.49 3.4 3.34 3.2 3.32 3.1 3.36 3.02 3.19 88.30282430347953 88.14920098340504 1e-05 0.01 1024
1 1.0 12.64 15.14 9.39 7.14 5.95 4.6 4.78 4.41 4.37 3.72 3.79 3.53 3.49 3.3 3.34 3.09 3.25 3.13 3.04 3.1 88.01616227800756 88.91748617086662 1e-06 0.01 1024
1 1.0 4.49 16.57 9.18 6.36 5.49 4.82 4.04 4.57 4.16 3.81 3.42 3.32 3.24 3.21 3.16 3.26 3.08 2.94 3.45 2.96 87.87692643706403 88.34127228027043 1e-07 0.01 1024
1 1.0 4.9 11.31 16.69 27.01 19.16 13.55 11.58 9.71 8.53 7.85 7.16 5.79 5.87 5.41 5.08 4.45 4.6 4.35 4.2 4.3 76.36812864299657 77.8080823601721 1e-05 0.001 256
1 1.0 3.38 9.39 12.54 23.52 18.26 12.55 11.03 9.28 8.01 7.15 5.89 5.11 4.97 4.91 4.56 4.38 4.14 4.38 4.21 4.03 78.41980971101738 79.18715427166565 1e-06 0.001 256
1 1.0 5.55 13.65 5.38 6.02 10.55 12.5 12.84 21.3 20.54 17.4 16.99 12.92 10.39 9.57 8.84 7.87 7.34 7.45 6.89 6.72 50.58902220948169 52.17424708051629 1e-05 0.001 512
1 1.0 5.88 13.49 14.91 15.21 15.24 16.64 11.7 9.59 8.18 7.65 6.77 6.37 5.67 4.7 4.89 4.35 4.11 4.08 3.84 3.63 79.10097328582934 79.41379840196682 1e-07 0.001 256
1 1.0 9.16 14.09 3.89 4.29 7.37 11.96 16.59 17.74 16.14 14.07 12.22 10.0 8.2 7.68 6.78 8.06 7.7 6.3 5.93 6.43 53.72865391703182 54.651966810079905 1e-06 0.001 512
1 1.0 6.68 10.54 3.12 7.89 10.39 13.69 15.76 18.61 18.91 13.81 14.19 11.06 9.01 8.78 8.1 7.49 7.9 6.74 7.01 6.66 54.38388140382489 55.04763368162262 1e-07 0.001 512
1 1.0 7.68 9.25 8.83 8.71 8.46 7.88 6.76 9.71 12.45 11.02 16.44 14.38 23.08 20.16 16.25 20.04 18.27 17.1 15.11 15.02 35.188446155316214 36.83927473878304 1e-05 0.001 1024
1 1.0 7.49 8.41 8.06 7.21 6.94 7.01 4.37 7.83 10.85 12.76 17.94 15.07 23.33 24.22 19.46 19.89 19.62 19.09 17.12 14.83 36.09620923597745 38.564074984634296 1e-06 0.001 1024
1 1.0 6.86 9.23 7.59 6.8 6.76 8.04 5.98 8.84 11.97 11.31 14.56 12.83 20.54 19.23 15.93 18.57 19.38 18.17 15.93 14.35 31.90684849229425 33.26290719114935 1e-07 0.001 1024
