1 1.0 1.0 1.0 1.0 1.0 1.0 1.0 1.0 1.0 1.0 1.0 1.0 1.0 1.0 1.0 1.0 1.0 1.0 1.0 1.0 1.0 18.979756200772623 19.883220651505837 1e-05 0.1 256
1 1.0 1.03 1.12 1.27 1.43 2.01 3.48 3.17 3.02 2.82 2.95 2.6 2.86 2.63 2.67 2.74 2.65 2.54 2.6 2.68 2.81 94.59983346301378 93.6078672403196 1e-06 0.1 256
1 1.0 1.0 1.0 1.3 2.14 3.02 3.27 3.17 3.22 3.02 3.03 2.76 2.69 2.61 2.7 2.83 2.76 2.82 2.79 2.84 2.7 94.36913878537204 94.11493546404425 1e-07 0.1 256
1 1.0 1.02 1.0 1.01 1.07 3.28 3.29 3.33 2.88 3.11 2.84 2.89 2.73 2.88 2.82 2.96 2.66 2.87 2.84 2.84 2.69 93.91457471640935 93.49262446220037 1e-05 0.1 512
1 1.0 1.0 1.0 1.03 1.0 1.01 1.04 1.69 1.51 2.63 3.0 3.58 3.25 2.94 2.77 2.62 2.71 2.74 2.82 2.75 2.88 93.24023642791815 93.41963736939152 1e-06 0.1 512
1 1.0 1.05 1.0 1.01 1.06 1.04 1.05 2.11 2.95 3.76 3.37 2.94 2.91 2.97 3.0 2.81 2.65 2.8 2.85 2.83 2.76 93.56921522857884 93.47725875845114 1e-07 0.1 512
1 1.0 1.0 1.0 1.0 1.0 1.0 1.0 1.0 1.0 1.0 1.0 1.0 1.0 1.0 1.0 1.0 1.0 1.0 1.0 1.0 1.0 18.925153910206532 19.587430854333128 1e-05 0.1 1024
1 1.0 1.0 1.0 1.0 1.0 1.0 1.0 1.0 1.0 1.0 1.0 2.21 2.04 2.85 3.93 3.86 3.78 3.39 3.0 2.85 2.79 89.92587739055654 90.96880762138906 1e-06 0.1 1024
1 1.0 1.0 1.12 1.15 2.8 2.7 3.13 2.83 3.36 3.34 2.78 2.85 2.96 2.89 2.75 2.77 3.03 2.81 2.81 2.87 2.7 93.51188282348444 91.77550706822373 1e-07 0.1 1024
1 1.0 3.4 2.94 3.06 2.79 2.8 2.76 2.76 2.9 2.92 2.79 2.91 2.64 2.8 2.73 2.73 2.64 2.76 2.53 2.69 2.75 95.59359515131659 94.19560540872772 1e-05 0.01 256
1 1.0 3.43 3.22 2.72 2.88 2.7 2.72 2.68 2.87 2.55 2.83 2.85 2.8 2.67 2.63 2.65 2.62 2.9 2.62 2.74 2.74 95.64683238461853 93.64244007375538 1e-06 0.01 256
1 1.0 3.24 2.87 2.94 2.93 2.9 2.75 2.75 2.75 2.84 2.7 2.83 2.77 2.68 2.81 2.88 2.75 2.86 2.58 2.68 2.61 95.75740202301486 92.8242163491088 1e-07 0.01 256
1 1.0 2.78 3.37 2.93 2.97 2.71 2.79 3.05 3.06 2.83 2.9 2.87 2.77 2.81 2.87 2.83 2.62 2.73 2.81 2.7 2.71 95.16223705584449 93.30439459127228 1e-05 0.01 512
1 1.0 3.47 3.56 2.85 2.79 3.02 2.85 3.02 2.82 2.8 2.93 2.94 2.7 2.95 2.92 2.82 2.79 2.74 2.75 2.7 2.85 94.96020858074996 92.9740319606638 1e-06 0.01 512
1 1.0 3.13 3.33 2.93 2.89 3.03 2.87 2.96 2.9 2.86 2.71 2.73 2.56 2.75 2.64 2.78 2.75 2.71 2.69 2.94 2.84 95.08169867725951 92.490012292563 1e-07 0.01 512
1 1.0 8.31 5.47 3.8 3.24 3.27 2.99 2.81 3.0 2.86 2.78 2.8 2.88 3.0 2.86 2.69 2.92 2.71 2.89 2.87 2.92 94.03606481291891 92.35172095881991 1e-05 0.01 1024
1 1.0 4.1 4.66 3.66 3.33 2.96 3.13 3.22 2.85 2.81 2.73 2.77 2.98 2.9 2.95 2.86 2.8 2.89 2.81 2.72 2.8 94.08793698895668 91.76014136447449 1e-06 0.01 1024
1 1.0 4.12 5.86 3.56 3.52 2.87 2.94 2.91 2.98 2.83 2.83 2.88 2.95 3.06 2.79 2.9 2.69 2.82 2.86 2.81 2.87 94.0046684958434 92.38629379225569 1e-07 0.01 1024
1 1.0 12.18 5.74 4.3 4.19 3.88 3.84 3.56 3.47 3.33 3.21 3.2 2.92 2.95 2.97 2.91 2.96 3.01 2.99 2.89 3.03 91.44655118282212 90.00845113706208 1e-05 0.001 256
1 1.0 8.85 6.92 4.17 4.35 4.18 3.91 3.59 3.67 3.4 3.45 3.1 3.28 3.18 3.14 3.11 2.84 3.08 2.99 2.94 2.97 91.29639488376537 90.5577750460971 1e-06 0.001 256
1 1.0 7.32 2.61 4.22 3.96 3.83 3.93 3.65 3.48 3.5 3.14 3.04 3.05 3.0 2.96 3.19 3.15 3.25 3.03 2.92 3.09 91.59397736735056 90.93039336201598 1e-07 0.001 256
1 1.0 1.75 4.73 6.59 4.41 3.5 7.48 5.99 5.69 4.59 4.36 4.09 4.29 4.28 4.02 3.75 3.64 3.56 3.66 3.45 3.13 84.96252917809902 83.47034419176399 1e-05 0.001 512
1 1.0 1.89 6.92 8.76 6.04 4.06 7.8 5.99 4.99 5.06 4.52 4.37 3.95 4.04 3.95 3.49 3.44 3.29 3.47 3.06 3.22 86.11054233725105 85.1759373079287 1e-06 0.001 512
1 1.0 1.45 5.85 7.56 4.45 4.64 8.13 5.6 4.83 4.31 3.99 4.06 3.81 3.76 3.42 3.45 3.35 3.14 3.29 3.21 3.37 86.61288341045906 85.48325138291334 1e-07 0.001 512
1 1.0 2.56 2.17 8.37 6.29 8.16 7.25 4.82 4.02 9.59 4.88 8.34 5.53 6.42 5.43 4.98 4.99 5.23 4.77 4.5 4.41 55.54418007835429 53.3919791026429 1e-05 0.001 1024
1 1.0 3.87 6.1 9.55 7.01 6.86 5.68 4.76 4.5 7.85 4.57 6.91 6.38 7.42 5.29 6.66 6.57 5.37 5.38 5.35 5.27 48.288900719385175 45.6860786724032 1e-06 0.001 1024
1 1.0 2.42 2.45 5.97 5.89 5.52 5.77 4.24 5.67 8.66 5.4 7.03 5.83 5.87 4.86 5.35 5.07 4.88 4.56 4.35 4.32 55.69024120561858 53.007836508912106 1e-07 0.001 1024
