1 1.48 1.0 1.03 1.0 2.55 3.23 3.03 3.0 2.81 2.91 2.78 2.81 2.71 2.62 2.6 2.69 2.7 2.72 2.66 2.65 2.54 94.47561325197591 94.43377381684081 1e-05 0.1 256
1 1.48 1.0 1.0 1.0 1.0 1.0 1.0 1.0 1.0 1.0 1.0 1.01 1.0 1.0 1.03 1.01 1.01 3.13 3.11 2.88 2.98 88.64272356225344 90.51551936078673 1e-06 0.1 256
1 1.48 1.01 2.35 3.6 3.23 2.88 2.74 2.74 2.74 2.57 2.67 2.72 2.76 2.78 2.6 2.55 2.67 2.52 2.67 2.51 2.7 95.19090325839169 94.54901659496005 1e-05 0.1 512
1 1.48 1.0 1.0 1.81 3.17 2.79 2.93 2.74 2.65 2.81 2.76 2.6 2.64 2.56 2.72 2.62 2.56 2.57 2.62 2.65 2.53 95.42432805056173 95.009987707437 1e-07 0.1 256
1 1.48 1.0 1.01 1.02 1.02 1.03 1.0 2.23 2.44 3.04 2.74 3.03 2.84 2.78 2.88 2.67 2.71 2.8 3.03 2.76 2.85 92.66827743423836 93.60018438844499 1e-06 0.1 1024
1 1.48 1.0 1.0 3.37 2.99 2.92 2.67 2.75 2.69 2.71 2.71 2.75 2.66 2.68 2.79 2.65 2.63 2.64 2.69 2.6 2.7 95.05576258924062 94.27243392747388 1e-06 0.1 512
1 1.48 1.1 1.14 2.56 3.32 3.1 2.76 2.79 2.8 2.73 2.79 2.7 2.69 2.7 2.7 2.77 2.69 2.66 2.57 2.53 2.81 94.35412315546637 94.79870928088506 1e-07 0.1 512
1 1.48 1.03 1.0 1.01 1.9 1.95 3.11 3.07 3.06 2.75 2.8 2.84 2.76 2.59 2.7 2.82 2.67 2.66 2.65 2.67 2.62 94.58072266131565 94.0419483712354 1e-05 0.1 1024
1 1.48 1.9 2.92 2.73 3.1 2.87 2.95 3.0 2.67 2.8 2.69 2.83 2.72 2.59 2.81 2.7 2.69 2.7 2.6 2.79 2.67 95.39839196254283 94.5759065765212 1e-07 0.1 1024
1 1.48 2.68 2.91 2.53 2.65 2.65 2.72 2.61 2.72 2.57 2.76 2.68 2.61 2.48 2.67 2.61 2.62 2.67 2.51 2.56 2.47 96.75389382584599 94.42609096496619 1e-05 0.01 512
1 1.48 2.94 2.67 2.99 2.76 2.65 2.52 2.72 2.6 2.73 2.47 2.65 2.59 2.6 2.62 2.49 2.53 2.6 2.59 2.63 2.56 97.05011125216703 95.02535341118623 1e-05 0.01 256
1 1.48 2.95 2.54 2.87 2.62 2.64 2.51 2.77 2.55 2.57 2.56 2.58 2.75 2.5 2.67 2.56 2.53 2.55 2.67 2.62 2.53 97.09515814188406 94.49139520590043 1e-06 0.01 256
1 1.48 3.15 3.0 2.7 2.75 2.62 2.74 2.76 2.7 2.68 2.62 2.63 2.63 2.5 2.53 2.61 2.59 2.54 2.68 2.53 2.53 96.71430716518557 93.74231714812538 1e-06 0.01 1024
1 1.48 3.16 2.78 2.72 2.86 2.63 2.81 2.67 2.77 2.75 2.66 2.74 2.61 2.54 2.54 2.68 2.54 2.56 2.56 2.57 2.59 96.76754439848752 93.81146281499693 1e-07 0.01 1024
1 1.48 3.45 2.92 2.85 2.84 2.78 2.69 2.91 2.87 2.64 2.75 2.77 2.79 2.67 2.76 2.61 2.74 2.74 2.69 2.63 2.64 95.89117763490178 93.91902274124155 1e-05 0.001 256
1 1.48 3.3 2.8 2.88 2.76 2.68 2.56 2.79 2.75 2.63 2.66 2.63 2.63 2.57 2.67 2.73 2.68 2.63 2.65 2.6 2.55 95.90346315027915 93.60018438844499 1e-06 0.001 256
1 1.48 2.73 2.9 2.59 2.7 2.63 2.73 2.47 2.6 2.6 2.74 2.6 2.62 2.6 2.56 2.61 2.71 2.72 2.57 2.54 2.6 96.92179586933672 92.56684081130916 1e-06 0.01 512
1 1.48 3.13 3.48 3.37 3.12 2.74 3.08 3.06 3.0 2.69 2.88 2.82 3.06 2.75 2.82 2.7 2.76 2.78 2.7 2.81 2.62 94.59300817669302 92.16733251382914 1e-06 0.001 512
1 1.48 3.95 3.07 2.85 2.81 2.81 2.64 2.87 2.88 2.66 2.85 2.69 2.73 2.65 2.78 2.62 2.6 2.84 2.74 2.66 2.6 95.8106392563168 93.56561155500921 1e-07 0.001 256
1 1.48 2.87 2.87 2.71 2.75 2.68 2.72 2.63 2.64 2.57 2.6 2.63 2.47 2.5 2.46 2.51 2.65 2.5 2.69 2.45 2.66 96.7620841694309 94.21097111247695 1e-07 0.01 512
1 1.48 2.82 2.72 2.47 2.68 2.6 2.8 2.8 2.77 2.77 2.74 2.7 2.62 2.54 2.59 2.66 2.57 2.62 2.76 2.61 2.56 96.70611682160066 94.15719114935465 1e-05 0.01 1024
1 1.48 5.88 3.6 3.29 3.19 2.83 2.8 2.98 2.83 2.76 2.83 2.67 2.68 2.81 2.7 2.67 2.62 2.9 2.73 2.78 2.83 94.55888174508921 92.93177627535341 1e-07 0.001 512
1 1.48 3.54 3.65 3.28 3.07 2.96 2.86 2.63 2.81 2.75 2.74 2.7 2.75 2.75 2.85 2.63 2.69 2.68 2.69 2.79 2.66 94.63532495188173 93.1238475722188 1e-05 0.001 512
1 1.48 4.81 2.08 4.55 3.5 3.48 3.48 2.98 2.98 3.15 3.05 3.24 2.76 2.92 2.76 2.87 2.77 2.92 2.93 2.91 3.0 92.73653029744598 90.27735095267363 1e-07 0.001 1024
1 1.48 4.42 2.71 4.03 3.51 3.05 3.21 3.05 3.15 3.24 2.85 2.86 2.89 2.92 2.88 2.61 2.71 2.8 2.66 2.68 2.67 92.79386270254037 91.09557467732022 1e-05 0.001 1024
1 1.48 4.03 2.24 3.83 3.62 3.4 3.03 3.02 3.12 3.07 2.96 3.0 3.02 2.89 2.76 2.89 2.86 2.94 2.81 2.68 2.75 92.67646777782328 91.03027043638599 1e-06 0.001 1024
