1 1.0 1.88 3.04 3.03 3.01 2.87 2.66 2.77 2.59 2.7 2.55 2.62 2.6 2.65 2.56 2.5 2.66 2.59 2.68 2.45 2.7 95.76422730933562 94.89090350338046 1e-05 0.1 256
1 1.0 1.0 2.23 2.95 2.71 2.76 2.8 2.6 2.63 2.81 2.59 2.54 2.59 2.55 2.58 2.57 2.48 2.53 2.63 2.58 2.6 95.7109900760337 94.82559926244622 1e-06 0.1 256
1 1.0 3.0 2.8 2.87 2.73 2.64 2.72 2.62 2.71 2.67 2.63 2.58 2.56 2.59 2.72 2.64 2.52 2.51 2.67 2.58 2.6 96.03996887669437 94.82944068838353 1e-07 0.1 256
1 1.0 1.04 2.05 1.19 2.74 2.87 3.28 2.64 2.8 2.91 2.69 2.75 2.63 2.75 2.51 2.58 2.63 2.75 2.71 2.68 2.75 94.39507487339094 93.70390288875231 1e-05 0.1 512
1 1.0 1.1 2.07 1.09 1.31 2.6 2.72 3.07 2.78 2.78 2.68 2.75 2.69 2.62 2.67 2.57 2.66 2.72 2.68 2.67 2.72 94.15891996669261 93.60018438844499 1e-06 0.1 512
1 1.0 1.0 1.0 1.0 1.0 2.34 3.44 2.79 2.98 2.84 2.55 2.71 2.7 2.67 2.63 2.51 2.5 2.61 2.75 2.44 2.59 94.63122978008927 93.66933005531654 1e-07 0.1 512
1 1.0 1.0 1.0 1.0 2.89 2.91 2.63 2.94 2.8 2.9 2.8 2.85 2.71 2.73 2.61 2.82 2.69 2.52 2.68 2.76 2.81 94.46605785112685 94.75645359557468 1e-05 0.1 1024
1 1.0 1.0 1.0 1.78 3.4 2.93 2.71 2.81 2.94 2.9 2.61 2.68 2.71 2.59 2.73 2.85 2.74 2.52 2.69 2.66 2.6 94.4305663622589 93.58866011063307 1e-06 0.1 1024
1 1.0 1.0 1.24 2.91 3.13 2.73 2.78 2.84 2.83 2.71 2.77 2.78 2.59 2.69 2.6 2.78 2.65 2.58 2.69 2.65 2.74 94.7704656210328 94.40304240934235 1e-07 0.1 1024
1 1.0 2.96 2.62 2.67 2.68 2.68 2.62 2.58 2.54 2.66 2.57 2.57 2.64 2.46 2.6 2.5 2.5 2.49 2.59 2.43 2.56 96.31434538678897 94.01121696373694 1e-05 0.01 256
1 1.0 2.83 2.7 2.81 2.68 2.63 2.68 2.6 2.56 2.53 2.58 2.59 2.45 2.5 2.58 2.54 2.54 2.58 2.56 2.58 2.53 96.30342492867575 94.5759065765212 1e-06 0.01 256
1 1.0 2.66 2.71 2.68 2.67 2.67 2.66 2.57 2.62 2.6 2.56 2.48 2.55 2.52 2.71 2.58 2.6 2.45 2.61 2.47 2.6 96.39624882263811 94.82559926244622 1e-07 0.01 256
1 1.0 2.92 2.98 3.04 2.71 2.68 2.77 2.64 2.64 2.73 2.56 2.59 2.58 2.62 2.62 2.65 2.61 2.56 2.62 2.62 2.56 96.06180979292081 93.95743700061463 1e-05 0.01 512
1 1.0 2.76 3.02 2.97 2.63 2.79 2.71 2.68 2.66 2.64 2.71 2.66 2.63 2.66 2.53 2.66 2.63 2.71 2.63 2.49 2.64 96.19968057660019 94.53365089121081 1e-06 0.01 512
1 1.0 2.68 2.88 2.91 2.64 2.69 2.72 2.59 2.63 2.6 2.68 2.52 2.6 2.62 2.58 2.55 2.42 2.51 2.56 2.51 2.64 96.10412656810954 93.90749846342962 1e-07 0.01 512
1 1.0 2.79 2.75 2.75 2.76 2.9 2.67 2.58 2.74 2.62 2.65 2.74 2.67 2.7 2.5 2.78 2.58 2.71 2.71 2.64 2.61 95.73419604952427 94.10725261216963 1e-05 0.01 1024
1 1.0 2.9 2.67 2.62 2.81 2.88 2.65 2.53 2.66 2.67 2.77 2.61 2.73 2.66 2.75 2.83 2.64 2.56 2.7 2.7 2.63 95.75194179395825 93.68469575906576 1e-06 0.01 1024
1 1.0 2.94 2.81 2.89 2.86 2.86 2.9 2.57 2.63 2.71 2.75 2.7 2.63 2.63 2.62 2.77 2.71 2.79 2.83 2.69 2.61 95.70006961792048 94.04963122311001 1e-07 0.01 1024
1 1.0 3.05 3.07 2.8 2.98 2.84 2.91 2.64 2.84 2.77 2.81 2.71 2.57 2.72 2.55 2.69 2.76 2.59 2.61 2.57 2.73 94.57799254678734 93.1661032575292 1e-05 0.001 256
1 1.0 3.13 3.01 2.89 3.06 2.93 2.9 2.79 2.89 2.86 2.76 2.82 2.68 2.6 2.6 2.73 2.69 2.62 2.72 2.61 2.71 94.53431071433447 92.65903503380454 1e-06 0.001 256
1 1.0 3.0 3.02 2.72 2.89 2.77 2.78 2.76 2.62 2.7 2.87 2.74 2.67 2.65 2.67 2.72 2.61 2.63 2.68 2.68 2.67 94.60392863480622 93.21220036877689 1e-07 0.001 256
1 1.0 2.18 3.25 3.03 2.97 2.91 2.85 2.9 2.84 2.8 2.84 2.84 2.83 2.81 2.69 2.68 2.86 2.82 2.74 2.79 2.85 93.09963552971047 91.81776275353411 1e-05 0.001 512
1 1.0 2.26 3.32 2.93 3.01 2.92 2.94 2.74 2.89 2.95 3.01 2.86 2.78 2.69 2.9 2.71 2.76 2.87 2.86 2.9 2.97 93.17061850744639 90.72679778733865 1e-06 0.001 512
1 1.0 2.56 3.24 3.25 2.94 2.87 2.95 2.96 2.9 2.83 2.94 2.7 2.66 2.8 2.62 2.84 2.66 2.77 2.78 2.79 2.79 93.04093806735193 91.41441303011678 1e-07 0.001 512
1 1.0 1.87 2.22 2.93 3.05 3.04 3.16 2.95 2.98 2.92 2.93 2.91 2.85 2.95 2.98 2.94 2.84 2.73 2.87 2.64 2.81 90.34768008517958 89.39766441303011 1e-05 0.001 1024
1 1.0 1.79 2.41 2.96 3.04 3.11 3.17 2.92 2.96 2.84 2.79 3.04 2.9 2.86 3.08 3.17 2.73 2.64 2.95 2.78 2.82 90.3981872039532 89.36693300553165 1e-06 0.001 1024
1 1.0 1.69 2.38 2.93 3.06 2.97 3.11 3.0 2.97 2.96 2.92 2.86 2.73 2.88 3.07 2.86 2.66 2.66 2.78 2.63 2.64 90.29307779461348 89.30931161647203 1e-07 0.001 1024
