1 1.05 2.8 2.96 2.73 2.63 2.81 2.62 2.6 2.49 2.59 2.56 2.59 2.46 2.48 2.58 2.57 2.48 2.52 2.52 2.55 2.53 96.60373752678925 95.5439459127228 1e-05 0.1 256
1 1.05 2.87 2.79 2.64 2.74 2.65 2.42 2.55 2.67 2.51 2.51 2.52 2.54 2.6 2.53 2.48 2.48 2.48 2.48 2.58 2.43 96.62284832848738 95.40565457897972 1e-06 0.1 256
1 1.05 2.84 2.84 2.64 2.7 2.73 2.5 2.58 2.62 2.57 2.57 2.54 2.52 2.64 2.56 2.47 2.5 2.57 2.61 2.45 2.48 96.53411960631749 95.43638598647819 1e-07 0.1 256
1 1.05 2.8 2.64 2.72 2.56 2.79 2.75 2.55 2.56 2.59 2.6 2.49 2.53 2.58 2.56 2.4 2.47 2.62 2.6 2.42 2.48 96.38123319273244 94.59511370620774 1e-05 0.1 512
1 1.05 2.69 2.69 2.58 2.73 2.74 2.69 2.61 2.56 2.66 2.68 2.5 2.49 2.66 2.45 2.45 2.46 2.55 2.62 2.6 2.42 96.38669342178905 95.25583896742471 1e-06 0.1 512
1 1.05 2.73 2.78 2.74 2.66 2.63 2.63 2.58 2.57 2.58 2.63 2.51 2.57 2.56 2.55 2.41 2.43 2.55 2.54 2.53 2.51 96.37440790641168 95.14443761524278 1e-07 0.1 512
1 1.05 2.73 2.88 2.83 2.92 2.75 2.65 2.69 2.63 2.64 2.58 2.6 2.52 2.59 2.55 2.6 2.44 2.61 2.62 2.61 2.5 96.25291780990213 93.92286416717886 1e-05 0.1 1024
1 1.05 3.05 2.81 2.72 2.75 2.8 2.55 2.71 2.73 2.67 2.62 2.49 2.59 2.57 2.69 2.64 2.49 2.47 2.52 2.45 2.4 96.12596748433597 94.79102642901044 1e-06 0.1 1024
1 1.05 2.91 2.88 2.83 2.71 2.73 2.6 2.48 2.58 2.68 2.59 2.5 2.59 2.57 2.64 2.5 2.58 2.46 2.53 2.52 2.52 96.22288655009078 94.84096496619546 1e-07 0.1 1024
1 1.05 2.76 3.0 2.72 2.71 2.78 2.65 2.47 2.48 2.69 2.5 2.52 2.57 2.58 2.58 2.52 2.51 2.52 2.54 2.54 2.52 96.13552288518504 94.44529809465274 1e-05 0.01 256
1 1.05 2.95 2.88 2.71 2.79 2.72 2.56 2.78 2.43 2.71 2.84 2.56 2.52 2.61 2.53 2.53 2.52 2.74 2.66 2.55 2.58 95.59359515131659 94.24938537185002 1e-05 0.01 512
1 1.05 2.7 2.99 2.67 2.6 2.79 2.71 2.42 2.62 2.72 2.51 2.49 2.51 2.6 2.58 2.51 2.62 2.51 2.61 2.57 2.56 96.14644334329824 94.24170251997542 1e-06 0.01 256
1 1.05 2.65 2.97 2.63 2.77 2.8 2.55 2.5 2.59 2.62 2.48 2.51 2.5 2.6 2.58 2.5 2.52 2.47 2.57 2.5 2.54 96.19831551933603 94.1840811309158 1e-07 0.01 256
1 1.05 3.08 3.07 2.91 2.82 2.63 2.61 2.8 2.53 2.67 2.71 2.55 2.57 2.6 2.6 2.45 2.56 2.57 2.59 2.61 2.52 95.6536576709393 94.35694529809466 1e-06 0.01 512
1 1.05 2.87 3.01 2.84 2.65 2.71 2.73 2.83 2.44 2.72 2.6 2.56 2.61 2.56 2.55 2.5 2.47 2.62 2.6 2.57 2.59 95.66730824358082 94.01505838967425 1e-07 0.01 512
1 1.05 1.37 2.91 3.2 3.3 2.94 2.67 2.79 2.61 2.71 2.71 2.65 2.89 2.64 2.63 2.51 2.59 2.62 2.55 2.67 2.48 94.68719712791952 93.28902888752305 1e-05 0.01 1024
1 1.05 1.38 2.89 3.24 3.09 3.06 2.61 2.83 2.74 2.68 2.69 2.56 2.79 2.71 2.68 2.64 2.52 2.48 2.54 2.59 2.61 94.673546555278 93.51951444376152 1e-06 0.01 1024
1 1.05 1.41 2.97 3.29 3.24 3.01 2.62 2.84 2.83 2.61 2.71 2.56 2.73 2.7 2.65 2.56 2.55 2.58 2.58 2.61 2.55 94.60256357754207 93.12768899815612 1e-07 0.01 1024
1 1.05 1.04 1.93 2.81 3.15 3.25 2.94 2.99 2.89 3.0 2.9 2.79 2.78 2.91 2.73 2.76 2.82 2.89 2.87 2.55 2.62 92.50310550527594 90.91118623232944 1e-06 0.001 256
1 1.05 1.11 1.05 1.81 1.87 2.59 2.77 2.97 3.04 3.19 3.25 3.23 3.15 3.07 3.08 3.02 3.06 2.8 2.93 2.91 2.87 88.23184132574362 86.53964351567302 1e-05 0.001 512
1 1.05 1.04 1.9 2.82 3.16 3.23 2.96 2.98 2.94 2.9 2.91 2.9 2.75 2.79 2.81 2.78 2.83 2.81 2.85 2.63 2.55 92.45259838650232 90.87661339889367 1e-07 0.001 256
1 1.05 1.05 1.93 2.8 3.13 3.25 2.99 3.06 2.93 3.03 2.94 2.87 2.79 2.94 2.8 2.71 2.76 2.8 2.73 2.61 2.58 92.44031287112495 90.63460356484327 1e-05 0.001 256
1 1.05 1.11 1.05 1.8 1.85 2.56 2.75 2.91 3.0 3.17 3.24 3.27 3.2 3.08 3.08 2.93 3.15 2.89 3.01 2.97 2.89 88.18269926423413 86.56269207129687 1e-06 0.001 512
1 1.05 1.11 1.05 1.8 1.88 2.61 2.79 2.86 2.97 3.15 3.27 3.24 3.14 3.04 3.1 3.0 3.14 2.93 2.93 2.96 2.91 88.19361972234735 86.50507068223725 1e-07 0.001 512
1 1.05 1.03 1.03 1.0 1.22 1.34 1.67 1.66 1.91 2.3 2.58 2.9 2.75 2.93 3.08 3.34 3.28 3.41 3.47 3.27 3.26 61.59138375854867 59.795636140135215 1e-05 0.001 1024
1 1.05 1.03 1.03 1.0 1.22 1.34 1.67 1.66 1.92 2.31 2.59 2.88 2.75 2.92 3.04 3.31 3.29 3.34 3.47 3.29 3.27 61.585923529492064 59.84941610325753 1e-06 0.001 1024
1 1.05 1.03 1.03 1.0 1.22 1.34 1.67 1.66 1.93 2.29 2.59 2.9 2.75 2.88 3.01 3.25 3.25 3.41 3.48 3.22 3.25 61.575003071378845 59.668869084204054 1e-07 0.001 1024
