1 1.0 2.9 2.81 2.81 2.69 2.72 2.62 2.69 2.51 2.8 2.54 2.59 2.74 2.69 2.59 2.59 2.56 2.65 2.55 2.69 2.64 96.47269202943063 94.89858635525508 1e-05 0.1 256
1 1.0 3.12 2.93 2.78 2.77 2.71 2.7 2.7 2.65 2.58 2.56 2.54 2.74 2.54 2.74 2.62 2.54 2.67 2.57 2.7 2.61 96.66789521820441 95.60925015365704 1e-06 0.1 256
1 1.0 2.96 2.85 2.72 2.73 2.71 2.68 2.68 2.76 2.64 2.71 2.85 2.75 2.65 2.66 2.69 2.77 2.68 2.54 2.65 2.74 96.3307260739588 95.09449907805778 1e-05 0.1 512
1 1.0 2.85 2.82 2.77 2.8 2.55 2.67 2.68 2.65 2.7 2.62 2.6 2.63 2.52 2.63 2.58 2.62 2.74 2.47 2.66 2.63 96.30752010046821 94.83328211432084 1e-06 0.1 512
1 1.0 3.46 2.95 2.9 2.84 2.84 2.64 2.67 2.66 2.59 2.68 2.53 2.58 2.59 2.52 2.64 2.52 2.69 2.62 2.68 2.66 96.7620841694309 94.44145666871543 1e-07 0.1 1024
1 1.0 3.04 2.72 2.78 2.76 2.66 2.74 2.8 2.63 2.56 2.64 2.63 2.7 2.71 2.61 2.74 2.75 2.69 2.56 2.62 2.62 96.49862811744953 95.48632452366319 1e-07 0.1 512
1 1.0 3.94 2.81 2.94 2.73 2.57 2.69 2.58 2.64 2.46 2.68 2.69 2.45 2.65 2.65 2.68 2.5 2.63 2.56 2.62 2.74 96.87538392235554 94.86017209588199 1e-06 0.1 1024
1 1.0 2.98 2.82 2.8 2.83 2.66 2.54 2.75 2.7 2.65 2.59 2.67 2.66 2.58 2.71 2.61 2.54 2.73 2.56 2.78 2.59 96.95728735820468 95.22510755992624 1e-06 0.01 256
1 1.0 3.02 2.88 2.92 2.83 2.67 2.52 2.59 2.56 2.76 2.56 2.52 2.63 2.53 2.6 2.5 2.52 2.58 2.61 2.65 2.62 96.78392508565734 94.82944068838353 1e-05 0.1 1024
1 1.0 3.01 2.87 2.92 2.78 2.76 2.66 2.75 2.6 2.69 2.59 2.71 2.62 2.82 2.59 2.67 2.52 2.79 2.66 2.57 2.56 96.56961109518544 95.20974185617702 1e-07 0.1 256
1 1.0 3.04 2.63 2.76 2.79 2.54 2.56 2.69 2.78 2.62 2.54 2.64 2.67 2.69 2.57 2.58 2.75 2.61 2.7 2.52 2.54 97.00915953424246 94.79102642901044 1e-07 0.01 256
1 1.0 3.51 2.96 2.86 2.82 2.65 2.85 2.74 2.68 2.73 2.5 2.77 2.57 2.51 2.7 2.59 2.71 2.61 2.55 2.64 2.62 96.47132697216648 94.85248924400737 1e-05 0.01 512
1 1.0 2.95 2.9 2.73 2.77 2.66 2.6 2.7 2.72 2.56 2.47 2.65 2.6 2.59 2.66 2.71 2.52 2.57 2.63 2.68 2.68 96.92589104112918 95.2980946527351 1e-05 0.01 256
1 1.0 3.64 2.84 2.79 2.73 2.64 2.79 2.69 2.7 2.58 2.72 2.81 2.75 2.79 2.72 2.76 2.73 2.74 2.62 2.71 2.74 96.60646764131755 95.09449907805778 1e-07 0.01 512
1 1.0 1.35 3.47 3.08 2.88 3.02 2.84 2.68 2.88 2.81 2.73 2.62 2.63 2.5 2.56 2.72 2.74 2.55 2.74 2.65 2.59 96.26110815348704 94.22633681622618 1e-06 0.01 1024
1 1.0 2.95 2.93 2.68 2.77 2.69 2.77 2.71 2.85 2.65 2.67 2.7 2.65 2.7 2.71 2.66 2.62 2.73 2.78 2.78 2.86 96.52865937726088 94.91779348494161 1e-06 0.01 512
1 1.0 3.36 3.6 3.0 2.85 3.01 2.92 2.75 2.86 2.73 2.76 2.76 2.7 2.72 2.74 2.65 2.7 2.71 2.7 2.72 2.69 96.22152149282662 93.91518131530424 1e-05 0.01 1024
1 1.0 1.73 2.27 4.32 3.71 3.27 3.04 3.16 2.97 3.02 2.78 2.8 2.81 2.99 2.77 2.82 2.79 2.72 2.69 2.89 2.62 94.75135481933467 93.03933620159803 1e-07 0.001 256
1 1.0 1.64 3.68 3.16 2.98 3.21 2.67 2.91 2.78 2.78 2.67 2.74 2.73 2.64 2.51 2.69 2.65 2.68 2.72 2.78 2.76 96.3047899859399 94.34157959434542 1e-07 0.01 1024
1 1.0 2.87 3.54 3.69 3.37 3.13 3.17 3.13 3.06 3.0 2.8 2.96 2.91 3.04 2.9 2.62 2.7 2.77 2.84 2.86 2.79 95.0079855849953 93.08543331284572 1e-06 0.001 256
1 1.0 1.45 1.14 2.99 3.54 3.97 2.62 3.87 3.68 3.84 4.12 3.65 3.89 3.92 3.32 3.66 3.24 3.14 3.23 3.19 3.1 87.68854853461103 86.35909649661954 1e-05 0.001 1024
1 1.0 1.23 1.4 3.04 3.68 4.23 4.08 3.55 3.27 3.14 2.89 2.95 2.97 3.2 3.14 2.94 3.01 2.83 2.65 2.85 2.89 92.99179600584245 91.83696988322065 1e-06 0.001 512
1 1.0 1.21 1.04 2.66 2.66 3.95 3.52 3.39 3.49 3.21 2.95 3.08 3.0 3.06 3.01 3.26 3.12 2.91 2.86 2.67 2.75 93.05458863999345 91.54502151198525 1e-05 0.001 512
1 1.0 1.07 2.39 4.27 3.3 3.03 3.04 2.96 2.9 2.82 2.64 2.94 2.74 2.9 2.71 2.72 2.71 2.73 2.7 2.66 2.66 94.98614466876886 93.46573448063921 1e-05 0.001 256
1 1.0 1.53 1.2 1.1 1.11 1.46 2.41 2.45 2.95 3.58 3.78 3.69 3.61 3.74 4.05 3.29 3.59 3.33 3.13 3.22 3.05 87.62029567140341 87.12738168408113 1e-06 0.001 1024
1 1.0 1.34 1.26 1.4 1.25 3.24 3.38 3.96 3.64 3.79 3.6 3.61 3.53 3.38 3.34 3.39 3.13 3.23 3.13 3.36 3.08 88.9580517902726 87.75353411186232 1e-07 0.001 1024
1 1.0 1.75 1.87 2.28 3.24 3.47 3.29 3.31 3.07 3.09 2.86 2.94 2.93 3.07 3.02 2.98 2.9 2.94 2.8 2.75 2.84 92.99179600584245 91.49124154886294 1e-07 0.001 512
