1 1.0 1.04 1.0 1.03 1.01 1.04 1.0 1.0 1.01 1.01 2.45 2.56 3.68 3.3 3.21 3.28 2.89 3.0 2.9 2.88 2.75 91.76870469716205 92.27105101413645 1e-05 0.1 256
1 1.0 1.15 1.05 1.0 1.0 1.05 1.03 1.0 1.0 1.0 1.0 1.0 1.0 1.0 1.0 1.0 1.0 1.02 1.0 1.0 1.0 18.921058738414075 19.587430854333128 1e-06 0.1 256
1 1.0 1.01 1.0 1.0 1.0 1.0 1.0 1.0 1.0 1.0 1.0 1.0 1.0 1.0 1.0 1.0 1.0 1.0 1.0 1.0 1.0 18.908773223036707 19.56438229870928 1e-07 0.1 256
1 1.0 1.03 1.03 1.0 1.04 1.0 1.05 1.01 1.01 1.0 1.0 1.01 1.0 1.02 1.01 1.0 1.01 1.02 1.0 1.0 1.01 18.912868394829164 19.560540872771973 1e-05 0.1 512
1 1.0 1.03 1.02 1.0 1.04 1.0 1.03 1.02 1.04 1.0 1.02 1.01 1.0 1.05 1.02 1.0 1.0 1.02 1.0 1.01 1.0 18.914233452093317 19.53365089121082 1e-06 0.1 512
1 1.0 2.98 1.11 1.0 1.11 1.21 1.03 1.14 1.01 1.18 1.12 1.0 1.33 1.1 1.0 1.0 1.02 1.02 1.35 1.02 1.0 18.87328173416875 19.3799938537185 1e-05 0.1 1024
1 1.0 1.65 1.02 1.0 1.0 1.01 1.0 1.0 1.02 2.23 2.03 3.27 1.2 1.08 1.01 1.05 1.08 1.04 2.55 2.48 3.43 39.13209659145201 45.63229870928088 1e-07 0.1 512
1 1.0 1.01 1.03 1.0 1.02 1.01 1.02 1.02 1.0 1.0 1.0 1.02 1.0 1.0 1.0 1.02 1.02 1.01 1.01 1.07 1.06 18.848710703414007 19.368469575906577 1e-06 0.1 1024
1 1.0 1.06 1.04 1.0 1.03 1.0 1.02 1.04 1.0 1.04 1.02 1.02 1.03 1.02 1.0 1.02 1.03 1.0 1.04 1.06 1.04 18.89239253586688 19.587430854333128 1e-07 0.1 1024
1 1.0 1.03 1.02 2.32 2.77 2.64 2.74 2.57 2.57 2.59 2.68 2.47 2.54 2.51 2.53 2.49 2.54 2.63 2.55 2.52 2.55 95.96352566990186 94.25706822372464 1e-05 0.01 256
1 1.0 1.14 1.04 1.2 2.89 2.66 2.73 2.55 2.62 2.57 2.77 2.57 2.61 2.47 2.49 2.46 2.54 2.61 2.56 2.41 2.51 96.027683361317 94.35694529809466 1e-06 0.01 256
1 1.0 1.22 1.06 1.08 1.0 1.0 1.08 1.0 1.0 1.0 3.25 2.83 2.72 2.64 2.8 2.59 2.54 2.56 2.68 2.5 2.5 94.56570703140997 93.87676705593117 1e-07 0.01 256
1 1.0 1.18 2.78 2.84 2.78 2.47 2.62 2.52 2.65 2.62 2.63 2.56 2.56 2.49 2.48 2.54 2.62 2.4 2.44 2.45 2.52 95.78060799650545 93.81914566687155 1e-05 0.01 512
1 1.0 1.06 2.68 2.63 2.74 2.67 2.55 2.75 2.57 2.77 2.69 2.53 2.48 2.6 2.62 2.57 2.52 2.59 2.39 2.64 2.5 95.87479694773195 93.99969268592501 1e-07 0.01 512
1 1.0 2.88 2.92 2.75 2.63 2.66 2.6 2.6 2.57 2.64 2.56 2.55 2.61 2.48 2.49 2.58 2.51 2.55 2.6 2.59 2.59 95.93212935282635 93.49646588813768 1e-06 0.01 1024
1 1.0 2.84 2.84 2.71 2.55 2.8 2.64 2.78 2.49 2.62 2.54 2.66 2.72 2.63 2.51 2.58 2.6 2.66 2.58 2.53 2.6 95.97444612801507 94.04578979717272 1e-05 0.01 1024
1 1.0 2.81 2.71 2.67 2.61 2.7 2.62 2.58 2.57 2.7 2.72 2.54 2.63 2.49 2.69 2.6 2.56 2.62 2.54 2.54 2.67 95.91574866565652 93.63091579594345 1e-07 0.01 1024
1 1.0 3.29 2.95 2.66 2.68 2.6 2.63 2.6 2.69 2.63 2.71 2.71 2.57 2.7 2.65 2.67 2.66 2.64 2.65 2.64 2.64 95.30420301131632 92.90872771972957 1e-05 0.001 256
1 1.0 3.2 2.79 2.82 2.76 2.69 2.61 2.62 2.64 2.55 2.58 2.53 2.61 2.47 2.46 2.54 2.5 2.54 2.65 2.51 2.56 95.24823566348608 93.76536570374923 1e-06 0.001 256
1 1.0 3.31 2.94 2.99 2.88 2.77 2.86 2.7 2.69 2.65 2.73 2.71 2.64 2.56 2.57 2.62 2.69 2.67 2.58 2.55 2.66 94.06609607273025 92.65135218192994 1e-05 0.001 512
1 1.0 2.8 2.73 2.8 2.62 2.58 2.62 2.56 2.49 2.68 2.5 2.43 2.51 2.62 2.5 2.5 2.57 2.51 2.52 2.61 2.56 96.0508893348076 94.24170251997542 1e-06 0.01 512
1 1.0 2.99 2.76 2.87 2.86 2.68 2.58 2.52 2.65 2.57 2.74 2.65 2.69 2.6 2.56 2.58 2.63 2.6 2.61 2.55 2.55 95.29055243867481 93.64628149969269 1e-07 0.001 256
1 1.0 3.48 3.11 2.78 2.82 2.66 2.74 2.78 2.67 2.78 2.67 2.69 2.6 2.77 2.58 2.63 2.71 2.6 2.57 2.55 2.61 94.08930204622084 92.72433927473878 1e-07 0.001 512
1 1.0 4.71 3.83 3.28 3.06 3.07 2.79 2.92 2.95 2.76 2.87 2.69 2.72 2.67 2.82 2.57 2.75 2.63 2.64 2.48 2.57 92.68875329320065 91.379840196681 1e-05 0.001 1024
1 1.0 3.42 2.94 3.04 2.96 2.69 2.78 2.79 2.76 2.69 2.6 2.62 2.69 2.61 2.6 2.56 2.61 2.58 2.66 2.6 2.65 93.95552643433392 92.58988936693301 1e-06 0.001 512
1 1.0 4.32 4.06 3.24 3.17 3.08 3.08 2.68 2.81 2.79 2.84 2.94 2.77 2.74 2.8 2.72 2.68 2.64 2.74 2.73 2.79 92.62596065904965 91.5181315304241 1e-06 0.001 1024
1 1.0 4.48 3.9 3.26 2.97 2.95 2.86 2.74 2.86 2.82 2.9 2.79 2.74 2.68 2.77 2.68 2.74 2.74 2.73 2.82 2.71 92.67100754876667 91.53733866011063 1e-07 0.001 1024
